 0.000000000000000 61.686675917916403 757.000000000000000 
 1.000000000000000 61.334703915089413 599.000000000000000 
 2.000000000000000 67.216206519390070 512.000000000000000 
 3.000000000000000 69.691892833793602 218.000000000000000 
 4.000000000000000 62.017436806075814 836.000000000000000 
 5.000000000000000 77.836801152531478 240.000000000000000 
 6.000000000000000 67.314927362896668 474.000000000000000 
 7.000000000000000 61.370544901030662 444.000000000000000 
 8.000000000000000 76.615803888039281 287.000000000000000 
 9.000000000000000 68.832843545502442 162.000000000000000 
10.000000000000000 61.975377194368832 522.000000000000000 
11.000000000000000 59.914666583863458 89.000000000000000 
12.000000000000000 63.701662625658692 102.000000000000000 
13.000000000000000 60.255356291055300 130.000000000000000 
14.000000000000000 58.052589344999994 86.000000000000000 
15.000000000000000 68.979186790290598 181.000000000000000 
16.000000000000000 56.959198070611862 220.000000000000000 
17.000000000000000 71.347471891676008 299.000000000000000 
18.000000000000000 64.397502632341727 437.000000000000000 
19.000000000000000 67.150804203496520 129.000000000000000 
20.000000000000000 63.297057702394291 265.000000000000000 
21.000000000000000 56.461006215933956 248.000000000000000 
22.000000000000000 78.375367772657768 135.000000000000000 
23.000000000000000 72.476675009609266 953.000000000000000 
24.000000000000000 73.356445406701212 160.000000000000000 
25.000000000000000 72.196866248555168 138.000000000000000 
26.000000000000000 72.975050126539614 754.000000000000000 
27.000000000000000 74.671473849998563 281.000000000000000 
28.000000000000000 76.172882616673775 379.000000000000000 
29.000000000000000 75.659926385169854 215.000000000000000 
30.000000000000000 79.206262961621690 265.000000000000000 
31.000000000000000 73.329860854450800 177.000000000000000 
32.000000000000000 57.170936013240841 96.000000000000000 
33.000000000000000 65.839599483507328 82.000000000000000 
34.000000000000000 64.601290608299394 158.000000000000000 
35.000000000000000 62.877870674718089 199.000000000000000 
36.000000000000000 78.409953146859465 222.000000000000000 
37.000000000000000 84.339289397546565 226.000000000000000 
38.000000000000000 62.421910085909111 1164.000000000000000 
39.000000000000000 64.770534120249820 422.000000000000000 
40.000000000000000 68.416780664894162 206.000000000000000 
41.000000000000000 64.675967033648206 199.000000000000000 
42.000000000000000 75.096987735646294 147.000000000000000 
43.000000000000000 74.754487278234890 264.000000000000000 
44.000000000000000 60.974700510451989 953.000000000000000 
45.000000000000000 61.666165407079994 361.000000000000000 
46.000000000000000 70.510300226074520 364.000000000000000 
47.000000000000000 71.622125684001730 228.000000000000000 
48.000000000000000 69.417685080769388 248.000000000000000 
49.000000000000000 67.996111850668640 558.000000000000000 
50.000000000000000 69.338022271326864 926.000000000000000 
51.000000000000000 72.668906211556688 161.000000000000000 
52.000000000000000 59.949692370533327 150.000000000000000 
53.000000000000000 66.716846421390173 163.000000000000000 
54.000000000000000 55.966138522770102 1075.000000000000000 
55.000000000000000 56.276607640908693 783.000000000000000 
56.000000000000000 59.858801844892952 164.000000000000000 
57.000000000000000 69.903312370916524 420.000000000000000 
58.000000000000000 77.946457215750655 314.000000000000000 
59.000000000000000 63.992123220959400 128.000000000000000 
60.000000000000000 68.394916940261169 244.000000000000000 
61.000000000000000 71.430898129751270 144.000000000000000 
62.000000000000000 57.396876052621181 118.000000000000000 
63.000000000000000 76.213215902797359 114.000000000000000 
64.000000000000000 66.753596551721941 489.000000000000000 
65.000000000000000 75.458618245925166 238.000000000000000 
66.000000000000000 54.652221008113166 76.000000000000000 
67.000000000000000 61.603795144675907 155.000000000000000 
68.000000000000000 66.728022958733106 323.000000000000000 
69.000000000000000 65.792937578672181 131.000000000000000 
70.000000000000000 58.005848412297411 258.000000000000000 
71.000000000000000 69.590921935482456 333.000000000000000 
72.000000000000000 62.348326061509404 947.000000000000000 
73.000000000000000 61.465470184728687 366.000000000000000 
74.000000000000000 43.984090871504584 84.000000000000000 
75.000000000000000 52.310309008366971 112.000000000000000 
76.000000000000000 45.122682656075845 58.000000000000000 
77.000000000000000 69.023134681524397 432.000000000000000 
78.000000000000000 56.233259999827403 304.000000000000000 
79.000000000000000  0.000000000000000  0.000000000000000 
80.000000000000000  0.000000000000000  0.000000000000000 
81.000000000000000  0.000000000000000  0.000000000000000 
82.000000000000000  0.000000000000000  0.000000000000000 
83.000000000000000  0.000000000000000  0.000000000000000 
84.000000000000000  0.000000000000000  0.000000000000000 
85.000000000000000  0.000000000000000  0.000000000000000 
86.000000000000000  0.000000000000000  0.000000000000000 
87.000000000000000  0.000000000000000  0.000000000000000 
88.000000000000000  0.000000000000000  0.000000000000000 
89.000000000000000  0.000000000000000  0.000000000000000 
90.000000000000000  0.000000000000000  0.000000000000000 
91.000000000000000  0.000000000000000  0.000000000000000 
92.000000000000000  0.000000000000000  0.000000000000000 
93.000000000000000  0.000000000000000  0.000000000000000 
94.000000000000000  0.000000000000000  0.000000000000000 
95.000000000000000  0.000000000000000  0.000000000000000 
96.000000000000000  0.000000000000000  0.000000000000000 
97.000000000000000  0.000000000000000  0.000000000000000 
98.000000000000000  0.000000000000000  0.000000000000000 
99.000000000000000  0.000000000000000  0.000000000000000 
100.000000000000000  0.000000000000000  0.000000000000000 
101.000000000000000  0.000000000000000  0.000000000000000 
102.000000000000000  0.000000000000000  0.000000000000000 
103.000000000000000  0.000000000000000  0.000000000000000 
104.000000000000000  0.000000000000000  0.000000000000000 
105.000000000000000  0.000000000000000  0.000000000000000 
106.000000000000000  0.000000000000000  0.000000000000000 
107.000000000000000  0.000000000000000  0.000000000000000 
108.000000000000000  0.000000000000000  0.000000000000000 
109.000000000000000  0.000000000000000  0.000000000000000 
110.000000000000000  0.000000000000000  0.000000000000000 
111.000000000000000  0.000000000000000  0.000000000000000 
112.000000000000000  0.000000000000000  0.000000000000000 
113.000000000000000  0.000000000000000  0.000000000000000 
114.000000000000000  0.000000000000000  0.000000000000000 
115.000000000000000  0.000000000000000  0.000000000000000 
116.000000000000000  0.000000000000000  0.000000000000000 
117.000000000000000  0.000000000000000  0.000000000000000 
118.000000000000000  0.000000000000000  0.000000000000000 
119.000000000000000  0.000000000000000  0.000000000000000 
120.000000000000000  0.000000000000000  0.000000000000000 
121.000000000000000  0.000000000000000  0.000000000000000 
122.000000000000000  0.000000000000000  0.000000000000000 
123.000000000000000  0.000000000000000  0.000000000000000 
124.000000000000000  0.000000000000000  0.000000000000000 
125.000000000000000  0.000000000000000  0.000000000000000 
126.000000000000000  0.000000000000000  0.000000000000000 
127.000000000000000  0.000000000000000  0.000000000000000 
