 0.000000000000000 138.135483899524445 1648.000000000000000 
 1.000000000000000 128.647718566032779 1387.000000000000000 
 2.000000000000000 205.658080318974726 620.000000000000000 
 3.000000000000000 182.639128395362917 304.000000000000000 
 4.000000000000000 193.778693895386482 1039.000000000000000 
 5.000000000000000 220.982687486661092 523.000000000000000 
 6.000000000000000 230.678533266307539 912.000000000000000 
 7.000000000000000 163.917553839903178 1347.000000000000000 
 8.000000000000000 213.741381464519407 1047.000000000000000 
 9.000000000000000 198.944550084261635 468.000000000000000 
10.000000000000000 220.101501819045581 1191.000000000000000 
11.000000000000000 216.223882967719106 269.000000000000000 
12.000000000000000 223.810758175724402 338.000000000000000 
13.000000000000000 170.569133079607440 330.000000000000000 
14.000000000000000 182.190233623820887 231.000000000000000 
15.000000000000000 170.678542970598784 299.000000000000000 
16.000000000000000 189.014448922157584 732.000000000000000 
17.000000000000000 205.215030840022251 408.000000000000000 
18.000000000000000 188.235522472969251 680.000000000000000 
19.000000000000000 163.460679010604252 221.000000000000000 
20.000000000000000 204.568692637828718 658.000000000000000 
21.000000000000000 207.627679102982881 734.000000000000000 
22.000000000000000 184.268163099006131 250.000000000000000 
23.000000000000000 155.954186943955023 1665.000000000000000 
24.000000000000000 171.537495811997928 276.000000000000000 
25.000000000000000 184.037061592244441 262.000000000000000 
26.000000000000000 173.505746663232287 1500.000000000000000 
27.000000000000000 165.759538197077632 435.000000000000000 
28.000000000000000 201.499826746871491 756.000000000000000 
29.000000000000000 212.904623448610351 514.000000000000000 
30.000000000000000 216.649351583310306 521.000000000000000 
31.000000000000000 186.941779256929578 378.000000000000000 
32.000000000000000 181.114196664419381 229.000000000000000 
33.000000000000000 167.245540348043420 175.000000000000000 
34.000000000000000 154.719508434033372 228.000000000000000 
35.000000000000000 193.832934594770649 564.000000000000000 
36.000000000000000 183.639411697111996 393.000000000000000 
37.000000000000000 151.897372239244334 359.000000000000000 
38.000000000000000 196.019376717615074 2110.000000000000000 
39.000000000000000  0.000000000000000  0.000000000000000 
40.000000000000000  0.000000000000000  0.000000000000000 
41.000000000000000  0.000000000000000  0.000000000000000 
42.000000000000000  0.000000000000000  0.000000000000000 
43.000000000000000  0.000000000000000  0.000000000000000 
44.000000000000000  0.000000000000000  0.000000000000000 
45.000000000000000  0.000000000000000  0.000000000000000 
46.000000000000000  0.000000000000000  0.000000000000000 
47.000000000000000  0.000000000000000  0.000000000000000 
48.000000000000000  0.000000000000000  0.000000000000000 
49.000000000000000  0.000000000000000  0.000000000000000 
50.000000000000000  0.000000000000000  0.000000000000000 
51.000000000000000  0.000000000000000  0.000000000000000 
52.000000000000000  0.000000000000000  0.000000000000000 
53.000000000000000  0.000000000000000  0.000000000000000 
54.000000000000000  0.000000000000000  0.000000000000000 
55.000000000000000  0.000000000000000  0.000000000000000 
56.000000000000000  0.000000000000000  0.000000000000000 
57.000000000000000  0.000000000000000  0.000000000000000 
58.000000000000000  0.000000000000000  0.000000000000000 
59.000000000000000  0.000000000000000  0.000000000000000 
60.000000000000000  0.000000000000000  0.000000000000000 
61.000000000000000  0.000000000000000  0.000000000000000 
62.000000000000000  0.000000000000000  0.000000000000000 
63.000000000000000  0.000000000000000  0.000000000000000 
64.000000000000000  0.000000000000000  0.000000000000000 
65.000000000000000  0.000000000000000  0.000000000000000 
66.000000000000000  0.000000000000000  0.000000000000000 
67.000000000000000  0.000000000000000  0.000000000000000 
68.000000000000000  0.000000000000000  0.000000000000000 
69.000000000000000  0.000000000000000  0.000000000000000 
70.000000000000000  0.000000000000000  0.000000000000000 
71.000000000000000  0.000000000000000  0.000000000000000 
72.000000000000000  0.000000000000000  0.000000000000000 
73.000000000000000  0.000000000000000  0.000000000000000 
74.000000000000000  0.000000000000000  0.000000000000000 
75.000000000000000  0.000000000000000  0.000000000000000 
76.000000000000000  0.000000000000000  0.000000000000000 
77.000000000000000  0.000000000000000  0.000000000000000 
78.000000000000000  0.000000000000000  0.000000000000000 
79.000000000000000  0.000000000000000  0.000000000000000 
80.000000000000000  0.000000000000000  0.000000000000000 
81.000000000000000  0.000000000000000  0.000000000000000 
82.000000000000000  0.000000000000000  0.000000000000000 
83.000000000000000  0.000000000000000  0.000000000000000 
84.000000000000000  0.000000000000000  0.000000000000000 
85.000000000000000  0.000000000000000  0.000000000000000 
86.000000000000000  0.000000000000000  0.000000000000000 
87.000000000000000  0.000000000000000  0.000000000000000 
88.000000000000000  0.000000000000000  0.000000000000000 
89.000000000000000  0.000000000000000  0.000000000000000 
90.000000000000000  0.000000000000000  0.000000000000000 
91.000000000000000  0.000000000000000  0.000000000000000 
92.000000000000000  0.000000000000000  0.000000000000000 
93.000000000000000  0.000000000000000  0.000000000000000 
94.000000000000000  0.000000000000000  0.000000000000000 
95.000000000000000  0.000000000000000  0.000000000000000 
96.000000000000000  0.000000000000000  0.000000000000000 
97.000000000000000  0.000000000000000  0.000000000000000 
98.000000000000000  0.000000000000000  0.000000000000000 
99.000000000000000  0.000000000000000  0.000000000000000 
100.000000000000000  0.000000000000000  0.000000000000000 
101.000000000000000  0.000000000000000  0.000000000000000 
102.000000000000000  0.000000000000000  0.000000000000000 
103.000000000000000  0.000000000000000  0.000000000000000 
104.000000000000000  0.000000000000000  0.000000000000000 
105.000000000000000  0.000000000000000  0.000000000000000 
106.000000000000000  0.000000000000000  0.000000000000000 
107.000000000000000  0.000000000000000  0.000000000000000 
108.000000000000000  0.000000000000000  0.000000000000000 
109.000000000000000  0.000000000000000  0.000000000000000 
110.000000000000000  0.000000000000000  0.000000000000000 
111.000000000000000  0.000000000000000  0.000000000000000 
112.000000000000000  0.000000000000000  0.000000000000000 
113.000000000000000  0.000000000000000  0.000000000000000 
114.000000000000000  0.000000000000000  0.000000000000000 
115.000000000000000  0.000000000000000  0.000000000000000 
116.000000000000000  0.000000000000000  0.000000000000000 
117.000000000000000  0.000000000000000  0.000000000000000 
118.000000000000000  0.000000000000000  0.000000000000000 
119.000000000000000  0.000000000000000  0.000000000000000 
120.000000000000000  0.000000000000000  0.000000000000000 
121.000000000000000  0.000000000000000  0.000000000000000 
122.000000000000000  0.000000000000000  0.000000000000000 
123.000000000000000  0.000000000000000  0.000000000000000 
124.000000000000000  0.000000000000000  0.000000000000000 
125.000000000000000  0.000000000000000  0.000000000000000 
126.000000000000000  0.000000000000000  0.000000000000000 
127.000000000000000  0.000000000000000  0.000000000000000 
