 0.000000000000000 90.867707556360742 923.000000000000000 
 1.000000000000000 103.739159637911598 1096.000000000000000 
 2.000000000000000 135.519091331856515 759.000000000000000 
 3.000000000000000 131.677221726603022 226.000000000000000 
 4.000000000000000 113.903597190879069 770.000000000000000 
 5.000000000000000 134.342125566555126 327.000000000000000 
 6.000000000000000 102.573310611128448 591.000000000000000 
 7.000000000000000 92.286620782724782 947.000000000000000 
 8.000000000000000 126.866049053139690 450.000000000000000 
 9.000000000000000 130.894522831773514 257.000000000000000 
10.000000000000000 131.266152470571143 820.000000000000000 
11.000000000000000 129.390639986472166 174.000000000000000 
12.000000000000000 118.304467791131756 172.000000000000000 
13.000000000000000 139.070329024629530 286.000000000000000 
14.000000000000000 132.646351153154825 188.000000000000000 
15.000000000000000 149.519948094952582 265.000000000000000 
16.000000000000000 116.194896930852252 411.000000000000000 
17.000000000000000 117.540662606194417 401.000000000000000 
18.000000000000000 122.510670848032831 510.000000000000000 
19.000000000000000 122.614091068979619 199.000000000000000 
20.000000000000000 139.114180805269967 572.000000000000000 
21.000000000000000 141.485334583027196 537.000000000000000 
22.000000000000000 110.294235092487796 172.000000000000000 
23.000000000000000 92.335602251176397 1323.000000000000000 
24.000000000000000 130.144114958193455 245.000000000000000 
25.000000000000000 125.971666348170089 231.000000000000000 
26.000000000000000 118.370992789412938 1142.000000000000000 
27.000000000000000 106.502672636547260 347.000000000000000 
28.000000000000000 132.103128564332792 510.000000000000000 
29.000000000000000 122.194142794435010 247.000000000000000 
30.000000000000000 137.075013776468296 378.000000000000000 
31.000000000000000 124.189389513676417 277.000000000000000 
32.000000000000000 126.936414714919025 188.000000000000000 
33.000000000000000 120.127861826928410 123.000000000000000 
34.000000000000000 115.560584981545830 177.000000000000000 
35.000000000000000 114.458079197841911 345.000000000000000 
36.000000000000000 118.158861014992908 236.000000000000000 
37.000000000000000 142.000350080920668 340.000000000000000 
38.000000000000000 108.999220540065707 1549.000000000000000 
39.000000000000000 121.457525124497209 593.000000000000000 
40.000000000000000 133.568003841996216 478.000000000000000 
41.000000000000000 119.573588156618612 364.000000000000000 
42.000000000000000 112.309226949683492 188.000000000000000 
43.000000000000000 146.701278119540945 372.000000000000000 
44.000000000000000 78.845889182700120 1101.000000000000000 
45.000000000000000 108.638309247741248 366.000000000000000 
46.000000000000000 94.156675839495406 428.000000000000000 
47.000000000000000 105.270177779257367 214.000000000000000 
48.000000000000000 108.681364433242337 415.000000000000000 
49.000000000000000 107.065862357628120 778.000000000000000 
50.000000000000000 148.097145841294150 1650.000000000000000 
51.000000000000000 95.042604591206370 182.000000000000000 
52.000000000000000 84.384578311376899 161.000000000000000 
53.000000000000000  0.000000000000000  0.000000000000000 
54.000000000000000  0.000000000000000  0.000000000000000 
55.000000000000000  0.000000000000000  0.000000000000000 
56.000000000000000  0.000000000000000  0.000000000000000 
57.000000000000000  0.000000000000000  0.000000000000000 
58.000000000000000  0.000000000000000  0.000000000000000 
59.000000000000000  0.000000000000000  0.000000000000000 
60.000000000000000  0.000000000000000  0.000000000000000 
61.000000000000000  0.000000000000000  0.000000000000000 
62.000000000000000  0.000000000000000  0.000000000000000 
63.000000000000000  0.000000000000000  0.000000000000000 
64.000000000000000  0.000000000000000  0.000000000000000 
65.000000000000000  0.000000000000000  0.000000000000000 
66.000000000000000  0.000000000000000  0.000000000000000 
67.000000000000000  0.000000000000000  0.000000000000000 
68.000000000000000  0.000000000000000  0.000000000000000 
69.000000000000000  0.000000000000000  0.000000000000000 
70.000000000000000  0.000000000000000  0.000000000000000 
71.000000000000000  0.000000000000000  0.000000000000000 
72.000000000000000  0.000000000000000  0.000000000000000 
73.000000000000000  0.000000000000000  0.000000000000000 
74.000000000000000  0.000000000000000  0.000000000000000 
75.000000000000000  0.000000000000000  0.000000000000000 
76.000000000000000  0.000000000000000  0.000000000000000 
77.000000000000000  0.000000000000000  0.000000000000000 
78.000000000000000  0.000000000000000  0.000000000000000 
79.000000000000000  0.000000000000000  0.000000000000000 
80.000000000000000  0.000000000000000  0.000000000000000 
81.000000000000000  0.000000000000000  0.000000000000000 
82.000000000000000  0.000000000000000  0.000000000000000 
83.000000000000000  0.000000000000000  0.000000000000000 
84.000000000000000  0.000000000000000  0.000000000000000 
85.000000000000000  0.000000000000000  0.000000000000000 
86.000000000000000  0.000000000000000  0.000000000000000 
87.000000000000000  0.000000000000000  0.000000000000000 
88.000000000000000  0.000000000000000  0.000000000000000 
89.000000000000000  0.000000000000000  0.000000000000000 
90.000000000000000  0.000000000000000  0.000000000000000 
91.000000000000000  0.000000000000000  0.000000000000000 
92.000000000000000  0.000000000000000  0.000000000000000 
93.000000000000000  0.000000000000000  0.000000000000000 
94.000000000000000  0.000000000000000  0.000000000000000 
95.000000000000000  0.000000000000000  0.000000000000000 
96.000000000000000  0.000000000000000  0.000000000000000 
97.000000000000000  0.000000000000000  0.000000000000000 
98.000000000000000  0.000000000000000  0.000000000000000 
99.000000000000000  0.000000000000000  0.000000000000000 
100.000000000000000  0.000000000000000  0.000000000000000 
101.000000000000000  0.000000000000000  0.000000000000000 
102.000000000000000  0.000000000000000  0.000000000000000 
103.000000000000000  0.000000000000000  0.000000000000000 
104.000000000000000  0.000000000000000  0.000000000000000 
105.000000000000000  0.000000000000000  0.000000000000000 
106.000000000000000  0.000000000000000  0.000000000000000 
107.000000000000000  0.000000000000000  0.000000000000000 
108.000000000000000  0.000000000000000  0.000000000000000 
109.000000000000000  0.000000000000000  0.000000000000000 
110.000000000000000  0.000000000000000  0.000000000000000 
111.000000000000000  0.000000000000000  0.000000000000000 
112.000000000000000  0.000000000000000  0.000000000000000 
113.000000000000000  0.000000000000000  0.000000000000000 
114.000000000000000  0.000000000000000  0.000000000000000 
115.000000000000000  0.000000000000000  0.000000000000000 
116.000000000000000  0.000000000000000  0.000000000000000 
117.000000000000000  0.000000000000000  0.000000000000000 
118.000000000000000  0.000000000000000  0.000000000000000 
119.000000000000000  0.000000000000000  0.000000000000000 
120.000000000000000  0.000000000000000  0.000000000000000 
121.000000000000000  0.000000000000000  0.000000000000000 
122.000000000000000  0.000000000000000  0.000000000000000 
123.000000000000000  0.000000000000000  0.000000000000000 
124.000000000000000  0.000000000000000  0.000000000000000 
125.000000000000000  0.000000000000000  0.000000000000000 
126.000000000000000  0.000000000000000  0.000000000000000 
127.000000000000000  0.000000000000000  0.000000000000000 
