 0.000000000000000 140.214444009638498 1650.000000000000000 
 1.000000000000000 126.507040583708985 1376.000000000000000 
 2.000000000000000 166.192325106026203 854.000000000000000 
 3.000000000000000 178.391161765390933 299.000000000000000 
 4.000000000000000 142.716972119811942 928.000000000000000 
 5.000000000000000 177.928510164266612 410.000000000000000 
 6.000000000000000 173.220636862691805 829.000000000000000 
 7.000000000000000 137.538464457335522 1281.000000000000000 
 8.000000000000000 165.776048850520965 744.000000000000000 
 9.000000000000000 184.625978114447463 456.000000000000000 
10.000000000000000 151.464789114483722 900.000000000000000 
11.000000000000000 203.671976662778746 264.000000000000000 
12.000000000000000 176.915663126900199 251.000000000000000 
13.000000000000000 157.799860796215597 305.000000000000000 
14.000000000000000 178.973644097636821 228.000000000000000 
15.000000000000000 168.422084815355419 298.000000000000000 
16.000000000000000 166.925254650777333 708.000000000000000 
17.000000000000000 188.439398833320070 377.000000000000000 
18.000000000000000 169.706304911259622 625.000000000000000 
19.000000000000000 141.818408828731663 201.000000000000000 
20.000000000000000 170.987621607950643 580.000000000000000 
21.000000000000000 198.052177155805708 700.000000000000000 
22.000000000000000 174.819329574617541 243.000000000000000 
23.000000000000000 129.527907575090524 1598.000000000000000 
24.000000000000000 161.646746748906224 263.000000000000000 
25.000000000000000 185.478659209971710 263.000000000000000 
26.000000000000000 173.559953640345924 1476.000000000000000 
27.000000000000000 163.309690602060897 429.000000000000000 
28.000000000000000 187.896120086193406 702.000000000000000 
29.000000000000000 195.752346666727675 484.000000000000000 
30.000000000000000 185.453854558825014 441.000000000000000 
31.000000000000000 167.914176833042262 345.000000000000000 
32.000000000000000 167.621923151659900 226.000000000000000 
33.000000000000000 160.797832959672547 160.000000000000000 
34.000000000000000 151.753082121973733 223.000000000000000 
35.000000000000000 186.274732093485710 553.000000000000000 
36.000000000000000 169.137944809596291 346.000000000000000 
37.000000000000000 156.051026678567354 366.000000000000000 
38.000000000000000 197.450030720436132 2121.000000000000000 
39.000000000000000 145.591684372253923 632.000000000000000 
40.000000000000000 178.240873915285420 443.000000000000000 
41.000000000000000 147.845184979171904 423.000000000000000 
42.000000000000000  0.000000000000000  0.000000000000000 
43.000000000000000  0.000000000000000  0.000000000000000 
44.000000000000000  0.000000000000000  0.000000000000000 
45.000000000000000  0.000000000000000  0.000000000000000 
46.000000000000000  0.000000000000000  0.000000000000000 
47.000000000000000  0.000000000000000  0.000000000000000 
48.000000000000000  0.000000000000000  0.000000000000000 
49.000000000000000  0.000000000000000  0.000000000000000 
50.000000000000000  0.000000000000000  0.000000000000000 
51.000000000000000  0.000000000000000  0.000000000000000 
52.000000000000000  0.000000000000000  0.000000000000000 
53.000000000000000  0.000000000000000  0.000000000000000 
54.000000000000000  0.000000000000000  0.000000000000000 
55.000000000000000  0.000000000000000  0.000000000000000 
56.000000000000000  0.000000000000000  0.000000000000000 
57.000000000000000  0.000000000000000  0.000000000000000 
58.000000000000000  0.000000000000000  0.000000000000000 
59.000000000000000  0.000000000000000  0.000000000000000 
60.000000000000000  0.000000000000000  0.000000000000000 
61.000000000000000  0.000000000000000  0.000000000000000 
62.000000000000000  0.000000000000000  0.000000000000000 
63.000000000000000  0.000000000000000  0.000000000000000 
64.000000000000000  0.000000000000000  0.000000000000000 
65.000000000000000  0.000000000000000  0.000000000000000 
66.000000000000000  0.000000000000000  0.000000000000000 
67.000000000000000  0.000000000000000  0.000000000000000 
68.000000000000000  0.000000000000000  0.000000000000000 
69.000000000000000  0.000000000000000  0.000000000000000 
70.000000000000000  0.000000000000000  0.000000000000000 
71.000000000000000  0.000000000000000  0.000000000000000 
72.000000000000000  0.000000000000000  0.000000000000000 
73.000000000000000  0.000000000000000  0.000000000000000 
74.000000000000000  0.000000000000000  0.000000000000000 
75.000000000000000  0.000000000000000  0.000000000000000 
76.000000000000000  0.000000000000000  0.000000000000000 
77.000000000000000  0.000000000000000  0.000000000000000 
78.000000000000000  0.000000000000000  0.000000000000000 
79.000000000000000  0.000000000000000  0.000000000000000 
80.000000000000000  0.000000000000000  0.000000000000000 
81.000000000000000  0.000000000000000  0.000000000000000 
82.000000000000000  0.000000000000000  0.000000000000000 
83.000000000000000  0.000000000000000  0.000000000000000 
84.000000000000000  0.000000000000000  0.000000000000000 
85.000000000000000  0.000000000000000  0.000000000000000 
86.000000000000000  0.000000000000000  0.000000000000000 
87.000000000000000  0.000000000000000  0.000000000000000 
88.000000000000000  0.000000000000000  0.000000000000000 
89.000000000000000  0.000000000000000  0.000000000000000 
90.000000000000000  0.000000000000000  0.000000000000000 
91.000000000000000  0.000000000000000  0.000000000000000 
92.000000000000000  0.000000000000000  0.000000000000000 
93.000000000000000  0.000000000000000  0.000000000000000 
94.000000000000000  0.000000000000000  0.000000000000000 
95.000000000000000  0.000000000000000  0.000000000000000 
96.000000000000000  0.000000000000000  0.000000000000000 
97.000000000000000  0.000000000000000  0.000000000000000 
98.000000000000000  0.000000000000000  0.000000000000000 
99.000000000000000  0.000000000000000  0.000000000000000 
100.000000000000000  0.000000000000000  0.000000000000000 
101.000000000000000  0.000000000000000  0.000000000000000 
102.000000000000000  0.000000000000000  0.000000000000000 
103.000000000000000  0.000000000000000  0.000000000000000 
104.000000000000000  0.000000000000000  0.000000000000000 
105.000000000000000  0.000000000000000  0.000000000000000 
106.000000000000000  0.000000000000000  0.000000000000000 
107.000000000000000  0.000000000000000  0.000000000000000 
108.000000000000000  0.000000000000000  0.000000000000000 
109.000000000000000  0.000000000000000  0.000000000000000 
110.000000000000000  0.000000000000000  0.000000000000000 
111.000000000000000  0.000000000000000  0.000000000000000 
112.000000000000000  0.000000000000000  0.000000000000000 
113.000000000000000  0.000000000000000  0.000000000000000 
114.000000000000000  0.000000000000000  0.000000000000000 
115.000000000000000  0.000000000000000  0.000000000000000 
116.000000000000000  0.000000000000000  0.000000000000000 
117.000000000000000  0.000000000000000  0.000000000000000 
118.000000000000000  0.000000000000000  0.000000000000000 
119.000000000000000  0.000000000000000  0.000000000000000 
120.000000000000000  0.000000000000000  0.000000000000000 
121.000000000000000  0.000000000000000  0.000000000000000 
122.000000000000000  0.000000000000000  0.000000000000000 
123.000000000000000  0.000000000000000  0.000000000000000 
124.000000000000000  0.000000000000000  0.000000000000000 
125.000000000000000  0.000000000000000  0.000000000000000 
126.000000000000000  0.000000000000000  0.000000000000000 
127.000000000000000  0.000000000000000  0.000000000000000 
