 0.000000000000000 102.134997224126096 962.000000000000000 
 1.000000000000000 77.895550604065306 703.000000000000000 
 2.000000000000000 127.041272002372352 696.000000000000000 
 3.000000000000000 130.681087614258615 223.000000000000000 
 4.000000000000000 92.222988891381064 700.000000000000000 
 5.000000000000000 128.465876839670671 319.000000000000000 
 6.000000000000000 105.623720387054604 545.000000000000000 
 7.000000000000000 98.153551194853847 879.000000000000000 
 8.000000000000000 116.680135174021146 372.000000000000000 
 9.000000000000000 119.521473093812673 241.000000000000000 
10.000000000000000 116.859040798686266 724.000000000000000 
11.000000000000000 132.281713861759016 174.000000000000000 
12.000000000000000 99.264321572214413 164.000000000000000 
13.000000000000000 129.878578285780009 268.000000000000000 
14.000000000000000 133.332768708495195 187.000000000000000 
15.000000000000000 88.670716437621721 159.000000000000000 
16.000000000000000 109.254443661472621 410.000000000000000 
17.000000000000000 110.429372202685784 393.000000000000000 
18.000000000000000 109.626938127120738 474.000000000000000 
19.000000000000000 116.806266985898674 189.000000000000000 
20.000000000000000 136.360191395766009 533.000000000000000 
21.000000000000000 137.918458636853188 529.000000000000000 
22.000000000000000 110.991734317758358 173.000000000000000 
23.000000000000000 76.408324903080072 1099.000000000000000 
24.000000000000000 110.125561949860185 224.000000000000000 
25.000000000000000 123.507905779558627 229.000000000000000 
26.000000000000000 108.139741069569695 972.000000000000000 
27.000000000000000 105.552663912365432 348.000000000000000 
28.000000000000000 123.127560995475847 485.000000000000000 
29.000000000000000 118.049071287035005 240.000000000000000 
30.000000000000000 127.121310393634829 375.000000000000000 
31.000000000000000 119.544569876545836 269.000000000000000 
32.000000000000000 121.541319410871381 183.000000000000000 
33.000000000000000 110.509341671485601 113.000000000000000 
34.000000000000000 111.831260309166453 179.000000000000000 
35.000000000000000 111.046695866156227 333.000000000000000 
36.000000000000000 110.864603069462078 230.000000000000000 
37.000000000000000 133.560056301586314 324.000000000000000 
38.000000000000000 79.696062503650424 1311.000000000000000 
39.000000000000000 108.162459354491318 619.000000000000000 
40.000000000000000 126.372172017193236 454.000000000000000 
41.000000000000000 109.686101888610125 339.000000000000000 
42.000000000000000 92.678570439459463 148.000000000000000 
43.000000000000000 101.182275687623843 321.000000000000000 
44.000000000000000 74.278298930440016 1120.000000000000000 
45.000000000000000 111.468365292515855 374.000000000000000 
46.000000000000000 92.892646844784551 432.000000000000000 
47.000000000000000 101.881105185143042 205.000000000000000 
48.000000000000000 108.078520083573466 401.000000000000000 
49.000000000000000 111.434098348492498 725.000000000000000 
50.000000000000000 87.367216286277070 1083.000000000000000 
51.000000000000000 94.078001494279576 179.000000000000000 
52.000000000000000 70.704847081071549 155.000000000000000 
53.000000000000000 97.720724532639949 225.000000000000000 
54.000000000000000 81.612518625885485 1216.000000000000000 
55.000000000000000 68.203670842760488 927.000000000000000 
56.000000000000000 75.747457007669794 147.000000000000000 
57.000000000000000  0.000000000000000  0.000000000000000 
58.000000000000000  0.000000000000000  0.000000000000000 
59.000000000000000  0.000000000000000  0.000000000000000 
60.000000000000000  0.000000000000000  0.000000000000000 
61.000000000000000  0.000000000000000  0.000000000000000 
62.000000000000000  0.000000000000000  0.000000000000000 
63.000000000000000  0.000000000000000  0.000000000000000 
64.000000000000000  0.000000000000000  0.000000000000000 
65.000000000000000  0.000000000000000  0.000000000000000 
66.000000000000000  0.000000000000000  0.000000000000000 
67.000000000000000  0.000000000000000  0.000000000000000 
68.000000000000000  0.000000000000000  0.000000000000000 
69.000000000000000  0.000000000000000  0.000000000000000 
70.000000000000000  0.000000000000000  0.000000000000000 
71.000000000000000  0.000000000000000  0.000000000000000 
72.000000000000000  0.000000000000000  0.000000000000000 
73.000000000000000  0.000000000000000  0.000000000000000 
74.000000000000000  0.000000000000000  0.000000000000000 
75.000000000000000  0.000000000000000  0.000000000000000 
76.000000000000000  0.000000000000000  0.000000000000000 
77.000000000000000  0.000000000000000  0.000000000000000 
78.000000000000000  0.000000000000000  0.000000000000000 
79.000000000000000  0.000000000000000  0.000000000000000 
80.000000000000000  0.000000000000000  0.000000000000000 
81.000000000000000  0.000000000000000  0.000000000000000 
82.000000000000000  0.000000000000000  0.000000000000000 
83.000000000000000  0.000000000000000  0.000000000000000 
84.000000000000000  0.000000000000000  0.000000000000000 
85.000000000000000  0.000000000000000  0.000000000000000 
86.000000000000000  0.000000000000000  0.000000000000000 
87.000000000000000  0.000000000000000  0.000000000000000 
88.000000000000000  0.000000000000000  0.000000000000000 
89.000000000000000  0.000000000000000  0.000000000000000 
90.000000000000000  0.000000000000000  0.000000000000000 
91.000000000000000  0.000000000000000  0.000000000000000 
92.000000000000000  0.000000000000000  0.000000000000000 
93.000000000000000  0.000000000000000  0.000000000000000 
94.000000000000000  0.000000000000000  0.000000000000000 
95.000000000000000  0.000000000000000  0.000000000000000 
96.000000000000000  0.000000000000000  0.000000000000000 
97.000000000000000  0.000000000000000  0.000000000000000 
98.000000000000000  0.000000000000000  0.000000000000000 
99.000000000000000  0.000000000000000  0.000000000000000 
100.000000000000000  0.000000000000000  0.000000000000000 
101.000000000000000  0.000000000000000  0.000000000000000 
102.000000000000000  0.000000000000000  0.000000000000000 
103.000000000000000  0.000000000000000  0.000000000000000 
104.000000000000000  0.000000000000000  0.000000000000000 
105.000000000000000  0.000000000000000  0.000000000000000 
106.000000000000000  0.000000000000000  0.000000000000000 
107.000000000000000  0.000000000000000  0.000000000000000 
108.000000000000000  0.000000000000000  0.000000000000000 
109.000000000000000  0.000000000000000  0.000000000000000 
110.000000000000000  0.000000000000000  0.000000000000000 
111.000000000000000  0.000000000000000  0.000000000000000 
112.000000000000000  0.000000000000000  0.000000000000000 
113.000000000000000  0.000000000000000  0.000000000000000 
114.000000000000000  0.000000000000000  0.000000000000000 
115.000000000000000  0.000000000000000  0.000000000000000 
116.000000000000000  0.000000000000000  0.000000000000000 
117.000000000000000  0.000000000000000  0.000000000000000 
118.000000000000000  0.000000000000000  0.000000000000000 
119.000000000000000  0.000000000000000  0.000000000000000 
120.000000000000000  0.000000000000000  0.000000000000000 
121.000000000000000  0.000000000000000  0.000000000000000 
122.000000000000000  0.000000000000000  0.000000000000000 
123.000000000000000  0.000000000000000  0.000000000000000 
124.000000000000000  0.000000000000000  0.000000000000000 
125.000000000000000  0.000000000000000  0.000000000000000 
126.000000000000000  0.000000000000000  0.000000000000000 
127.000000000000000  0.000000000000000  0.000000000000000 
