 0.000000000000000 99.526464705133364 947.000000000000000 
 1.000000000000000 82.741632651004281 728.000000000000000 
 2.000000000000000 115.757913043814384 617.000000000000000 
 3.000000000000000 103.135368516906581 190.000000000000000 
 4.000000000000000 89.664113876497680 704.000000000000000 
 5.000000000000000 92.506856885511695 231.000000000000000 
 6.000000000000000 92.418916967379303 569.000000000000000 
 7.000000000000000 95.188422589602439 862.000000000000000 
 8.000000000000000 105.857816021730741 351.000000000000000 
 9.000000000000000 81.885552510430003 182.000000000000000 
10.000000000000000 108.982312755466964 651.000000000000000 
11.000000000000000 95.894886036233828 130.000000000000000 
12.000000000000000 111.527125112666710 167.000000000000000 
13.000000000000000 90.762632734490765 190.000000000000000 
14.000000000000000 98.247496302516566 151.000000000000000 
15.000000000000000 87.764722746844967 170.000000000000000 
16.000000000000000 108.014568532469042 420.000000000000000 
17.000000000000000 79.742195125833504 310.000000000000000 
18.000000000000000 93.645317143043115 446.000000000000000 
19.000000000000000 81.440157014531920 156.000000000000000 
20.000000000000000 86.575479269824015 351.000000000000000 
21.000000000000000 101.747940645936026 427.000000000000000 
22.000000000000000 101.656887135532926 158.000000000000000 
23.000000000000000 76.438851988614275 1095.000000000000000 
24.000000000000000 78.384988078617795 177.000000000000000 
25.000000000000000 96.889281165463146 170.000000000000000 
26.000000000000000 101.953898463822270 903.000000000000000 
27.000000000000000 88.949649689532066 313.000000000000000 
28.000000000000000 99.887308065864318 422.000000000000000 
29.000000000000000 89.755625894451228 228.000000000000000 
30.000000000000000 103.939266438645646 327.000000000000000 
31.000000000000000 102.628295663346563 240.000000000000000 
32.000000000000000 93.608271229800692 145.000000000000000 
33.000000000000000 76.373066485482923 82.000000000000000 
34.000000000000000 103.823771456597456 174.000000000000000 
35.000000000000000 91.344007785802802 279.000000000000000 
36.000000000000000 99.583121336971260 244.000000000000000 
37.000000000000000 97.012391352005039 260.000000000000000 
38.000000000000000 82.849280781403365 1332.000000000000000 
39.000000000000000 109.956072343964436 649.000000000000000 
40.000000000000000 97.679049002190098 329.000000000000000 
41.000000000000000 99.083431582052540 310.000000000000000 
42.000000000000000 74.065606446043148 139.000000000000000 
43.000000000000000 85.251235558465865 299.000000000000000 
44.000000000000000 76.598645044178568 1146.000000000000000 
45.000000000000000 113.731881266725864 389.000000000000000 
46.000000000000000 86.234696899549618 426.000000000000000 
47.000000000000000 82.466016698173959 218.000000000000000 
48.000000000000000 94.263440748759578 349.000000000000000 
49.000000000000000 106.387328077572562 715.000000000000000 
50.000000000000000 90.016482607520118 1112.000000000000000 
51.000000000000000 76.198366271773040 175.000000000000000 
52.000000000000000 83.050924987945990 186.000000000000000 
53.000000000000000 76.178530184693187 161.000000000000000 
54.000000000000000 83.973626672935069 1225.000000000000000 
55.000000000000000 68.387126873923449 926.000000000000000 
56.000000000000000 86.383337890589502 214.000000000000000 
57.000000000000000 92.285523112009287 506.000000000000000 
58.000000000000000 88.613451960773972 292.000000000000000 
59.000000000000000 71.139002316781287 123.000000000000000 
60.000000000000000 72.025013365018253 251.000000000000000 
61.000000000000000 72.199124280583135 141.000000000000000 
62.000000000000000 65.964243354864308 126.000000000000000 
63.000000000000000 63.193329016658105 95.000000000000000 
64.000000000000000  0.000000000000000  0.000000000000000 
65.000000000000000  0.000000000000000  0.000000000000000 
66.000000000000000  0.000000000000000  0.000000000000000 
67.000000000000000  0.000000000000000  0.000000000000000 
68.000000000000000  0.000000000000000  0.000000000000000 
69.000000000000000  0.000000000000000  0.000000000000000 
70.000000000000000  0.000000000000000  0.000000000000000 
71.000000000000000  0.000000000000000  0.000000000000000 
72.000000000000000  0.000000000000000  0.000000000000000 
73.000000000000000  0.000000000000000  0.000000000000000 
74.000000000000000  0.000000000000000  0.000000000000000 
75.000000000000000  0.000000000000000  0.000000000000000 
76.000000000000000  0.000000000000000  0.000000000000000 
77.000000000000000  0.000000000000000  0.000000000000000 
78.000000000000000  0.000000000000000  0.000000000000000 
79.000000000000000  0.000000000000000  0.000000000000000 
80.000000000000000  0.000000000000000  0.000000000000000 
81.000000000000000  0.000000000000000  0.000000000000000 
82.000000000000000  0.000000000000000  0.000000000000000 
83.000000000000000  0.000000000000000  0.000000000000000 
84.000000000000000  0.000000000000000  0.000000000000000 
85.000000000000000  0.000000000000000  0.000000000000000 
86.000000000000000  0.000000000000000  0.000000000000000 
87.000000000000000  0.000000000000000  0.000000000000000 
88.000000000000000  0.000000000000000  0.000000000000000 
89.000000000000000  0.000000000000000  0.000000000000000 
90.000000000000000  0.000000000000000  0.000000000000000 
91.000000000000000  0.000000000000000  0.000000000000000 
92.000000000000000  0.000000000000000  0.000000000000000 
93.000000000000000  0.000000000000000  0.000000000000000 
94.000000000000000  0.000000000000000  0.000000000000000 
95.000000000000000  0.000000000000000  0.000000000000000 
96.000000000000000  0.000000000000000  0.000000000000000 
97.000000000000000  0.000000000000000  0.000000000000000 
98.000000000000000  0.000000000000000  0.000000000000000 
99.000000000000000  0.000000000000000  0.000000000000000 
100.000000000000000  0.000000000000000  0.000000000000000 
101.000000000000000  0.000000000000000  0.000000000000000 
102.000000000000000  0.000000000000000  0.000000000000000 
103.000000000000000  0.000000000000000  0.000000000000000 
104.000000000000000  0.000000000000000  0.000000000000000 
105.000000000000000  0.000000000000000  0.000000000000000 
106.000000000000000  0.000000000000000  0.000000000000000 
107.000000000000000  0.000000000000000  0.000000000000000 
108.000000000000000  0.000000000000000  0.000000000000000 
109.000000000000000  0.000000000000000  0.000000000000000 
110.000000000000000  0.000000000000000  0.000000000000000 
111.000000000000000  0.000000000000000  0.000000000000000 
112.000000000000000  0.000000000000000  0.000000000000000 
113.000000000000000  0.000000000000000  0.000000000000000 
114.000000000000000  0.000000000000000  0.000000000000000 
115.000000000000000  0.000000000000000  0.000000000000000 
116.000000000000000  0.000000000000000  0.000000000000000 
117.000000000000000  0.000000000000000  0.000000000000000 
118.000000000000000  0.000000000000000  0.000000000000000 
119.000000000000000  0.000000000000000  0.000000000000000 
120.000000000000000  0.000000000000000  0.000000000000000 
121.000000000000000  0.000000000000000  0.000000000000000 
122.000000000000000  0.000000000000000  0.000000000000000 
123.000000000000000  0.000000000000000  0.000000000000000 
124.000000000000000  0.000000000000000  0.000000000000000 
125.000000000000000  0.000000000000000  0.000000000000000 
126.000000000000000  0.000000000000000  0.000000000000000 
127.000000000000000  0.000000000000000  0.000000000000000 
