 0.000000000000000 113.491742541888783 1121.000000000000000 
 1.000000000000000 128.760312460907443 1403.000000000000000 
 2.000000000000000 161.809021626673655 892.000000000000000 
 3.000000000000000 160.619492983080477 271.000000000000000 
 4.000000000000000 131.657670790083813 842.000000000000000 
 5.000000000000000 150.723027408559801 344.000000000000000 
 6.000000000000000 119.815914344804384 628.000000000000000 
 7.000000000000000 90.631994248664483 1036.000000000000000 
 8.000000000000000 131.484591351927463 466.000000000000000 
 9.000000000000000 170.330723214503479 432.000000000000000 
10.000000000000000 162.015708685280686 975.000000000000000 
11.000000000000000 136.784885360904809 185.000000000000000 
12.000000000000000 162.777164853030428 232.000000000000000 
13.000000000000000 148.196219538278967 302.000000000000000 
14.000000000000000 145.763347889775218 194.000000000000000 
15.000000000000000 139.481106135528961 260.000000000000000 
16.000000000000000 166.509383591831494 757.000000000000000 
17.000000000000000 143.322698640354560 322.000000000000000 
18.000000000000000 135.150186876444934 519.000000000000000 
19.000000000000000 145.302657552241470 207.000000000000000 
20.000000000000000 164.287792891257311 640.000000000000000 
21.000000000000000 161.696131636280825 645.000000000000000 
22.000000000000000 151.959953026996999 221.000000000000000 
23.000000000000000 117.100172780618436 1507.000000000000000 
24.000000000000000 147.754787991264351 251.000000000000000 
25.000000000000000 159.403713208524039 232.000000000000000 
26.000000000000000 138.676246113599660 1236.000000000000000 
27.000000000000000 166.494146396251722 412.000000000000000 
28.000000000000000 153.905236414462252 580.000000000000000 
29.000000000000000 154.584383019656059 364.000000000000000 
30.000000000000000 149.345275293183988 367.000000000000000 
31.000000000000000 157.664078468459394 338.000000000000000 
32.000000000000000 136.417414443074534 196.000000000000000 
33.000000000000000 142.305151399068507 145.000000000000000 
34.000000000000000 134.428784926408241 196.000000000000000 
35.000000000000000 138.529768124668038 405.000000000000000 
36.000000000000000 126.220935940353527 247.000000000000000 
37.000000000000000 157.947031845883515 376.000000000000000 
38.000000000000000 116.335020616687444 1548.000000000000000 
39.000000000000000 129.893170081302515 590.000000000000000 
40.000000000000000 122.778898975411110 485.000000000000000 
41.000000000000000 132.513743152199453 406.000000000000000 
42.000000000000000 146.192247091410024 240.000000000000000 
43.000000000000000 165.304086035498500 393.000000000000000 
44.000000000000000 167.891747059086356 1834.000000000000000 
45.000000000000000 113.994567940972317 379.000000000000000 
46.000000000000000 107.140797630412962 380.000000000000000 
47.000000000000000  0.000000000000000  0.000000000000000 
48.000000000000000  0.000000000000000  0.000000000000000 
49.000000000000000  0.000000000000000  0.000000000000000 
50.000000000000000  0.000000000000000  0.000000000000000 
51.000000000000000  0.000000000000000  0.000000000000000 
52.000000000000000  0.000000000000000  0.000000000000000 
53.000000000000000  0.000000000000000  0.000000000000000 
54.000000000000000  0.000000000000000  0.000000000000000 
55.000000000000000  0.000000000000000  0.000000000000000 
56.000000000000000  0.000000000000000  0.000000000000000 
57.000000000000000  0.000000000000000  0.000000000000000 
58.000000000000000  0.000000000000000  0.000000000000000 
59.000000000000000  0.000000000000000  0.000000000000000 
60.000000000000000  0.000000000000000  0.000000000000000 
61.000000000000000  0.000000000000000  0.000000000000000 
62.000000000000000  0.000000000000000  0.000000000000000 
63.000000000000000  0.000000000000000  0.000000000000000 
64.000000000000000  0.000000000000000  0.000000000000000 
65.000000000000000  0.000000000000000  0.000000000000000 
66.000000000000000  0.000000000000000  0.000000000000000 
67.000000000000000  0.000000000000000  0.000000000000000 
68.000000000000000  0.000000000000000  0.000000000000000 
69.000000000000000  0.000000000000000  0.000000000000000 
70.000000000000000  0.000000000000000  0.000000000000000 
71.000000000000000  0.000000000000000  0.000000000000000 
72.000000000000000  0.000000000000000  0.000000000000000 
73.000000000000000  0.000000000000000  0.000000000000000 
74.000000000000000  0.000000000000000  0.000000000000000 
75.000000000000000  0.000000000000000  0.000000000000000 
76.000000000000000  0.000000000000000  0.000000000000000 
77.000000000000000  0.000000000000000  0.000000000000000 
78.000000000000000  0.000000000000000  0.000000000000000 
79.000000000000000  0.000000000000000  0.000000000000000 
80.000000000000000  0.000000000000000  0.000000000000000 
81.000000000000000  0.000000000000000  0.000000000000000 
82.000000000000000  0.000000000000000  0.000000000000000 
83.000000000000000  0.000000000000000  0.000000000000000 
84.000000000000000  0.000000000000000  0.000000000000000 
85.000000000000000  0.000000000000000  0.000000000000000 
86.000000000000000  0.000000000000000  0.000000000000000 
87.000000000000000  0.000000000000000  0.000000000000000 
88.000000000000000  0.000000000000000  0.000000000000000 
89.000000000000000  0.000000000000000  0.000000000000000 
90.000000000000000  0.000000000000000  0.000000000000000 
91.000000000000000  0.000000000000000  0.000000000000000 
92.000000000000000  0.000000000000000  0.000000000000000 
93.000000000000000  0.000000000000000  0.000000000000000 
94.000000000000000  0.000000000000000  0.000000000000000 
95.000000000000000  0.000000000000000  0.000000000000000 
96.000000000000000  0.000000000000000  0.000000000000000 
97.000000000000000  0.000000000000000  0.000000000000000 
98.000000000000000  0.000000000000000  0.000000000000000 
99.000000000000000  0.000000000000000  0.000000000000000 
100.000000000000000  0.000000000000000  0.000000000000000 
101.000000000000000  0.000000000000000  0.000000000000000 
102.000000000000000  0.000000000000000  0.000000000000000 
103.000000000000000  0.000000000000000  0.000000000000000 
104.000000000000000  0.000000000000000  0.000000000000000 
105.000000000000000  0.000000000000000  0.000000000000000 
106.000000000000000  0.000000000000000  0.000000000000000 
107.000000000000000  0.000000000000000  0.000000000000000 
108.000000000000000  0.000000000000000  0.000000000000000 
109.000000000000000  0.000000000000000  0.000000000000000 
110.000000000000000  0.000000000000000  0.000000000000000 
111.000000000000000  0.000000000000000  0.000000000000000 
112.000000000000000  0.000000000000000  0.000000000000000 
113.000000000000000  0.000000000000000  0.000000000000000 
114.000000000000000  0.000000000000000  0.000000000000000 
115.000000000000000  0.000000000000000  0.000000000000000 
116.000000000000000  0.000000000000000  0.000000000000000 
117.000000000000000  0.000000000000000  0.000000000000000 
118.000000000000000  0.000000000000000  0.000000000000000 
119.000000000000000  0.000000000000000  0.000000000000000 
120.000000000000000  0.000000000000000  0.000000000000000 
121.000000000000000  0.000000000000000  0.000000000000000 
122.000000000000000  0.000000000000000  0.000000000000000 
123.000000000000000  0.000000000000000  0.000000000000000 
124.000000000000000  0.000000000000000  0.000000000000000 
125.000000000000000  0.000000000000000  0.000000000000000 
126.000000000000000  0.000000000000000  0.000000000000000 
127.000000000000000  0.000000000000000  0.000000000000000 
