 0.000000000000000 139.978102815445823 1656.000000000000000 
 1.000000000000000 125.373596129971190 1360.000000000000000 
 2.000000000000000 149.568709753682811 673.000000000000000 
 3.000000000000000 180.531321836391726 303.000000000000000 
 4.000000000000000 150.600538814016630 958.000000000000000 
 5.000000000000000 205.119379618166164 489.000000000000000 
 6.000000000000000 168.653885090172167 818.000000000000000 
 7.000000000000000 142.190960606840207 1287.000000000000000 
 8.000000000000000 180.004928047005137 886.000000000000000 
 9.000000000000000 187.541479664686250 462.000000000000000 
10.000000000000000 162.129250673893239 972.000000000000000 
11.000000000000000 203.671976662778746 264.000000000000000 
12.000000000000000 161.791869442891880 233.000000000000000 
13.000000000000000 159.932847322398402 309.000000000000000 
14.000000000000000 180.411119327732166 230.000000000000000 
15.000000000000000 168.422084815355419 298.000000000000000 
16.000000000000000 186.329278740216068 731.000000000000000 
17.000000000000000 190.007897117991575 379.000000000000000 
18.000000000000000 168.785867109636399 621.000000000000000 
19.000000000000000 139.149557269636801 200.000000000000000 
20.000000000000000 169.075920434374751 587.000000000000000 
21.000000000000000 200.694548232054473 714.000000000000000 
22.000000000000000 180.375204685035584 246.000000000000000 
23.000000000000000 131.642435286983982 1608.000000000000000 
24.000000000000000 163.756616611881014 266.000000000000000 
25.000000000000000 184.380053572365370 262.000000000000000 
26.000000000000000 167.225692649613308 1455.000000000000000 
27.000000000000000 162.620151477616560 428.000000000000000 
28.000000000000000 187.251712487611258 711.000000000000000 
29.000000000000000 202.440235074660222 497.000000000000000 
30.000000000000000 186.815696472605140 447.000000000000000 
31.000000000000000 170.744155498758118 348.000000000000000 
32.000000000000000 168.261274421010341 227.000000000000000 
33.000000000000000 160.797832959672547 160.000000000000000 
34.000000000000000 154.024082421481182 227.000000000000000 
35.000000000000000 188.658354624850489 559.000000000000000 
36.000000000000000 166.356013922571321 341.000000000000000 
37.000000000000000 154.043269766572394 362.000000000000000 
38.000000000000000 197.948775565244290 2125.000000000000000 
39.000000000000000 149.608826671947952 648.000000000000000 
40.000000000000000 167.883250670836816 393.000000000000000 
41.000000000000000 102.083679111372788 261.000000000000000 
42.000000000000000  0.000000000000000  0.000000000000000 
43.000000000000000  0.000000000000000  0.000000000000000 
44.000000000000000  0.000000000000000  0.000000000000000 
45.000000000000000  0.000000000000000  0.000000000000000 
46.000000000000000  0.000000000000000  0.000000000000000 
47.000000000000000  0.000000000000000  0.000000000000000 
48.000000000000000  0.000000000000000  0.000000000000000 
49.000000000000000  0.000000000000000  0.000000000000000 
50.000000000000000  0.000000000000000  0.000000000000000 
51.000000000000000  0.000000000000000  0.000000000000000 
52.000000000000000  0.000000000000000  0.000000000000000 
53.000000000000000  0.000000000000000  0.000000000000000 
54.000000000000000  0.000000000000000  0.000000000000000 
55.000000000000000  0.000000000000000  0.000000000000000 
56.000000000000000  0.000000000000000  0.000000000000000 
57.000000000000000  0.000000000000000  0.000000000000000 
58.000000000000000  0.000000000000000  0.000000000000000 
59.000000000000000  0.000000000000000  0.000000000000000 
60.000000000000000  0.000000000000000  0.000000000000000 
61.000000000000000  0.000000000000000  0.000000000000000 
62.000000000000000  0.000000000000000  0.000000000000000 
63.000000000000000  0.000000000000000  0.000000000000000 
64.000000000000000  0.000000000000000  0.000000000000000 
65.000000000000000  0.000000000000000  0.000000000000000 
66.000000000000000  0.000000000000000  0.000000000000000 
67.000000000000000  0.000000000000000  0.000000000000000 
68.000000000000000  0.000000000000000  0.000000000000000 
69.000000000000000  0.000000000000000  0.000000000000000 
70.000000000000000  0.000000000000000  0.000000000000000 
71.000000000000000  0.000000000000000  0.000000000000000 
72.000000000000000  0.000000000000000  0.000000000000000 
73.000000000000000  0.000000000000000  0.000000000000000 
74.000000000000000  0.000000000000000  0.000000000000000 
75.000000000000000  0.000000000000000  0.000000000000000 
76.000000000000000  0.000000000000000  0.000000000000000 
77.000000000000000  0.000000000000000  0.000000000000000 
78.000000000000000  0.000000000000000  0.000000000000000 
79.000000000000000  0.000000000000000  0.000000000000000 
80.000000000000000  0.000000000000000  0.000000000000000 
81.000000000000000  0.000000000000000  0.000000000000000 
82.000000000000000  0.000000000000000  0.000000000000000 
83.000000000000000  0.000000000000000  0.000000000000000 
84.000000000000000  0.000000000000000  0.000000000000000 
85.000000000000000  0.000000000000000  0.000000000000000 
86.000000000000000  0.000000000000000  0.000000000000000 
87.000000000000000  0.000000000000000  0.000000000000000 
88.000000000000000  0.000000000000000  0.000000000000000 
89.000000000000000  0.000000000000000  0.000000000000000 
90.000000000000000  0.000000000000000  0.000000000000000 
91.000000000000000  0.000000000000000  0.000000000000000 
92.000000000000000  0.000000000000000  0.000000000000000 
93.000000000000000  0.000000000000000  0.000000000000000 
94.000000000000000  0.000000000000000  0.000000000000000 
95.000000000000000  0.000000000000000  0.000000000000000 
96.000000000000000  0.000000000000000  0.000000000000000 
97.000000000000000  0.000000000000000  0.000000000000000 
98.000000000000000  0.000000000000000  0.000000000000000 
99.000000000000000  0.000000000000000  0.000000000000000 
100.000000000000000  0.000000000000000  0.000000000000000 
101.000000000000000  0.000000000000000  0.000000000000000 
102.000000000000000  0.000000000000000  0.000000000000000 
103.000000000000000  0.000000000000000  0.000000000000000 
104.000000000000000  0.000000000000000  0.000000000000000 
105.000000000000000  0.000000000000000  0.000000000000000 
106.000000000000000  0.000000000000000  0.000000000000000 
107.000000000000000  0.000000000000000  0.000000000000000 
108.000000000000000  0.000000000000000  0.000000000000000 
109.000000000000000  0.000000000000000  0.000000000000000 
110.000000000000000  0.000000000000000  0.000000000000000 
111.000000000000000  0.000000000000000  0.000000000000000 
112.000000000000000  0.000000000000000  0.000000000000000 
113.000000000000000  0.000000000000000  0.000000000000000 
114.000000000000000  0.000000000000000  0.000000000000000 
115.000000000000000  0.000000000000000  0.000000000000000 
116.000000000000000  0.000000000000000  0.000000000000000 
117.000000000000000  0.000000000000000  0.000000000000000 
118.000000000000000  0.000000000000000  0.000000000000000 
119.000000000000000  0.000000000000000  0.000000000000000 
120.000000000000000  0.000000000000000  0.000000000000000 
121.000000000000000  0.000000000000000  0.000000000000000 
122.000000000000000  0.000000000000000  0.000000000000000 
123.000000000000000  0.000000000000000  0.000000000000000 
124.000000000000000  0.000000000000000  0.000000000000000 
125.000000000000000  0.000000000000000  0.000000000000000 
126.000000000000000  0.000000000000000  0.000000000000000 
127.000000000000000  0.000000000000000  0.000000000000000 
