 0.000000000000000 63.638235240452993 758.000000000000000 
 1.000000000000000 62.772838134946781 605.000000000000000 
 2.000000000000000 72.905316629561469 523.000000000000000 
 3.000000000000000 75.589758685288757 232.000000000000000 
 4.000000000000000 65.727349101468818 872.000000000000000 
 5.000000000000000 83.722580649616575 250.000000000000000 
 6.000000000000000 83.205633283108753 576.000000000000000 
 7.000000000000000 71.957031883316716 484.000000000000000 
 8.000000000000000 83.191950989787571 307.000000000000000 
 9.000000000000000 72.570888979716983 169.000000000000000 
10.000000000000000 80.867723691057606 538.000000000000000 
11.000000000000000 84.433060594124768 109.000000000000000 
12.000000000000000 79.277499997735006 118.000000000000000 
13.000000000000000 77.261584070984725 166.000000000000000 
14.000000000000000 88.685144264539019 141.000000000000000 
15.000000000000000 89.728608105670844 189.000000000000000 
16.000000000000000 63.984984581775763 266.000000000000000 
17.000000000000000 72.365880149906431 296.000000000000000 
18.000000000000000 76.937346381663119 505.000000000000000 
19.000000000000000 67.627407954797647 128.000000000000000 
20.000000000000000 84.916032758570879 336.000000000000000 
21.000000000000000 68.948031526559078 332.000000000000000 
22.000000000000000 85.813351785447878 140.000000000000000 
23.000000000000000 72.023664468408725 940.000000000000000 
24.000000000000000 82.670919977240942 167.000000000000000 
25.000000000000000 72.689991459166166 138.000000000000000 
26.000000000000000 73.099672167819250 764.000000000000000 
27.000000000000000 79.631969339485977 292.000000000000000 
28.000000000000000 81.434793605128306 393.000000000000000 
29.000000000000000 76.078151967112447 215.000000000000000 
30.000000000000000 80.468794187452431 269.000000000000000 
31.000000000000000 80.749094193009043 189.000000000000000 
32.000000000000000 78.167365614843632 124.000000000000000 
33.000000000000000 78.621219612555933 84.000000000000000 
34.000000000000000 70.852020606192411 163.000000000000000 
35.000000000000000 65.127028926113312 204.000000000000000 
36.000000000000000 77.861346372644419 227.000000000000000 
37.000000000000000 83.439166060667546 207.000000000000000 
38.000000000000000 63.829549102871496 1175.000000000000000 
39.000000000000000 69.579438069729079 415.000000000000000 
40.000000000000000 66.081215417528867 221.000000000000000 
41.000000000000000 77.114521474462435 247.000000000000000 
42.000000000000000 83.516035191409458 149.000000000000000 
43.000000000000000 78.101143090372261 275.000000000000000 
44.000000000000000 60.498012421210028 963.000000000000000 
45.000000000000000 66.492090229940587 377.000000000000000 
46.000000000000000 64.403223851470855 312.000000000000000 
47.000000000000000 79.199548633776146 242.000000000000000 
48.000000000000000 68.694893430683621 259.000000000000000 
49.000000000000000 80.144907586640585 646.000000000000000 
50.000000000000000 69.421955674932974 927.000000000000000 
51.000000000000000 70.935985245875514 154.000000000000000 
52.000000000000000 66.763378401411330 160.000000000000000 
53.000000000000000 76.234959076731855 160.000000000000000 
54.000000000000000 56.054616827353314 1069.000000000000000 
55.000000000000000 55.486609386781097 777.000000000000000 
56.000000000000000 65.116291683490900 177.000000000000000 
57.000000000000000 77.468359048009845 471.000000000000000 
58.000000000000000 82.989426791371244 324.000000000000000 
59.000000000000000 71.251941024485262 129.000000000000000 
60.000000000000000 80.549022079450324 272.000000000000000 
61.000000000000000 78.216608208982095 150.000000000000000 
62.000000000000000 65.325354172078704 127.000000000000000 
63.000000000000000 70.527437944051258 111.000000000000000 
64.000000000000000 64.982649643949955 516.000000000000000 
65.000000000000000 80.590215653360048 254.000000000000000 
66.000000000000000 62.670568996565393 78.000000000000000 
67.000000000000000 63.828446018254759 160.000000000000000 
68.000000000000000 63.593864677374604 307.000000000000000 
69.000000000000000 66.712632810463305 133.000000000000000 
70.000000000000000 60.644707515221207 260.000000000000000 
71.000000000000000 68.520773527478795 288.000000000000000 
72.000000000000000 62.332190612258543 946.000000000000000 
73.000000000000000 57.640386570414798 354.000000000000000 
74.000000000000000  0.000000000000000  0.000000000000000 
75.000000000000000  0.000000000000000  0.000000000000000 
76.000000000000000  0.000000000000000  0.000000000000000 
77.000000000000000  0.000000000000000  0.000000000000000 
78.000000000000000  0.000000000000000  0.000000000000000 
79.000000000000000  0.000000000000000  0.000000000000000 
80.000000000000000  0.000000000000000  0.000000000000000 
81.000000000000000  0.000000000000000  0.000000000000000 
82.000000000000000  0.000000000000000  0.000000000000000 
83.000000000000000  0.000000000000000  0.000000000000000 
84.000000000000000  0.000000000000000  0.000000000000000 
85.000000000000000  0.000000000000000  0.000000000000000 
86.000000000000000  0.000000000000000  0.000000000000000 
87.000000000000000  0.000000000000000  0.000000000000000 
88.000000000000000  0.000000000000000  0.000000000000000 
89.000000000000000  0.000000000000000  0.000000000000000 
90.000000000000000  0.000000000000000  0.000000000000000 
91.000000000000000  0.000000000000000  0.000000000000000 
92.000000000000000  0.000000000000000  0.000000000000000 
93.000000000000000  0.000000000000000  0.000000000000000 
94.000000000000000  0.000000000000000  0.000000000000000 
95.000000000000000  0.000000000000000  0.000000000000000 
96.000000000000000  0.000000000000000  0.000000000000000 
97.000000000000000  0.000000000000000  0.000000000000000 
98.000000000000000  0.000000000000000  0.000000000000000 
99.000000000000000  0.000000000000000  0.000000000000000 
100.000000000000000  0.000000000000000  0.000000000000000 
101.000000000000000  0.000000000000000  0.000000000000000 
102.000000000000000  0.000000000000000  0.000000000000000 
103.000000000000000  0.000000000000000  0.000000000000000 
104.000000000000000  0.000000000000000  0.000000000000000 
105.000000000000000  0.000000000000000  0.000000000000000 
106.000000000000000  0.000000000000000  0.000000000000000 
107.000000000000000  0.000000000000000  0.000000000000000 
108.000000000000000  0.000000000000000  0.000000000000000 
109.000000000000000  0.000000000000000  0.000000000000000 
110.000000000000000  0.000000000000000  0.000000000000000 
111.000000000000000  0.000000000000000  0.000000000000000 
112.000000000000000  0.000000000000000  0.000000000000000 
113.000000000000000  0.000000000000000  0.000000000000000 
114.000000000000000  0.000000000000000  0.000000000000000 
115.000000000000000  0.000000000000000  0.000000000000000 
116.000000000000000  0.000000000000000  0.000000000000000 
117.000000000000000  0.000000000000000  0.000000000000000 
118.000000000000000  0.000000000000000  0.000000000000000 
119.000000000000000  0.000000000000000  0.000000000000000 
120.000000000000000  0.000000000000000  0.000000000000000 
121.000000000000000  0.000000000000000  0.000000000000000 
122.000000000000000  0.000000000000000  0.000000000000000 
123.000000000000000  0.000000000000000  0.000000000000000 
124.000000000000000  0.000000000000000  0.000000000000000 
125.000000000000000  0.000000000000000  0.000000000000000 
126.000000000000000  0.000000000000000  0.000000000000000 
127.000000000000000  0.000000000000000  0.000000000000000 
