 0.000000000000000 138.772013334978993 1639.000000000000000 
 1.000000000000000 126.816082018271260 1379.000000000000000 
 2.000000000000000 167.838585134354162 862.000000000000000 
 3.000000000000000 173.148922269731571 292.000000000000000 
 4.000000000000000 142.504036759985894 927.000000000000000 
 5.000000000000000 176.449294496540261 396.000000000000000 
 6.000000000000000 174.004734813846596 831.000000000000000 
 7.000000000000000 137.946356137961089 1293.000000000000000 
 8.000000000000000 169.831959298720449 719.000000000000000 
 9.000000000000000 181.644007592890574 451.000000000000000 
10.000000000000000 154.286803950827220 922.000000000000000 
11.000000000000000 203.947009242851209 264.000000000000000 
12.000000000000000 176.915663126900199 251.000000000000000 
13.000000000000000 156.951633470080367 304.000000000000000 
14.000000000000000 176.318495766465190 224.000000000000000 
15.000000000000000 168.422084815355419 298.000000000000000 
16.000000000000000 175.431600439762803 747.000000000000000 
17.000000000000000 188.439398833320070 377.000000000000000 
18.000000000000000 171.602026155544308 631.000000000000000 
19.000000000000000 141.818408828731663 201.000000000000000 
20.000000000000000 176.389403102656104 594.000000000000000 
21.000000000000000 199.567945999017070 702.000000000000000 
22.000000000000000 170.382964975153726 239.000000000000000 
23.000000000000000 128.543599574203682 1587.000000000000000 
24.000000000000000 154.235049530156402 257.000000000000000 
25.000000000000000 185.478659209971710 263.000000000000000 
26.000000000000000 171.957652941430098 1468.000000000000000 
27.000000000000000 160.285708317525604 424.000000000000000 
28.000000000000000 191.087615059372126 699.000000000000000 
29.000000000000000 195.087668819096564 477.000000000000000 
30.000000000000000 185.318139916589558 441.000000000000000 
31.000000000000000 168.184497361797582 346.000000000000000 
32.000000000000000 165.302006541541800 224.000000000000000 
33.000000000000000 160.797832959672547 160.000000000000000 
34.000000000000000 149.515257388474367 220.000000000000000 
35.000000000000000 188.405487495054530 559.000000000000000 
36.000000000000000 169.137944809596291 346.000000000000000 
37.000000000000000 156.442451987117835 367.000000000000000 
38.000000000000000 196.950238433821454 2117.000000000000000 
39.000000000000000 145.601824298398810 632.000000000000000 
40.000000000000000 181.057099290698176 448.000000000000000 
41.000000000000000 147.842102430927781 423.000000000000000 
42.000000000000000  0.000000000000000  0.000000000000000 
43.000000000000000  0.000000000000000  0.000000000000000 
44.000000000000000  0.000000000000000  0.000000000000000 
45.000000000000000  0.000000000000000  0.000000000000000 
46.000000000000000  0.000000000000000  0.000000000000000 
47.000000000000000  0.000000000000000  0.000000000000000 
48.000000000000000  0.000000000000000  0.000000000000000 
49.000000000000000  0.000000000000000  0.000000000000000 
50.000000000000000  0.000000000000000  0.000000000000000 
51.000000000000000  0.000000000000000  0.000000000000000 
52.000000000000000  0.000000000000000  0.000000000000000 
53.000000000000000  0.000000000000000  0.000000000000000 
54.000000000000000  0.000000000000000  0.000000000000000 
55.000000000000000  0.000000000000000  0.000000000000000 
56.000000000000000  0.000000000000000  0.000000000000000 
57.000000000000000  0.000000000000000  0.000000000000000 
58.000000000000000  0.000000000000000  0.000000000000000 
59.000000000000000  0.000000000000000  0.000000000000000 
60.000000000000000  0.000000000000000  0.000000000000000 
61.000000000000000  0.000000000000000  0.000000000000000 
62.000000000000000  0.000000000000000  0.000000000000000 
63.000000000000000  0.000000000000000  0.000000000000000 
64.000000000000000  0.000000000000000  0.000000000000000 
65.000000000000000  0.000000000000000  0.000000000000000 
66.000000000000000  0.000000000000000  0.000000000000000 
67.000000000000000  0.000000000000000  0.000000000000000 
68.000000000000000  0.000000000000000  0.000000000000000 
69.000000000000000  0.000000000000000  0.000000000000000 
70.000000000000000  0.000000000000000  0.000000000000000 
71.000000000000000  0.000000000000000  0.000000000000000 
72.000000000000000  0.000000000000000  0.000000000000000 
73.000000000000000  0.000000000000000  0.000000000000000 
74.000000000000000  0.000000000000000  0.000000000000000 
75.000000000000000  0.000000000000000  0.000000000000000 
76.000000000000000  0.000000000000000  0.000000000000000 
77.000000000000000  0.000000000000000  0.000000000000000 
78.000000000000000  0.000000000000000  0.000000000000000 
79.000000000000000  0.000000000000000  0.000000000000000 
80.000000000000000  0.000000000000000  0.000000000000000 
81.000000000000000  0.000000000000000  0.000000000000000 
82.000000000000000  0.000000000000000  0.000000000000000 
83.000000000000000  0.000000000000000  0.000000000000000 
84.000000000000000  0.000000000000000  0.000000000000000 
85.000000000000000  0.000000000000000  0.000000000000000 
86.000000000000000  0.000000000000000  0.000000000000000 
87.000000000000000  0.000000000000000  0.000000000000000 
88.000000000000000  0.000000000000000  0.000000000000000 
89.000000000000000  0.000000000000000  0.000000000000000 
90.000000000000000  0.000000000000000  0.000000000000000 
91.000000000000000  0.000000000000000  0.000000000000000 
92.000000000000000  0.000000000000000  0.000000000000000 
93.000000000000000  0.000000000000000  0.000000000000000 
94.000000000000000  0.000000000000000  0.000000000000000 
95.000000000000000  0.000000000000000  0.000000000000000 
96.000000000000000  0.000000000000000  0.000000000000000 
97.000000000000000  0.000000000000000  0.000000000000000 
98.000000000000000  0.000000000000000  0.000000000000000 
99.000000000000000  0.000000000000000  0.000000000000000 
100.000000000000000  0.000000000000000  0.000000000000000 
101.000000000000000  0.000000000000000  0.000000000000000 
102.000000000000000  0.000000000000000  0.000000000000000 
103.000000000000000  0.000000000000000  0.000000000000000 
104.000000000000000  0.000000000000000  0.000000000000000 
105.000000000000000  0.000000000000000  0.000000000000000 
106.000000000000000  0.000000000000000  0.000000000000000 
107.000000000000000  0.000000000000000  0.000000000000000 
108.000000000000000  0.000000000000000  0.000000000000000 
109.000000000000000  0.000000000000000  0.000000000000000 
110.000000000000000  0.000000000000000  0.000000000000000 
111.000000000000000  0.000000000000000  0.000000000000000 
112.000000000000000  0.000000000000000  0.000000000000000 
113.000000000000000  0.000000000000000  0.000000000000000 
114.000000000000000  0.000000000000000  0.000000000000000 
115.000000000000000  0.000000000000000  0.000000000000000 
116.000000000000000  0.000000000000000  0.000000000000000 
117.000000000000000  0.000000000000000  0.000000000000000 
118.000000000000000  0.000000000000000  0.000000000000000 
119.000000000000000  0.000000000000000  0.000000000000000 
120.000000000000000  0.000000000000000  0.000000000000000 
121.000000000000000  0.000000000000000  0.000000000000000 
122.000000000000000  0.000000000000000  0.000000000000000 
123.000000000000000  0.000000000000000  0.000000000000000 
124.000000000000000  0.000000000000000  0.000000000000000 
125.000000000000000  0.000000000000000  0.000000000000000 
126.000000000000000  0.000000000000000  0.000000000000000 
127.000000000000000  0.000000000000000  0.000000000000000 
