 0.000000000000000 86.838264979123650 782.000000000000000 
 1.000000000000000 79.081528444928622 676.000000000000000 
 2.000000000000000 99.978078513458456 560.000000000000000 
 3.000000000000000 92.990937108633844 230.000000000000000 
 4.000000000000000 72.900511366764690 887.000000000000000 
 5.000000000000000 91.465999361644705 239.000000000000000 
 6.000000000000000 91.608358722220203 593.000000000000000 
 7.000000000000000 81.816692232210826 678.000000000000000 
 8.000000000000000 82.974242602172907 280.000000000000000 
 9.000000000000000 79.932907236392751 180.000000000000000 
10.000000000000000 99.838662780621647 614.000000000000000 
11.000000000000000 88.957019942549977 120.000000000000000 
12.000000000000000 76.599315816153805 111.000000000000000 
13.000000000000000 86.830651488490446 185.000000000000000 
14.000000000000000 89.355019883521123 142.000000000000000 
15.000000000000000 93.950191586114030 185.000000000000000 
16.000000000000000 83.254342486664214 312.000000000000000 
17.000000000000000 78.764052108770784 307.000000000000000 
18.000000000000000 87.925011218766130 447.000000000000000 
19.000000000000000 85.142825986535414 143.000000000000000 
20.000000000000000 83.094211309967889 319.000000000000000 
21.000000000000000 72.926250723254270 357.000000000000000 
22.000000000000000 97.102616154685478 145.000000000000000 
23.000000000000000 64.513359182275252 922.000000000000000 
24.000000000000000 86.579816685020120 173.000000000000000 
25.000000000000000 72.779963078180657 137.000000000000000 
26.000000000000000 94.567271715569504 860.000000000000000 
27.000000000000000 83.576124671531716 300.000000000000000 
28.000000000000000 75.199205823427164 337.000000000000000 
29.000000000000000 85.468342282142785 231.000000000000000 
30.000000000000000 88.529029175789560 277.000000000000000 
31.000000000000000 96.463344663256507 231.000000000000000 
32.000000000000000 78.235291065797952 125.000000000000000 
33.000000000000000 77.283129186144578 83.000000000000000 
34.000000000000000 75.643578346993692 174.000000000000000 
35.000000000000000 74.381387395834352 234.000000000000000 
36.000000000000000 82.171960750183459 237.000000000000000 
37.000000000000000 92.531275989761625 234.000000000000000 
38.000000000000000 85.578072497373725 1364.000000000000000 
39.000000000000000 97.738550425163240 570.000000000000000 
40.000000000000000 84.332151268790298 314.000000000000000 
41.000000000000000 85.517689578696533 275.000000000000000 
42.000000000000000 81.137130996470560 153.000000000000000 
43.000000000000000 85.759811883012546 301.000000000000000 
44.000000000000000 82.826320256969765 1219.000000000000000 
45.000000000000000 69.036025409267864 373.000000000000000 
46.000000000000000 72.624134151709711 383.000000000000000 
47.000000000000000 81.969514338859938 243.000000000000000 
48.000000000000000 88.708550825595438 323.000000000000000 
49.000000000000000 89.490450188551293 649.000000000000000 
50.000000000000000 93.778928091671958 1146.000000000000000 
51.000000000000000 76.907990688311415 172.000000000000000 
52.000000000000000 71.004547157233944 171.000000000000000 
53.000000000000000 74.606617125858847 153.000000000000000 
54.000000000000000 82.935266131209033 1245.000000000000000 
55.000000000000000 70.767810256636764 958.000000000000000 
56.000000000000000 83.101528159795222 212.000000000000000 
57.000000000000000 74.599094210478924 455.000000000000000 
58.000000000000000 72.272124939938763 271.000000000000000 
59.000000000000000 67.361452085067242 125.000000000000000 
60.000000000000000 78.347060888412045 266.000000000000000 
61.000000000000000 71.818150307262812 141.000000000000000 
62.000000000000000 66.092250439574769 127.000000000000000 
63.000000000000000 77.702242507160477 124.000000000000000 
64.000000000000000 70.394844155803469 493.000000000000000 
65.000000000000000 93.779327802591212 298.000000000000000 
66.000000000000000 63.488947177076916 78.000000000000000 
67.000000000000000 58.744766244402015 148.000000000000000 
68.000000000000000 48.527593454744711 204.000000000000000 
69.000000000000000  0.000000000000000  0.000000000000000 
70.000000000000000  0.000000000000000  0.000000000000000 
71.000000000000000  0.000000000000000  0.000000000000000 
72.000000000000000  0.000000000000000  0.000000000000000 
73.000000000000000  0.000000000000000  0.000000000000000 
74.000000000000000  0.000000000000000  0.000000000000000 
75.000000000000000  0.000000000000000  0.000000000000000 
76.000000000000000  0.000000000000000  0.000000000000000 
77.000000000000000  0.000000000000000  0.000000000000000 
78.000000000000000  0.000000000000000  0.000000000000000 
79.000000000000000  0.000000000000000  0.000000000000000 
80.000000000000000  0.000000000000000  0.000000000000000 
81.000000000000000  0.000000000000000  0.000000000000000 
82.000000000000000  0.000000000000000  0.000000000000000 
83.000000000000000  0.000000000000000  0.000000000000000 
84.000000000000000  0.000000000000000  0.000000000000000 
85.000000000000000  0.000000000000000  0.000000000000000 
86.000000000000000  0.000000000000000  0.000000000000000 
87.000000000000000  0.000000000000000  0.000000000000000 
88.000000000000000  0.000000000000000  0.000000000000000 
89.000000000000000  0.000000000000000  0.000000000000000 
90.000000000000000  0.000000000000000  0.000000000000000 
91.000000000000000  0.000000000000000  0.000000000000000 
92.000000000000000  0.000000000000000  0.000000000000000 
93.000000000000000  0.000000000000000  0.000000000000000 
94.000000000000000  0.000000000000000  0.000000000000000 
95.000000000000000  0.000000000000000  0.000000000000000 
96.000000000000000  0.000000000000000  0.000000000000000 
97.000000000000000  0.000000000000000  0.000000000000000 
98.000000000000000  0.000000000000000  0.000000000000000 
99.000000000000000  0.000000000000000  0.000000000000000 
100.000000000000000  0.000000000000000  0.000000000000000 
101.000000000000000  0.000000000000000  0.000000000000000 
102.000000000000000  0.000000000000000  0.000000000000000 
103.000000000000000  0.000000000000000  0.000000000000000 
104.000000000000000  0.000000000000000  0.000000000000000 
105.000000000000000  0.000000000000000  0.000000000000000 
106.000000000000000  0.000000000000000  0.000000000000000 
107.000000000000000  0.000000000000000  0.000000000000000 
108.000000000000000  0.000000000000000  0.000000000000000 
109.000000000000000  0.000000000000000  0.000000000000000 
110.000000000000000  0.000000000000000  0.000000000000000 
111.000000000000000  0.000000000000000  0.000000000000000 
112.000000000000000  0.000000000000000  0.000000000000000 
113.000000000000000  0.000000000000000  0.000000000000000 
114.000000000000000  0.000000000000000  0.000000000000000 
115.000000000000000  0.000000000000000  0.000000000000000 
116.000000000000000  0.000000000000000  0.000000000000000 
117.000000000000000  0.000000000000000  0.000000000000000 
118.000000000000000  0.000000000000000  0.000000000000000 
119.000000000000000  0.000000000000000  0.000000000000000 
120.000000000000000  0.000000000000000  0.000000000000000 
121.000000000000000  0.000000000000000  0.000000000000000 
122.000000000000000  0.000000000000000  0.000000000000000 
123.000000000000000  0.000000000000000  0.000000000000000 
124.000000000000000  0.000000000000000  0.000000000000000 
125.000000000000000  0.000000000000000  0.000000000000000 
126.000000000000000  0.000000000000000  0.000000000000000 
127.000000000000000  0.000000000000000  0.000000000000000 
