 0.000000000000000 47.665223505927159 657.000000000000000 
 1.000000000000000 49.255221852820704 447.000000000000000 
 2.000000000000000 51.549312645241699 418.000000000000000 
 3.000000000000000 51.022340175757741 206.000000000000000 
 4.000000000000000 53.053641114967398 800.000000000000000 
 5.000000000000000 58.455767675567280 193.000000000000000 
 6.000000000000000 49.885688398293169 395.000000000000000 
 7.000000000000000 47.899373213856549 336.000000000000000 
 8.000000000000000 49.980585663364359 260.000000000000000 
 9.000000000000000 51.748131861783079 127.000000000000000 
10.000000000000000 63.423378654493895 535.000000000000000 
11.000000000000000 39.341930786448501 66.000000000000000 
12.000000000000000 49.209148785165119 90.000000000000000 
13.000000000000000 46.708807433194018 108.000000000000000 
14.000000000000000 52.991962961481448 81.000000000000000 
15.000000000000000 47.570722257563361 131.000000000000000 
16.000000000000000 39.468100924086933 190.000000000000000 
17.000000000000000 50.761286981212066 232.000000000000000 
18.000000000000000 54.319493013430474 417.000000000000000 
19.000000000000000 57.194396603146771 124.000000000000000 
20.000000000000000 58.034990475150764 251.000000000000000 
21.000000000000000 46.700364966862395 210.000000000000000 
22.000000000000000 57.273624162303165 95.000000000000000 
23.000000000000000 42.933539509790009 704.000000000000000 
24.000000000000000 62.460538334479310 140.000000000000000 
25.000000000000000 54.002811132263197 124.000000000000000 
26.000000000000000 57.910611420334483 619.000000000000000 
27.000000000000000 54.979834168930488 239.000000000000000 
28.000000000000000 65.169133517611655 340.000000000000000 
29.000000000000000 67.374853940198790 198.000000000000000 
30.000000000000000 51.065591002983034 155.000000000000000 
31.000000000000000 66.176586069379255 164.000000000000000 
32.000000000000000 48.461286343715081 83.000000000000000 
33.000000000000000 60.776395205801364 74.000000000000000 
34.000000000000000 48.209534026765866 126.000000000000000 
35.000000000000000 49.199818214119297 163.000000000000000 
36.000000000000000 50.004584019959253 152.000000000000000 
37.000000000000000 46.820235499127115 109.000000000000000 
38.000000000000000 45.484292436778119 954.000000000000000 
39.000000000000000 53.065251119099287 368.000000000000000 
40.000000000000000 39.064268168037898 124.000000000000000 
41.000000000000000 56.043534532564315 220.000000000000000 
42.000000000000000 59.943058845354322 127.000000000000000 
43.000000000000000 53.541484744167008 195.000000000000000 
44.000000000000000 51.247316033243237 700.000000000000000 
45.000000000000000 50.725114882113559 307.000000000000000 
46.000000000000000 49.899416579628088 235.000000000000000 
47.000000000000000 60.714981695055037 208.000000000000000 
48.000000000000000 46.736538997496019 161.000000000000000 
49.000000000000000 56.815736696599096 514.000000000000000 
50.000000000000000 52.988418224468603 736.000000000000000 
51.000000000000000 50.617187129074459 137.000000000000000 
52.000000000000000 48.489022751135877 131.000000000000000 
53.000000000000000 49.629544768215020 160.000000000000000 
54.000000000000000 37.270646517950908 837.000000000000000 
55.000000000000000 33.639075844163777 556.000000000000000 
56.000000000000000 59.076321975611663 159.000000000000000 
57.000000000000000 51.330670439809296 279.000000000000000 
58.000000000000000 64.137388856170659 254.000000000000000 
59.000000000000000 53.361164417666693 114.000000000000000 
60.000000000000000 42.484421883180545 185.000000000000000 
61.000000000000000 64.489549525551396 135.000000000000000 
62.000000000000000 53.968468544910742 112.000000000000000 
63.000000000000000 59.163797209090305 93.000000000000000 
64.000000000000000 46.804631598501928 431.000000000000000 
65.000000000000000 44.067277620145759 171.000000000000000 
66.000000000000000 44.684824143157570 66.000000000000000 
67.000000000000000 54.348000982124681 146.000000000000000 
68.000000000000000 39.753018542461092 207.000000000000000 
69.000000000000000 51.615123921416043 165.000000000000000 
70.000000000000000 48.006586010348720 265.000000000000000 
71.000000000000000 55.807479333677101 295.000000000000000 
72.000000000000000 51.299814703080159 855.000000000000000 
73.000000000000000 47.809033723792496 355.000000000000000 
74.000000000000000 38.203854269904902 90.000000000000000 
75.000000000000000 44.115372680302954 102.000000000000000 
76.000000000000000 30.458895439342861 42.000000000000000 
77.000000000000000 44.970381088374857 493.000000000000000 
78.000000000000000 47.014422351268365 258.000000000000000 
79.000000000000000 43.570707318130992 233.000000000000000 
80.000000000000000 43.337494291142932 298.000000000000000 
81.000000000000000 55.269337884655982 134.000000000000000 
82.000000000000000 41.409016495689876 335.000000000000000 
83.000000000000000 49.045276357775158 100.000000000000000 
84.000000000000000 41.765356377742840 77.000000000000000 
85.000000000000000 35.473171522472938 113.000000000000000 
86.000000000000000 46.484092914670079 97.000000000000000 
87.000000000000000 38.255207509559298 92.000000000000000 
88.000000000000000 43.995185972378373 220.000000000000000 
89.000000000000000 36.556225238784464 107.000000000000000 
90.000000000000000 49.848314401059206 885.000000000000000 
91.000000000000000 45.980409407611795 717.000000000000000 
92.000000000000000 45.169145844087069 172.000000000000000 
93.000000000000000 44.623278173879093 263.000000000000000 
94.000000000000000 40.098173173778385 208.000000000000000 
95.000000000000000 26.875467565831393 249.000000000000000 
96.000000000000000  0.000000000000000  0.000000000000000 
97.000000000000000  0.000000000000000  0.000000000000000 
98.000000000000000  0.000000000000000  0.000000000000000 
99.000000000000000  0.000000000000000  0.000000000000000 
100.000000000000000  0.000000000000000  0.000000000000000 
101.000000000000000  0.000000000000000  0.000000000000000 
102.000000000000000  0.000000000000000  0.000000000000000 
103.000000000000000  0.000000000000000  0.000000000000000 
104.000000000000000  0.000000000000000  0.000000000000000 
105.000000000000000  0.000000000000000  0.000000000000000 
106.000000000000000  0.000000000000000  0.000000000000000 
107.000000000000000  0.000000000000000  0.000000000000000 
108.000000000000000  0.000000000000000  0.000000000000000 
109.000000000000000  0.000000000000000  0.000000000000000 
110.000000000000000  0.000000000000000  0.000000000000000 
111.000000000000000  0.000000000000000  0.000000000000000 
112.000000000000000  0.000000000000000  0.000000000000000 
113.000000000000000  0.000000000000000  0.000000000000000 
114.000000000000000  0.000000000000000  0.000000000000000 
115.000000000000000  0.000000000000000  0.000000000000000 
116.000000000000000  0.000000000000000  0.000000000000000 
117.000000000000000  0.000000000000000  0.000000000000000 
118.000000000000000  0.000000000000000  0.000000000000000 
119.000000000000000  0.000000000000000  0.000000000000000 
120.000000000000000  0.000000000000000  0.000000000000000 
121.000000000000000  0.000000000000000  0.000000000000000 
122.000000000000000  0.000000000000000  0.000000000000000 
123.000000000000000  0.000000000000000  0.000000000000000 
124.000000000000000  0.000000000000000  0.000000000000000 
125.000000000000000  0.000000000000000  0.000000000000000 
126.000000000000000  0.000000000000000  0.000000000000000 
127.000000000000000  0.000000000000000  0.000000000000000 
