 0.000000000000000 43.465506489081726 639.000000000000000 
 1.000000000000000 36.661739265797472 361.000000000000000 
 2.000000000000000 45.466000141010525 355.000000000000000 
 3.000000000000000 48.397872706981744 197.000000000000000 
 4.000000000000000 49.523276038609986 778.000000000000000 
 5.000000000000000 52.606318197301277 176.000000000000000 
 6.000000000000000 49.634224984586091 378.000000000000000 
 7.000000000000000 44.981364694124132 322.000000000000000 
 8.000000000000000 49.529610135839235 260.000000000000000 
 9.000000000000000 47.045963843164920 120.000000000000000 
10.000000000000000 55.634910281191871 493.000000000000000 
11.000000000000000 32.452507140818170 55.000000000000000 
12.000000000000000 47.733091239899473 89.000000000000000 
13.000000000000000 41.382479594858872 98.000000000000000 
14.000000000000000 51.909943718625001 80.000000000000000 
15.000000000000000 45.047252482279845 124.000000000000000 
16.000000000000000 34.518663670334959 167.000000000000000 
17.000000000000000 41.246660162079557 191.000000000000000 
18.000000000000000 50.067500117188608 405.000000000000000 
19.000000000000000 54.924545995948776 121.000000000000000 
20.000000000000000 44.455922633842327 211.000000000000000 
21.000000000000000 39.874076053574377 184.000000000000000 
22.000000000000000 49.083981305611303 106.000000000000000 
23.000000000000000 44.761913226809888 721.000000000000000 
24.000000000000000 51.496525523166120 118.000000000000000 
25.000000000000000 48.466301794788798 111.000000000000000 
26.000000000000000 60.146413799868952 687.000000000000000 
27.000000000000000 38.168086552571424 175.000000000000000 
28.000000000000000 54.355113430257880 307.000000000000000 
29.000000000000000 62.787448953742420 194.000000000000000 
30.000000000000000 48.948302857845754 151.000000000000000 
31.000000000000000 45.023590230521997 107.000000000000000 
32.000000000000000 45.823678601620244 81.000000000000000 
33.000000000000000 57.526778817669964 70.000000000000000 
34.000000000000000 47.053427492741925 124.000000000000000 
35.000000000000000 38.428258865740020 123.000000000000000 
36.000000000000000 50.069860329072561 148.000000000000000 
37.000000000000000 46.684463144352357 114.000000000000000 
38.000000000000000 44.209230866653407 931.000000000000000 
39.000000000000000 50.555467786447103 366.000000000000000 
40.000000000000000 37.030478817635831 120.000000000000000 
41.000000000000000 53.601218354209657 219.000000000000000 
42.000000000000000 57.144024322033914 118.000000000000000 
43.000000000000000 49.559819835922504 186.000000000000000 
44.000000000000000 52.954692237516447 699.000000000000000 
45.000000000000000 39.816072923699032 252.000000000000000 
46.000000000000000 35.193088662835649 165.000000000000000 
47.000000000000000 59.031256043827902 195.000000000000000 
48.000000000000000 45.733731612364650 135.000000000000000 
49.000000000000000 53.310539564710155 478.000000000000000 
50.000000000000000 53.103956569736106 737.000000000000000 
51.000000000000000 49.050440858153934 139.000000000000000 
52.000000000000000 46.337158023962793 129.000000000000000 
53.000000000000000 49.606840686781851 160.000000000000000 
54.000000000000000 36.748098281810996 829.000000000000000 
55.000000000000000 33.554844624520022 572.000000000000000 
56.000000000000000 55.633449073295445 148.000000000000000 
57.000000000000000 47.629322004069650 257.000000000000000 
58.000000000000000 42.335959609252725 170.000000000000000 
59.000000000000000 49.012617092764707 102.000000000000000 
60.000000000000000 38.645540715266883 172.000000000000000 
61.000000000000000 48.939299746325119 107.000000000000000 
62.000000000000000 35.163709989600001 75.000000000000000 
63.000000000000000 54.892756691230254 86.000000000000000 
64.000000000000000 41.309595801808335 419.000000000000000 
65.000000000000000 41.564477644822851 150.000000000000000 
66.000000000000000 43.330492567467687 65.000000000000000 
67.000000000000000 45.603500951695253 126.000000000000000 
68.000000000000000 36.314384552073776 188.000000000000000 
69.000000000000000 44.315319960769337 166.000000000000000 
70.000000000000000 48.509946555556013 278.000000000000000 
71.000000000000000 50.500603666329340 264.000000000000000 
72.000000000000000 51.787906438639631 857.000000000000000 
73.000000000000000 38.492285063629758 269.000000000000000 
74.000000000000000 38.957849217042508 92.000000000000000 
75.000000000000000 44.833227278749042 104.000000000000000 
76.000000000000000 31.431597698018603 43.000000000000000 
77.000000000000000 43.047670053973270 440.000000000000000 
78.000000000000000 38.075179893549155 221.000000000000000 
79.000000000000000 41.993418278588273 213.000000000000000 
80.000000000000000 43.313116366876962 296.000000000000000 
81.000000000000000 36.738058533224098 112.000000000000000 
82.000000000000000 29.127154241112329 258.000000000000000 
83.000000000000000 46.259550765630451 101.000000000000000 
84.000000000000000 40.810939374151339 76.000000000000000 
85.000000000000000 35.617501123426621 113.000000000000000 
86.000000000000000 37.638360585543765 80.000000000000000 
87.000000000000000 36.543729677539808 87.000000000000000 
88.000000000000000 41.310032579911493 216.000000000000000 
89.000000000000000 37.695316830715761 108.000000000000000 
90.000000000000000 49.826729661923039 884.000000000000000 
91.000000000000000 46.284816362081976 722.000000000000000 
92.000000000000000 41.363694477914777 159.000000000000000 
93.000000000000000 40.157887671986522 246.000000000000000 
94.000000000000000 41.782501665535627 205.000000000000000 
95.000000000000000 36.239557672067420 293.000000000000000 
96.000000000000000 39.991063618677039 418.000000000000000 
97.000000000000000 26.491483847566531 36.000000000000000 
98.000000000000000 38.924164267509809 185.000000000000000 
99.000000000000000 39.594310387625285 285.000000000000000 
100.000000000000000 30.745613077674712 91.000000000000000 
101.000000000000000 40.705164324528170 210.000000000000000 
102.000000000000000 37.063459206447952 237.000000000000000 
103.000000000000000  0.000000000000000  0.000000000000000 
104.000000000000000  0.000000000000000  0.000000000000000 
105.000000000000000  0.000000000000000  0.000000000000000 
106.000000000000000  0.000000000000000  0.000000000000000 
107.000000000000000  0.000000000000000  0.000000000000000 
108.000000000000000  0.000000000000000  0.000000000000000 
109.000000000000000  0.000000000000000  0.000000000000000 
110.000000000000000  0.000000000000000  0.000000000000000 
111.000000000000000  0.000000000000000  0.000000000000000 
112.000000000000000  0.000000000000000  0.000000000000000 
113.000000000000000  0.000000000000000  0.000000000000000 
114.000000000000000  0.000000000000000  0.000000000000000 
115.000000000000000  0.000000000000000  0.000000000000000 
116.000000000000000  0.000000000000000  0.000000000000000 
117.000000000000000  0.000000000000000  0.000000000000000 
118.000000000000000  0.000000000000000  0.000000000000000 
119.000000000000000  0.000000000000000  0.000000000000000 
120.000000000000000  0.000000000000000  0.000000000000000 
121.000000000000000  0.000000000000000  0.000000000000000 
122.000000000000000  0.000000000000000  0.000000000000000 
123.000000000000000  0.000000000000000  0.000000000000000 
124.000000000000000  0.000000000000000  0.000000000000000 
125.000000000000000  0.000000000000000  0.000000000000000 
126.000000000000000  0.000000000000000  0.000000000000000 
127.000000000000000  0.000000000000000  0.000000000000000 
