 0.000000000000000 87.021243216618942 783.000000000000000 
 1.000000000000000 79.665616728408139 679.000000000000000 
 2.000000000000000 101.834921016915843 565.000000000000000 
 3.000000000000000 95.652035047457886 233.000000000000000 
 4.000000000000000 72.830523943664659 886.000000000000000 
 5.000000000000000 100.737966525184220 259.000000000000000 
 6.000000000000000 91.898469723266530 595.000000000000000 
 7.000000000000000 82.469407279527701 682.000000000000000 
 8.000000000000000 99.182352380969419 331.000000000000000 
 9.000000000000000 79.961213832111198 182.000000000000000 
10.000000000000000 99.939172275871130 615.000000000000000 
11.000000000000000 95.354903840451186 129.000000000000000 
12.000000000000000 103.954167901973037 158.000000000000000 
13.000000000000000 86.449213250837389 186.000000000000000 
14.000000000000000 91.527394956138011 145.000000000000000 
15.000000000000000 85.393576691156653 166.000000000000000 
16.000000000000000 82.466774362303028 310.000000000000000 
17.000000000000000 78.766978969329543 299.000000000000000 
18.000000000000000 90.097385617388824 453.000000000000000 
19.000000000000000 91.567211878156641 148.000000000000000 
20.000000000000000 80.189674584484351 307.000000000000000 
21.000000000000000 75.689048639573244 367.000000000000000 
22.000000000000000 96.519297628160203 144.000000000000000 
23.000000000000000 64.371844650479545 919.000000000000000 
24.000000000000000 89.297338710450589 177.000000000000000 
25.000000000000000 95.033433957788063 164.000000000000000 
26.000000000000000 94.568163072995063 861.000000000000000 
27.000000000000000 89.874615595892180 310.000000000000000 
28.000000000000000 90.078701060066848 375.000000000000000 
29.000000000000000 83.085825385058754 225.000000000000000 
30.000000000000000 103.979666937829464 321.000000000000000 
31.000000000000000 94.334050123588085 227.000000000000000 
32.000000000000000 81.761150133101395 131.000000000000000 
33.000000000000000 76.373066485482894 82.000000000000000 
34.000000000000000 76.731666708202766 176.000000000000000 
35.000000000000000 77.729866530998606 248.000000000000000 
36.000000000000000 83.783117168299896 240.000000000000000 
37.000000000000000 93.428190436680410 258.000000000000000 
38.000000000000000 85.927811755223857 1367.000000000000000 
39.000000000000000 98.022920981289360 572.000000000000000 
40.000000000000000 84.738770016908617 313.000000000000000 
41.000000000000000 85.955680262552193 275.000000000000000 
42.000000000000000 73.445246261304348 138.000000000000000 
43.000000000000000 84.238872457547814 297.000000000000000 
44.000000000000000 82.473438672212495 1221.000000000000000 
45.000000000000000 76.027827330396008 392.000000000000000 
46.000000000000000 73.222687048170442 386.000000000000000 
47.000000000000000 81.372552151585282 241.000000000000000 
48.000000000000000 91.361891220252701 327.000000000000000 
49.000000000000000 93.267105651697875 657.000000000000000 
50.000000000000000 93.086899257236908 1137.000000000000000 
51.000000000000000 81.383052279602722 182.000000000000000 
52.000000000000000 79.171987037647199 178.000000000000000 
53.000000000000000 76.127516789413662 161.000000000000000 
54.000000000000000 82.742371526691201 1242.000000000000000 
55.000000000000000 71.633438655908847 967.000000000000000 
56.000000000000000 91.868438819822572 224.000000000000000 
57.000000000000000 75.808140443506900 459.000000000000000 
58.000000000000000 85.551255527103962 287.000000000000000 
59.000000000000000 67.875767441807142 126.000000000000000 
60.000000000000000 80.716125726964421 275.000000000000000 
61.000000000000000 72.770763053967187 142.000000000000000 
62.000000000000000 64.720763247115329 124.000000000000000 
63.000000000000000 77.702242507160420 124.000000000000000 
64.000000000000000 70.357475599387200 493.000000000000000 
65.000000000000000 87.065095968062465 280.000000000000000 
66.000000000000000 63.488947177076952 78.000000000000000 
67.000000000000000  0.000000000000000  0.000000000000000 
68.000000000000000  0.000000000000000  0.000000000000000 
69.000000000000000  0.000000000000000  0.000000000000000 
70.000000000000000  0.000000000000000  0.000000000000000 
71.000000000000000  0.000000000000000  0.000000000000000 
72.000000000000000  0.000000000000000  0.000000000000000 
73.000000000000000  0.000000000000000  0.000000000000000 
74.000000000000000  0.000000000000000  0.000000000000000 
75.000000000000000  0.000000000000000  0.000000000000000 
76.000000000000000  0.000000000000000  0.000000000000000 
77.000000000000000  0.000000000000000  0.000000000000000 
78.000000000000000  0.000000000000000  0.000000000000000 
79.000000000000000  0.000000000000000  0.000000000000000 
80.000000000000000  0.000000000000000  0.000000000000000 
81.000000000000000  0.000000000000000  0.000000000000000 
82.000000000000000  0.000000000000000  0.000000000000000 
83.000000000000000  0.000000000000000  0.000000000000000 
84.000000000000000  0.000000000000000  0.000000000000000 
85.000000000000000  0.000000000000000  0.000000000000000 
86.000000000000000  0.000000000000000  0.000000000000000 
87.000000000000000  0.000000000000000  0.000000000000000 
88.000000000000000  0.000000000000000  0.000000000000000 
89.000000000000000  0.000000000000000  0.000000000000000 
90.000000000000000  0.000000000000000  0.000000000000000 
91.000000000000000  0.000000000000000  0.000000000000000 
92.000000000000000  0.000000000000000  0.000000000000000 
93.000000000000000  0.000000000000000  0.000000000000000 
94.000000000000000  0.000000000000000  0.000000000000000 
95.000000000000000  0.000000000000000  0.000000000000000 
96.000000000000000  0.000000000000000  0.000000000000000 
97.000000000000000  0.000000000000000  0.000000000000000 
98.000000000000000  0.000000000000000  0.000000000000000 
99.000000000000000  0.000000000000000  0.000000000000000 
100.000000000000000  0.000000000000000  0.000000000000000 
101.000000000000000  0.000000000000000  0.000000000000000 
102.000000000000000  0.000000000000000  0.000000000000000 
103.000000000000000  0.000000000000000  0.000000000000000 
104.000000000000000  0.000000000000000  0.000000000000000 
105.000000000000000  0.000000000000000  0.000000000000000 
106.000000000000000  0.000000000000000  0.000000000000000 
107.000000000000000  0.000000000000000  0.000000000000000 
108.000000000000000  0.000000000000000  0.000000000000000 
109.000000000000000  0.000000000000000  0.000000000000000 
110.000000000000000  0.000000000000000  0.000000000000000 
111.000000000000000  0.000000000000000  0.000000000000000 
112.000000000000000  0.000000000000000  0.000000000000000 
113.000000000000000  0.000000000000000  0.000000000000000 
114.000000000000000  0.000000000000000  0.000000000000000 
115.000000000000000  0.000000000000000  0.000000000000000 
116.000000000000000  0.000000000000000  0.000000000000000 
117.000000000000000  0.000000000000000  0.000000000000000 
118.000000000000000  0.000000000000000  0.000000000000000 
119.000000000000000  0.000000000000000  0.000000000000000 
120.000000000000000  0.000000000000000  0.000000000000000 
121.000000000000000  0.000000000000000  0.000000000000000 
122.000000000000000  0.000000000000000  0.000000000000000 
123.000000000000000  0.000000000000000  0.000000000000000 
124.000000000000000  0.000000000000000  0.000000000000000 
125.000000000000000  0.000000000000000  0.000000000000000 
126.000000000000000  0.000000000000000  0.000000000000000 
127.000000000000000  0.000000000000000  0.000000000000000 
