 0.000000000000000 36.388838184228817 545.000000000000000 
 1.000000000000000 40.674806349394380 356.000000000000000 
 2.000000000000000 36.486884979025703 332.000000000000000 
 3.000000000000000 37.364940658544576 166.000000000000000 
 4.000000000000000 31.246594665447521 633.000000000000000 
 5.000000000000000 34.274353503526555 137.000000000000000 
 6.000000000000000 39.259101267265720 400.000000000000000 
 7.000000000000000 35.309416724055978 272.000000000000000 
 8.000000000000000 41.090954854992823 211.000000000000000 
 9.000000000000000 39.250680486574645 106.000000000000000 
10.000000000000000 37.979477115329793 319.000000000000000 
11.000000000000000 27.568260481764586 48.000000000000000 
12.000000000000000 29.798351482490872 74.000000000000000 
13.000000000000000 35.249429066926702 81.000000000000000 
14.000000000000000 43.981502646388904 72.000000000000000 
15.000000000000000 37.050372515005726 105.000000000000000 
16.000000000000000 32.383676996376344 143.000000000000000 
17.000000000000000 38.932282769880779 195.000000000000000 
18.000000000000000 39.440227340832337 349.000000000000000 
19.000000000000000 36.952754159180977 63.000000000000000 
20.000000000000000 40.085178140964885 200.000000000000000 
21.000000000000000 32.729175343513305 153.000000000000000 
22.000000000000000 39.070937397780767 78.000000000000000 
23.000000000000000 36.356128998956095 624.000000000000000 
24.000000000000000 38.402945880594501 109.000000000000000 
25.000000000000000 40.297547445810167 98.000000000000000 
26.000000000000000 37.436521714625073 547.000000000000000 
27.000000000000000 31.470006049359373 160.000000000000000 
28.000000000000000 45.294850101886311 243.000000000000000 
29.000000000000000 29.088357528377252 103.000000000000000 
30.000000000000000 36.522620997516576 126.000000000000000 
31.000000000000000 31.745492057555225 85.000000000000000 
32.000000000000000 28.535534493531490 57.000000000000000 
33.000000000000000 26.163764840250000 40.000000000000000 
34.000000000000000 39.966167560166660 120.000000000000000 
35.000000000000000 33.090399968445283 111.000000000000000 
36.000000000000000 30.815252324382993 91.000000000000000 
37.000000000000000 32.164150973136813 71.000000000000000 
38.000000000000000 27.274022648194748 694.000000000000000 
39.000000000000000 31.760635528457929 413.000000000000000 
40.000000000000000 27.395890542300879 115.000000000000000 
41.000000000000000 32.427613276238013 283.000000000000000 
42.000000000000000 39.437897297439001 82.000000000000000 
43.000000000000000 44.532935364382148 168.000000000000000 
44.000000000000000 24.899826802162121 569.000000000000000 
45.000000000000000 30.628819332027426 205.000000000000000 
46.000000000000000 29.295563961709750 154.000000000000000 
47.000000000000000 39.133602226499413 171.000000000000000 
48.000000000000000 37.211095951665648 117.000000000000000 
49.000000000000000 25.475901724312582 325.000000000000000 
50.000000000000000 33.050196605563805 489.000000000000000 
51.000000000000000 41.310635481930277 142.000000000000000 
52.000000000000000 35.784304967685173 108.000000000000000 
53.000000000000000 30.649023302363652 110.000000000000000 
54.000000000000000 30.854340872276925 777.000000000000000 
55.000000000000000 25.632608073919481 503.000000000000000 
56.000000000000000 43.288737412617472 109.000000000000000 
57.000000000000000 40.884960147091576 238.000000000000000 
58.000000000000000 31.693358134623615 154.000000000000000 
59.000000000000000 44.885487772379307 87.000000000000000 
60.000000000000000 30.705425637874999 148.000000000000000 
61.000000000000000 37.541034304469768 82.000000000000000 
62.000000000000000 31.166162411508626 68.000000000000000 
63.000000000000000 33.811568266461521 65.000000000000000 
64.000000000000000 32.682473832191143 468.000000000000000 
65.000000000000000 31.517871921407782 134.000000000000000 
66.000000000000000 34.527549401922236 54.000000000000000 
67.000000000000000 37.111238162620687 87.000000000000000 
68.000000000000000 30.526713900668792 160.000000000000000 
69.000000000000000 39.983320497800605 158.000000000000000 
70.000000000000000 41.984313921917440 263.000000000000000 
71.000000000000000 44.612363710699142 252.000000000000000 
72.000000000000000 29.156716044649013 407.000000000000000 
73.000000000000000 36.241461337332019 228.000000000000000 
74.000000000000000 35.000073838701404 86.000000000000000 
75.000000000000000 37.795495454123703 97.000000000000000 
76.000000000000000 27.233766013600000 38.000000000000000 
77.000000000000000 33.441202307681550 221.000000000000000 
78.000000000000000 34.639901507787158 206.000000000000000 
79.000000000000000 36.406946721074640 188.000000000000000 
80.000000000000000 36.805676706300808 284.000000000000000 
81.000000000000000 26.287188376843734 96.000000000000000 
82.000000000000000 35.540313029240075 293.000000000000000 
83.000000000000000 43.046025694257423 95.000000000000000 
84.000000000000000 38.648068335260810 74.000000000000000 
85.000000000000000 34.123908932110076 103.000000000000000 
86.000000000000000 33.070785948024721 67.000000000000000 
87.000000000000000 33.482126264703076 80.000000000000000 
88.000000000000000 33.924692777676860 182.000000000000000 
89.000000000000000 30.900444710362112 93.000000000000000 
90.000000000000000 37.970310254590331 738.000000000000000 
91.000000000000000 33.544235385818432 552.000000000000000 
92.000000000000000 32.557286644303623 147.000000000000000 
93.000000000000000 34.094434703376962 193.000000000000000 
94.000000000000000 39.474144738452772 291.000000000000000 
95.000000000000000 41.155811420826304 326.000000000000000 
96.000000000000000 41.024061459394339 449.000000000000000 
97.000000000000000 26.261150396705414 36.000000000000000 
98.000000000000000 32.640215296536425 162.000000000000000 
99.000000000000000 34.154607478940370 265.000000000000000 
100.000000000000000 32.453839801151588 95.000000000000000 
101.000000000000000 35.566848677009546 202.000000000000000 
102.000000000000000 34.347705241218904 220.000000000000000 
103.000000000000000 31.912189283054541 110.000000000000000 
104.000000000000000 33.119225614172521 131.000000000000000 
105.000000000000000 37.902721889036258 395.000000000000000 
106.000000000000000 26.435001387135777 109.000000000000000 
107.000000000000000 34.842556655608405 143.000000000000000 
108.000000000000000 26.713897528972915 48.000000000000000 
109.000000000000000 32.242348582261592 154.000000000000000 
110.000000000000000 40.614678610618100 784.000000000000000 
111.000000000000000 40.989536817778173 401.000000000000000 
112.000000000000000 28.407071506511723 104.000000000000000 
113.000000000000000 31.896268270588603 129.000000000000000 
114.000000000000000 32.081621052604397 68.000000000000000 
115.000000000000000 31.247447727314828 108.000000000000000 
116.000000000000000 23.664145035391670 62.000000000000000 
117.000000000000000 25.515907783629522 169.000000000000000 
118.000000000000000 30.420552442313955 528.000000000000000 
119.000000000000000 37.520370018656472 158.000000000000000 
120.000000000000000 25.603114626104542 66.000000000000000 
121.000000000000000 30.398924403254465 245.000000000000000 
122.000000000000000  0.000000000000000  0.000000000000000 
123.000000000000000  0.000000000000000  0.000000000000000 
124.000000000000000  0.000000000000000  0.000000000000000 
125.000000000000000  0.000000000000000  0.000000000000000 
126.000000000000000  0.000000000000000  0.000000000000000 
127.000000000000000  0.000000000000000  0.000000000000000 
