 0.000000000000000 99.832751793566459 952.000000000000000 
 1.000000000000000 81.491184716860673 726.000000000000000 
 2.000000000000000 118.005380079358389 643.000000000000000 
 3.000000000000000 122.640591496513494 207.000000000000000 
 4.000000000000000 91.155177153003834 710.000000000000000 
 5.000000000000000 103.302477670610145 257.000000000000000 
 6.000000000000000 105.566202737044847 554.000000000000000 
 7.000000000000000 96.167585581464166 867.000000000000000 
 8.000000000000000 110.505260011283582 358.000000000000000 
 9.000000000000000 109.077562037394031 236.000000000000000 
10.000000000000000 113.076110713085072 678.000000000000000 
11.000000000000000 131.688145144149530 173.000000000000000 
12.000000000000000 113.952842248430073 165.000000000000000 
13.000000000000000 123.433319624206490 252.000000000000000 
14.000000000000000 133.428995855669740 187.000000000000000 
15.000000000000000 81.459909470220239 144.000000000000000 
16.000000000000000 112.119127452627509 420.000000000000000 
17.000000000000000 91.574684916852021 346.000000000000000 
18.000000000000000 103.374598634210059 477.000000000000000 
19.000000000000000 106.648401140143804 173.000000000000000 
20.000000000000000 100.197160575630818 390.000000000000000 
21.000000000000000 120.854177414650906 460.000000000000000 
22.000000000000000 113.624151636118839 175.000000000000000 
23.000000000000000 77.845229636661969 1105.000000000000000 
24.000000000000000 104.095228996332125 216.000000000000000 
25.000000000000000 106.860616299238956 198.000000000000000 
26.000000000000000 109.574565250307941 948.000000000000000 
27.000000000000000 95.248444517388165 325.000000000000000 
28.000000000000000 108.800483094815604 441.000000000000000 
29.000000000000000 112.090642766267351 237.000000000000000 
30.000000000000000 121.804643834065416 366.000000000000000 
31.000000000000000 120.091115390590545 270.000000000000000 
32.000000000000000 118.887017020197078 180.000000000000000 
33.000000000000000 111.447386350156947 115.000000000000000 
34.000000000000000 114.419441190957698 180.000000000000000 
35.000000000000000 103.357021939556617 322.000000000000000 
36.000000000000000 107.601865876259509 219.000000000000000 
37.000000000000000 121.606728104618014 305.000000000000000 
38.000000000000000 82.288468257753181 1328.000000000000000 
39.000000000000000 107.486335093836217 637.000000000000000 
40.000000000000000 104.872256885941511 368.000000000000000 
41.000000000000000 102.706752968961453 319.000000000000000 
42.000000000000000 94.674217557631451 146.000000000000000 
43.000000000000000 88.847137909386220 294.000000000000000 
44.000000000000000 76.515115788436120 1146.000000000000000 
45.000000000000000 115.244605510394123 387.000000000000000 
46.000000000000000 91.619422365413214 425.000000000000000 
47.000000000000000 108.708107086639529 216.000000000000000 
48.000000000000000 107.977647319805300 375.000000000000000 
49.000000000000000 112.656093076509919 731.000000000000000 
50.000000000000000 89.849652224025164 1110.000000000000000 
51.000000000000000 91.878548738932750 179.000000000000000 
52.000000000000000 76.939984431365275 167.000000000000000 
53.000000000000000 85.235996258696261 193.000000000000000 
54.000000000000000 83.817672541492499 1223.000000000000000 
55.000000000000000 68.059918491553617 924.000000000000000 
56.000000000000000 91.477005133347731 212.000000000000000 
57.000000000000000 90.520772172976137 462.000000000000000 
58.000000000000000 54.034618636743737 182.000000000000000 
59.000000000000000  0.000000000000000  0.000000000000000 
60.000000000000000  0.000000000000000  0.000000000000000 
61.000000000000000  0.000000000000000  0.000000000000000 
62.000000000000000  0.000000000000000  0.000000000000000 
63.000000000000000  0.000000000000000  0.000000000000000 
64.000000000000000  0.000000000000000  0.000000000000000 
65.000000000000000  0.000000000000000  0.000000000000000 
66.000000000000000  0.000000000000000  0.000000000000000 
67.000000000000000  0.000000000000000  0.000000000000000 
68.000000000000000  0.000000000000000  0.000000000000000 
69.000000000000000  0.000000000000000  0.000000000000000 
70.000000000000000  0.000000000000000  0.000000000000000 
71.000000000000000  0.000000000000000  0.000000000000000 
72.000000000000000  0.000000000000000  0.000000000000000 
73.000000000000000  0.000000000000000  0.000000000000000 
74.000000000000000  0.000000000000000  0.000000000000000 
75.000000000000000  0.000000000000000  0.000000000000000 
76.000000000000000  0.000000000000000  0.000000000000000 
77.000000000000000  0.000000000000000  0.000000000000000 
78.000000000000000  0.000000000000000  0.000000000000000 
79.000000000000000  0.000000000000000  0.000000000000000 
80.000000000000000  0.000000000000000  0.000000000000000 
81.000000000000000  0.000000000000000  0.000000000000000 
82.000000000000000  0.000000000000000  0.000000000000000 
83.000000000000000  0.000000000000000  0.000000000000000 
84.000000000000000  0.000000000000000  0.000000000000000 
85.000000000000000  0.000000000000000  0.000000000000000 
86.000000000000000  0.000000000000000  0.000000000000000 
87.000000000000000  0.000000000000000  0.000000000000000 
88.000000000000000  0.000000000000000  0.000000000000000 
89.000000000000000  0.000000000000000  0.000000000000000 
90.000000000000000  0.000000000000000  0.000000000000000 
91.000000000000000  0.000000000000000  0.000000000000000 
92.000000000000000  0.000000000000000  0.000000000000000 
93.000000000000000  0.000000000000000  0.000000000000000 
94.000000000000000  0.000000000000000  0.000000000000000 
95.000000000000000  0.000000000000000  0.000000000000000 
96.000000000000000  0.000000000000000  0.000000000000000 
97.000000000000000  0.000000000000000  0.000000000000000 
98.000000000000000  0.000000000000000  0.000000000000000 
99.000000000000000  0.000000000000000  0.000000000000000 
100.000000000000000  0.000000000000000  0.000000000000000 
101.000000000000000  0.000000000000000  0.000000000000000 
102.000000000000000  0.000000000000000  0.000000000000000 
103.000000000000000  0.000000000000000  0.000000000000000 
104.000000000000000  0.000000000000000  0.000000000000000 
105.000000000000000  0.000000000000000  0.000000000000000 
106.000000000000000  0.000000000000000  0.000000000000000 
107.000000000000000  0.000000000000000  0.000000000000000 
108.000000000000000  0.000000000000000  0.000000000000000 
109.000000000000000  0.000000000000000  0.000000000000000 
110.000000000000000  0.000000000000000  0.000000000000000 
111.000000000000000  0.000000000000000  0.000000000000000 
112.000000000000000  0.000000000000000  0.000000000000000 
113.000000000000000  0.000000000000000  0.000000000000000 
114.000000000000000  0.000000000000000  0.000000000000000 
115.000000000000000  0.000000000000000  0.000000000000000 
116.000000000000000  0.000000000000000  0.000000000000000 
117.000000000000000  0.000000000000000  0.000000000000000 
118.000000000000000  0.000000000000000  0.000000000000000 
119.000000000000000  0.000000000000000  0.000000000000000 
120.000000000000000  0.000000000000000  0.000000000000000 
121.000000000000000  0.000000000000000  0.000000000000000 
122.000000000000000  0.000000000000000  0.000000000000000 
123.000000000000000  0.000000000000000  0.000000000000000 
124.000000000000000  0.000000000000000  0.000000000000000 
125.000000000000000  0.000000000000000  0.000000000000000 
126.000000000000000  0.000000000000000  0.000000000000000 
127.000000000000000  0.000000000000000  0.000000000000000 
