 0.000000000000000 99.832751793566402 952.000000000000000 
 1.000000000000000 81.491184716860744 726.000000000000000 
 2.000000000000000 118.639481592665589 644.000000000000000 
 3.000000000000000 122.640591496513522 207.000000000000000 
 4.000000000000000 91.976807233254220 711.000000000000000 
 5.000000000000000 103.576189444644712 258.000000000000000 
 6.000000000000000 104.479076004463082 549.000000000000000 
 7.000000000000000 95.972020711049055 866.000000000000000 
 8.000000000000000 110.505260011283568 358.000000000000000 
 9.000000000000000 110.591992226301031 239.000000000000000 
10.000000000000000 113.155321146432229 678.000000000000000 
11.000000000000000 130.965386190864649 172.000000000000000 
12.000000000000000 113.952842248430059 165.000000000000000 
13.000000000000000 134.326617327991357 276.000000000000000 
14.000000000000000 134.094765524471853 188.000000000000000 
15.000000000000000 89.575014259072773 160.000000000000000 
16.000000000000000 112.369769758889163 421.000000000000000 
17.000000000000000 108.537999462356552 387.000000000000000 
18.000000000000000 103.689396290477148 480.000000000000000 
19.000000000000000 107.206896946404399 174.000000000000000 
20.000000000000000 101.338493280844872 394.000000000000000 
21.000000000000000 121.172019136482461 460.000000000000000 
22.000000000000000 113.624151636118881 175.000000000000000 
23.000000000000000 77.845229636662026 1105.000000000000000 
24.000000000000000 103.512403592797213 215.000000000000000 
25.000000000000000 110.577167727204511 206.000000000000000 
26.000000000000000 110.209386495203262 948.000000000000000 
27.000000000000000 102.009161258368351 338.000000000000000 
28.000000000000000 109.388168638937259 443.000000000000000 
29.000000000000000 112.090642766267393 237.000000000000000 
30.000000000000000 121.804643834065359 366.000000000000000 
31.000000000000000 120.720745537018274 271.000000000000000 
32.000000000000000 118.887017020197135 180.000000000000000 
33.000000000000000 111.447386350156989 115.000000000000000 
34.000000000000000 114.419441190957755 180.000000000000000 
35.000000000000000 115.578209246437581 354.000000000000000 
36.000000000000000 107.601865876259538 219.000000000000000 
37.000000000000000 122.665931747447971 308.000000000000000 
38.000000000000000 82.288468257753124 1328.000000000000000 
39.000000000000000 107.486335093836274 637.000000000000000 
40.000000000000000 103.221189482195797 367.000000000000000 
41.000000000000000 102.706752968961524 319.000000000000000 
42.000000000000000 95.728219588843558 147.000000000000000 
43.000000000000000 88.847137909386220 294.000000000000000 
44.000000000000000 76.515115788436034 1146.000000000000000 
45.000000000000000 115.330567359603151 387.000000000000000 
46.000000000000000 90.568609613281552 424.000000000000000 
47.000000000000000 110.004741938925250 218.000000000000000 
48.000000000000000 108.605615883574742 378.000000000000000 
49.000000000000000 112.365688720680851 730.000000000000000 
50.000000000000000 89.849652224025292 1110.000000000000000 
51.000000000000000 91.544856487107850 178.000000000000000 
52.000000000000000 80.110916065334862 172.000000000000000 
53.000000000000000 97.932843207351041 225.000000000000000 
54.000000000000000 83.817672541492698 1223.000000000000000 
55.000000000000000 68.059918491553631 924.000000000000000 
56.000000000000000 92.464699152635148 213.000000000000000 
57.000000000000000 90.288011350597372 456.000000000000000 
58.000000000000000  0.000000000000000  0.000000000000000 
59.000000000000000  0.000000000000000  0.000000000000000 
60.000000000000000  0.000000000000000  0.000000000000000 
61.000000000000000  0.000000000000000  0.000000000000000 
62.000000000000000  0.000000000000000  0.000000000000000 
63.000000000000000  0.000000000000000  0.000000000000000 
64.000000000000000  0.000000000000000  0.000000000000000 
65.000000000000000  0.000000000000000  0.000000000000000 
66.000000000000000  0.000000000000000  0.000000000000000 
67.000000000000000  0.000000000000000  0.000000000000000 
68.000000000000000  0.000000000000000  0.000000000000000 
69.000000000000000  0.000000000000000  0.000000000000000 
70.000000000000000  0.000000000000000  0.000000000000000 
71.000000000000000  0.000000000000000  0.000000000000000 
72.000000000000000  0.000000000000000  0.000000000000000 
73.000000000000000  0.000000000000000  0.000000000000000 
74.000000000000000  0.000000000000000  0.000000000000000 
75.000000000000000  0.000000000000000  0.000000000000000 
76.000000000000000  0.000000000000000  0.000000000000000 
77.000000000000000  0.000000000000000  0.000000000000000 
78.000000000000000  0.000000000000000  0.000000000000000 
79.000000000000000  0.000000000000000  0.000000000000000 
80.000000000000000  0.000000000000000  0.000000000000000 
81.000000000000000  0.000000000000000  0.000000000000000 
82.000000000000000  0.000000000000000  0.000000000000000 
83.000000000000000  0.000000000000000  0.000000000000000 
84.000000000000000  0.000000000000000  0.000000000000000 
85.000000000000000  0.000000000000000  0.000000000000000 
86.000000000000000  0.000000000000000  0.000000000000000 
87.000000000000000  0.000000000000000  0.000000000000000 
88.000000000000000  0.000000000000000  0.000000000000000 
89.000000000000000  0.000000000000000  0.000000000000000 
90.000000000000000  0.000000000000000  0.000000000000000 
91.000000000000000  0.000000000000000  0.000000000000000 
92.000000000000000  0.000000000000000  0.000000000000000 
93.000000000000000  0.000000000000000  0.000000000000000 
94.000000000000000  0.000000000000000  0.000000000000000 
95.000000000000000  0.000000000000000  0.000000000000000 
96.000000000000000  0.000000000000000  0.000000000000000 
97.000000000000000  0.000000000000000  0.000000000000000 
98.000000000000000  0.000000000000000  0.000000000000000 
99.000000000000000  0.000000000000000  0.000000000000000 
100.000000000000000  0.000000000000000  0.000000000000000 
101.000000000000000  0.000000000000000  0.000000000000000 
102.000000000000000  0.000000000000000  0.000000000000000 
103.000000000000000  0.000000000000000  0.000000000000000 
104.000000000000000  0.000000000000000  0.000000000000000 
105.000000000000000  0.000000000000000  0.000000000000000 
106.000000000000000  0.000000000000000  0.000000000000000 
107.000000000000000  0.000000000000000  0.000000000000000 
108.000000000000000  0.000000000000000  0.000000000000000 
109.000000000000000  0.000000000000000  0.000000000000000 
110.000000000000000  0.000000000000000  0.000000000000000 
111.000000000000000  0.000000000000000  0.000000000000000 
112.000000000000000  0.000000000000000  0.000000000000000 
113.000000000000000  0.000000000000000  0.000000000000000 
114.000000000000000  0.000000000000000  0.000000000000000 
115.000000000000000  0.000000000000000  0.000000000000000 
116.000000000000000  0.000000000000000  0.000000000000000 
117.000000000000000  0.000000000000000  0.000000000000000 
118.000000000000000  0.000000000000000  0.000000000000000 
119.000000000000000  0.000000000000000  0.000000000000000 
120.000000000000000  0.000000000000000  0.000000000000000 
121.000000000000000  0.000000000000000  0.000000000000000 
122.000000000000000  0.000000000000000  0.000000000000000 
123.000000000000000  0.000000000000000  0.000000000000000 
124.000000000000000  0.000000000000000  0.000000000000000 
125.000000000000000  0.000000000000000  0.000000000000000 
126.000000000000000  0.000000000000000  0.000000000000000 
127.000000000000000  0.000000000000000  0.000000000000000 
