 0.000000000000000 101.729034030524389 958.000000000000000 
 1.000000000000000 79.138669762766824 715.000000000000000 
 2.000000000000000 119.879027967545639 651.000000000000000 
 3.000000000000000 128.463077718181239 219.000000000000000 
 4.000000000000000 88.999586032171024 705.000000000000000 
 5.000000000000000 127.613896952296855 317.000000000000000 
 6.000000000000000 106.541501678161680 554.000000000000000 
 7.000000000000000 98.697766989878062 883.000000000000000 
 8.000000000000000 116.221530185659674 371.000000000000000 
 9.000000000000000 117.194215490418742 250.000000000000000 
10.000000000000000 118.060222583452529 712.000000000000000 
11.000000000000000 132.297192836518178 173.000000000000000 
12.000000000000000 112.496323249107803 166.000000000000000 
13.000000000000000 130.267332220451664 271.000000000000000 
14.000000000000000 134.094765524471882 188.000000000000000 
15.000000000000000 88.396616646988122 159.000000000000000 
16.000000000000000 112.657701577383222 420.000000000000000 
17.000000000000000 111.060414179750140 394.000000000000000 
18.000000000000000 108.225546676757745 490.000000000000000 
19.000000000000000 110.842384173476304 180.000000000000000 
20.000000000000000 125.321932771909175 511.000000000000000 
21.000000000000000 135.450845628830962 521.000000000000000 
22.000000000000000 110.991734317758358 173.000000000000000 
23.000000000000000 76.219445508862165 1093.000000000000000 
24.000000000000000 103.514984798378890 215.000000000000000 
25.000000000000000 114.238295197515953 210.000000000000000 
26.000000000000000 109.689068242432896 956.000000000000000 
27.000000000000000 105.552663912365432 348.000000000000000 
28.000000000000000 116.744250882027430 464.000000000000000 
29.000000000000000 113.848065132782040 236.000000000000000 
30.000000000000000 124.049224762373740 368.000000000000000 
31.000000000000000 119.523360768633410 269.000000000000000 
32.000000000000000 121.541319410871381 183.000000000000000 
33.000000000000000 112.809144003862329 116.000000000000000 
34.000000000000000 115.125831790077299 181.000000000000000 
35.000000000000000 115.927983127458063 343.000000000000000 
36.000000000000000 112.138604854818269 229.000000000000000 
37.000000000000000 130.600533822235889 326.000000000000000 
38.000000000000000 80.751130968050433 1318.000000000000000 
39.000000000000000 109.365481348278138 633.000000000000000 
40.000000000000000 127.527282108213015 451.000000000000000 
41.000000000000000 104.033638648357694 321.000000000000000 
42.000000000000000 95.738412235847321 147.000000000000000 
43.000000000000000 94.687092579184437 303.000000000000000 
44.000000000000000 76.037461861273684 1139.000000000000000 
45.000000000000000 110.351095576900931 372.000000000000000 
46.000000000000000 89.500846859914091 419.000000000000000 
47.000000000000000 105.638313744908572 210.000000000000000 
48.000000000000000 105.969508255314437 404.000000000000000 
49.000000000000000 115.518547317567865 739.000000000000000 
50.000000000000000 89.661557396983767 1108.000000000000000 
51.000000000000000 91.749485057262106 178.000000000000000 
52.000000000000000 78.921996815193637 170.000000000000000 
53.000000000000000 97.787812324000015 225.000000000000000 
54.000000000000000 81.724068514508858 1216.000000000000000 
55.000000000000000 67.863108416650874 922.000000000000000 
56.000000000000000 92.961420822293476 208.000000000000000 
57.000000000000000  0.000000000000000  0.000000000000000 
58.000000000000000  0.000000000000000  0.000000000000000 
59.000000000000000  0.000000000000000  0.000000000000000 
60.000000000000000  0.000000000000000  0.000000000000000 
61.000000000000000  0.000000000000000  0.000000000000000 
62.000000000000000  0.000000000000000  0.000000000000000 
63.000000000000000  0.000000000000000  0.000000000000000 
64.000000000000000  0.000000000000000  0.000000000000000 
65.000000000000000  0.000000000000000  0.000000000000000 
66.000000000000000  0.000000000000000  0.000000000000000 
67.000000000000000  0.000000000000000  0.000000000000000 
68.000000000000000  0.000000000000000  0.000000000000000 
69.000000000000000  0.000000000000000  0.000000000000000 
70.000000000000000  0.000000000000000  0.000000000000000 
71.000000000000000  0.000000000000000  0.000000000000000 
72.000000000000000  0.000000000000000  0.000000000000000 
73.000000000000000  0.000000000000000  0.000000000000000 
74.000000000000000  0.000000000000000  0.000000000000000 
75.000000000000000  0.000000000000000  0.000000000000000 
76.000000000000000  0.000000000000000  0.000000000000000 
77.000000000000000  0.000000000000000  0.000000000000000 
78.000000000000000  0.000000000000000  0.000000000000000 
79.000000000000000  0.000000000000000  0.000000000000000 
80.000000000000000  0.000000000000000  0.000000000000000 
81.000000000000000  0.000000000000000  0.000000000000000 
82.000000000000000  0.000000000000000  0.000000000000000 
83.000000000000000  0.000000000000000  0.000000000000000 
84.000000000000000  0.000000000000000  0.000000000000000 
85.000000000000000  0.000000000000000  0.000000000000000 
86.000000000000000  0.000000000000000  0.000000000000000 
87.000000000000000  0.000000000000000  0.000000000000000 
88.000000000000000  0.000000000000000  0.000000000000000 
89.000000000000000  0.000000000000000  0.000000000000000 
90.000000000000000  0.000000000000000  0.000000000000000 
91.000000000000000  0.000000000000000  0.000000000000000 
92.000000000000000  0.000000000000000  0.000000000000000 
93.000000000000000  0.000000000000000  0.000000000000000 
94.000000000000000  0.000000000000000  0.000000000000000 
95.000000000000000  0.000000000000000  0.000000000000000 
96.000000000000000  0.000000000000000  0.000000000000000 
97.000000000000000  0.000000000000000  0.000000000000000 
98.000000000000000  0.000000000000000  0.000000000000000 
99.000000000000000  0.000000000000000  0.000000000000000 
100.000000000000000  0.000000000000000  0.000000000000000 
101.000000000000000  0.000000000000000  0.000000000000000 
102.000000000000000  0.000000000000000  0.000000000000000 
103.000000000000000  0.000000000000000  0.000000000000000 
104.000000000000000  0.000000000000000  0.000000000000000 
105.000000000000000  0.000000000000000  0.000000000000000 
106.000000000000000  0.000000000000000  0.000000000000000 
107.000000000000000  0.000000000000000  0.000000000000000 
108.000000000000000  0.000000000000000  0.000000000000000 
109.000000000000000  0.000000000000000  0.000000000000000 
110.000000000000000  0.000000000000000  0.000000000000000 
111.000000000000000  0.000000000000000  0.000000000000000 
112.000000000000000  0.000000000000000  0.000000000000000 
113.000000000000000  0.000000000000000  0.000000000000000 
114.000000000000000  0.000000000000000  0.000000000000000 
115.000000000000000  0.000000000000000  0.000000000000000 
116.000000000000000  0.000000000000000  0.000000000000000 
117.000000000000000  0.000000000000000  0.000000000000000 
118.000000000000000  0.000000000000000  0.000000000000000 
119.000000000000000  0.000000000000000  0.000000000000000 
120.000000000000000  0.000000000000000  0.000000000000000 
121.000000000000000  0.000000000000000  0.000000000000000 
122.000000000000000  0.000000000000000  0.000000000000000 
123.000000000000000  0.000000000000000  0.000000000000000 
124.000000000000000  0.000000000000000  0.000000000000000 
125.000000000000000  0.000000000000000  0.000000000000000 
126.000000000000000  0.000000000000000  0.000000000000000 
127.000000000000000  0.000000000000000  0.000000000000000 
