 0.000000000000000 57.392782997967906 762.000000000000000 
 1.000000000000000 60.600229891038985 589.000000000000000 
 2.000000000000000 68.463215190144979 524.000000000000000 
 3.000000000000000 53.393861967743923 214.000000000000000 
 4.000000000000000 59.562584006637273 815.000000000000000 
 5.000000000000000 58.942897879912969 195.000000000000000 
 6.000000000000000 66.380304763474996 490.000000000000000 
 7.000000000000000 55.170449549395791 409.000000000000000 
 8.000000000000000 64.555159755217375 335.000000000000000 
 9.000000000000000 64.823374541286711 156.000000000000000 
10.000000000000000 63.868028642601509 541.000000000000000 
11.000000000000000 38.171278445489222 65.000000000000000 
12.000000000000000 61.945042323774480 100.000000000000000 
13.000000000000000 59.843580398770065 126.000000000000000 
14.000000000000000 55.318766675421685 83.000000000000000 
15.000000000000000 49.053015056054001 137.000000000000000 
16.000000000000000 44.203562621366515 205.000000000000000 
17.000000000000000 51.483354074144202 233.000000000000000 
18.000000000000000 62.176044528809960 439.000000000000000 
19.000000000000000 66.459778657673084 128.000000000000000 
20.000000000000000 58.967420911684634 247.000000000000000 
21.000000000000000 48.070583653489074 206.000000000000000 
22.000000000000000 57.273624162303165 95.000000000000000 
23.000000000000000 64.890093380400941 903.000000000000000 
24.000000000000000 63.374708925576023 141.000000000000000 
25.000000000000000 60.131901198122819 136.000000000000000 
26.000000000000000 70.694974166249978 745.000000000000000 
27.000000000000000 55.166857539270545 241.000000000000000 
28.000000000000000 54.704182338749916 266.000000000000000 
29.000000000000000 65.472696197411949 195.000000000000000 
30.000000000000000 50.682519696345601 157.000000000000000 
31.000000000000000 65.050599805456486 163.000000000000000 
32.000000000000000 52.610263941991043 88.000000000000000 
33.000000000000000 63.016994415969194 78.000000000000000 
34.000000000000000 50.350774403807740 129.000000000000000 
35.000000000000000 53.405502582197691 175.000000000000000 
36.000000000000000 69.150527386152319 211.000000000000000 
37.000000000000000 53.653557447310369 122.000000000000000 
38.000000000000000 60.270911276203115 1141.000000000000000 
39.000000000000000 61.899701274308413 410.000000000000000 
40.000000000000000 51.899016651465807 155.000000000000000 
41.000000000000000 65.781971064322946 202.000000000000000 
42.000000000000000 61.969544729545461 132.000000000000000 
43.000000000000000 70.857981067558896 236.000000000000000 
44.000000000000000 59.961230328695933 945.000000000000000 
45.000000000000000 59.920513991185359 349.000000000000000 
46.000000000000000 57.292371560275555 278.000000000000000 
47.000000000000000 66.705048772608905 222.000000000000000 
48.000000000000000 62.228575632601917 233.000000000000000 
49.000000000000000 61.439568710351729 597.000000000000000 
50.000000000000000 68.951109389637210 922.000000000000000 
51.000000000000000 63.154261278985643 167.000000000000000 
52.000000000000000 53.551913446785434 137.000000000000000 
53.000000000000000 55.741149370357924 176.000000000000000 
54.000000000000000 52.711142846279046 1043.000000000000000 
55.000000000000000 55.536001498490414 781.000000000000000 
56.000000000000000 58.188139722888877 157.000000000000000 
57.000000000000000 57.951008676268046 345.000000000000000 
58.000000000000000 66.273125691382546 268.000000000000000 
59.000000000000000 53.773153528913042 115.000000000000000 
60.000000000000000 61.256718021038211 224.000000000000000 
61.000000000000000 69.206537415560447 142.000000000000000 
62.000000000000000 54.438988134621425 112.000000000000000 
63.000000000000000 67.527905303201891 107.000000000000000 
64.000000000000000 68.563731023238148 496.000000000000000 
65.000000000000000 67.355304256148088 213.000000000000000 
66.000000000000000 44.684824143157563 66.000000000000000 
67.000000000000000 57.902571786018868 159.000000000000000 
68.000000000000000 51.853263935673880 260.000000000000000 
69.000000000000000 53.926479038601499 168.000000000000000 
70.000000000000000 54.793919114861311 254.000000000000000 
71.000000000000000 55.303709545378688 288.000000000000000 
72.000000000000000 62.071642983959038 942.000000000000000 
73.000000000000000 55.140924288078949 356.000000000000000 
74.000000000000000 41.614549684111090 97.000000000000000 
75.000000000000000 44.003873759697029 101.000000000000000 
76.000000000000000 30.458895439342854 42.000000000000000 
77.000000000000000 60.606531929369879 337.000000000000000 
78.000000000000000 56.074695438627479 300.000000000000000 
79.000000000000000 53.763362493030840 260.000000000000000 
80.000000000000000 44.022253525135049 302.000000000000000 
81.000000000000000 55.269337884655975 134.000000000000000 
82.000000000000000 46.308730490210472 367.000000000000000 
83.000000000000000 48.567988648989406 99.000000000000000 
84.000000000000000 45.048238426855008 80.000000000000000 
85.000000000000000 44.075451671529045 135.000000000000000 
86.000000000000000 51.908414458493347 105.000000000000000 
87.000000000000000  0.000000000000000  0.000000000000000 
88.000000000000000  0.000000000000000  0.000000000000000 
89.000000000000000  0.000000000000000  0.000000000000000 
90.000000000000000  0.000000000000000  0.000000000000000 
91.000000000000000  0.000000000000000  0.000000000000000 
92.000000000000000  0.000000000000000  0.000000000000000 
93.000000000000000  0.000000000000000  0.000000000000000 
94.000000000000000  0.000000000000000  0.000000000000000 
95.000000000000000  0.000000000000000  0.000000000000000 
96.000000000000000  0.000000000000000  0.000000000000000 
97.000000000000000  0.000000000000000  0.000000000000000 
98.000000000000000  0.000000000000000  0.000000000000000 
99.000000000000000  0.000000000000000  0.000000000000000 
100.000000000000000  0.000000000000000  0.000000000000000 
101.000000000000000  0.000000000000000  0.000000000000000 
102.000000000000000  0.000000000000000  0.000000000000000 
103.000000000000000  0.000000000000000  0.000000000000000 
104.000000000000000  0.000000000000000  0.000000000000000 
105.000000000000000  0.000000000000000  0.000000000000000 
106.000000000000000  0.000000000000000  0.000000000000000 
107.000000000000000  0.000000000000000  0.000000000000000 
108.000000000000000  0.000000000000000  0.000000000000000 
109.000000000000000  0.000000000000000  0.000000000000000 
110.000000000000000  0.000000000000000  0.000000000000000 
111.000000000000000  0.000000000000000  0.000000000000000 
112.000000000000000  0.000000000000000  0.000000000000000 
113.000000000000000  0.000000000000000  0.000000000000000 
114.000000000000000  0.000000000000000  0.000000000000000 
115.000000000000000  0.000000000000000  0.000000000000000 
116.000000000000000  0.000000000000000  0.000000000000000 
117.000000000000000  0.000000000000000  0.000000000000000 
118.000000000000000  0.000000000000000  0.000000000000000 
119.000000000000000  0.000000000000000  0.000000000000000 
120.000000000000000  0.000000000000000  0.000000000000000 
121.000000000000000  0.000000000000000  0.000000000000000 
122.000000000000000  0.000000000000000  0.000000000000000 
123.000000000000000  0.000000000000000  0.000000000000000 
124.000000000000000  0.000000000000000  0.000000000000000 
125.000000000000000  0.000000000000000  0.000000000000000 
126.000000000000000  0.000000000000000  0.000000000000000 
127.000000000000000  0.000000000000000  0.000000000000000 
