 0.000000000000000 137.953303236978115 1662.000000000000000 
 1.000000000000000 126.318980506480429 1364.000000000000000 
 2.000000000000000 189.158041828371552 699.000000000000000 
 3.000000000000000 181.011876236600131 303.000000000000000 
 4.000000000000000 144.071627344051592 994.000000000000000 
 5.000000000000000 203.493585965803732 485.000000000000000 
 6.000000000000000 192.126164964132784 827.000000000000000 
 7.000000000000000 159.226473676158207 1322.000000000000000 
 8.000000000000000 196.038137452452531 936.000000000000000 
 9.000000000000000 187.350207370701924 463.000000000000000 
10.000000000000000 189.654604759665432 1101.000000000000000 
11.000000000000000 204.357679846620357 265.000000000000000 
12.000000000000000 163.125202034037358 233.000000000000000 
13.000000000000000 159.926916324040008 309.000000000000000 
14.000000000000000 180.411119327732138 230.000000000000000 
15.000000000000000 168.422084815355447 298.000000000000000 
16.000000000000000 183.257332265171669 698.000000000000000 
17.000000000000000 192.230125914769985 383.000000000000000 
18.000000000000000 178.763053629369381 656.000000000000000 
19.000000000000000 146.673513335536256 204.000000000000000 
20.000000000000000 182.393078469255585 624.000000000000000 
21.000000000000000 204.212031935871153 724.000000000000000 
22.000000000000000 181.278417151667014 247.000000000000000 
23.000000000000000 149.508700571603725 1648.000000000000000 
24.000000000000000 163.756616611880986 266.000000000000000 
25.000000000000000 183.024811254740200 261.000000000000000 
26.000000000000000 169.377877784829593 1460.000000000000000 
27.000000000000000 163.382297918045111 430.000000000000000 
28.000000000000000 186.417971720944053 709.000000000000000 
29.000000000000000 201.843821966907797 495.000000000000000 
30.000000000000000 190.954261010273058 458.000000000000000 
31.000000000000000 169.823262330554883 347.000000000000000 
32.000000000000000 168.261274421010256 227.000000000000000 
33.000000000000000 160.797832959672576 160.000000000000000 
34.000000000000000 154.024082421481182 227.000000000000000 
35.000000000000000 187.581562932451845 557.000000000000000 
36.000000000000000 173.157377175467161 357.000000000000000 
37.000000000000000 155.392363533141321 363.000000000000000 
38.000000000000000 199.991380530156505 2133.000000000000000 
39.000000000000000 150.533819792087058 499.000000000000000 
40.000000000000000 168.529910849209728 377.000000000000000 
41.000000000000000  0.000000000000000  0.000000000000000 
42.000000000000000  0.000000000000000  0.000000000000000 
43.000000000000000  0.000000000000000  0.000000000000000 
44.000000000000000  0.000000000000000  0.000000000000000 
45.000000000000000  0.000000000000000  0.000000000000000 
46.000000000000000  0.000000000000000  0.000000000000000 
47.000000000000000  0.000000000000000  0.000000000000000 
48.000000000000000  0.000000000000000  0.000000000000000 
49.000000000000000  0.000000000000000  0.000000000000000 
50.000000000000000  0.000000000000000  0.000000000000000 
51.000000000000000  0.000000000000000  0.000000000000000 
52.000000000000000  0.000000000000000  0.000000000000000 
53.000000000000000  0.000000000000000  0.000000000000000 
54.000000000000000  0.000000000000000  0.000000000000000 
55.000000000000000  0.000000000000000  0.000000000000000 
56.000000000000000  0.000000000000000  0.000000000000000 
57.000000000000000  0.000000000000000  0.000000000000000 
58.000000000000000  0.000000000000000  0.000000000000000 
59.000000000000000  0.000000000000000  0.000000000000000 
60.000000000000000  0.000000000000000  0.000000000000000 
61.000000000000000  0.000000000000000  0.000000000000000 
62.000000000000000  0.000000000000000  0.000000000000000 
63.000000000000000  0.000000000000000  0.000000000000000 
64.000000000000000  0.000000000000000  0.000000000000000 
65.000000000000000  0.000000000000000  0.000000000000000 
66.000000000000000  0.000000000000000  0.000000000000000 
67.000000000000000  0.000000000000000  0.000000000000000 
68.000000000000000  0.000000000000000  0.000000000000000 
69.000000000000000  0.000000000000000  0.000000000000000 
70.000000000000000  0.000000000000000  0.000000000000000 
71.000000000000000  0.000000000000000  0.000000000000000 
72.000000000000000  0.000000000000000  0.000000000000000 
73.000000000000000  0.000000000000000  0.000000000000000 
74.000000000000000  0.000000000000000  0.000000000000000 
75.000000000000000  0.000000000000000  0.000000000000000 
76.000000000000000  0.000000000000000  0.000000000000000 
77.000000000000000  0.000000000000000  0.000000000000000 
78.000000000000000  0.000000000000000  0.000000000000000 
79.000000000000000  0.000000000000000  0.000000000000000 
80.000000000000000  0.000000000000000  0.000000000000000 
81.000000000000000  0.000000000000000  0.000000000000000 
82.000000000000000  0.000000000000000  0.000000000000000 
83.000000000000000  0.000000000000000  0.000000000000000 
84.000000000000000  0.000000000000000  0.000000000000000 
85.000000000000000  0.000000000000000  0.000000000000000 
86.000000000000000  0.000000000000000  0.000000000000000 
87.000000000000000  0.000000000000000  0.000000000000000 
88.000000000000000  0.000000000000000  0.000000000000000 
89.000000000000000  0.000000000000000  0.000000000000000 
90.000000000000000  0.000000000000000  0.000000000000000 
91.000000000000000  0.000000000000000  0.000000000000000 
92.000000000000000  0.000000000000000  0.000000000000000 
93.000000000000000  0.000000000000000  0.000000000000000 
94.000000000000000  0.000000000000000  0.000000000000000 
95.000000000000000  0.000000000000000  0.000000000000000 
96.000000000000000  0.000000000000000  0.000000000000000 
97.000000000000000  0.000000000000000  0.000000000000000 
98.000000000000000  0.000000000000000  0.000000000000000 
99.000000000000000  0.000000000000000  0.000000000000000 
100.000000000000000  0.000000000000000  0.000000000000000 
101.000000000000000  0.000000000000000  0.000000000000000 
102.000000000000000  0.000000000000000  0.000000000000000 
103.000000000000000  0.000000000000000  0.000000000000000 
104.000000000000000  0.000000000000000  0.000000000000000 
105.000000000000000  0.000000000000000  0.000000000000000 
106.000000000000000  0.000000000000000  0.000000000000000 
107.000000000000000  0.000000000000000  0.000000000000000 
108.000000000000000  0.000000000000000  0.000000000000000 
109.000000000000000  0.000000000000000  0.000000000000000 
110.000000000000000  0.000000000000000  0.000000000000000 
111.000000000000000  0.000000000000000  0.000000000000000 
112.000000000000000  0.000000000000000  0.000000000000000 
113.000000000000000  0.000000000000000  0.000000000000000 
114.000000000000000  0.000000000000000  0.000000000000000 
115.000000000000000  0.000000000000000  0.000000000000000 
116.000000000000000  0.000000000000000  0.000000000000000 
117.000000000000000  0.000000000000000  0.000000000000000 
118.000000000000000  0.000000000000000  0.000000000000000 
119.000000000000000  0.000000000000000  0.000000000000000 
120.000000000000000  0.000000000000000  0.000000000000000 
121.000000000000000  0.000000000000000  0.000000000000000 
122.000000000000000  0.000000000000000  0.000000000000000 
123.000000000000000  0.000000000000000  0.000000000000000 
124.000000000000000  0.000000000000000  0.000000000000000 
125.000000000000000  0.000000000000000  0.000000000000000 
126.000000000000000  0.000000000000000  0.000000000000000 
127.000000000000000  0.000000000000000  0.000000000000000 
