 0.000000000000000 36.388838184228788 545.000000000000000 
 1.000000000000000 40.674806349394373 356.000000000000000 
 2.000000000000000 35.094552139674342 324.000000000000000 
 3.000000000000000 37.831772123456560 168.000000000000000 
 4.000000000000000 31.299656860528202 634.000000000000000 
 5.000000000000000 34.154556434623942 137.000000000000000 
 6.000000000000000 38.845052369483355 398.000000000000000 
 7.000000000000000 35.648910367695976 273.000000000000000 
 8.000000000000000 41.269403144834499 212.000000000000000 
 9.000000000000000 39.250680486574666 106.000000000000000 
10.000000000000000 33.541042416135951 290.000000000000000 
11.000000000000000 27.568260481764579 48.000000000000000 
12.000000000000000 29.798351482490872 74.000000000000000 
13.000000000000000 35.249429066926723 81.000000000000000 
14.000000000000000 43.981502646388883 72.000000000000000 
15.000000000000000 37.050372515005726 105.000000000000000 
16.000000000000000 33.552827395001152 139.000000000000000 
17.000000000000000 37.556276544193764 192.000000000000000 
18.000000000000000 39.455736600586370 346.000000000000000 
19.000000000000000 36.952754159180984 63.000000000000000 
20.000000000000000 40.085178140964913 200.000000000000000 
21.000000000000000 32.080962217274454 151.000000000000000 
22.000000000000000 39.070937397780781 78.000000000000000 
23.000000000000000 36.443253567428826 625.000000000000000 
24.000000000000000 38.402945880594487 109.000000000000000 
25.000000000000000 40.297547445810167 98.000000000000000 
26.000000000000000 37.563802311069878 548.000000000000000 
27.000000000000000 31.470006049359380 160.000000000000000 
28.000000000000000 38.933962627954813 215.000000000000000 
29.000000000000000 29.088357528377241 103.000000000000000 
30.000000000000000 36.218317177829448 126.000000000000000 
31.000000000000000 31.745492057555225 85.000000000000000 
32.000000000000000 28.535534493531507 57.000000000000000 
33.000000000000000 26.163764840250003 40.000000000000000 
34.000000000000000 39.966167560166646 120.000000000000000 
35.000000000000000 33.090399968445297 111.000000000000000 
36.000000000000000 32.852724922565542 95.000000000000000 
37.000000000000000 32.164150973136813 71.000000000000000 
38.000000000000000 27.274022648194720 694.000000000000000 
39.000000000000000 31.760635528457922 413.000000000000000 
40.000000000000000 28.338460698472037 118.000000000000000 
41.000000000000000 32.226728980312465 282.000000000000000 
42.000000000000000 39.437897297439022 82.000000000000000 
43.000000000000000 44.532935364382176 168.000000000000000 
44.000000000000000 24.899826802162107 569.000000000000000 
45.000000000000000 31.540110211711806 210.000000000000000 
46.000000000000000 29.300240115742497 154.000000000000000 
47.000000000000000 38.965335461193504 170.000000000000000 
48.000000000000000 38.053830846372847 119.000000000000000 
49.000000000000000 25.350099104617961 324.000000000000000 
50.000000000000000 33.050196605563805 489.000000000000000 
51.000000000000000 38.995186563563642 139.000000000000000 
52.000000000000000 35.784304967685188 108.000000000000000 
53.000000000000000 30.649023302363620 110.000000000000000 
54.000000000000000 30.854340872276914 777.000000000000000 
55.000000000000000 25.632608073919506 503.000000000000000 
56.000000000000000 43.288737412617458 109.000000000000000 
57.000000000000000 40.714411824064513 238.000000000000000 
58.000000000000000 31.693358134623612 154.000000000000000 
59.000000000000000 44.885487772379300 87.000000000000000 
60.000000000000000 30.705425637875006 148.000000000000000 
61.000000000000000 37.541034304469761 82.000000000000000 
62.000000000000000 32.178640337746486 71.000000000000000 
63.000000000000000 33.811568266461528 65.000000000000000 
64.000000000000000 32.873095614572833 470.000000000000000 
65.000000000000000 31.517871921407782 134.000000000000000 
66.000000000000000 34.527549401922229 54.000000000000000 
67.000000000000000 36.714633376313955 86.000000000000000 
68.000000000000000 29.814411854393256 156.000000000000000 
69.000000000000000 39.596768671103028 157.000000000000000 
70.000000000000000 41.984313921917462 263.000000000000000 
71.000000000000000 38.111369938591885 214.000000000000000 
72.000000000000000 29.156716044649016 407.000000000000000 
73.000000000000000 36.241461337332005 228.000000000000000 
74.000000000000000 35.000073838701404 86.000000000000000 
75.000000000000000 37.795495454123696 97.000000000000000 
76.000000000000000 27.233766013600007 38.000000000000000 
77.000000000000000 33.314448103581270 220.000000000000000 
78.000000000000000 34.107619007559229 203.000000000000000 
79.000000000000000 36.406946721074661 188.000000000000000 
80.000000000000000 33.031874751696250 261.000000000000000 
81.000000000000000 26.084732058258950 95.000000000000000 
82.000000000000000 33.289000594838015 277.000000000000000 
83.000000000000000 42.030830181014288 93.000000000000000 
84.000000000000000 38.648068335260817 74.000000000000000 
85.000000000000000 32.990015699043852 101.000000000000000 
86.000000000000000 33.070785948024721 67.000000000000000 
87.000000000000000 33.482126264703076 80.000000000000000 
88.000000000000000 32.591862694958017 178.000000000000000 
89.000000000000000 30.900444710362105 93.000000000000000 
90.000000000000000 37.970310254590323 738.000000000000000 
91.000000000000000 33.544235385818382 552.000000000000000 
92.000000000000000 32.778411096349551 148.000000000000000 
93.000000000000000 33.880243247567869 193.000000000000000 
94.000000000000000 40.111951195989455 299.000000000000000 
95.000000000000000 40.352020074053044 320.000000000000000 
96.000000000000000 42.516596499855879 460.000000000000000 
97.000000000000000 26.261150396705425 36.000000000000000 
98.000000000000000 32.640215296536411 162.000000000000000 
99.000000000000000 33.322634444400833 260.000000000000000 
100.000000000000000 32.453839801151574 95.000000000000000 
101.000000000000000 35.566848677009538 202.000000000000000 
102.000000000000000 34.023338775357644 218.000000000000000 
103.000000000000000 31.625318975370643 109.000000000000000 
104.000000000000000 33.126680426706855 131.000000000000000 
105.000000000000000 38.153719455584806 392.000000000000000 
106.000000000000000 26.849340254717276 110.000000000000000 
107.000000000000000 34.842556655608405 143.000000000000000 
108.000000000000000 26.713897528972915 48.000000000000000 
109.000000000000000 32.242348582261613 154.000000000000000 
110.000000000000000 40.614678610618085 784.000000000000000 
111.000000000000000 39.182781596075529 387.000000000000000 
112.000000000000000 28.407071506511738 104.000000000000000 
113.000000000000000 31.896268270588614 129.000000000000000 
114.000000000000000 32.479115525808709 69.000000000000000 
115.000000000000000 31.247447727314817 108.000000000000000 
116.000000000000000 23.664145035391677 62.000000000000000 
117.000000000000000 25.293152580749961 170.000000000000000 
118.000000000000000 30.420552442313941 528.000000000000000 
119.000000000000000 37.520370018656479 158.000000000000000 
120.000000000000000 25.603114626104539 66.000000000000000 
121.000000000000000 30.007023901057043 241.000000000000000 
122.000000000000000 18.026361220302476 167.000000000000000 
123.000000000000000  0.000000000000000  0.000000000000000 
124.000000000000000  0.000000000000000  0.000000000000000 
125.000000000000000  0.000000000000000  0.000000000000000 
126.000000000000000  0.000000000000000  0.000000000000000 
127.000000000000000  0.000000000000000  0.000000000000000 
