 0.000000000000000 38.865747356308539 576.000000000000000 
 1.000000000000000 35.579479732808899 328.000000000000000 
 2.000000000000000 41.497082264082437 339.000000000000000 
 3.000000000000000 42.816450255144098 186.000000000000000 
 4.000000000000000 38.249361205784041 700.000000000000000 
 5.000000000000000 43.839042705512604 160.000000000000000 
 6.000000000000000 40.898008553549936 425.000000000000000 
 7.000000000000000 40.499915352874552 288.000000000000000 
 8.000000000000000 48.617639969922095 262.000000000000000 
 9.000000000000000 39.373453310801317 109.000000000000000 
10.000000000000000 41.523587903454334 350.000000000000000 
11.000000000000000 26.218082559961701 47.000000000000000 
12.000000000000000 31.008708689805115 76.000000000000000 
13.000000000000000 33.783714074653581 85.000000000000000 
14.000000000000000 43.135791920000024 71.000000000000000 
15.000000000000000 34.462914024472909 107.000000000000000 
16.000000000000000 36.072984258149965 172.000000000000000 
17.000000000000000 38.080645980397918 190.000000000000000 
18.000000000000000 47.046659375221246 391.000000000000000 
19.000000000000000 37.477197057076609 64.000000000000000 
20.000000000000000 42.263063470802756 207.000000000000000 
21.000000000000000 37.052223183895080 170.000000000000000 
22.000000000000000 50.500821693167261 110.000000000000000 
23.000000000000000 39.966920495827026 676.000000000000000 
24.000000000000000 47.577835178406886 116.000000000000000 
25.000000000000000 39.013457217839736 96.000000000000000 
26.000000000000000 45.393783564552258 574.000000000000000 
27.000000000000000 32.856100645284457 161.000000000000000 
28.000000000000000 43.832591256614947 238.000000000000000 
29.000000000000000 44.573274032508770 153.000000000000000 
30.000000000000000 47.786332192012779 149.000000000000000 
31.000000000000000 38.984008379900168 95.000000000000000 
32.000000000000000 42.163564190862708 75.000000000000000 
33.000000000000000 29.446724553777766 45.000000000000000 
34.000000000000000 46.823404544962422 133.000000000000000 
35.000000000000000 33.613745965189970 110.000000000000000 
36.000000000000000 32.409379102639264 97.000000000000000 
37.000000000000000 33.507838053712085 73.000000000000000 
38.000000000000000 31.864633530791107 767.000000000000000 
39.000000000000000 42.649683972791195 336.000000000000000 
40.000000000000000 30.954269362714303 119.000000000000000 
41.000000000000000 45.403169782170302 211.000000000000000 
42.000000000000000 40.539739313571424 84.000000000000000 
43.000000000000000 49.512522511978347 186.000000000000000 
44.000000000000000 36.222610283737581 703.000000000000000 
45.000000000000000 34.822366227781956 225.000000000000000 
46.000000000000000 34.718960801444041 168.000000000000000 
47.000000000000000 45.159569188345309 166.000000000000000 
48.000000000000000 37.381542691406871 118.000000000000000 
49.000000000000000 44.199468936165601 417.000000000000000 
50.000000000000000 49.766176654924863 701.000000000000000 
51.000000000000000 43.178008142474809 131.000000000000000 
52.000000000000000 42.027877453235092 114.000000000000000 
53.000000000000000 29.499641331128309 106.000000000000000 
54.000000000000000 32.696252951737726 783.000000000000000 
55.000000000000000 28.812963746959518 573.000000000000000 
56.000000000000000 44.733115095768234 113.000000000000000 
57.000000000000000 43.110421953584144 246.000000000000000 
58.000000000000000 33.328329659086371 162.000000000000000 
59.000000000000000 47.434209182428567 91.000000000000000 
60.000000000000000 28.585997741753186 141.000000000000000 
61.000000000000000 39.070717819547497 86.000000000000000 
62.000000000000000 32.005684471285718 70.000000000000000 
63.000000000000000 51.112058054446351 82.000000000000000 
64.000000000000000 41.495186609996168 435.000000000000000 
65.000000000000000 33.674126222062554 131.000000000000000 
66.000000000000000 40.309825237983333 60.000000000000000 
67.000000000000000 37.462838492647677 86.000000000000000 
68.000000000000000 36.264812215611677 186.000000000000000 
69.000000000000000 43.856575447996086 165.000000000000000 
70.000000000000000 48.052342915091181 285.000000000000000 
71.000000000000000 48.924142244352446 258.000000000000000 
72.000000000000000 33.579739231749514 472.000000000000000 
73.000000000000000 37.929227740516119 254.000000000000000 
74.000000000000000 38.427943061923685 90.000000000000000 
75.000000000000000 44.762363776261545 104.000000000000000 
76.000000000000000 27.233766013600011 38.000000000000000 
77.000000000000000 37.496119065531872 358.000000000000000 
78.000000000000000 35.834149209464471 208.000000000000000 
79.000000000000000 38.631158348286988 195.000000000000000 
80.000000000000000 41.501841204610784 294.000000000000000 
81.000000000000000 33.564293119508399 107.000000000000000 
82.000000000000000 33.421887845621548 283.000000000000000 
83.000000000000000 48.036539525930159 103.000000000000000 
84.000000000000000 40.680577334414501 76.000000000000000 
85.000000000000000 36.745624930992328 115.000000000000000 
86.000000000000000 32.448576202087580 66.000000000000000 
87.000000000000000 36.515466500134316 85.000000000000000 
88.000000000000000 39.088968163687568 207.000000000000000 
89.000000000000000 32.893684562046346 94.000000000000000 
90.000000000000000 42.119887921199904 760.000000000000000 
91.000000000000000 39.936677474286938 621.000000000000000 
92.000000000000000 32.791043464739168 148.000000000000000 
93.000000000000000 37.647060760558794 230.000000000000000 
94.000000000000000 42.393303195478431 214.000000000000000 
95.000000000000000 34.606217587601947 277.000000000000000 
96.000000000000000 40.963223950225014 445.000000000000000 
97.000000000000000 26.491483847566528 36.000000000000000 
98.000000000000000 35.293242987846483 172.000000000000000 
99.000000000000000 34.428298068852300 260.000000000000000 
100.000000000000000 32.859801777620852 96.000000000000000 
101.000000000000000 33.050795791046426 190.000000000000000 
102.000000000000000 36.029811545177758 225.000000000000000 
103.000000000000000 33.522566186157988 97.000000000000000 
104.000000000000000 36.139826143111108 135.000000000000000 
105.000000000000000 33.414793919895295 358.000000000000000 
106.000000000000000 29.887828621190682 118.000000000000000 
107.000000000000000 33.901099959482266 141.000000000000000 
108.000000000000000 26.353532198358696 46.000000000000000 
109.000000000000000 32.713707440635403 155.000000000000000 
110.000000000000000 43.358505736749521 800.000000000000000 
111.000000000000000 39.739151302939575 399.000000000000000 
112.000000000000000 27.942750232897957 104.000000000000000 
113.000000000000000 31.381981920155130 116.000000000000000 
114.000000000000000  0.000000000000000  0.000000000000000 
115.000000000000000  0.000000000000000  0.000000000000000 
116.000000000000000  0.000000000000000  0.000000000000000 
117.000000000000000  0.000000000000000  0.000000000000000 
118.000000000000000  0.000000000000000  0.000000000000000 
119.000000000000000  0.000000000000000  0.000000000000000 
120.000000000000000  0.000000000000000  0.000000000000000 
121.000000000000000  0.000000000000000  0.000000000000000 
122.000000000000000  0.000000000000000  0.000000000000000 
123.000000000000000  0.000000000000000  0.000000000000000 
124.000000000000000  0.000000000000000  0.000000000000000 
125.000000000000000  0.000000000000000  0.000000000000000 
126.000000000000000  0.000000000000000  0.000000000000000 
127.000000000000000  0.000000000000000  0.000000000000000 
