 0.000000000000000 47.834354185690422 658.000000000000000 
 1.000000000000000 48.990566371724192 443.000000000000000 
 2.000000000000000 57.952432838781213 459.000000000000000 
 3.000000000000000 51.099006906082032 206.000000000000000 
 4.000000000000000 51.663539527626433 786.000000000000000 
 5.000000000000000 58.201070036247280 192.000000000000000 
 6.000000000000000 50.995119627496173 400.000000000000000 
 7.000000000000000 48.888306652904774 338.000000000000000 
 8.000000000000000 53.224186201580444 276.000000000000000 
 9.000000000000000 51.748131861783051 127.000000000000000 
10.000000000000000 63.228547637797469 534.000000000000000 
11.000000000000000 39.341930786448472 66.000000000000000 
12.000000000000000 49.209148785165134 90.000000000000000 
13.000000000000000 46.708807433194018 108.000000000000000 
14.000000000000000 52.991962961481470 81.000000000000000 
15.000000000000000 47.570722257563368 131.000000000000000 
16.000000000000000 40.941042691356017 195.000000000000000 
17.000000000000000 49.986046410262858 229.000000000000000 
18.000000000000000 58.146019509945262 428.000000000000000 
19.000000000000000 58.035560177364800 125.000000000000000 
20.000000000000000 58.681523856582842 254.000000000000000 
21.000000000000000 45.006553256307697 202.000000000000000 
22.000000000000000 57.273624162303172 95.000000000000000 
23.000000000000000 44.628416184805609 716.000000000000000 
24.000000000000000 62.460538334479295 140.000000000000000 
25.000000000000000 54.002811132263190 124.000000000000000 
26.000000000000000 68.573813957798805 710.000000000000000 
27.000000000000000 54.979834168930537 239.000000000000000 
28.000000000000000 63.223799548216412 331.000000000000000 
29.000000000000000 67.374853940198776 198.000000000000000 
30.000000000000000 51.306030432774165 155.000000000000000 
31.000000000000000 66.176586069379255 164.000000000000000 
32.000000000000000 48.461286343715081 83.000000000000000 
33.000000000000000 60.776395205801357 74.000000000000000 
34.000000000000000 48.209534026765844 126.000000000000000 
35.000000000000000 49.199818214119276 163.000000000000000 
36.000000000000000 49.093437324133355 148.000000000000000 
37.000000000000000 46.820235499127108 109.000000000000000 
38.000000000000000 45.506064513973236 953.000000000000000 
39.000000000000000 53.214274768327527 360.000000000000000 
40.000000000000000 40.123702455245684 127.000000000000000 
41.000000000000000 55.572128816573652 218.000000000000000 
42.000000000000000 59.943058845354329 127.000000000000000 
43.000000000000000 53.230212508870771 194.000000000000000 
44.000000000000000 52.400830514115441 707.000000000000000 
45.000000000000000 51.760353696012594 311.000000000000000 
46.000000000000000 49.158922720773489 222.000000000000000 
47.000000000000000 61.862821059416959 212.000000000000000 
48.000000000000000 46.390196436809042 164.000000000000000 
49.000000000000000 53.807478874317766 516.000000000000000 
50.000000000000000 52.988418224468674 736.000000000000000 
51.000000000000000 51.621109252681876 138.000000000000000 
52.000000000000000 48.489022751135927 131.000000000000000 
53.000000000000000 49.629544768215020 160.000000000000000 
54.000000000000000 37.339912199652041 838.000000000000000 
55.000000000000000 34.571651833538354 561.000000000000000 
56.000000000000000 59.076321975611670 159.000000000000000 
57.000000000000000 54.019950387991990 299.000000000000000 
58.000000000000000 64.137388856170716 254.000000000000000 
59.000000000000000 53.361164417666686 114.000000000000000 
60.000000000000000 42.780365552604827 186.000000000000000 
61.000000000000000 64.489549525551354 135.000000000000000 
62.000000000000000 53.968468544910728 112.000000000000000 
63.000000000000000 59.163797209090305 93.000000000000000 
64.000000000000000 48.839678871099835 440.000000000000000 
65.000000000000000 44.067277620145774 171.000000000000000 
66.000000000000000 44.684824143157563 66.000000000000000 
67.000000000000000 55.917866172606004 150.000000000000000 
68.000000000000000 43.928860800409574 222.000000000000000 
69.000000000000000 53.889765914342668 171.000000000000000 
70.000000000000000 47.644710382230805 265.000000000000000 
71.000000000000000 53.637471296263421 288.000000000000000 
72.000000000000000 51.438888082888731 857.000000000000000 
73.000000000000000 46.991976465803504 351.000000000000000 
74.000000000000000 38.203854269904902 90.000000000000000 
75.000000000000000 44.115372680302947 102.000000000000000 
76.000000000000000 30.458895439342850 42.000000000000000 
77.000000000000000 43.884933320267777 477.000000000000000 
78.000000000000000 47.171792185669780 257.000000000000000 
79.000000000000000 46.335470636076664 242.000000000000000 
80.000000000000000 46.351766351541883 313.000000000000000 
81.000000000000000 55.269337884655961 134.000000000000000 
82.000000000000000 41.743681956276809 339.000000000000000 
83.000000000000000 49.045276357775165 100.000000000000000 
84.000000000000000 41.765356377742854 77.000000000000000 
85.000000000000000 34.801068691915425 112.000000000000000 
86.000000000000000 46.484092914670107 97.000000000000000 
87.000000000000000 41.149371760945833 95.000000000000000 
88.000000000000000 45.525540562442202 219.000000000000000 
89.000000000000000 36.949141252831879 108.000000000000000 
90.000000000000000 49.850099171295092 885.000000000000000 
91.000000000000000 46.075252749461754 718.000000000000000 
92.000000000000000 45.169145844087069 172.000000000000000 
93.000000000000000 44.984021712070572 264.000000000000000 
94.000000000000000 37.672743813212463 247.000000000000000 
95.000000000000000  0.000000000000000  0.000000000000000 
96.000000000000000  0.000000000000000  0.000000000000000 
97.000000000000000  0.000000000000000  0.000000000000000 
98.000000000000000  0.000000000000000  0.000000000000000 
99.000000000000000  0.000000000000000  0.000000000000000 
100.000000000000000  0.000000000000000  0.000000000000000 
101.000000000000000  0.000000000000000  0.000000000000000 
102.000000000000000  0.000000000000000  0.000000000000000 
103.000000000000000  0.000000000000000  0.000000000000000 
104.000000000000000  0.000000000000000  0.000000000000000 
105.000000000000000  0.000000000000000  0.000000000000000 
106.000000000000000  0.000000000000000  0.000000000000000 
107.000000000000000  0.000000000000000  0.000000000000000 
108.000000000000000  0.000000000000000  0.000000000000000 
109.000000000000000  0.000000000000000  0.000000000000000 
110.000000000000000  0.000000000000000  0.000000000000000 
111.000000000000000  0.000000000000000  0.000000000000000 
112.000000000000000  0.000000000000000  0.000000000000000 
113.000000000000000  0.000000000000000  0.000000000000000 
114.000000000000000  0.000000000000000  0.000000000000000 
115.000000000000000  0.000000000000000  0.000000000000000 
116.000000000000000  0.000000000000000  0.000000000000000 
117.000000000000000  0.000000000000000  0.000000000000000 
118.000000000000000  0.000000000000000  0.000000000000000 
119.000000000000000  0.000000000000000  0.000000000000000 
120.000000000000000  0.000000000000000  0.000000000000000 
121.000000000000000  0.000000000000000  0.000000000000000 
122.000000000000000  0.000000000000000  0.000000000000000 
123.000000000000000  0.000000000000000  0.000000000000000 
124.000000000000000  0.000000000000000  0.000000000000000 
125.000000000000000  0.000000000000000  0.000000000000000 
126.000000000000000  0.000000000000000  0.000000000000000 
127.000000000000000  0.000000000000000  0.000000000000000 
