 0.000000000000000 39.276124023397024 581.000000000000000 
 1.000000000000000 34.209757625164151 334.000000000000000 
 2.000000000000000 39.618580060514148 326.000000000000000 
 3.000000000000000 42.816450255144083 186.000000000000000 
 4.000000000000000 44.253853602308297 755.000000000000000 
 5.000000000000000 43.806784851292498 160.000000000000000 
 6.000000000000000 47.985138425425120 384.000000000000000 
 7.000000000000000 39.803156984294660 287.000000000000000 
 8.000000000000000 47.628643075215784 259.000000000000000 
 9.000000000000000 39.373453310801338 109.000000000000000 
10.000000000000000 42.970325178454132 361.000000000000000 
11.000000000000000 26.841539823025531 47.000000000000000 
12.000000000000000 30.336068699610948 73.000000000000000 
13.000000000000000 37.356755622018177 91.000000000000000 
14.000000000000000 43.135791920000003 71.000000000000000 
15.000000000000000 34.781074430143775 109.000000000000000 
16.000000000000000 35.331062471964984 171.000000000000000 
17.000000000000000 38.754624117168717 192.000000000000000 
18.000000000000000 50.191130011806550 408.000000000000000 
19.000000000000000 37.136535871873491 64.000000000000000 
20.000000000000000 37.155393291404096 200.000000000000000 
21.000000000000000 36.814907410424205 169.000000000000000 
22.000000000000000 49.817052900513730 109.000000000000000 
23.000000000000000 40.167971151330796 680.000000000000000 
24.000000000000000 47.162430390156544 115.000000000000000 
25.000000000000000 40.005108169836447 97.000000000000000 
26.000000000000000 43.447309367061614 548.000000000000000 
27.000000000000000 32.772702116264362 161.000000000000000 
28.000000000000000 43.141426681639174 238.000000000000000 
29.000000000000000 44.573274032508785 153.000000000000000 
30.000000000000000 48.334043295159503 150.000000000000000 
31.000000000000000 40.275851936087001 97.000000000000000 
32.000000000000000 42.281221032585634 74.000000000000000 
33.000000000000000 29.446724553777777 45.000000000000000 
34.000000000000000 47.071973890977439 133.000000000000000 
35.000000000000000 33.529550987340578 112.000000000000000 
36.000000000000000 49.523257354405331 145.000000000000000 
37.000000000000000 35.316660873678309 78.000000000000000 
38.000000000000000 32.534405749814596 775.000000000000000 
39.000000000000000 46.683373642034574 355.000000000000000 
40.000000000000000 36.494486088565850 120.000000000000000 
41.000000000000000 50.779174448227153 215.000000000000000 
42.000000000000000 37.684625862820504 78.000000000000000 
43.000000000000000 51.689976721327206 190.000000000000000 
44.000000000000000 36.809875695825554 710.000000000000000 
45.000000000000000 36.571944353867941 232.000000000000000 
46.000000000000000 35.708963635885375 171.000000000000000 
47.000000000000000 44.550042912548697 165.000000000000000 
48.000000000000000 36.217945845934373 115.000000000000000 
49.000000000000000 43.623508438592815 412.000000000000000 
50.000000000000000 49.766176654924877 701.000000000000000 
51.000000000000000 46.675544301646319 136.000000000000000 
52.000000000000000 45.799118177350543 123.000000000000000 
53.000000000000000 29.642698999593389 106.000000000000000 
54.000000000000000 32.722668947475825 784.000000000000000 
55.000000000000000 29.348098054512256 576.000000000000000 
56.000000000000000 46.387708589471167 115.000000000000000 
57.000000000000000 44.528840803704973 252.000000000000000 
58.000000000000000 28.465733753009928 145.000000000000000 
59.000000000000000 49.299544373234049 94.000000000000000 
60.000000000000000 29.585154009854296 140.000000000000000 
61.000000000000000 39.937640423255097 88.000000000000000 
62.000000000000000 33.334701645352112 71.000000000000000 
63.000000000000000 50.455623759632104 81.000000000000000 
64.000000000000000 44.533117207406086 450.000000000000000 
65.000000000000000 39.167754878168935 149.000000000000000 
66.000000000000000 40.737992138547540 61.000000000000000 
67.000000000000000 38.749255714571092 90.000000000000000 
68.000000000000000 36.328392041334098 187.000000000000000 
69.000000000000000 43.856575447996114 165.000000000000000 
70.000000000000000 49.026054730612451 290.000000000000000 
71.000000000000000 48.764292411404462 256.000000000000000 
72.000000000000000 33.880787127714562 474.000000000000000 
73.000000000000000 36.851063154613463 253.000000000000000 
74.000000000000000 39.636336149250241 93.000000000000000 
75.000000000000000 41.822766753292790 97.000000000000000 
76.000000000000000 27.233766013600015 38.000000000000000 
77.000000000000000 36.088340237829421 359.000000000000000 
78.000000000000000 32.161108153702884 189.000000000000000 
79.000000000000000 39.662911970452051 197.000000000000000 
80.000000000000000 42.168875848289233 297.000000000000000 
81.000000000000000 34.563098559714817 108.000000000000000 
82.000000000000000 32.742041471865477 280.000000000000000 
83.000000000000000 48.482839468316101 104.000000000000000 
84.000000000000000 39.717442925871616 74.000000000000000 
85.000000000000000 36.745624930992363 115.000000000000000 
86.000000000000000 31.512166480551315 68.000000000000000 
87.000000000000000 36.047106546630744 88.000000000000000 
88.000000000000000 40.874216381445557 215.000000000000000 
89.000000000000000 36.435513684261721 101.000000000000000 
90.000000000000000 42.276486891707741 761.000000000000000 
91.000000000000000 39.936677474286903 621.000000000000000 
92.000000000000000 32.682432002795167 147.000000000000000 
93.000000000000000 36.855727189506155 227.000000000000000 
94.000000000000000 40.736390384831559 203.000000000000000 
95.000000000000000 31.236382886400030 268.000000000000000 
96.000000000000000 42.591420058632544 447.000000000000000 
97.000000000000000 26.491483847566535 36.000000000000000 
98.000000000000000 36.387033210086351 176.000000000000000 
99.000000000000000 36.284585293941149 260.000000000000000 
100.000000000000000 31.314707006591394 93.000000000000000 
101.000000000000000 35.529440166126598 197.000000000000000 
102.000000000000000 36.674518451445181 228.000000000000000 
103.000000000000000 32.825460812785131 96.000000000000000 
104.000000000000000 35.016870673061263 136.000000000000000 
105.000000000000000 31.454914242625385 346.000000000000000 
106.000000000000000 30.381879558352939 119.000000000000000 
107.000000000000000 37.798609651043762 144.000000000000000 
108.000000000000000 26.353532198358689 46.000000000000000 
109.000000000000000 30.431820332843174 144.000000000000000 
110.000000000000000 43.358505736749606 800.000000000000000 
111.000000000000000 40.969515121361333 408.000000000000000 
112.000000000000000 23.928805906569806 78.000000000000000 
113.000000000000000  0.000000000000000  0.000000000000000 
114.000000000000000  0.000000000000000  0.000000000000000 
115.000000000000000  0.000000000000000  0.000000000000000 
116.000000000000000  0.000000000000000  0.000000000000000 
117.000000000000000  0.000000000000000  0.000000000000000 
118.000000000000000  0.000000000000000  0.000000000000000 
119.000000000000000  0.000000000000000  0.000000000000000 
120.000000000000000  0.000000000000000  0.000000000000000 
121.000000000000000  0.000000000000000  0.000000000000000 
122.000000000000000  0.000000000000000  0.000000000000000 
123.000000000000000  0.000000000000000  0.000000000000000 
124.000000000000000  0.000000000000000  0.000000000000000 
125.000000000000000  0.000000000000000  0.000000000000000 
126.000000000000000  0.000000000000000  0.000000000000000 
127.000000000000000  0.000000000000000  0.000000000000000 
