 0.000000000000000 93.397259041115504 926.000000000000000 
 1.000000000000000 105.254417091835876 1116.000000000000000 
 2.000000000000000 131.320256600428252 744.000000000000000 
 3.000000000000000 128.890541279172595 221.000000000000000 
 4.000000000000000 119.138029787871716 814.000000000000000 
 5.000000000000000 128.781815642195653 320.000000000000000 
 6.000000000000000 102.432158512339029 588.000000000000000 
 7.000000000000000 101.464844717761807 953.000000000000000 
 8.000000000000000 119.585981181400513 390.000000000000000 
 9.000000000000000 131.370942513770075 250.000000000000000 
10.000000000000000 123.892077304014805 769.000000000000000 
11.000000000000000 136.068155064352169 184.000000000000000 
12.000000000000000 139.487210498156429 200.000000000000000 
13.000000000000000 138.651593283162697 282.000000000000000 
14.000000000000000 135.160778386942013 188.000000000000000 
15.000000000000000 149.531713750443259 265.000000000000000 
16.000000000000000 111.987936819677444 433.000000000000000 
17.000000000000000 115.029268154647511 402.000000000000000 
18.000000000000000 121.749662778584280 501.000000000000000 
19.000000000000000 122.855911375197437 200.000000000000000 
20.000000000000000 137.917404492270862 556.000000000000000 
21.000000000000000 139.839697154817230 534.000000000000000 
22.000000000000000 110.991734317758414 173.000000000000000 
23.000000000000000 94.018140703083859 1344.000000000000000 
24.000000000000000 114.335480296970275 232.000000000000000 
25.000000000000000 128.909854061914331 238.000000000000000 
26.000000000000000 121.652607593408604 1157.000000000000000 
27.000000000000000 113.246900039859270 354.000000000000000 
28.000000000000000 131.158939316033582 513.000000000000000 
29.000000000000000 119.616950596763857 243.000000000000000 
30.000000000000000 132.407561892032845 384.000000000000000 
31.000000000000000 124.594299018722708 276.000000000000000 
32.000000000000000 127.933562588206328 191.000000000000000 
33.000000000000000 108.882619720097551 111.000000000000000 
34.000000000000000 111.550435438909446 179.000000000000000 
35.000000000000000 112.044222297566293 339.000000000000000 
36.000000000000000 116.440374096487062 234.000000000000000 
37.000000000000000 141.620494742361785 337.000000000000000 
38.000000000000000 112.257412097964561 1576.000000000000000 
39.000000000000000 118.774607898983930 582.000000000000000 
40.000000000000000 132.022798376487970 474.000000000000000 
41.000000000000000 118.985093857558937 361.000000000000000 
42.000000000000000 105.862419663764058 178.000000000000000 
43.000000000000000 141.675004925813965 362.000000000000000 
44.000000000000000 80.406142055744652 1115.000000000000000 
45.000000000000000 111.531738366331723 373.000000000000000 
46.000000000000000 93.853165686575423 434.000000000000000 
47.000000000000000 107.255570027005319 214.000000000000000 
48.000000000000000 108.713601647272952 408.000000000000000 
49.000000000000000 114.295858888962456 773.000000000000000 
50.000000000000000 148.309525813508543 1653.000000000000000 
51.000000000000000 96.370990272570850 184.000000000000000 
52.000000000000000 85.948528918008947 173.000000000000000 
53.000000000000000  0.000000000000000  0.000000000000000 
54.000000000000000  0.000000000000000  0.000000000000000 
55.000000000000000  0.000000000000000  0.000000000000000 
56.000000000000000  0.000000000000000  0.000000000000000 
57.000000000000000  0.000000000000000  0.000000000000000 
58.000000000000000  0.000000000000000  0.000000000000000 
59.000000000000000  0.000000000000000  0.000000000000000 
60.000000000000000  0.000000000000000  0.000000000000000 
61.000000000000000  0.000000000000000  0.000000000000000 
62.000000000000000  0.000000000000000  0.000000000000000 
63.000000000000000  0.000000000000000  0.000000000000000 
64.000000000000000  0.000000000000000  0.000000000000000 
65.000000000000000  0.000000000000000  0.000000000000000 
66.000000000000000  0.000000000000000  0.000000000000000 
67.000000000000000  0.000000000000000  0.000000000000000 
68.000000000000000  0.000000000000000  0.000000000000000 
69.000000000000000  0.000000000000000  0.000000000000000 
70.000000000000000  0.000000000000000  0.000000000000000 
71.000000000000000  0.000000000000000  0.000000000000000 
72.000000000000000  0.000000000000000  0.000000000000000 
73.000000000000000  0.000000000000000  0.000000000000000 
74.000000000000000  0.000000000000000  0.000000000000000 
75.000000000000000  0.000000000000000  0.000000000000000 
76.000000000000000  0.000000000000000  0.000000000000000 
77.000000000000000  0.000000000000000  0.000000000000000 
78.000000000000000  0.000000000000000  0.000000000000000 
79.000000000000000  0.000000000000000  0.000000000000000 
80.000000000000000  0.000000000000000  0.000000000000000 
81.000000000000000  0.000000000000000  0.000000000000000 
82.000000000000000  0.000000000000000  0.000000000000000 
83.000000000000000  0.000000000000000  0.000000000000000 
84.000000000000000  0.000000000000000  0.000000000000000 
85.000000000000000  0.000000000000000  0.000000000000000 
86.000000000000000  0.000000000000000  0.000000000000000 
87.000000000000000  0.000000000000000  0.000000000000000 
88.000000000000000  0.000000000000000  0.000000000000000 
89.000000000000000  0.000000000000000  0.000000000000000 
90.000000000000000  0.000000000000000  0.000000000000000 
91.000000000000000  0.000000000000000  0.000000000000000 
92.000000000000000  0.000000000000000  0.000000000000000 
93.000000000000000  0.000000000000000  0.000000000000000 
94.000000000000000  0.000000000000000  0.000000000000000 
95.000000000000000  0.000000000000000  0.000000000000000 
96.000000000000000  0.000000000000000  0.000000000000000 
97.000000000000000  0.000000000000000  0.000000000000000 
98.000000000000000  0.000000000000000  0.000000000000000 
99.000000000000000  0.000000000000000  0.000000000000000 
100.000000000000000  0.000000000000000  0.000000000000000 
101.000000000000000  0.000000000000000  0.000000000000000 
102.000000000000000  0.000000000000000  0.000000000000000 
103.000000000000000  0.000000000000000  0.000000000000000 
104.000000000000000  0.000000000000000  0.000000000000000 
105.000000000000000  0.000000000000000  0.000000000000000 
106.000000000000000  0.000000000000000  0.000000000000000 
107.000000000000000  0.000000000000000  0.000000000000000 
108.000000000000000  0.000000000000000  0.000000000000000 
109.000000000000000  0.000000000000000  0.000000000000000 
110.000000000000000  0.000000000000000  0.000000000000000 
111.000000000000000  0.000000000000000  0.000000000000000 
112.000000000000000  0.000000000000000  0.000000000000000 
113.000000000000000  0.000000000000000  0.000000000000000 
114.000000000000000  0.000000000000000  0.000000000000000 
115.000000000000000  0.000000000000000  0.000000000000000 
116.000000000000000  0.000000000000000  0.000000000000000 
117.000000000000000  0.000000000000000  0.000000000000000 
118.000000000000000  0.000000000000000  0.000000000000000 
119.000000000000000  0.000000000000000  0.000000000000000 
120.000000000000000  0.000000000000000  0.000000000000000 
121.000000000000000  0.000000000000000  0.000000000000000 
122.000000000000000  0.000000000000000  0.000000000000000 
123.000000000000000  0.000000000000000  0.000000000000000 
124.000000000000000  0.000000000000000  0.000000000000000 
125.000000000000000  0.000000000000000  0.000000000000000 
126.000000000000000  0.000000000000000  0.000000000000000 
127.000000000000000  0.000000000000000  0.000000000000000 
