 0.000000000000000 71.182505607472734 711.000000000000000 
 1.000000000000000 69.072979810532487 657.000000000000000 
 2.000000000000000 86.799595149308175 619.000000000000000 
 3.000000000000000 75.006330882139977 230.000000000000000 
 4.000000000000000 68.797147263413905 889.000000000000000 
 5.000000000000000 83.153335488224016 249.000000000000000 
 6.000000000000000 89.300124165941071 602.000000000000000 
 7.000000000000000 77.995448731994443 638.000000000000000 
 8.000000000000000 86.272175634358916 312.000000000000000 
 9.000000000000000 73.829690474955498 171.000000000000000 
10.000000000000000 83.820169317973580 555.000000000000000 
11.000000000000000 84.433060594124754 109.000000000000000 
12.000000000000000 88.287996145307744 132.000000000000000 
13.000000000000000 78.207460145458953 168.000000000000000 
14.000000000000000 88.685144264539034 141.000000000000000 
15.000000000000000 90.355523896325778 190.000000000000000 
16.000000000000000 78.172560534200187 297.000000000000000 
17.000000000000000 78.001987680707600 312.000000000000000 
18.000000000000000 80.430222888791477 455.000000000000000 
19.000000000000000 71.285515332608469 136.000000000000000 
20.000000000000000 82.767311688464432 335.000000000000000 
21.000000000000000 70.779211120517019 337.000000000000000 
22.000000000000000 85.813351785447864 140.000000000000000 
23.000000000000000 58.005165924185263 867.000000000000000 
24.000000000000000 83.393063717661306 168.000000000000000 
25.000000000000000 74.471764100872107 141.000000000000000 
26.000000000000000 80.496351972295770 812.000000000000000 
27.000000000000000 79.341413084732466 291.000000000000000 
28.000000000000000 80.467945065424686 392.000000000000000 
29.000000000000000 76.890941411802899 216.000000000000000 
30.000000000000000 83.939834276006124 278.000000000000000 
31.000000000000000 80.749094193009014 189.000000000000000 
32.000000000000000 78.167365614843618 124.000000000000000 
33.000000000000000 78.621219612555933 84.000000000000000 
34.000000000000000 72.960932254978374 167.000000000000000 
35.000000000000000 63.859162959475043 201.000000000000000 
36.000000000000000 78.711402256318181 225.000000000000000 
37.000000000000000 84.815645226430775 209.000000000000000 
38.000000000000000 76.779349238565928 1318.000000000000000 
39.000000000000000 81.502318339185265 474.000000000000000 
40.000000000000000 77.408214602636207 287.000000000000000 
41.000000000000000 75.595679465628606 254.000000000000000 
42.000000000000000 83.516035191409415 149.000000000000000 
43.000000000000000 68.631774946529774 260.000000000000000 
44.000000000000000 77.536739447145266 1166.000000000000000 
45.000000000000000 68.486570939854190 384.000000000000000 
46.000000000000000 74.211721527701769 384.000000000000000 
47.000000000000000 82.113513914032666 247.000000000000000 
48.000000000000000 71.345213801847223 266.000000000000000 
49.000000000000000 76.021363421373763 602.000000000000000 
50.000000000000000 92.482641308821258 1131.000000000000000 
51.000000000000000 69.821575290875160 153.000000000000000 
52.000000000000000 67.988902835345982 163.000000000000000 
53.000000000000000 74.054501021974403 156.000000000000000 
54.000000000000000 79.161030783481252 1228.000000000000000 
55.000000000000000 70.120756215941370 956.000000000000000 
56.000000000000000 73.555211481314117 198.000000000000000 
57.000000000000000 68.108240050646458 433.000000000000000 
58.000000000000000 81.254290565294440 311.000000000000000 
59.000000000000000 71.303971032916962 129.000000000000000 
60.000000000000000 81.554615764049217 275.000000000000000 
61.000000000000000 78.216608208982080 150.000000000000000 
62.000000000000000 65.325354172078718 127.000000000000000 
63.000000000000000 75.013817601844892 118.000000000000000 
64.000000000000000 66.299163544900409 511.000000000000000 
65.000000000000000 80.577668737587544 256.000000000000000 
66.000000000000000 62.670568996565393 78.000000000000000 
67.000000000000000 60.776680898894156 154.000000000000000 
68.000000000000000 60.406424015434382 288.000000000000000 
69.000000000000000 67.176273579773962 134.000000000000000 
70.000000000000000 60.619538065085656 250.000000000000000 
71.000000000000000 65.736875669649265 262.000000000000000 
72.000000000000000  0.000000000000000  0.000000000000000 
73.000000000000000  0.000000000000000  0.000000000000000 
74.000000000000000  0.000000000000000  0.000000000000000 
75.000000000000000  0.000000000000000  0.000000000000000 
76.000000000000000  0.000000000000000  0.000000000000000 
77.000000000000000  0.000000000000000  0.000000000000000 
78.000000000000000  0.000000000000000  0.000000000000000 
79.000000000000000  0.000000000000000  0.000000000000000 
80.000000000000000  0.000000000000000  0.000000000000000 
81.000000000000000  0.000000000000000  0.000000000000000 
82.000000000000000  0.000000000000000  0.000000000000000 
83.000000000000000  0.000000000000000  0.000000000000000 
84.000000000000000  0.000000000000000  0.000000000000000 
85.000000000000000  0.000000000000000  0.000000000000000 
86.000000000000000  0.000000000000000  0.000000000000000 
87.000000000000000  0.000000000000000  0.000000000000000 
88.000000000000000  0.000000000000000  0.000000000000000 
89.000000000000000  0.000000000000000  0.000000000000000 
90.000000000000000  0.000000000000000  0.000000000000000 
91.000000000000000  0.000000000000000  0.000000000000000 
92.000000000000000  0.000000000000000  0.000000000000000 
93.000000000000000  0.000000000000000  0.000000000000000 
94.000000000000000  0.000000000000000  0.000000000000000 
95.000000000000000  0.000000000000000  0.000000000000000 
96.000000000000000  0.000000000000000  0.000000000000000 
97.000000000000000  0.000000000000000  0.000000000000000 
98.000000000000000  0.000000000000000  0.000000000000000 
99.000000000000000  0.000000000000000  0.000000000000000 
100.000000000000000  0.000000000000000  0.000000000000000 
101.000000000000000  0.000000000000000  0.000000000000000 
102.000000000000000  0.000000000000000  0.000000000000000 
103.000000000000000  0.000000000000000  0.000000000000000 
104.000000000000000  0.000000000000000  0.000000000000000 
105.000000000000000  0.000000000000000  0.000000000000000 
106.000000000000000  0.000000000000000  0.000000000000000 
107.000000000000000  0.000000000000000  0.000000000000000 
108.000000000000000  0.000000000000000  0.000000000000000 
109.000000000000000  0.000000000000000  0.000000000000000 
110.000000000000000  0.000000000000000  0.000000000000000 
111.000000000000000  0.000000000000000  0.000000000000000 
112.000000000000000  0.000000000000000  0.000000000000000 
113.000000000000000  0.000000000000000  0.000000000000000 
114.000000000000000  0.000000000000000  0.000000000000000 
115.000000000000000  0.000000000000000  0.000000000000000 
116.000000000000000  0.000000000000000  0.000000000000000 
117.000000000000000  0.000000000000000  0.000000000000000 
118.000000000000000  0.000000000000000  0.000000000000000 
119.000000000000000  0.000000000000000  0.000000000000000 
120.000000000000000  0.000000000000000  0.000000000000000 
121.000000000000000  0.000000000000000  0.000000000000000 
122.000000000000000  0.000000000000000  0.000000000000000 
123.000000000000000  0.000000000000000  0.000000000000000 
124.000000000000000  0.000000000000000  0.000000000000000 
125.000000000000000  0.000000000000000  0.000000000000000 
126.000000000000000  0.000000000000000  0.000000000000000 
127.000000000000000  0.000000000000000  0.000000000000000 
