 0.000000000000000 120.389041144425576 1182.000000000000000 
 1.000000000000000 131.236470445730674 1435.000000000000000 
 2.000000000000000 163.924280432234809 899.000000000000000 
 3.000000000000000 160.952286134356314 272.000000000000000 
 4.000000000000000 132.632345188129278 842.000000000000000 
 5.000000000000000 155.471788903725297 350.000000000000000 
 6.000000000000000 150.308795916668572 731.000000000000000 
 7.000000000000000 90.347871539682856 1014.000000000000000 
 8.000000000000000 141.349714307258353 496.000000000000000 
 9.000000000000000 172.402712129245288 435.000000000000000 
10.000000000000000 165.493954996402209 982.000000000000000 
11.000000000000000 147.700988874961354 197.000000000000000 
12.000000000000000 163.485649295108544 227.000000000000000 
13.000000000000000 154.247007566067566 310.000000000000000 
14.000000000000000 147.542831254218385 196.000000000000000 
15.000000000000000 140.262806579760195 259.000000000000000 
16.000000000000000 175.152095610617920 756.000000000000000 
17.000000000000000 135.514763641089047 309.000000000000000 
18.000000000000000 145.250328387954767 550.000000000000000 
19.000000000000000 151.764394396683599 212.000000000000000 
20.000000000000000 164.809064136697970 638.000000000000000 
21.000000000000000 172.125388419783491 664.000000000000000 
22.000000000000000 156.226190554394378 224.000000000000000 
23.000000000000000 116.602684819281592 1483.000000000000000 
24.000000000000000 140.490353063402750 243.000000000000000 
25.000000000000000 163.381434641883629 245.000000000000000 
26.000000000000000 142.182801159441198 1257.000000000000000 
27.000000000000000 166.650529177526863 412.000000000000000 
28.000000000000000 154.591373350959600 582.000000000000000 
29.000000000000000 165.407658657726529 406.000000000000000 
30.000000000000000 158.798048045571335 388.000000000000000 
31.000000000000000 162.876375656827690 354.000000000000000 
32.000000000000000 138.576582670216055 198.000000000000000 
33.000000000000000 146.626359445115781 149.000000000000000 
34.000000000000000 138.575654100506483 199.000000000000000 
35.000000000000000 131.374826460232299 418.000000000000000 
36.000000000000000 137.327325310811432 267.000000000000000 
37.000000000000000 158.121769151278471 377.000000000000000 
38.000000000000000 118.455198245346324 1567.000000000000000 
39.000000000000000 138.303115785254334 595.000000000000000 
40.000000000000000 126.145013043776558 487.000000000000000 
41.000000000000000 134.616122686555542 413.000000000000000 
42.000000000000000 149.279641487170522 244.000000000000000 
43.000000000000000 167.166769213087434 393.000000000000000 
44.000000000000000 163.821038484224289 1790.000000000000000 
45.000000000000000 110.583363581564313 354.000000000000000 
46.000000000000000  0.000000000000000  0.000000000000000 
47.000000000000000  0.000000000000000  0.000000000000000 
48.000000000000000  0.000000000000000  0.000000000000000 
49.000000000000000  0.000000000000000  0.000000000000000 
50.000000000000000  0.000000000000000  0.000000000000000 
51.000000000000000  0.000000000000000  0.000000000000000 
52.000000000000000  0.000000000000000  0.000000000000000 
53.000000000000000  0.000000000000000  0.000000000000000 
54.000000000000000  0.000000000000000  0.000000000000000 
55.000000000000000  0.000000000000000  0.000000000000000 
56.000000000000000  0.000000000000000  0.000000000000000 
57.000000000000000  0.000000000000000  0.000000000000000 
58.000000000000000  0.000000000000000  0.000000000000000 
59.000000000000000  0.000000000000000  0.000000000000000 
60.000000000000000  0.000000000000000  0.000000000000000 
61.000000000000000  0.000000000000000  0.000000000000000 
62.000000000000000  0.000000000000000  0.000000000000000 
63.000000000000000  0.000000000000000  0.000000000000000 
64.000000000000000  0.000000000000000  0.000000000000000 
65.000000000000000  0.000000000000000  0.000000000000000 
66.000000000000000  0.000000000000000  0.000000000000000 
67.000000000000000  0.000000000000000  0.000000000000000 
68.000000000000000  0.000000000000000  0.000000000000000 
69.000000000000000  0.000000000000000  0.000000000000000 
70.000000000000000  0.000000000000000  0.000000000000000 
71.000000000000000  0.000000000000000  0.000000000000000 
72.000000000000000  0.000000000000000  0.000000000000000 
73.000000000000000  0.000000000000000  0.000000000000000 
74.000000000000000  0.000000000000000  0.000000000000000 
75.000000000000000  0.000000000000000  0.000000000000000 
76.000000000000000  0.000000000000000  0.000000000000000 
77.000000000000000  0.000000000000000  0.000000000000000 
78.000000000000000  0.000000000000000  0.000000000000000 
79.000000000000000  0.000000000000000  0.000000000000000 
80.000000000000000  0.000000000000000  0.000000000000000 
81.000000000000000  0.000000000000000  0.000000000000000 
82.000000000000000  0.000000000000000  0.000000000000000 
83.000000000000000  0.000000000000000  0.000000000000000 
84.000000000000000  0.000000000000000  0.000000000000000 
85.000000000000000  0.000000000000000  0.000000000000000 
86.000000000000000  0.000000000000000  0.000000000000000 
87.000000000000000  0.000000000000000  0.000000000000000 
88.000000000000000  0.000000000000000  0.000000000000000 
89.000000000000000  0.000000000000000  0.000000000000000 
90.000000000000000  0.000000000000000  0.000000000000000 
91.000000000000000  0.000000000000000  0.000000000000000 
92.000000000000000  0.000000000000000  0.000000000000000 
93.000000000000000  0.000000000000000  0.000000000000000 
94.000000000000000  0.000000000000000  0.000000000000000 
95.000000000000000  0.000000000000000  0.000000000000000 
96.000000000000000  0.000000000000000  0.000000000000000 
97.000000000000000  0.000000000000000  0.000000000000000 
98.000000000000000  0.000000000000000  0.000000000000000 
99.000000000000000  0.000000000000000  0.000000000000000 
100.000000000000000  0.000000000000000  0.000000000000000 
101.000000000000000  0.000000000000000  0.000000000000000 
102.000000000000000  0.000000000000000  0.000000000000000 
103.000000000000000  0.000000000000000  0.000000000000000 
104.000000000000000  0.000000000000000  0.000000000000000 
105.000000000000000  0.000000000000000  0.000000000000000 
106.000000000000000  0.000000000000000  0.000000000000000 
107.000000000000000  0.000000000000000  0.000000000000000 
108.000000000000000  0.000000000000000  0.000000000000000 
109.000000000000000  0.000000000000000  0.000000000000000 
110.000000000000000  0.000000000000000  0.000000000000000 
111.000000000000000  0.000000000000000  0.000000000000000 
112.000000000000000  0.000000000000000  0.000000000000000 
113.000000000000000  0.000000000000000  0.000000000000000 
114.000000000000000  0.000000000000000  0.000000000000000 
115.000000000000000  0.000000000000000  0.000000000000000 
116.000000000000000  0.000000000000000  0.000000000000000 
117.000000000000000  0.000000000000000  0.000000000000000 
118.000000000000000  0.000000000000000  0.000000000000000 
119.000000000000000  0.000000000000000  0.000000000000000 
120.000000000000000  0.000000000000000  0.000000000000000 
121.000000000000000  0.000000000000000  0.000000000000000 
122.000000000000000  0.000000000000000  0.000000000000000 
123.000000000000000  0.000000000000000  0.000000000000000 
124.000000000000000  0.000000000000000  0.000000000000000 
125.000000000000000  0.000000000000000  0.000000000000000 
126.000000000000000  0.000000000000000  0.000000000000000 
127.000000000000000  0.000000000000000  0.000000000000000 
