 0.000000000000000 138.005815026626919 1633.000000000000000 
 1.000000000000000 126.920928331613396 1380.000000000000000 
 2.000000000000000 179.418596720056712 930.000000000000000 
 3.000000000000000 169.727860369873497 288.000000000000000 
 4.000000000000000 144.244637663294952 923.000000000000000 
 5.000000000000000 163.978368085375394 356.000000000000000 
 6.000000000000000 165.892401520708290 789.000000000000000 
 7.000000000000000 138.191885916030742 1292.000000000000000 
 8.000000000000000 165.759902905650904 639.000000000000000 
 9.000000000000000 176.425539462037705 446.000000000000000 
10.000000000000000 165.344956844632435 969.000000000000000 
11.000000000000000 152.848652416632177 205.000000000000000 
12.000000000000000 168.962466450417764 239.000000000000000 
13.000000000000000 146.165699755481626 297.000000000000000 
14.000000000000000 155.816810727823167 208.000000000000000 
15.000000000000000 151.628551548774993 280.000000000000000 
16.000000000000000 179.219282852739582 798.000000000000000 
17.000000000000000 156.667538475092925 348.000000000000000 
18.000000000000000 173.499128271533749 639.000000000000000 
19.000000000000000 149.459719038349789 208.000000000000000 
20.000000000000000 177.002839251153262 619.000000000000000 
21.000000000000000 186.604726779879940 704.000000000000000 
22.000000000000000 155.760657467719199 224.000000000000000 
23.000000000000000 129.003964151971530 1590.000000000000000 
24.000000000000000 153.051009242773063 257.000000000000000 
25.000000000000000 179.512883967749531 257.000000000000000 
26.000000000000000 171.426677621230510 1466.000000000000000 
27.000000000000000 168.223276171901773 432.000000000000000 
28.000000000000000 181.791382480357129 654.000000000000000 
29.000000000000000 181.668843895564152 453.000000000000000 
30.000000000000000 175.769752639163954 411.000000000000000 
31.000000000000000 164.138345178981353 345.000000000000000 
32.000000000000000 145.184103352371437 203.000000000000000 
33.000000000000000 148.027771752456999 150.000000000000000 
34.000000000000000 149.652198581521674 217.000000000000000 
35.000000000000000 183.877860044453371 549.000000000000000 
36.000000000000000 161.937623380560183 331.000000000000000 
37.000000000000000 154.046928117423533 367.000000000000000 
38.000000000000000 196.950238433821681 2117.000000000000000 
39.000000000000000 142.928485648497940 624.000000000000000 
40.000000000000000 199.366263620491964 495.000000000000000 
41.000000000000000 149.109895857854070 427.000000000000000 
42.000000000000000 148.659910344223050 242.000000000000000 
43.000000000000000  0.000000000000000  0.000000000000000 
44.000000000000000  0.000000000000000  0.000000000000000 
45.000000000000000  0.000000000000000  0.000000000000000 
46.000000000000000  0.000000000000000  0.000000000000000 
47.000000000000000  0.000000000000000  0.000000000000000 
48.000000000000000  0.000000000000000  0.000000000000000 
49.000000000000000  0.000000000000000  0.000000000000000 
50.000000000000000  0.000000000000000  0.000000000000000 
51.000000000000000  0.000000000000000  0.000000000000000 
52.000000000000000  0.000000000000000  0.000000000000000 
53.000000000000000  0.000000000000000  0.000000000000000 
54.000000000000000  0.000000000000000  0.000000000000000 
55.000000000000000  0.000000000000000  0.000000000000000 
56.000000000000000  0.000000000000000  0.000000000000000 
57.000000000000000  0.000000000000000  0.000000000000000 
58.000000000000000  0.000000000000000  0.000000000000000 
59.000000000000000  0.000000000000000  0.000000000000000 
60.000000000000000  0.000000000000000  0.000000000000000 
61.000000000000000  0.000000000000000  0.000000000000000 
62.000000000000000  0.000000000000000  0.000000000000000 
63.000000000000000  0.000000000000000  0.000000000000000 
64.000000000000000  0.000000000000000  0.000000000000000 
65.000000000000000  0.000000000000000  0.000000000000000 
66.000000000000000  0.000000000000000  0.000000000000000 
67.000000000000000  0.000000000000000  0.000000000000000 
68.000000000000000  0.000000000000000  0.000000000000000 
69.000000000000000  0.000000000000000  0.000000000000000 
70.000000000000000  0.000000000000000  0.000000000000000 
71.000000000000000  0.000000000000000  0.000000000000000 
72.000000000000000  0.000000000000000  0.000000000000000 
73.000000000000000  0.000000000000000  0.000000000000000 
74.000000000000000  0.000000000000000  0.000000000000000 
75.000000000000000  0.000000000000000  0.000000000000000 
76.000000000000000  0.000000000000000  0.000000000000000 
77.000000000000000  0.000000000000000  0.000000000000000 
78.000000000000000  0.000000000000000  0.000000000000000 
79.000000000000000  0.000000000000000  0.000000000000000 
80.000000000000000  0.000000000000000  0.000000000000000 
81.000000000000000  0.000000000000000  0.000000000000000 
82.000000000000000  0.000000000000000  0.000000000000000 
83.000000000000000  0.000000000000000  0.000000000000000 
84.000000000000000  0.000000000000000  0.000000000000000 
85.000000000000000  0.000000000000000  0.000000000000000 
86.000000000000000  0.000000000000000  0.000000000000000 
87.000000000000000  0.000000000000000  0.000000000000000 
88.000000000000000  0.000000000000000  0.000000000000000 
89.000000000000000  0.000000000000000  0.000000000000000 
90.000000000000000  0.000000000000000  0.000000000000000 
91.000000000000000  0.000000000000000  0.000000000000000 
92.000000000000000  0.000000000000000  0.000000000000000 
93.000000000000000  0.000000000000000  0.000000000000000 
94.000000000000000  0.000000000000000  0.000000000000000 
95.000000000000000  0.000000000000000  0.000000000000000 
96.000000000000000  0.000000000000000  0.000000000000000 
97.000000000000000  0.000000000000000  0.000000000000000 
98.000000000000000  0.000000000000000  0.000000000000000 
99.000000000000000  0.000000000000000  0.000000000000000 
100.000000000000000  0.000000000000000  0.000000000000000 
101.000000000000000  0.000000000000000  0.000000000000000 
102.000000000000000  0.000000000000000  0.000000000000000 
103.000000000000000  0.000000000000000  0.000000000000000 
104.000000000000000  0.000000000000000  0.000000000000000 
105.000000000000000  0.000000000000000  0.000000000000000 
106.000000000000000  0.000000000000000  0.000000000000000 
107.000000000000000  0.000000000000000  0.000000000000000 
108.000000000000000  0.000000000000000  0.000000000000000 
109.000000000000000  0.000000000000000  0.000000000000000 
110.000000000000000  0.000000000000000  0.000000000000000 
111.000000000000000  0.000000000000000  0.000000000000000 
112.000000000000000  0.000000000000000  0.000000000000000 
113.000000000000000  0.000000000000000  0.000000000000000 
114.000000000000000  0.000000000000000  0.000000000000000 
115.000000000000000  0.000000000000000  0.000000000000000 
116.000000000000000  0.000000000000000  0.000000000000000 
117.000000000000000  0.000000000000000  0.000000000000000 
118.000000000000000  0.000000000000000  0.000000000000000 
119.000000000000000  0.000000000000000  0.000000000000000 
120.000000000000000  0.000000000000000  0.000000000000000 
121.000000000000000  0.000000000000000  0.000000000000000 
122.000000000000000  0.000000000000000  0.000000000000000 
123.000000000000000  0.000000000000000  0.000000000000000 
124.000000000000000  0.000000000000000  0.000000000000000 
125.000000000000000  0.000000000000000  0.000000000000000 
126.000000000000000  0.000000000000000  0.000000000000000 
127.000000000000000  0.000000000000000  0.000000000000000 
