 0.000000000000000 62.472460022237350 758.000000000000000 
 1.000000000000000 61.334703915089442 599.000000000000000 
 2.000000000000000 75.965931374275172 545.000000000000000 
 3.000000000000000 71.420195578236772 223.000000000000000 
 4.000000000000000 62.759845257574014 842.000000000000000 
 5.000000000000000 80.002269409073790 245.000000000000000 
 6.000000000000000 65.957796333526943 466.000000000000000 
 7.000000000000000 63.630445349643011 455.000000000000000 
 8.000000000000000 78.782075197519532 298.000000000000000 
 9.000000000000000 71.491464624318738 166.000000000000000 
10.000000000000000 81.072137373894833 530.000000000000000 
11.000000000000000 59.914666583863465 89.000000000000000 
12.000000000000000 63.701662625658713 102.000000000000000 
13.000000000000000 60.255356291055286 130.000000000000000 
14.000000000000000 58.052589345000001 86.000000000000000 
15.000000000000000 68.979186790290626 181.000000000000000 
16.000000000000000 57.938836256627056 220.000000000000000 
17.000000000000000 75.015752744189527 306.000000000000000 
18.000000000000000 75.344567525155767 503.000000000000000 
19.000000000000000 65.112934177758675 125.000000000000000 
20.000000000000000 81.944928313689843 326.000000000000000 
21.000000000000000 60.957087361273224 280.000000000000000 
22.000000000000000 78.375367772657754 135.000000000000000 
23.000000000000000 74.416561253772230 963.000000000000000 
24.000000000000000 73.356445406701226 160.000000000000000 
25.000000000000000 71.619938313518773 138.000000000000000 
26.000000000000000 77.348708659892040 774.000000000000000 
27.000000000000000 75.303324232690471 283.000000000000000 
28.000000000000000 77.203161896234818 383.000000000000000 
29.000000000000000 77.015601753334877 218.000000000000000 
30.000000000000000 79.228564370247312 266.000000000000000 
31.000000000000000 73.329860854450800 177.000000000000000 
32.000000000000000 57.170936013240812 96.000000000000000 
33.000000000000000 65.839599483507328 82.000000000000000 
34.000000000000000 64.601290608299365 158.000000000000000 
35.000000000000000 64.906075785800283 203.000000000000000 
36.000000000000000 79.523068854091633 226.000000000000000 
37.000000000000000 77.059435907186284 206.000000000000000 
38.000000000000000 62.433380258707565 1164.000000000000000 
39.000000000000000 64.986839905902457 421.000000000000000 
40.000000000000000 67.318069792794105 203.000000000000000 
41.000000000000000 65.492138661386207 202.000000000000000 
42.000000000000000 75.096987735646223 147.000000000000000 
43.000000000000000 76.685464431432536 270.000000000000000 
44.000000000000000 61.762620127293978 958.000000000000000 
45.000000000000000 65.963733927907981 380.000000000000000 
46.000000000000000 62.880447173624106 299.000000000000000 
47.000000000000000 75.997232506553956 242.000000000000000 
48.000000000000000 65.255716020962197 246.000000000000000 
49.000000000000000 72.864881536503802 597.000000000000000 
50.000000000000000 69.421955674932917 927.000000000000000 
51.000000000000000 70.861564635064212 155.000000000000000 
52.000000000000000 59.949692370533342 150.000000000000000 
53.000000000000000 66.716846421390187 163.000000000000000 
54.000000000000000 56.239188011095827 1076.000000000000000 
55.000000000000000 55.981200457042341 782.000000000000000 
56.000000000000000 62.411718738316353 173.000000000000000 
57.000000000000000 74.545897833573449 453.000000000000000 
58.000000000000000 82.788132920415023 326.000000000000000 
59.000000000000000 63.992123220959371 128.000000000000000 
60.000000000000000 67.898667096410506 243.000000000000000 
61.000000000000000 71.430898129751299 144.000000000000000 
62.000000000000000 57.396876052621202 118.000000000000000 
63.000000000000000 75.770540387871918 114.000000000000000 
64.000000000000000 67.036569244267199 490.000000000000000 
65.000000000000000 76.554088595734981 242.000000000000000 
66.000000000000000 54.652221008113159 76.000000000000000 
67.000000000000000 60.358337163384221 152.000000000000000 
68.000000000000000 62.562208419891647 305.000000000000000 
69.000000000000000 65.792937578672166 131.000000000000000 
70.000000000000000 59.268566973090273 256.000000000000000 
71.000000000000000 70.381557548493234 300.000000000000000 
72.000000000000000 62.590385239058556 951.000000000000000 
73.000000000000000 61.400260245257371 373.000000000000000 
74.000000000000000 43.984090871504563 84.000000000000000 
75.000000000000000 52.310309008366978 112.000000000000000 
76.000000000000000 45.122682656075881 58.000000000000000 
77.000000000000000 65.645179868453823 447.000000000000000 
78.000000000000000  0.000000000000000  0.000000000000000 
79.000000000000000  0.000000000000000  0.000000000000000 
80.000000000000000  0.000000000000000  0.000000000000000 
81.000000000000000  0.000000000000000  0.000000000000000 
82.000000000000000  0.000000000000000  0.000000000000000 
83.000000000000000  0.000000000000000  0.000000000000000 
84.000000000000000  0.000000000000000  0.000000000000000 
85.000000000000000  0.000000000000000  0.000000000000000 
86.000000000000000  0.000000000000000  0.000000000000000 
87.000000000000000  0.000000000000000  0.000000000000000 
88.000000000000000  0.000000000000000  0.000000000000000 
89.000000000000000  0.000000000000000  0.000000000000000 
90.000000000000000  0.000000000000000  0.000000000000000 
91.000000000000000  0.000000000000000  0.000000000000000 
92.000000000000000  0.000000000000000  0.000000000000000 
93.000000000000000  0.000000000000000  0.000000000000000 
94.000000000000000  0.000000000000000  0.000000000000000 
95.000000000000000  0.000000000000000  0.000000000000000 
96.000000000000000  0.000000000000000  0.000000000000000 
97.000000000000000  0.000000000000000  0.000000000000000 
98.000000000000000  0.000000000000000  0.000000000000000 
99.000000000000000  0.000000000000000  0.000000000000000 
100.000000000000000  0.000000000000000  0.000000000000000 
101.000000000000000  0.000000000000000  0.000000000000000 
102.000000000000000  0.000000000000000  0.000000000000000 
103.000000000000000  0.000000000000000  0.000000000000000 
104.000000000000000  0.000000000000000  0.000000000000000 
105.000000000000000  0.000000000000000  0.000000000000000 
106.000000000000000  0.000000000000000  0.000000000000000 
107.000000000000000  0.000000000000000  0.000000000000000 
108.000000000000000  0.000000000000000  0.000000000000000 
109.000000000000000  0.000000000000000  0.000000000000000 
110.000000000000000  0.000000000000000  0.000000000000000 
111.000000000000000  0.000000000000000  0.000000000000000 
112.000000000000000  0.000000000000000  0.000000000000000 
113.000000000000000  0.000000000000000  0.000000000000000 
114.000000000000000  0.000000000000000  0.000000000000000 
115.000000000000000  0.000000000000000  0.000000000000000 
116.000000000000000  0.000000000000000  0.000000000000000 
117.000000000000000  0.000000000000000  0.000000000000000 
118.000000000000000  0.000000000000000  0.000000000000000 
119.000000000000000  0.000000000000000  0.000000000000000 
120.000000000000000  0.000000000000000  0.000000000000000 
121.000000000000000  0.000000000000000  0.000000000000000 
122.000000000000000  0.000000000000000  0.000000000000000 
123.000000000000000  0.000000000000000  0.000000000000000 
124.000000000000000  0.000000000000000  0.000000000000000 
125.000000000000000  0.000000000000000  0.000000000000000 
126.000000000000000  0.000000000000000  0.000000000000000 
127.000000000000000  0.000000000000000  0.000000000000000 
