 0.000000000000000 62.232280661066227 759.000000000000000 
 1.000000000000000 61.334703915089413 599.000000000000000 
 2.000000000000000 68.824731509532228 518.000000000000000 
 3.000000000000000 69.690875423874104 218.000000000000000 
 4.000000000000000 62.428450370996877 839.000000000000000 
 5.000000000000000 77.836801152531478 240.000000000000000 
 6.000000000000000 68.057892870561417 476.000000000000000 
 7.000000000000000 61.837260361357160 448.000000000000000 
 8.000000000000000 77.620023271023200 290.000000000000000 
 9.000000000000000 68.873543889152728 162.000000000000000 
10.000000000000000 55.688633471787647 484.000000000000000 
11.000000000000000 59.914666583863458 89.000000000000000 
12.000000000000000 63.701662625658692 102.000000000000000 
13.000000000000000 60.255356291055300 130.000000000000000 
14.000000000000000 58.052589344999994 86.000000000000000 
15.000000000000000 68.979186790290598 181.000000000000000 
16.000000000000000 56.934574678485276 220.000000000000000 
17.000000000000000 71.638959618239312 300.000000000000000 
18.000000000000000 64.805102865566894 442.000000000000000 
19.000000000000000 67.150804203496520 129.000000000000000 
20.000000000000000 64.238845178845793 266.000000000000000 
21.000000000000000 57.277575789306361 252.000000000000000 
22.000000000000000 78.375367772657768 135.000000000000000 
23.000000000000000 73.383836530494264 957.000000000000000 
24.000000000000000 73.356445406701212 160.000000000000000 
25.000000000000000 72.613121409994733 139.000000000000000 
26.000000000000000 73.923454588161562 760.000000000000000 
27.000000000000000 74.676556284798309 281.000000000000000 
28.000000000000000 75.147652616115849 372.000000000000000 
29.000000000000000 75.659926385169854 215.000000000000000 
30.000000000000000 80.243552058797263 269.000000000000000 
31.000000000000000 73.329860854450800 177.000000000000000 
32.000000000000000 57.170936013240841 96.000000000000000 
33.000000000000000 65.839599483507328 82.000000000000000 
34.000000000000000 64.601290608299394 158.000000000000000 
35.000000000000000 62.737432344435611 199.000000000000000 
36.000000000000000 78.812870981940023 223.000000000000000 
37.000000000000000 80.983467075132552 221.000000000000000 
38.000000000000000 62.506519048713756 1165.000000000000000 
39.000000000000000 65.045536544700823 423.000000000000000 
40.000000000000000 68.412311565101660 206.000000000000000 
41.000000000000000 64.675967033648206 199.000000000000000 
42.000000000000000 75.096987735646294 147.000000000000000 
43.000000000000000 76.915782670844763 270.000000000000000 
44.000000000000000 60.974700510451989 953.000000000000000 
45.000000000000000 61.808742732045161 362.000000000000000 
46.000000000000000 69.208581496878537 356.000000000000000 
47.000000000000000 72.386532856869394 230.000000000000000 
48.000000000000000 69.156598131707142 247.000000000000000 
49.000000000000000 68.745552165539621 564.000000000000000 
50.000000000000000 69.338022271326864 926.000000000000000 
51.000000000000000 72.174053200809411 160.000000000000000 
52.000000000000000 59.949692370533327 150.000000000000000 
53.000000000000000 66.716846421390173 163.000000000000000 
54.000000000000000 55.966138522770102 1075.000000000000000 
55.000000000000000 56.276607640908693 783.000000000000000 
56.000000000000000 61.666543694555486 171.000000000000000 
57.000000000000000 72.027471972217725 426.000000000000000 
58.000000000000000 78.826832894028101 315.000000000000000 
59.000000000000000 63.992123220959400 128.000000000000000 
60.000000000000000 67.274778957705962 241.000000000000000 
61.000000000000000 71.430898129751270 144.000000000000000 
62.000000000000000 57.396876052621181 118.000000000000000 
63.000000000000000 76.213215902797359 114.000000000000000 
64.000000000000000 66.023876426880165 487.000000000000000 
65.000000000000000 74.791853383034763 237.000000000000000 
66.000000000000000 54.652221008113166 76.000000000000000 
67.000000000000000 60.886743605548226 153.000000000000000 
68.000000000000000 67.283410002474056 325.000000000000000 
69.000000000000000 65.792937578672181 131.000000000000000 
70.000000000000000 59.214710471793268 256.000000000000000 
71.000000000000000 73.666374287608647 340.000000000000000 
72.000000000000000 62.348326061509404 947.000000000000000 
73.000000000000000 60.125526890469864 360.000000000000000 
74.000000000000000 43.984090871504584 84.000000000000000 
75.000000000000000 52.310309008366971 112.000000000000000 
76.000000000000000 45.122682656075845 58.000000000000000 
77.000000000000000 69.328412104724748 437.000000000000000 
78.000000000000000 50.587806722208242 288.000000000000000 
79.000000000000000  0.000000000000000  0.000000000000000 
80.000000000000000  0.000000000000000  0.000000000000000 
81.000000000000000  0.000000000000000  0.000000000000000 
82.000000000000000  0.000000000000000  0.000000000000000 
83.000000000000000  0.000000000000000  0.000000000000000 
84.000000000000000  0.000000000000000  0.000000000000000 
85.000000000000000  0.000000000000000  0.000000000000000 
86.000000000000000  0.000000000000000  0.000000000000000 
87.000000000000000  0.000000000000000  0.000000000000000 
88.000000000000000  0.000000000000000  0.000000000000000 
89.000000000000000  0.000000000000000  0.000000000000000 
90.000000000000000  0.000000000000000  0.000000000000000 
91.000000000000000  0.000000000000000  0.000000000000000 
92.000000000000000  0.000000000000000  0.000000000000000 
93.000000000000000  0.000000000000000  0.000000000000000 
94.000000000000000  0.000000000000000  0.000000000000000 
95.000000000000000  0.000000000000000  0.000000000000000 
96.000000000000000  0.000000000000000  0.000000000000000 
97.000000000000000  0.000000000000000  0.000000000000000 
98.000000000000000  0.000000000000000  0.000000000000000 
99.000000000000000  0.000000000000000  0.000000000000000 
100.000000000000000  0.000000000000000  0.000000000000000 
101.000000000000000  0.000000000000000  0.000000000000000 
102.000000000000000  0.000000000000000  0.000000000000000 
103.000000000000000  0.000000000000000  0.000000000000000 
104.000000000000000  0.000000000000000  0.000000000000000 
105.000000000000000  0.000000000000000  0.000000000000000 
106.000000000000000  0.000000000000000  0.000000000000000 
107.000000000000000  0.000000000000000  0.000000000000000 
108.000000000000000  0.000000000000000  0.000000000000000 
109.000000000000000  0.000000000000000  0.000000000000000 
110.000000000000000  0.000000000000000  0.000000000000000 
111.000000000000000  0.000000000000000  0.000000000000000 
112.000000000000000  0.000000000000000  0.000000000000000 
113.000000000000000  0.000000000000000  0.000000000000000 
114.000000000000000  0.000000000000000  0.000000000000000 
115.000000000000000  0.000000000000000  0.000000000000000 
116.000000000000000  0.000000000000000  0.000000000000000 
117.000000000000000  0.000000000000000  0.000000000000000 
118.000000000000000  0.000000000000000  0.000000000000000 
119.000000000000000  0.000000000000000  0.000000000000000 
120.000000000000000  0.000000000000000  0.000000000000000 
121.000000000000000  0.000000000000000  0.000000000000000 
122.000000000000000  0.000000000000000  0.000000000000000 
123.000000000000000  0.000000000000000  0.000000000000000 
124.000000000000000  0.000000000000000  0.000000000000000 
125.000000000000000  0.000000000000000  0.000000000000000 
126.000000000000000  0.000000000000000  0.000000000000000 
127.000000000000000  0.000000000000000  0.000000000000000 
