 0.000000000000000 99.832751793566487 952.000000000000000 
 1.000000000000000 81.743598343039423 728.000000000000000 
 2.000000000000000 117.851621559500714 643.000000000000000 
 3.000000000000000 111.049747743973157 203.000000000000000 
 4.000000000000000 89.949411416461331 703.000000000000000 
 5.000000000000000 96.946261711209161 242.000000000000000 
 6.000000000000000 102.881931667449422 554.000000000000000 
 7.000000000000000 96.554639812940366 868.000000000000000 
 8.000000000000000 109.705773096832516 357.000000000000000 
 9.000000000000000 75.604779304231542 165.000000000000000 
10.000000000000000 113.983368437694182 682.000000000000000 
11.000000000000000 89.860577874551083 118.000000000000000 
12.000000000000000 104.388410628793181 157.000000000000000 
13.000000000000000 96.660430790774953 205.000000000000000 
14.000000000000000 100.997817682329952 154.000000000000000 
15.000000000000000 86.191019784482506 162.000000000000000 
16.000000000000000 108.779876548140052 416.000000000000000 
17.000000000000000 86.011902204288560 322.000000000000000 
18.000000000000000 104.549362233894968 484.000000000000000 
19.000000000000000 104.643140434590904 169.000000000000000 
20.000000000000000 96.062385583375956 383.000000000000000 
21.000000000000000 114.052635130843214 454.000000000000000 
22.000000000000000 103.422148440796235 161.000000000000000 
23.000000000000000 77.916061834140123 1106.000000000000000 
24.000000000000000 74.557276851132997 178.000000000000000 
25.000000000000000 94.985607088329729 173.000000000000000 
26.000000000000000 108.089864478684433 940.000000000000000 
27.000000000000000 90.965334997694626 316.000000000000000 
28.000000000000000 104.969324500291123 432.000000000000000 
29.000000000000000 91.071873104996854 223.000000000000000 
30.000000000000000 113.379707698445415 349.000000000000000 
31.000000000000000 112.180398384454548 261.000000000000000 
32.000000000000000 97.238754426613283 155.000000000000000 
33.000000000000000 85.137186392076686 90.000000000000000 
34.000000000000000 101.934161123982378 172.000000000000000 
35.000000000000000 93.798535134067876 289.000000000000000 
36.000000000000000 101.917290022640259 214.000000000000000 
37.000000000000000 102.732500036562755 275.000000000000000 
38.000000000000000 82.208819262112570 1328.000000000000000 
39.000000000000000 107.502534750208696 641.000000000000000 
40.000000000000000 101.768192772934711 358.000000000000000 
41.000000000000000 104.327864228448661 319.000000000000000 
42.000000000000000 66.926866378970999 133.000000000000000 
43.000000000000000 86.160582590335906 286.000000000000000 
44.000000000000000 76.542022248203267 1145.000000000000000 
45.000000000000000 112.893663000282928 385.000000000000000 
46.000000000000000 91.471466224826003 424.000000000000000 
47.000000000000000 91.376949459432183 208.000000000000000 
48.000000000000000 96.116366993386393 353.000000000000000 
49.000000000000000 112.535951633196561 730.000000000000000 
50.000000000000000 90.016482607519961 1112.000000000000000 
51.000000000000000 85.455742950587890 170.000000000000000 
52.000000000000000 76.163812508802309 173.000000000000000 
53.000000000000000 81.500363154610511 171.000000000000000 
54.000000000000000 83.817672541492612 1223.000000000000000 
55.000000000000000 68.387126873923393 926.000000000000000 
56.000000000000000 83.793290211469142 201.000000000000000 
57.000000000000000 95.113598663341193 471.000000000000000 
58.000000000000000 76.940531034217344 284.000000000000000 
59.000000000000000 67.331850887029361 109.000000000000000 
60.000000000000000 74.080038900235635 196.000000000000000 
61.000000000000000 60.930512428907598 108.000000000000000 
62.000000000000000 51.016980278554009 92.000000000000000 
63.000000000000000  0.000000000000000  0.000000000000000 
64.000000000000000  0.000000000000000  0.000000000000000 
65.000000000000000  0.000000000000000  0.000000000000000 
66.000000000000000  0.000000000000000  0.000000000000000 
67.000000000000000  0.000000000000000  0.000000000000000 
68.000000000000000  0.000000000000000  0.000000000000000 
69.000000000000000  0.000000000000000  0.000000000000000 
70.000000000000000  0.000000000000000  0.000000000000000 
71.000000000000000  0.000000000000000  0.000000000000000 
72.000000000000000  0.000000000000000  0.000000000000000 
73.000000000000000  0.000000000000000  0.000000000000000 
74.000000000000000  0.000000000000000  0.000000000000000 
75.000000000000000  0.000000000000000  0.000000000000000 
76.000000000000000  0.000000000000000  0.000000000000000 
77.000000000000000  0.000000000000000  0.000000000000000 
78.000000000000000  0.000000000000000  0.000000000000000 
79.000000000000000  0.000000000000000  0.000000000000000 
80.000000000000000  0.000000000000000  0.000000000000000 
81.000000000000000  0.000000000000000  0.000000000000000 
82.000000000000000  0.000000000000000  0.000000000000000 
83.000000000000000  0.000000000000000  0.000000000000000 
84.000000000000000  0.000000000000000  0.000000000000000 
85.000000000000000  0.000000000000000  0.000000000000000 
86.000000000000000  0.000000000000000  0.000000000000000 
87.000000000000000  0.000000000000000  0.000000000000000 
88.000000000000000  0.000000000000000  0.000000000000000 
89.000000000000000  0.000000000000000  0.000000000000000 
90.000000000000000  0.000000000000000  0.000000000000000 
91.000000000000000  0.000000000000000  0.000000000000000 
92.000000000000000  0.000000000000000  0.000000000000000 
93.000000000000000  0.000000000000000  0.000000000000000 
94.000000000000000  0.000000000000000  0.000000000000000 
95.000000000000000  0.000000000000000  0.000000000000000 
96.000000000000000  0.000000000000000  0.000000000000000 
97.000000000000000  0.000000000000000  0.000000000000000 
98.000000000000000  0.000000000000000  0.000000000000000 
99.000000000000000  0.000000000000000  0.000000000000000 
100.000000000000000  0.000000000000000  0.000000000000000 
101.000000000000000  0.000000000000000  0.000000000000000 
102.000000000000000  0.000000000000000  0.000000000000000 
103.000000000000000  0.000000000000000  0.000000000000000 
104.000000000000000  0.000000000000000  0.000000000000000 
105.000000000000000  0.000000000000000  0.000000000000000 
106.000000000000000  0.000000000000000  0.000000000000000 
107.000000000000000  0.000000000000000  0.000000000000000 
108.000000000000000  0.000000000000000  0.000000000000000 
109.000000000000000  0.000000000000000  0.000000000000000 
110.000000000000000  0.000000000000000  0.000000000000000 
111.000000000000000  0.000000000000000  0.000000000000000 
112.000000000000000  0.000000000000000  0.000000000000000 
113.000000000000000  0.000000000000000  0.000000000000000 
114.000000000000000  0.000000000000000  0.000000000000000 
115.000000000000000  0.000000000000000  0.000000000000000 
116.000000000000000  0.000000000000000  0.000000000000000 
117.000000000000000  0.000000000000000  0.000000000000000 
118.000000000000000  0.000000000000000  0.000000000000000 
119.000000000000000  0.000000000000000  0.000000000000000 
120.000000000000000  0.000000000000000  0.000000000000000 
121.000000000000000  0.000000000000000  0.000000000000000 
122.000000000000000  0.000000000000000  0.000000000000000 
123.000000000000000  0.000000000000000  0.000000000000000 
124.000000000000000  0.000000000000000  0.000000000000000 
125.000000000000000  0.000000000000000  0.000000000000000 
126.000000000000000  0.000000000000000  0.000000000000000 
127.000000000000000  0.000000000000000  0.000000000000000 
