 0.000000000000000 138.772013334978993 1639.000000000000000 
 1.000000000000000 126.816082018271260 1379.000000000000000 
 2.000000000000000 168.347628775482150 866.000000000000000 
 3.000000000000000 171.103251839388804 288.000000000000000 
 4.000000000000000 142.403974523771410 926.000000000000000 
 5.000000000000000 174.782588231145269 391.000000000000000 
 6.000000000000000 175.538689096156048 833.000000000000000 
 7.000000000000000 138.794709883253375 1295.000000000000000 
 8.000000000000000 169.849082397783178 707.000000000000000 
 9.000000000000000 182.887760998052471 456.000000000000000 
10.000000000000000 157.708726610305860 934.000000000000000 
11.000000000000000 203.950415017134986 264.000000000000000 
12.000000000000000 176.915663126900199 251.000000000000000 
13.000000000000000 156.951633470080367 304.000000000000000 
14.000000000000000 175.619955319412696 223.000000000000000 
15.000000000000000 168.422084815355419 298.000000000000000 
16.000000000000000 175.169423892883117 753.000000000000000 
17.000000000000000 186.007821586546356 371.000000000000000 
18.000000000000000 173.248583206560255 639.000000000000000 
19.000000000000000 141.818408828731663 201.000000000000000 
20.000000000000000 176.294351815250423 595.000000000000000 
21.000000000000000 198.731481738807673 700.000000000000000 
22.000000000000000 168.825997532597029 238.000000000000000 
23.000000000000000 128.543599574203682 1587.000000000000000 
24.000000000000000 154.187394603149414 257.000000000000000 
25.000000000000000 185.478659209971710 263.000000000000000 
26.000000000000000 171.983718456395337 1468.000000000000000 
27.000000000000000 158.240125752485284 420.000000000000000 
28.000000000000000 194.244758150387639 704.000000000000000 
29.000000000000000 194.062408812356381 472.000000000000000 
30.000000000000000 182.827643715492485 437.000000000000000 
31.000000000000000 167.283595513056014 345.000000000000000 
32.000000000000000 165.299703238763385 224.000000000000000 
33.000000000000000 160.797832959672547 160.000000000000000 
34.000000000000000 149.494060416692633 220.000000000000000 
35.000000000000000 188.062347841970393 558.000000000000000 
36.000000000000000 169.137944809596291 346.000000000000000 
37.000000000000000 156.918030932912558 368.000000000000000 
38.000000000000000 196.950238433821454 2117.000000000000000 
39.000000000000000 145.949249014824147 629.000000000000000 
40.000000000000000 183.293223408769506 452.000000000000000 
41.000000000000000 147.842102430927781 423.000000000000000 
42.000000000000000  0.000000000000000  0.000000000000000 
43.000000000000000  0.000000000000000  0.000000000000000 
44.000000000000000  0.000000000000000  0.000000000000000 
45.000000000000000  0.000000000000000  0.000000000000000 
46.000000000000000  0.000000000000000  0.000000000000000 
47.000000000000000  0.000000000000000  0.000000000000000 
48.000000000000000  0.000000000000000  0.000000000000000 
49.000000000000000  0.000000000000000  0.000000000000000 
50.000000000000000  0.000000000000000  0.000000000000000 
51.000000000000000  0.000000000000000  0.000000000000000 
52.000000000000000  0.000000000000000  0.000000000000000 
53.000000000000000  0.000000000000000  0.000000000000000 
54.000000000000000  0.000000000000000  0.000000000000000 
55.000000000000000  0.000000000000000  0.000000000000000 
56.000000000000000  0.000000000000000  0.000000000000000 
57.000000000000000  0.000000000000000  0.000000000000000 
58.000000000000000  0.000000000000000  0.000000000000000 
59.000000000000000  0.000000000000000  0.000000000000000 
60.000000000000000  0.000000000000000  0.000000000000000 
61.000000000000000  0.000000000000000  0.000000000000000 
62.000000000000000  0.000000000000000  0.000000000000000 
63.000000000000000  0.000000000000000  0.000000000000000 
64.000000000000000  0.000000000000000  0.000000000000000 
65.000000000000000  0.000000000000000  0.000000000000000 
66.000000000000000  0.000000000000000  0.000000000000000 
67.000000000000000  0.000000000000000  0.000000000000000 
68.000000000000000  0.000000000000000  0.000000000000000 
69.000000000000000  0.000000000000000  0.000000000000000 
70.000000000000000  0.000000000000000  0.000000000000000 
71.000000000000000  0.000000000000000  0.000000000000000 
72.000000000000000  0.000000000000000  0.000000000000000 
73.000000000000000  0.000000000000000  0.000000000000000 
74.000000000000000  0.000000000000000  0.000000000000000 
75.000000000000000  0.000000000000000  0.000000000000000 
76.000000000000000  0.000000000000000  0.000000000000000 
77.000000000000000  0.000000000000000  0.000000000000000 
78.000000000000000  0.000000000000000  0.000000000000000 
79.000000000000000  0.000000000000000  0.000000000000000 
80.000000000000000  0.000000000000000  0.000000000000000 
81.000000000000000  0.000000000000000  0.000000000000000 
82.000000000000000  0.000000000000000  0.000000000000000 
83.000000000000000  0.000000000000000  0.000000000000000 
84.000000000000000  0.000000000000000  0.000000000000000 
85.000000000000000  0.000000000000000  0.000000000000000 
86.000000000000000  0.000000000000000  0.000000000000000 
87.000000000000000  0.000000000000000  0.000000000000000 
88.000000000000000  0.000000000000000  0.000000000000000 
89.000000000000000  0.000000000000000  0.000000000000000 
90.000000000000000  0.000000000000000  0.000000000000000 
91.000000000000000  0.000000000000000  0.000000000000000 
92.000000000000000  0.000000000000000  0.000000000000000 
93.000000000000000  0.000000000000000  0.000000000000000 
94.000000000000000  0.000000000000000  0.000000000000000 
95.000000000000000  0.000000000000000  0.000000000000000 
96.000000000000000  0.000000000000000  0.000000000000000 
97.000000000000000  0.000000000000000  0.000000000000000 
98.000000000000000  0.000000000000000  0.000000000000000 
99.000000000000000  0.000000000000000  0.000000000000000 
100.000000000000000  0.000000000000000  0.000000000000000 
101.000000000000000  0.000000000000000  0.000000000000000 
102.000000000000000  0.000000000000000  0.000000000000000 
103.000000000000000  0.000000000000000  0.000000000000000 
104.000000000000000  0.000000000000000  0.000000000000000 
105.000000000000000  0.000000000000000  0.000000000000000 
106.000000000000000  0.000000000000000  0.000000000000000 
107.000000000000000  0.000000000000000  0.000000000000000 
108.000000000000000  0.000000000000000  0.000000000000000 
109.000000000000000  0.000000000000000  0.000000000000000 
110.000000000000000  0.000000000000000  0.000000000000000 
111.000000000000000  0.000000000000000  0.000000000000000 
112.000000000000000  0.000000000000000  0.000000000000000 
113.000000000000000  0.000000000000000  0.000000000000000 
114.000000000000000  0.000000000000000  0.000000000000000 
115.000000000000000  0.000000000000000  0.000000000000000 
116.000000000000000  0.000000000000000  0.000000000000000 
117.000000000000000  0.000000000000000  0.000000000000000 
118.000000000000000  0.000000000000000  0.000000000000000 
119.000000000000000  0.000000000000000  0.000000000000000 
120.000000000000000  0.000000000000000  0.000000000000000 
121.000000000000000  0.000000000000000  0.000000000000000 
122.000000000000000  0.000000000000000  0.000000000000000 
123.000000000000000  0.000000000000000  0.000000000000000 
124.000000000000000  0.000000000000000  0.000000000000000 
125.000000000000000  0.000000000000000  0.000000000000000 
126.000000000000000  0.000000000000000  0.000000000000000 
127.000000000000000  0.000000000000000  0.000000000000000 
