 0.000000000000000 43.296445322040412 588.000000000000000 
 1.000000000000000 38.001898198805058 341.000000000000000 
 2.000000000000000 35.904475156086662 330.000000000000000 
 3.000000000000000 38.468194816684694 170.000000000000000 
 4.000000000000000 36.766853541369542 688.000000000000000 
 5.000000000000000 37.241194255669747 143.000000000000000 
 6.000000000000000 44.350893560147945 439.000000000000000 
 7.000000000000000 35.746787581531201 269.000000000000000 
 8.000000000000000 46.211940021235428 254.000000000000000 
 9.000000000000000 39.250680486574645 106.000000000000000 
10.000000000000000 41.670940262803789 349.000000000000000 
11.000000000000000 26.218082559961704 47.000000000000000 
12.000000000000000 31.364385491105200 77.000000000000000 
13.000000000000000 35.341360462161362 88.000000000000000 
14.000000000000000 43.981502646388904 72.000000000000000 
15.000000000000000 36.066782779095149 103.000000000000000 
16.000000000000000 33.419317503252103 161.000000000000000 
17.000000000000000 38.407917687562509 192.000000000000000 
18.000000000000000 43.185013461609621 369.000000000000000 
19.000000000000000 36.952754159180977 63.000000000000000 
20.000000000000000 40.748584391672345 203.000000000000000 
21.000000000000000 36.523827068359424 168.000000000000000 
22.000000000000000 39.070937397780760 78.000000000000000 
23.000000000000000 43.997225934639808 703.000000000000000 
24.000000000000000 38.402945880594466 109.000000000000000 
25.000000000000000 39.670614895133184 97.000000000000000 
26.000000000000000 41.483346077738389 584.000000000000000 
27.000000000000000 32.390282647980371 163.000000000000000 
28.000000000000000 44.049919965088307 239.000000000000000 
29.000000000000000 34.818731419834997 121.000000000000000 
30.000000000000000 32.749124941613616 113.000000000000000 
31.000000000000000 31.358061162289836 84.000000000000000 
32.000000000000000 29.892314485473992 58.000000000000000 
33.000000000000000 26.163764840250000 40.000000000000000 
34.000000000000000 40.812347413388430 121.000000000000000 
35.000000000000000 32.750348334365825 110.000000000000000 
36.000000000000000 31.638468398669030 93.000000000000000 
37.000000000000000 32.831142335987323 71.000000000000000 
38.000000000000000 29.639004056472295 729.000000000000000 
39.000000000000000 36.492178770986513 416.000000000000000 
40.000000000000000 30.976834728092442 119.000000000000000 
41.000000000000000 45.121973877618252 211.000000000000000 
42.000000000000000 40.005533805301212 83.000000000000000 
43.000000000000000 46.283344067665432 173.000000000000000 
44.000000000000000 28.224902916995941 618.000000000000000 
45.000000000000000 33.113148365517851 217.000000000000000 
46.000000000000000 33.234440495484002 162.000000000000000 
47.000000000000000 47.180999060156942 171.000000000000000 
48.000000000000000 37.744091115141075 117.000000000000000 
49.000000000000000 40.950187965550512 393.000000000000000 
50.000000000000000 49.576230746406466 698.000000000000000 
51.000000000000000 42.881401795920503 143.000000000000000 
52.000000000000000 41.227183362621425 112.000000000000000 
53.000000000000000 30.980029396779816 109.000000000000000 
54.000000000000000 33.169756566241198 807.000000000000000 
55.000000000000000 26.914756513198686 549.000000000000000 
56.000000000000000 43.834479496767592 109.000000000000000 
57.000000000000000 43.596784368681980 250.000000000000000 
58.000000000000000 33.020539234774382 161.000000000000000 
59.000000000000000 45.402569072590936 88.000000000000000 
60.000000000000000 29.788805881499311 145.000000000000000 
61.000000000000000 37.541034304469768 82.000000000000000 
62.000000000000000 32.005684471285697 70.000000000000000 
63.000000000000000 37.466348012757351 68.000000000000000 
64.000000000000000 42.993408297920894 449.000000000000000 
65.000000000000000 31.971949749061949 134.000000000000000 
66.000000000000000 34.527549401922229 54.000000000000000 
67.000000000000000 37.462838492647670 86.000000000000000 
68.000000000000000 33.212003200394008 173.000000000000000 
69.000000000000000 43.969137744672807 165.000000000000000 
70.000000000000000 45.879686517740538 275.000000000000000 
71.000000000000000 44.543427397814114 248.000000000000000 
72.000000000000000 33.147728102832779 476.000000000000000 
73.000000000000000 37.017861889950311 247.000000000000000 
74.000000000000000 35.356919906303837 87.000000000000000 
75.000000000000000 37.795495454123703 97.000000000000000 
76.000000000000000 27.233766013600004 38.000000000000000 
77.000000000000000 36.496142094474500 254.000000000000000 
78.000000000000000 36.023731869925044 209.000000000000000 
79.000000000000000 38.368436097819618 194.000000000000000 
80.000000000000000 40.023595921971889 291.000000000000000 
81.000000000000000 26.622430774418547 97.000000000000000 
82.000000000000000 34.343306600073788 287.000000000000000 
83.000000000000000 43.316422654835627 96.000000000000000 
84.000000000000000 40.680577334414487 76.000000000000000 
85.000000000000000 36.361203066149812 113.000000000000000 
86.000000000000000 33.070785948024707 67.000000000000000 
87.000000000000000 33.878218273353632 81.000000000000000 
88.000000000000000 33.656859744894781 186.000000000000000 
89.000000000000000 32.893460822392910 94.000000000000000 
90.000000000000000 44.049845981447092 788.000000000000000 
91.000000000000000 38.839852813454662 606.000000000000000 
92.000000000000000 32.238860599168582 146.000000000000000 
93.000000000000000 34.167562424471022 213.000000000000000 
94.000000000000000 34.594274454108024 212.000000000000000 
95.000000000000000 36.311549778410061 293.000000000000000 
96.000000000000000 43.026892495035419 463.000000000000000 
97.000000000000000 26.261150396705414 36.000000000000000 
98.000000000000000 32.787648005958268 163.000000000000000 
99.000000000000000 35.377828031180158 261.000000000000000 
100.000000000000000 32.964051563995838 96.000000000000000 
101.000000000000000 34.614049131838122 196.000000000000000 
102.000000000000000 32.369667447732091 212.000000000000000 
103.000000000000000 32.243045132942342 111.000000000000000 
104.000000000000000 36.438169955558820 136.000000000000000 
105.000000000000000 38.186802856195172 415.000000000000000 
106.000000000000000 27.530828444506202 113.000000000000000 
107.000000000000000 34.342208775530281 142.000000000000000 
108.000000000000000 26.713897528972904 48.000000000000000 
109.000000000000000 33.254806153526857 157.000000000000000 
110.000000000000000 43.257061490531264 795.000000000000000 
111.000000000000000 39.917161910101001 395.000000000000000 
112.000000000000000 28.289587578683886 102.000000000000000 
113.000000000000000 34.181259849431534 127.000000000000000 
114.000000000000000 29.493104264214516 62.000000000000000 
115.000000000000000 31.247447727314821 108.000000000000000 
116.000000000000000 23.664145035391673 62.000000000000000 
117.000000000000000 25.671261143974210 165.000000000000000 
118.000000000000000  0.000000000000000  0.000000000000000 
119.000000000000000  0.000000000000000  0.000000000000000 
120.000000000000000  0.000000000000000  0.000000000000000 
121.000000000000000  0.000000000000000  0.000000000000000 
122.000000000000000  0.000000000000000  0.000000000000000 
123.000000000000000  0.000000000000000  0.000000000000000 
124.000000000000000  0.000000000000000  0.000000000000000 
125.000000000000000  0.000000000000000  0.000000000000000 
126.000000000000000  0.000000000000000  0.000000000000000 
127.000000000000000  0.000000000000000  0.000000000000000 
