 0.000000000000000 138.087543776250186 1662.000000000000000 
 1.000000000000000 125.588189562868379 1360.000000000000000 
 2.000000000000000 182.402043936873213 682.000000000000000 
 3.000000000000000 180.726126106442337 304.000000000000000 
 4.000000000000000 144.435858232426796 993.000000000000000 
 5.000000000000000 208.674868045513080 497.000000000000000 
 6.000000000000000 183.396581674224592 840.000000000000000 
 7.000000000000000 161.789597828749407 1320.000000000000000 
 8.000000000000000 200.184132768251260 957.000000000000000 
 9.000000000000000 188.360889899276827 465.000000000000000 
10.000000000000000 184.671362432558908 1085.000000000000000 
11.000000000000000 204.357679846620357 265.000000000000000 
12.000000000000000 158.663873363578176 229.000000000000000 
13.000000000000000 162.953391824374137 315.000000000000000 
14.000000000000000 180.411119327732138 230.000000000000000 
15.000000000000000 168.414349479418973 298.000000000000000 
16.000000000000000 182.190319515711309 696.000000000000000 
17.000000000000000 192.231142669744088 383.000000000000000 
18.000000000000000 180.842990637477016 657.000000000000000 
19.000000000000000 146.673513335536256 204.000000000000000 
20.000000000000000 182.230240352899557 633.000000000000000 
21.000000000000000 205.826540067265427 729.000000000000000 
22.000000000000000 184.971244650272212 250.000000000000000 
23.000000000000000 149.557364705050162 1646.000000000000000 
24.000000000000000 163.756616611880986 266.000000000000000 
25.000000000000000 181.753985837567768 260.000000000000000 
26.000000000000000 164.412245690501607 1439.000000000000000 
27.000000000000000 163.382297918045111 430.000000000000000 
28.000000000000000 184.143711454552488 701.000000000000000 
29.000000000000000 205.379004609570245 503.000000000000000 
30.000000000000000 201.563867902108456 486.000000000000000 
31.000000000000000 169.044559606043521 347.000000000000000 
32.000000000000000 168.281498634212511 227.000000000000000 
33.000000000000000 160.797832959672576 160.000000000000000 
34.000000000000000 154.037778138760984 227.000000000000000 
35.000000000000000 186.611080945486464 552.000000000000000 
36.000000000000000 179.949965995736818 376.000000000000000 
37.000000000000000 156.174272302329825 365.000000000000000 
38.000000000000000 200.754070429425184 2140.000000000000000 
39.000000000000000 141.435159896302309 454.000000000000000 
40.000000000000000 170.369989228565743 368.000000000000000 
41.000000000000000  0.000000000000000  0.000000000000000 
42.000000000000000  0.000000000000000  0.000000000000000 
43.000000000000000  0.000000000000000  0.000000000000000 
44.000000000000000  0.000000000000000  0.000000000000000 
45.000000000000000  0.000000000000000  0.000000000000000 
46.000000000000000  0.000000000000000  0.000000000000000 
47.000000000000000  0.000000000000000  0.000000000000000 
48.000000000000000  0.000000000000000  0.000000000000000 
49.000000000000000  0.000000000000000  0.000000000000000 
50.000000000000000  0.000000000000000  0.000000000000000 
51.000000000000000  0.000000000000000  0.000000000000000 
52.000000000000000  0.000000000000000  0.000000000000000 
53.000000000000000  0.000000000000000  0.000000000000000 
54.000000000000000  0.000000000000000  0.000000000000000 
55.000000000000000  0.000000000000000  0.000000000000000 
56.000000000000000  0.000000000000000  0.000000000000000 
57.000000000000000  0.000000000000000  0.000000000000000 
58.000000000000000  0.000000000000000  0.000000000000000 
59.000000000000000  0.000000000000000  0.000000000000000 
60.000000000000000  0.000000000000000  0.000000000000000 
61.000000000000000  0.000000000000000  0.000000000000000 
62.000000000000000  0.000000000000000  0.000000000000000 
63.000000000000000  0.000000000000000  0.000000000000000 
64.000000000000000  0.000000000000000  0.000000000000000 
65.000000000000000  0.000000000000000  0.000000000000000 
66.000000000000000  0.000000000000000  0.000000000000000 
67.000000000000000  0.000000000000000  0.000000000000000 
68.000000000000000  0.000000000000000  0.000000000000000 
69.000000000000000  0.000000000000000  0.000000000000000 
70.000000000000000  0.000000000000000  0.000000000000000 
71.000000000000000  0.000000000000000  0.000000000000000 
72.000000000000000  0.000000000000000  0.000000000000000 
73.000000000000000  0.000000000000000  0.000000000000000 
74.000000000000000  0.000000000000000  0.000000000000000 
75.000000000000000  0.000000000000000  0.000000000000000 
76.000000000000000  0.000000000000000  0.000000000000000 
77.000000000000000  0.000000000000000  0.000000000000000 
78.000000000000000  0.000000000000000  0.000000000000000 
79.000000000000000  0.000000000000000  0.000000000000000 
80.000000000000000  0.000000000000000  0.000000000000000 
81.000000000000000  0.000000000000000  0.000000000000000 
82.000000000000000  0.000000000000000  0.000000000000000 
83.000000000000000  0.000000000000000  0.000000000000000 
84.000000000000000  0.000000000000000  0.000000000000000 
85.000000000000000  0.000000000000000  0.000000000000000 
86.000000000000000  0.000000000000000  0.000000000000000 
87.000000000000000  0.000000000000000  0.000000000000000 
88.000000000000000  0.000000000000000  0.000000000000000 
89.000000000000000  0.000000000000000  0.000000000000000 
90.000000000000000  0.000000000000000  0.000000000000000 
91.000000000000000  0.000000000000000  0.000000000000000 
92.000000000000000  0.000000000000000  0.000000000000000 
93.000000000000000  0.000000000000000  0.000000000000000 
94.000000000000000  0.000000000000000  0.000000000000000 
95.000000000000000  0.000000000000000  0.000000000000000 
96.000000000000000  0.000000000000000  0.000000000000000 
97.000000000000000  0.000000000000000  0.000000000000000 
98.000000000000000  0.000000000000000  0.000000000000000 
99.000000000000000  0.000000000000000  0.000000000000000 
100.000000000000000  0.000000000000000  0.000000000000000 
101.000000000000000  0.000000000000000  0.000000000000000 
102.000000000000000  0.000000000000000  0.000000000000000 
103.000000000000000  0.000000000000000  0.000000000000000 
104.000000000000000  0.000000000000000  0.000000000000000 
105.000000000000000  0.000000000000000  0.000000000000000 
106.000000000000000  0.000000000000000  0.000000000000000 
107.000000000000000  0.000000000000000  0.000000000000000 
108.000000000000000  0.000000000000000  0.000000000000000 
109.000000000000000  0.000000000000000  0.000000000000000 
110.000000000000000  0.000000000000000  0.000000000000000 
111.000000000000000  0.000000000000000  0.000000000000000 
112.000000000000000  0.000000000000000  0.000000000000000 
113.000000000000000  0.000000000000000  0.000000000000000 
114.000000000000000  0.000000000000000  0.000000000000000 
115.000000000000000  0.000000000000000  0.000000000000000 
116.000000000000000  0.000000000000000  0.000000000000000 
117.000000000000000  0.000000000000000  0.000000000000000 
118.000000000000000  0.000000000000000  0.000000000000000 
119.000000000000000  0.000000000000000  0.000000000000000 
120.000000000000000  0.000000000000000  0.000000000000000 
121.000000000000000  0.000000000000000  0.000000000000000 
122.000000000000000  0.000000000000000  0.000000000000000 
123.000000000000000  0.000000000000000  0.000000000000000 
124.000000000000000  0.000000000000000  0.000000000000000 
125.000000000000000  0.000000000000000  0.000000000000000 
126.000000000000000  0.000000000000000  0.000000000000000 
127.000000000000000  0.000000000000000  0.000000000000000 
