 0.000000000000000 99.832751793566416 952.000000000000000 
 1.000000000000000 81.743598343039338 728.000000000000000 
 2.000000000000000 118.027998253393079 643.000000000000000 
 3.000000000000000 114.423243472256971 205.000000000000000 
 4.000000000000000 90.142490935911695 704.000000000000000 
 5.000000000000000 98.604691591989777 246.000000000000000 
 6.000000000000000 105.566202737044904 554.000000000000000 
 7.000000000000000 96.391419204865457 868.000000000000000 
 8.000000000000000 109.863839425376213 357.000000000000000 
 9.000000000000000 89.231302102778031 183.000000000000000 
10.000000000000000 114.605601878218607 683.000000000000000 
11.000000000000000 128.886724869536550 173.000000000000000 
12.000000000000000 114.301662460373436 168.000000000000000 
13.000000000000000 107.407869536733784 220.000000000000000 
14.000000000000000 106.889989535989429 154.000000000000000 
15.000000000000000 88.816924073051041 163.000000000000000 
16.000000000000000 111.707786901017258 419.000000000000000 
17.000000000000000 91.517591209077992 337.000000000000000 
18.000000000000000 104.465496588816066 483.000000000000000 
19.000000000000000 104.732472801425146 169.000000000000000 
20.000000000000000 102.288634291071759 397.000000000000000 
21.000000000000000 118.860656293617467 454.000000000000000 
22.000000000000000 108.332642307387914 165.000000000000000 
23.000000000000000 77.916061834140294 1106.000000000000000 
24.000000000000000 112.617002900069423 237.000000000000000 
25.000000000000000 96.338944678930801 175.000000000000000 
26.000000000000000 109.474855812339698 946.000000000000000 
27.000000000000000 95.756842776678141 325.000000000000000 
28.000000000000000 106.613014122892466 438.000000000000000 
29.000000000000000 99.115441080493667 235.000000000000000 
30.000000000000000 118.467872622702586 357.000000000000000 
31.000000000000000 117.287934599199971 267.000000000000000 
32.000000000000000 108.165066042913125 171.000000000000000 
33.000000000000000 119.888243195809821 122.000000000000000 
34.000000000000000 100.616170369605285 166.000000000000000 
35.000000000000000 98.684745466415166 299.000000000000000 
36.000000000000000 102.100342932784244 215.000000000000000 
37.000000000000000 117.079151651294595 300.000000000000000 
38.000000000000000 82.208819262112556 1328.000000000000000 
39.000000000000000 108.587714756499921 643.000000000000000 
40.000000000000000 103.489545010900073 359.000000000000000 
41.000000000000000 104.620141625519054 320.000000000000000 
42.000000000000000 74.653977045037180 134.000000000000000 
43.000000000000000 90.824800524689778 299.000000000000000 
44.000000000000000 76.542022248203153 1145.000000000000000 
45.000000000000000 113.787357070853005 386.000000000000000 
46.000000000000000 90.573966707698929 423.000000000000000 
47.000000000000000 93.589149938111831 209.000000000000000 
48.000000000000000 95.577250554511153 349.000000000000000 
49.000000000000000 113.186638312519804 732.000000000000000 
50.000000000000000 90.016482607520047 1112.000000000000000 
51.000000000000000 91.018156526448379 178.000000000000000 
52.000000000000000 81.396534804443334 181.000000000000000 
53.000000000000000 99.947322951532414 191.000000000000000 
54.000000000000000 83.817672541492570 1223.000000000000000 
55.000000000000000 68.387126873923350 926.000000000000000 
56.000000000000000 93.655265049735675 210.000000000000000 
57.000000000000000 95.501098643268648 472.000000000000000 
58.000000000000000 82.148895545949358 294.000000000000000 
59.000000000000000 65.466017579808607 103.000000000000000 
60.000000000000000  0.000000000000000  0.000000000000000 
61.000000000000000  0.000000000000000  0.000000000000000 
62.000000000000000  0.000000000000000  0.000000000000000 
63.000000000000000  0.000000000000000  0.000000000000000 
64.000000000000000  0.000000000000000  0.000000000000000 
65.000000000000000  0.000000000000000  0.000000000000000 
66.000000000000000  0.000000000000000  0.000000000000000 
67.000000000000000  0.000000000000000  0.000000000000000 
68.000000000000000  0.000000000000000  0.000000000000000 
69.000000000000000  0.000000000000000  0.000000000000000 
70.000000000000000  0.000000000000000  0.000000000000000 
71.000000000000000  0.000000000000000  0.000000000000000 
72.000000000000000  0.000000000000000  0.000000000000000 
73.000000000000000  0.000000000000000  0.000000000000000 
74.000000000000000  0.000000000000000  0.000000000000000 
75.000000000000000  0.000000000000000  0.000000000000000 
76.000000000000000  0.000000000000000  0.000000000000000 
77.000000000000000  0.000000000000000  0.000000000000000 
78.000000000000000  0.000000000000000  0.000000000000000 
79.000000000000000  0.000000000000000  0.000000000000000 
80.000000000000000  0.000000000000000  0.000000000000000 
81.000000000000000  0.000000000000000  0.000000000000000 
82.000000000000000  0.000000000000000  0.000000000000000 
83.000000000000000  0.000000000000000  0.000000000000000 
84.000000000000000  0.000000000000000  0.000000000000000 
85.000000000000000  0.000000000000000  0.000000000000000 
86.000000000000000  0.000000000000000  0.000000000000000 
87.000000000000000  0.000000000000000  0.000000000000000 
88.000000000000000  0.000000000000000  0.000000000000000 
89.000000000000000  0.000000000000000  0.000000000000000 
90.000000000000000  0.000000000000000  0.000000000000000 
91.000000000000000  0.000000000000000  0.000000000000000 
92.000000000000000  0.000000000000000  0.000000000000000 
93.000000000000000  0.000000000000000  0.000000000000000 
94.000000000000000  0.000000000000000  0.000000000000000 
95.000000000000000  0.000000000000000  0.000000000000000 
96.000000000000000  0.000000000000000  0.000000000000000 
97.000000000000000  0.000000000000000  0.000000000000000 
98.000000000000000  0.000000000000000  0.000000000000000 
99.000000000000000  0.000000000000000  0.000000000000000 
100.000000000000000  0.000000000000000  0.000000000000000 
101.000000000000000  0.000000000000000  0.000000000000000 
102.000000000000000  0.000000000000000  0.000000000000000 
103.000000000000000  0.000000000000000  0.000000000000000 
104.000000000000000  0.000000000000000  0.000000000000000 
105.000000000000000  0.000000000000000  0.000000000000000 
106.000000000000000  0.000000000000000  0.000000000000000 
107.000000000000000  0.000000000000000  0.000000000000000 
108.000000000000000  0.000000000000000  0.000000000000000 
109.000000000000000  0.000000000000000  0.000000000000000 
110.000000000000000  0.000000000000000  0.000000000000000 
111.000000000000000  0.000000000000000  0.000000000000000 
112.000000000000000  0.000000000000000  0.000000000000000 
113.000000000000000  0.000000000000000  0.000000000000000 
114.000000000000000  0.000000000000000  0.000000000000000 
115.000000000000000  0.000000000000000  0.000000000000000 
116.000000000000000  0.000000000000000  0.000000000000000 
117.000000000000000  0.000000000000000  0.000000000000000 
118.000000000000000  0.000000000000000  0.000000000000000 
119.000000000000000  0.000000000000000  0.000000000000000 
120.000000000000000  0.000000000000000  0.000000000000000 
121.000000000000000  0.000000000000000  0.000000000000000 
122.000000000000000  0.000000000000000  0.000000000000000 
123.000000000000000  0.000000000000000  0.000000000000000 
124.000000000000000  0.000000000000000  0.000000000000000 
125.000000000000000  0.000000000000000  0.000000000000000 
126.000000000000000  0.000000000000000  0.000000000000000 
127.000000000000000  0.000000000000000  0.000000000000000 
