 0.000000000000000 122.207248761532156 1263.000000000000000 
 1.000000000000000 129.150887816730233 1423.000000000000000 
 2.000000000000000 170.517436110966941 928.000000000000000 
 3.000000000000000 159.614302752457235 270.000000000000000 
 4.000000000000000 134.004404092722950 849.000000000000000 
 5.000000000000000 150.376775118931022 344.000000000000000 
 6.000000000000000 149.832397647958572 755.000000000000000 
 7.000000000000000 100.581535205192495 1048.000000000000000 
 8.000000000000000 149.021874808990077 517.000000000000000 
 9.000000000000000 174.719926361448415 437.000000000000000 
10.000000000000000 168.586209450857865 977.000000000000000 
11.000000000000000 148.986458706648421 198.000000000000000 
12.000000000000000 165.104368470709062 228.000000000000000 
13.000000000000000 148.562182898264155 300.000000000000000 
14.000000000000000 150.617766226088577 201.000000000000000 
15.000000000000000 146.567200869921663 271.000000000000000 
16.000000000000000 170.532980231766714 766.000000000000000 
17.000000000000000 142.203211996355918 327.000000000000000 
18.000000000000000 157.748437728346431 571.000000000000000 
19.000000000000000 151.719410363162780 212.000000000000000 
20.000000000000000 182.775674224766078 649.000000000000000 
21.000000000000000 173.619814514695662 658.000000000000000 
22.000000000000000 153.390403720314197 221.000000000000000 
23.000000000000000 111.499929794488466 1434.000000000000000 
24.000000000000000 148.818687963924674 256.000000000000000 
25.000000000000000 165.596882025962515 249.000000000000000 
26.000000000000000 148.540908447589828 1313.000000000000000 
27.000000000000000 168.698817920874234 419.000000000000000 
28.000000000000000 154.700915546764293 574.000000000000000 
29.000000000000000 182.704159816427222 446.000000000000000 
30.000000000000000 166.555348797876917 393.000000000000000 
31.000000000000000 164.713741770118247 347.000000000000000 
32.000000000000000 138.007833817670473 197.000000000000000 
33.000000000000000 149.719818479637723 151.000000000000000 
34.000000000000000 142.858179515715705 204.000000000000000 
35.000000000000000 188.668910642099860 559.000000000000000 
36.000000000000000 142.536795853211686 279.000000000000000 
37.000000000000000 160.199708969456879 382.000000000000000 
38.000000000000000 117.320577248932338 1560.000000000000000 
39.000000000000000 142.050062577023027 605.000000000000000 
40.000000000000000 135.875822154526190 508.000000000000000 
41.000000000000000 139.472204405458285 427.000000000000000 
42.000000000000000 151.541957990615288 247.000000000000000 
43.000000000000000 161.331878145013206 379.000000000000000 
44.000000000000000 150.461733008525982 1659.000000000000000 
45.000000000000000  0.000000000000000  0.000000000000000 
46.000000000000000  0.000000000000000  0.000000000000000 
47.000000000000000  0.000000000000000  0.000000000000000 
48.000000000000000  0.000000000000000  0.000000000000000 
49.000000000000000  0.000000000000000  0.000000000000000 
50.000000000000000  0.000000000000000  0.000000000000000 
51.000000000000000  0.000000000000000  0.000000000000000 
52.000000000000000  0.000000000000000  0.000000000000000 
53.000000000000000  0.000000000000000  0.000000000000000 
54.000000000000000  0.000000000000000  0.000000000000000 
55.000000000000000  0.000000000000000  0.000000000000000 
56.000000000000000  0.000000000000000  0.000000000000000 
57.000000000000000  0.000000000000000  0.000000000000000 
58.000000000000000  0.000000000000000  0.000000000000000 
59.000000000000000  0.000000000000000  0.000000000000000 
60.000000000000000  0.000000000000000  0.000000000000000 
61.000000000000000  0.000000000000000  0.000000000000000 
62.000000000000000  0.000000000000000  0.000000000000000 
63.000000000000000  0.000000000000000  0.000000000000000 
64.000000000000000  0.000000000000000  0.000000000000000 
65.000000000000000  0.000000000000000  0.000000000000000 
66.000000000000000  0.000000000000000  0.000000000000000 
67.000000000000000  0.000000000000000  0.000000000000000 
68.000000000000000  0.000000000000000  0.000000000000000 
69.000000000000000  0.000000000000000  0.000000000000000 
70.000000000000000  0.000000000000000  0.000000000000000 
71.000000000000000  0.000000000000000  0.000000000000000 
72.000000000000000  0.000000000000000  0.000000000000000 
73.000000000000000  0.000000000000000  0.000000000000000 
74.000000000000000  0.000000000000000  0.000000000000000 
75.000000000000000  0.000000000000000  0.000000000000000 
76.000000000000000  0.000000000000000  0.000000000000000 
77.000000000000000  0.000000000000000  0.000000000000000 
78.000000000000000  0.000000000000000  0.000000000000000 
79.000000000000000  0.000000000000000  0.000000000000000 
80.000000000000000  0.000000000000000  0.000000000000000 
81.000000000000000  0.000000000000000  0.000000000000000 
82.000000000000000  0.000000000000000  0.000000000000000 
83.000000000000000  0.000000000000000  0.000000000000000 
84.000000000000000  0.000000000000000  0.000000000000000 
85.000000000000000  0.000000000000000  0.000000000000000 
86.000000000000000  0.000000000000000  0.000000000000000 
87.000000000000000  0.000000000000000  0.000000000000000 
88.000000000000000  0.000000000000000  0.000000000000000 
89.000000000000000  0.000000000000000  0.000000000000000 
90.000000000000000  0.000000000000000  0.000000000000000 
91.000000000000000  0.000000000000000  0.000000000000000 
92.000000000000000  0.000000000000000  0.000000000000000 
93.000000000000000  0.000000000000000  0.000000000000000 
94.000000000000000  0.000000000000000  0.000000000000000 
95.000000000000000  0.000000000000000  0.000000000000000 
96.000000000000000  0.000000000000000  0.000000000000000 
97.000000000000000  0.000000000000000  0.000000000000000 
98.000000000000000  0.000000000000000  0.000000000000000 
99.000000000000000  0.000000000000000  0.000000000000000 
100.000000000000000  0.000000000000000  0.000000000000000 
101.000000000000000  0.000000000000000  0.000000000000000 
102.000000000000000  0.000000000000000  0.000000000000000 
103.000000000000000  0.000000000000000  0.000000000000000 
104.000000000000000  0.000000000000000  0.000000000000000 
105.000000000000000  0.000000000000000  0.000000000000000 
106.000000000000000  0.000000000000000  0.000000000000000 
107.000000000000000  0.000000000000000  0.000000000000000 
108.000000000000000  0.000000000000000  0.000000000000000 
109.000000000000000  0.000000000000000  0.000000000000000 
110.000000000000000  0.000000000000000  0.000000000000000 
111.000000000000000  0.000000000000000  0.000000000000000 
112.000000000000000  0.000000000000000  0.000000000000000 
113.000000000000000  0.000000000000000  0.000000000000000 
114.000000000000000  0.000000000000000  0.000000000000000 
115.000000000000000  0.000000000000000  0.000000000000000 
116.000000000000000  0.000000000000000  0.000000000000000 
117.000000000000000  0.000000000000000  0.000000000000000 
118.000000000000000  0.000000000000000  0.000000000000000 
119.000000000000000  0.000000000000000  0.000000000000000 
120.000000000000000  0.000000000000000  0.000000000000000 
121.000000000000000  0.000000000000000  0.000000000000000 
122.000000000000000  0.000000000000000  0.000000000000000 
123.000000000000000  0.000000000000000  0.000000000000000 
124.000000000000000  0.000000000000000  0.000000000000000 
125.000000000000000  0.000000000000000  0.000000000000000 
126.000000000000000  0.000000000000000  0.000000000000000 
127.000000000000000  0.000000000000000  0.000000000000000 
