 0.000000000000000 86.557627819290033 784.000000000000000 
 1.000000000000000 79.407757446913038 678.000000000000000 
 2.000000000000000 101.827864820862573 565.000000000000000 
 3.000000000000000 93.167607383073090 228.000000000000000 
 4.000000000000000 71.638180003035743 868.000000000000000 
 5.000000000000000 98.888163668701068 254.000000000000000 
 6.000000000000000 92.104243657878115 596.000000000000000 
 7.000000000000000 83.217219335508730 687.000000000000000 
 8.000000000000000 99.430301903126761 332.000000000000000 
 9.000000000000000 80.181267267253034 182.000000000000000 
10.000000000000000 100.094521165946986 614.000000000000000 
11.000000000000000 95.354903840451186 129.000000000000000 
12.000000000000000 103.954167901973037 158.000000000000000 
13.000000000000000 86.772629640279163 187.000000000000000 
14.000000000000000 91.527394956138011 145.000000000000000 
15.000000000000000 86.011105117814324 167.000000000000000 
16.000000000000000 83.684574796247944 312.000000000000000 
17.000000000000000 78.249952177634825 298.000000000000000 
18.000000000000000 87.719297575894146 452.000000000000000 
19.000000000000000 91.567211878156641 148.000000000000000 
20.000000000000000 78.965247483503532 304.000000000000000 
21.000000000000000 82.555427589780209 385.000000000000000 
22.000000000000000 96.061524675811185 143.000000000000000 
23.000000000000000 64.454901611188845 924.000000000000000 
24.000000000000000 88.998287286477762 177.000000000000000 
25.000000000000000 93.760208595993262 162.000000000000000 
26.000000000000000 94.638055894594501 861.000000000000000 
27.000000000000000 91.734973070859155 315.000000000000000 
28.000000000000000 89.218238265024283 379.000000000000000 
29.000000000000000 82.872547321823234 224.000000000000000 
30.000000000000000 101.866423600877766 314.000000000000000 
31.000000000000000 93.027020813351101 224.000000000000000 
32.000000000000000 81.761150133101395 131.000000000000000 
33.000000000000000 76.373066485482894 82.000000000000000 
34.000000000000000 77.400897490650010 176.000000000000000 
35.000000000000000 78.874946218651544 254.000000000000000 
36.000000000000000 83.566274048034018 241.000000000000000 
37.000000000000000 94.110131811620704 260.000000000000000 
38.000000000000000 86.316288879105400 1372.000000000000000 
39.000000000000000 98.406818412311196 576.000000000000000 
40.000000000000000 84.452075026835743 313.000000000000000 
41.000000000000000 85.925875467408588 275.000000000000000 
42.000000000000000 73.445246261304348 138.000000000000000 
43.000000000000000 84.311455492532190 297.000000000000000 
44.000000000000000 82.920575028722766 1227.000000000000000 
45.000000000000000 74.961125404792114 381.000000000000000 
46.000000000000000 74.960972410347139 389.000000000000000 
47.000000000000000 81.966773718821031 245.000000000000000 
48.000000000000000 92.604100035952541 330.000000000000000 
49.000000000000000 93.994557419269668 660.000000000000000 
50.000000000000000 92.690921196137538 1132.000000000000000 
51.000000000000000 81.383052279602722 182.000000000000000 
52.000000000000000 79.171987037647199 178.000000000000000 
53.000000000000000 76.127516789413662 161.000000000000000 
54.000000000000000 83.560843639815531 1238.000000000000000 
55.000000000000000 71.985250682365262 974.000000000000000 
56.000000000000000 91.868438819822572 224.000000000000000 
57.000000000000000 76.658178970628626 462.000000000000000 
58.000000000000000 85.045928429843727 283.000000000000000 
59.000000000000000 67.875767441807142 126.000000000000000 
60.000000000000000 79.897670944396353 272.000000000000000 
61.000000000000000 72.770763053967187 142.000000000000000 
62.000000000000000 64.720763247115329 124.000000000000000 
63.000000000000000 77.702242507160420 124.000000000000000 
64.000000000000000 69.772479240769982 490.000000000000000 
65.000000000000000 87.280764322026769 268.000000000000000 
66.000000000000000 63.488947177076952 78.000000000000000 
67.000000000000000  0.000000000000000  0.000000000000000 
68.000000000000000  0.000000000000000  0.000000000000000 
69.000000000000000  0.000000000000000  0.000000000000000 
70.000000000000000  0.000000000000000  0.000000000000000 
71.000000000000000  0.000000000000000  0.000000000000000 
72.000000000000000  0.000000000000000  0.000000000000000 
73.000000000000000  0.000000000000000  0.000000000000000 
74.000000000000000  0.000000000000000  0.000000000000000 
75.000000000000000  0.000000000000000  0.000000000000000 
76.000000000000000  0.000000000000000  0.000000000000000 
77.000000000000000  0.000000000000000  0.000000000000000 
78.000000000000000  0.000000000000000  0.000000000000000 
79.000000000000000  0.000000000000000  0.000000000000000 
80.000000000000000  0.000000000000000  0.000000000000000 
81.000000000000000  0.000000000000000  0.000000000000000 
82.000000000000000  0.000000000000000  0.000000000000000 
83.000000000000000  0.000000000000000  0.000000000000000 
84.000000000000000  0.000000000000000  0.000000000000000 
85.000000000000000  0.000000000000000  0.000000000000000 
86.000000000000000  0.000000000000000  0.000000000000000 
87.000000000000000  0.000000000000000  0.000000000000000 
88.000000000000000  0.000000000000000  0.000000000000000 
89.000000000000000  0.000000000000000  0.000000000000000 
90.000000000000000  0.000000000000000  0.000000000000000 
91.000000000000000  0.000000000000000  0.000000000000000 
92.000000000000000  0.000000000000000  0.000000000000000 
93.000000000000000  0.000000000000000  0.000000000000000 
94.000000000000000  0.000000000000000  0.000000000000000 
95.000000000000000  0.000000000000000  0.000000000000000 
96.000000000000000  0.000000000000000  0.000000000000000 
97.000000000000000  0.000000000000000  0.000000000000000 
98.000000000000000  0.000000000000000  0.000000000000000 
99.000000000000000  0.000000000000000  0.000000000000000 
100.000000000000000  0.000000000000000  0.000000000000000 
101.000000000000000  0.000000000000000  0.000000000000000 
102.000000000000000  0.000000000000000  0.000000000000000 
103.000000000000000  0.000000000000000  0.000000000000000 
104.000000000000000  0.000000000000000  0.000000000000000 
105.000000000000000  0.000000000000000  0.000000000000000 
106.000000000000000  0.000000000000000  0.000000000000000 
107.000000000000000  0.000000000000000  0.000000000000000 
108.000000000000000  0.000000000000000  0.000000000000000 
109.000000000000000  0.000000000000000  0.000000000000000 
110.000000000000000  0.000000000000000  0.000000000000000 
111.000000000000000  0.000000000000000  0.000000000000000 
112.000000000000000  0.000000000000000  0.000000000000000 
113.000000000000000  0.000000000000000  0.000000000000000 
114.000000000000000  0.000000000000000  0.000000000000000 
115.000000000000000  0.000000000000000  0.000000000000000 
116.000000000000000  0.000000000000000  0.000000000000000 
117.000000000000000  0.000000000000000  0.000000000000000 
118.000000000000000  0.000000000000000  0.000000000000000 
119.000000000000000  0.000000000000000  0.000000000000000 
120.000000000000000  0.000000000000000  0.000000000000000 
121.000000000000000  0.000000000000000  0.000000000000000 
122.000000000000000  0.000000000000000  0.000000000000000 
123.000000000000000  0.000000000000000  0.000000000000000 
124.000000000000000  0.000000000000000  0.000000000000000 
125.000000000000000  0.000000000000000  0.000000000000000 
126.000000000000000  0.000000000000000  0.000000000000000 
127.000000000000000  0.000000000000000  0.000000000000000 
