 0.000000000000000 99.832751793566459 952.000000000000000 
 1.000000000000000 81.491184716860673 726.000000000000000 
 2.000000000000000 118.324961550510537 644.000000000000000 
 3.000000000000000 122.562720771267948 207.000000000000000 
 4.000000000000000 90.661628154777546 707.000000000000000 
 5.000000000000000 101.112559823495459 252.000000000000000 
 6.000000000000000 105.566202737044847 554.000000000000000 
 7.000000000000000 96.167585581464166 867.000000000000000 
 8.000000000000000 109.863839425376185 357.000000000000000 
 9.000000000000000 103.217617017859041 213.000000000000000 
10.000000000000000 113.932450376424569 681.000000000000000 
11.000000000000000 132.422370042332261 176.000000000000000 
12.000000000000000 114.393807763605480 167.000000000000000 
13.000000000000000 111.372030918995250 230.000000000000000 
14.000000000000000 132.640593043024182 186.000000000000000 
15.000000000000000 85.039709487977305 149.000000000000000 
16.000000000000000 112.119127452627509 420.000000000000000 
17.000000000000000 91.296992612122779 340.000000000000000 
18.000000000000000 103.174332730329738 476.000000000000000 
19.000000000000000 105.717032214704872 171.000000000000000 
20.000000000000000 99.203481348864258 391.000000000000000 
21.000000000000000 120.581534266295151 458.000000000000000 
22.000000000000000 110.140662168763740 168.000000000000000 
23.000000000000000 77.963167773448376 1106.000000000000000 
24.000000000000000 106.756573190421975 224.000000000000000 
25.000000000000000 101.582547444894601 184.000000000000000 
26.000000000000000 109.907513018683673 950.000000000000000 
27.000000000000000 98.170310229056270 331.000000000000000 
28.000000000000000 106.846679682535168 439.000000000000000 
29.000000000000000 107.100989785630759 235.000000000000000 
30.000000000000000 118.457706067622354 357.000000000000000 
31.000000000000000 120.585540964936200 271.000000000000000 
32.000000000000000 117.319421375377331 178.000000000000000 
33.000000000000000 110.080171719166685 113.000000000000000 
34.000000000000000 114.904511330895062 181.000000000000000 
35.000000000000000 97.530343230577898 302.000000000000000 
36.000000000000000 105.406721169152817 217.000000000000000 
37.000000000000000 122.316663244869872 307.000000000000000 
38.000000000000000 82.288468257753181 1328.000000000000000 
39.000000000000000 107.856573628477150 639.000000000000000 
40.000000000000000 101.494588785579595 360.000000000000000 
41.000000000000000 102.706752968961453 319.000000000000000 
42.000000000000000 82.289020096342711 134.000000000000000 
43.000000000000000 88.932759718827512 294.000000000000000 
44.000000000000000 76.515115788436120 1146.000000000000000 
45.000000000000000 117.190459311008340 390.000000000000000 
46.000000000000000 91.193031342829627 424.000000000000000 
47.000000000000000 108.042707427493468 214.000000000000000 
48.000000000000000 101.251560974904564 356.000000000000000 
49.000000000000000 113.192991766592598 732.000000000000000 
50.000000000000000 89.849652224025164 1110.000000000000000 
51.000000000000000 91.312957566963732 178.000000000000000 
52.000000000000000 79.142963619086828 172.000000000000000 
53.000000000000000 96.405945428508531 198.000000000000000 
54.000000000000000 83.817672541492499 1223.000000000000000 
55.000000000000000 68.059918491553617 924.000000000000000 
56.000000000000000 93.202226239870441 212.000000000000000 
57.000000000000000 93.446646847265228 470.000000000000000 
58.000000000000000 85.072083049127983 291.000000000000000 
59.000000000000000  0.000000000000000  0.000000000000000 
60.000000000000000  0.000000000000000  0.000000000000000 
61.000000000000000  0.000000000000000  0.000000000000000 
62.000000000000000  0.000000000000000  0.000000000000000 
63.000000000000000  0.000000000000000  0.000000000000000 
64.000000000000000  0.000000000000000  0.000000000000000 
65.000000000000000  0.000000000000000  0.000000000000000 
66.000000000000000  0.000000000000000  0.000000000000000 
67.000000000000000  0.000000000000000  0.000000000000000 
68.000000000000000  0.000000000000000  0.000000000000000 
69.000000000000000  0.000000000000000  0.000000000000000 
70.000000000000000  0.000000000000000  0.000000000000000 
71.000000000000000  0.000000000000000  0.000000000000000 
72.000000000000000  0.000000000000000  0.000000000000000 
73.000000000000000  0.000000000000000  0.000000000000000 
74.000000000000000  0.000000000000000  0.000000000000000 
75.000000000000000  0.000000000000000  0.000000000000000 
76.000000000000000  0.000000000000000  0.000000000000000 
77.000000000000000  0.000000000000000  0.000000000000000 
78.000000000000000  0.000000000000000  0.000000000000000 
79.000000000000000  0.000000000000000  0.000000000000000 
80.000000000000000  0.000000000000000  0.000000000000000 
81.000000000000000  0.000000000000000  0.000000000000000 
82.000000000000000  0.000000000000000  0.000000000000000 
83.000000000000000  0.000000000000000  0.000000000000000 
84.000000000000000  0.000000000000000  0.000000000000000 
85.000000000000000  0.000000000000000  0.000000000000000 
86.000000000000000  0.000000000000000  0.000000000000000 
87.000000000000000  0.000000000000000  0.000000000000000 
88.000000000000000  0.000000000000000  0.000000000000000 
89.000000000000000  0.000000000000000  0.000000000000000 
90.000000000000000  0.000000000000000  0.000000000000000 
91.000000000000000  0.000000000000000  0.000000000000000 
92.000000000000000  0.000000000000000  0.000000000000000 
93.000000000000000  0.000000000000000  0.000000000000000 
94.000000000000000  0.000000000000000  0.000000000000000 
95.000000000000000  0.000000000000000  0.000000000000000 
96.000000000000000  0.000000000000000  0.000000000000000 
97.000000000000000  0.000000000000000  0.000000000000000 
98.000000000000000  0.000000000000000  0.000000000000000 
99.000000000000000  0.000000000000000  0.000000000000000 
100.000000000000000  0.000000000000000  0.000000000000000 
101.000000000000000  0.000000000000000  0.000000000000000 
102.000000000000000  0.000000000000000  0.000000000000000 
103.000000000000000  0.000000000000000  0.000000000000000 
104.000000000000000  0.000000000000000  0.000000000000000 
105.000000000000000  0.000000000000000  0.000000000000000 
106.000000000000000  0.000000000000000  0.000000000000000 
107.000000000000000  0.000000000000000  0.000000000000000 
108.000000000000000  0.000000000000000  0.000000000000000 
109.000000000000000  0.000000000000000  0.000000000000000 
110.000000000000000  0.000000000000000  0.000000000000000 
111.000000000000000  0.000000000000000  0.000000000000000 
112.000000000000000  0.000000000000000  0.000000000000000 
113.000000000000000  0.000000000000000  0.000000000000000 
114.000000000000000  0.000000000000000  0.000000000000000 
115.000000000000000  0.000000000000000  0.000000000000000 
116.000000000000000  0.000000000000000  0.000000000000000 
117.000000000000000  0.000000000000000  0.000000000000000 
118.000000000000000  0.000000000000000  0.000000000000000 
119.000000000000000  0.000000000000000  0.000000000000000 
120.000000000000000  0.000000000000000  0.000000000000000 
121.000000000000000  0.000000000000000  0.000000000000000 
122.000000000000000  0.000000000000000  0.000000000000000 
123.000000000000000  0.000000000000000  0.000000000000000 
124.000000000000000  0.000000000000000  0.000000000000000 
125.000000000000000  0.000000000000000  0.000000000000000 
126.000000000000000  0.000000000000000  0.000000000000000 
127.000000000000000  0.000000000000000  0.000000000000000 
