 0.000000000000000 153.139815393447662 1874.000000000000000 
 1.000000000000000 156.332530826914763 1706.000000000000000 
 2.000000000000000 211.246327642122566 637.000000000000000 
 3.000000000000000 182.639128395362917 304.000000000000000 
 4.000000000000000 191.151202099159406 1086.000000000000000 
 5.000000000000000 220.860873464473002 523.000000000000000 
 6.000000000000000 229.265643161760124 921.000000000000000 
 7.000000000000000 194.050107385437855 1571.000000000000000 
 8.000000000000000 221.370841839238295 1070.000000000000000 
 9.000000000000000 198.581397653189470 467.000000000000000 
10.000000000000000 226.062376926920422 1211.000000000000000 
11.000000000000000 216.223882967719106 269.000000000000000 
12.000000000000000 211.589973900874298 318.000000000000000 
13.000000000000000 170.569133079607440 330.000000000000000 
14.000000000000000 182.190233623820887 231.000000000000000 
15.000000000000000 171.434598248621825 300.000000000000000 
16.000000000000000 204.677328956028845 806.000000000000000 
17.000000000000000 205.860123030773877 410.000000000000000 
18.000000000000000 186.994696971351175 683.000000000000000 
19.000000000000000 159.575755631327809 219.000000000000000 
20.000000000000000 211.948147690442880 658.000000000000000 
21.000000000000000 209.764669459737803 742.000000000000000 
22.000000000000000 184.268163099006131 250.000000000000000 
23.000000000000000 209.790891168034989 1874.000000000000000 
24.000000000000000 171.537495811997928 276.000000000000000 
25.000000000000000 183.264947530311645 261.000000000000000 
26.000000000000000 187.043824502418431 1615.000000000000000 
27.000000000000000 165.759538197077632 435.000000000000000 
28.000000000000000 203.659944344064201 763.000000000000000 
29.000000000000000 215.079617954933696 517.000000000000000 
30.000000000000000 218.681544189401450 524.000000000000000 
31.000000000000000 187.689479053855450 380.000000000000000 
32.000000000000000 181.114196664419381 229.000000000000000 
33.000000000000000 167.245540348043420 175.000000000000000 
34.000000000000000 154.719508434033372 228.000000000000000 
35.000000000000000 200.383288735432416 577.000000000000000 
36.000000000000000 183.147901341141534 392.000000000000000 
37.000000000000000 156.807733719238257 364.000000000000000 
38.000000000000000 68.822414712713993 805.000000000000000 
39.000000000000000  0.000000000000000  0.000000000000000 
40.000000000000000  0.000000000000000  0.000000000000000 
41.000000000000000  0.000000000000000  0.000000000000000 
42.000000000000000  0.000000000000000  0.000000000000000 
43.000000000000000  0.000000000000000  0.000000000000000 
44.000000000000000  0.000000000000000  0.000000000000000 
45.000000000000000  0.000000000000000  0.000000000000000 
46.000000000000000  0.000000000000000  0.000000000000000 
47.000000000000000  0.000000000000000  0.000000000000000 
48.000000000000000  0.000000000000000  0.000000000000000 
49.000000000000000  0.000000000000000  0.000000000000000 
50.000000000000000  0.000000000000000  0.000000000000000 
51.000000000000000  0.000000000000000  0.000000000000000 
52.000000000000000  0.000000000000000  0.000000000000000 
53.000000000000000  0.000000000000000  0.000000000000000 
54.000000000000000  0.000000000000000  0.000000000000000 
55.000000000000000  0.000000000000000  0.000000000000000 
56.000000000000000  0.000000000000000  0.000000000000000 
57.000000000000000  0.000000000000000  0.000000000000000 
58.000000000000000  0.000000000000000  0.000000000000000 
59.000000000000000  0.000000000000000  0.000000000000000 
60.000000000000000  0.000000000000000  0.000000000000000 
61.000000000000000  0.000000000000000  0.000000000000000 
62.000000000000000  0.000000000000000  0.000000000000000 
63.000000000000000  0.000000000000000  0.000000000000000 
64.000000000000000  0.000000000000000  0.000000000000000 
65.000000000000000  0.000000000000000  0.000000000000000 
66.000000000000000  0.000000000000000  0.000000000000000 
67.000000000000000  0.000000000000000  0.000000000000000 
68.000000000000000  0.000000000000000  0.000000000000000 
69.000000000000000  0.000000000000000  0.000000000000000 
70.000000000000000  0.000000000000000  0.000000000000000 
71.000000000000000  0.000000000000000  0.000000000000000 
72.000000000000000  0.000000000000000  0.000000000000000 
73.000000000000000  0.000000000000000  0.000000000000000 
74.000000000000000  0.000000000000000  0.000000000000000 
75.000000000000000  0.000000000000000  0.000000000000000 
76.000000000000000  0.000000000000000  0.000000000000000 
77.000000000000000  0.000000000000000  0.000000000000000 
78.000000000000000  0.000000000000000  0.000000000000000 
79.000000000000000  0.000000000000000  0.000000000000000 
80.000000000000000  0.000000000000000  0.000000000000000 
81.000000000000000  0.000000000000000  0.000000000000000 
82.000000000000000  0.000000000000000  0.000000000000000 
83.000000000000000  0.000000000000000  0.000000000000000 
84.000000000000000  0.000000000000000  0.000000000000000 
85.000000000000000  0.000000000000000  0.000000000000000 
86.000000000000000  0.000000000000000  0.000000000000000 
87.000000000000000  0.000000000000000  0.000000000000000 
88.000000000000000  0.000000000000000  0.000000000000000 
89.000000000000000  0.000000000000000  0.000000000000000 
90.000000000000000  0.000000000000000  0.000000000000000 
91.000000000000000  0.000000000000000  0.000000000000000 
92.000000000000000  0.000000000000000  0.000000000000000 
93.000000000000000  0.000000000000000  0.000000000000000 
94.000000000000000  0.000000000000000  0.000000000000000 
95.000000000000000  0.000000000000000  0.000000000000000 
96.000000000000000  0.000000000000000  0.000000000000000 
97.000000000000000  0.000000000000000  0.000000000000000 
98.000000000000000  0.000000000000000  0.000000000000000 
99.000000000000000  0.000000000000000  0.000000000000000 
100.000000000000000  0.000000000000000  0.000000000000000 
101.000000000000000  0.000000000000000  0.000000000000000 
102.000000000000000  0.000000000000000  0.000000000000000 
103.000000000000000  0.000000000000000  0.000000000000000 
104.000000000000000  0.000000000000000  0.000000000000000 
105.000000000000000  0.000000000000000  0.000000000000000 
106.000000000000000  0.000000000000000  0.000000000000000 
107.000000000000000  0.000000000000000  0.000000000000000 
108.000000000000000  0.000000000000000  0.000000000000000 
109.000000000000000  0.000000000000000  0.000000000000000 
110.000000000000000  0.000000000000000  0.000000000000000 
111.000000000000000  0.000000000000000  0.000000000000000 
112.000000000000000  0.000000000000000  0.000000000000000 
113.000000000000000  0.000000000000000  0.000000000000000 
114.000000000000000  0.000000000000000  0.000000000000000 
115.000000000000000  0.000000000000000  0.000000000000000 
116.000000000000000  0.000000000000000  0.000000000000000 
117.000000000000000  0.000000000000000  0.000000000000000 
118.000000000000000  0.000000000000000  0.000000000000000 
119.000000000000000  0.000000000000000  0.000000000000000 
120.000000000000000  0.000000000000000  0.000000000000000 
121.000000000000000  0.000000000000000  0.000000000000000 
122.000000000000000  0.000000000000000  0.000000000000000 
123.000000000000000  0.000000000000000  0.000000000000000 
124.000000000000000  0.000000000000000  0.000000000000000 
125.000000000000000  0.000000000000000  0.000000000000000 
126.000000000000000  0.000000000000000  0.000000000000000 
127.000000000000000  0.000000000000000  0.000000000000000 
