 0.000000000000000 58.184465564098609 767.000000000000000 
 1.000000000000000 60.600229891039028 589.000000000000000 
 2.000000000000000 68.371720310786046 525.000000000000000 
 3.000000000000000 53.335066863116587 210.000000000000000 
 4.000000000000000 60.583818581688341 820.000000000000000 
 5.000000000000000 67.429546867134775 222.000000000000000 
 6.000000000000000 65.837065249009171 467.000000000000000 
 7.000000000000000 58.538444620461938 436.000000000000000 
 8.000000000000000 74.741138316788465 277.000000000000000 
 9.000000000000000 63.828683087324528 154.000000000000000 
10.000000000000000 60.916839446480267 526.000000000000000 
11.000000000000000 60.638076527118301 93.000000000000000 
12.000000000000000 63.359341123863189 102.000000000000000 
13.000000000000000 58.990805790112852 127.000000000000000 
14.000000000000000 57.287180485176464 85.000000000000000 
15.000000000000000 67.193371998764960 177.000000000000000 
16.000000000000000 58.886565957498128 226.000000000000000 
17.000000000000000 55.892465876680724 245.000000000000000 
18.000000000000000 62.198483361337132 431.000000000000000 
19.000000000000000 67.565339007589557 129.000000000000000 
20.000000000000000 61.623428219419786 250.000000000000000 
21.000000000000000 43.555207528923958 202.000000000000000 
22.000000000000000 55.883083486082100 95.000000000000000 
23.000000000000000 67.685283753884619 929.000000000000000 
24.000000000000000 67.559036719449807 150.000000000000000 
25.000000000000000 68.676507302472430 134.000000000000000 
26.000000000000000 71.617150507508711 754.000000000000000 
27.000000000000000 58.748888198496182 249.000000000000000 
28.000000000000000 60.356002889882845 283.000000000000000 
29.000000000000000 68.306254774404195 198.000000000000000 
30.000000000000000 52.173888838832774 159.000000000000000 
31.000000000000000 70.270698787712462 175.000000000000000 
32.000000000000000 53.033734906279093 92.000000000000000 
33.000000000000000 65.839599483507328 82.000000000000000 
34.000000000000000 54.423342896770578 137.000000000000000 
35.000000000000000 54.844711096551009 180.000000000000000 
36.000000000000000 69.586602976512424 212.000000000000000 
37.000000000000000 50.792193196265501 116.000000000000000 
38.000000000000000 61.153753710132193 1149.000000000000000 
39.000000000000000 62.428674761868606 416.000000000000000 
40.000000000000000 55.233337923314011 164.000000000000000 
41.000000000000000 66.177878762695215 203.000000000000000 
42.000000000000000 76.107484942094587 148.000000000000000 
43.000000000000000 71.434825337582851 237.000000000000000 
44.000000000000000 59.961230328695876 945.000000000000000 
45.000000000000000 60.553916000183555 352.000000000000000 
46.000000000000000 55.633564125747640 275.000000000000000 
47.000000000000000 74.699416893047399 233.000000000000000 
48.000000000000000 64.551363893586412 238.000000000000000 
49.000000000000000 67.584010719865844 568.000000000000000 
50.000000000000000 68.951109389637210 922.000000000000000 
51.000000000000000 63.964426364605409 166.000000000000000 
52.000000000000000 57.932494098193906 143.000000000000000 
53.000000000000000 66.437683989305469 165.000000000000000 
54.000000000000000 52.831201215069527 1044.000000000000000 
55.000000000000000 55.536001498490393 781.000000000000000 
56.000000000000000 58.650968397721414 157.000000000000000 
57.000000000000000 58.150092815856844 346.000000000000000 
58.000000000000000 72.644151469433254 278.000000000000000 
59.000000000000000 48.638732430454553 110.000000000000000 
60.000000000000000 67.099618664503538 238.000000000000000 
61.000000000000000 69.961997669934789 143.000000000000000 
62.000000000000000 54.162045388175009 112.000000000000000 
63.000000000000000 64.617297597495451 103.000000000000000 
64.000000000000000 68.785929547783638 497.000000000000000 
65.000000000000000 70.203119153323669 220.000000000000000 
66.000000000000000 55.019961523658672 75.000000000000000 
67.000000000000000 60.101400198223438 162.000000000000000 
68.000000000000000 61.650364120971204 309.000000000000000 
69.000000000000000 53.967760951494611 141.000000000000000 
70.000000000000000 54.793919114861382 254.000000000000000 
71.000000000000000 55.285915642351213 287.000000000000000 
72.000000000000000 62.071642983959045 942.000000000000000 
73.000000000000000 57.331788169090522 357.000000000000000 
74.000000000000000 41.887788877065823 82.000000000000000 
75.000000000000000 48.870025962499085 109.000000000000000 
76.000000000000000 44.921400069420685 58.000000000000000 
77.000000000000000 67.152024536891602 409.000000000000000 
78.000000000000000 56.476237749595114 301.000000000000000 
79.000000000000000 55.160920748151227 264.000000000000000 
80.000000000000000 47.985570284551152 315.000000000000000 
81.000000000000000 60.741607053789352 126.000000000000000 
82.000000000000000 46.174355809156950 364.000000000000000 
83.000000000000000 39.935432760533729 88.000000000000000 
84.000000000000000  0.000000000000000  0.000000000000000 
85.000000000000000  0.000000000000000  0.000000000000000 
86.000000000000000  0.000000000000000  0.000000000000000 
87.000000000000000  0.000000000000000  0.000000000000000 
88.000000000000000  0.000000000000000  0.000000000000000 
89.000000000000000  0.000000000000000  0.000000000000000 
90.000000000000000  0.000000000000000  0.000000000000000 
91.000000000000000  0.000000000000000  0.000000000000000 
92.000000000000000  0.000000000000000  0.000000000000000 
93.000000000000000  0.000000000000000  0.000000000000000 
94.000000000000000  0.000000000000000  0.000000000000000 
95.000000000000000  0.000000000000000  0.000000000000000 
96.000000000000000  0.000000000000000  0.000000000000000 
97.000000000000000  0.000000000000000  0.000000000000000 
98.000000000000000  0.000000000000000  0.000000000000000 
99.000000000000000  0.000000000000000  0.000000000000000 
100.000000000000000  0.000000000000000  0.000000000000000 
101.000000000000000  0.000000000000000  0.000000000000000 
102.000000000000000  0.000000000000000  0.000000000000000 
103.000000000000000  0.000000000000000  0.000000000000000 
104.000000000000000  0.000000000000000  0.000000000000000 
105.000000000000000  0.000000000000000  0.000000000000000 
106.000000000000000  0.000000000000000  0.000000000000000 
107.000000000000000  0.000000000000000  0.000000000000000 
108.000000000000000  0.000000000000000  0.000000000000000 
109.000000000000000  0.000000000000000  0.000000000000000 
110.000000000000000  0.000000000000000  0.000000000000000 
111.000000000000000  0.000000000000000  0.000000000000000 
112.000000000000000  0.000000000000000  0.000000000000000 
113.000000000000000  0.000000000000000  0.000000000000000 
114.000000000000000  0.000000000000000  0.000000000000000 
115.000000000000000  0.000000000000000  0.000000000000000 
116.000000000000000  0.000000000000000  0.000000000000000 
117.000000000000000  0.000000000000000  0.000000000000000 
118.000000000000000  0.000000000000000  0.000000000000000 
119.000000000000000  0.000000000000000  0.000000000000000 
120.000000000000000  0.000000000000000  0.000000000000000 
121.000000000000000  0.000000000000000  0.000000000000000 
122.000000000000000  0.000000000000000  0.000000000000000 
123.000000000000000  0.000000000000000  0.000000000000000 
124.000000000000000  0.000000000000000  0.000000000000000 
125.000000000000000  0.000000000000000  0.000000000000000 
126.000000000000000  0.000000000000000  0.000000000000000 
127.000000000000000  0.000000000000000  0.000000000000000 
