 0.000000000000000 139.146959313895366 1647.000000000000000 
 1.000000000000000 126.177834461596831 1368.000000000000000 
 2.000000000000000 177.792385507932266 959.000000000000000 
 3.000000000000000 159.445314817413646 271.000000000000000 
 4.000000000000000 142.022729196319915 901.000000000000000 
 5.000000000000000 151.075798699373706 345.000000000000000 
 6.000000000000000 156.221029034732794 773.000000000000000 
 7.000000000000000 137.669957474919414 1297.000000000000000 
 8.000000000000000 153.016642794304062 530.000000000000000 
 9.000000000000000 175.139871546428850 438.000000000000000 
10.000000000000000 173.189757997930343 997.000000000000000 
11.000000000000000 148.986458706648563 198.000000000000000 
12.000000000000000 165.095073896352034 228.000000000000000 
13.000000000000000 148.576629823459342 300.000000000000000 
14.000000000000000 150.617766226088548 201.000000000000000 
15.000000000000000 146.567200869921749 271.000000000000000 
16.000000000000000 174.771821933148487 839.000000000000000 
17.000000000000000 141.817128562723752 326.000000000000000 
18.000000000000000 155.349557191754286 570.000000000000000 
19.000000000000000 151.719410363162893 212.000000000000000 
20.000000000000000 183.503175434399708 651.000000000000000 
21.000000000000000 173.220728784040602 657.000000000000000 
22.000000000000000 153.390403720314197 221.000000000000000 
23.000000000000000 128.223024499742451 1589.000000000000000 
24.000000000000000 148.818687963924702 256.000000000000000 
25.000000000000000 165.596882025962600 249.000000000000000 
26.000000000000000 161.969630433663980 1427.000000000000000 
27.000000000000000 169.039085149277440 420.000000000000000 
28.000000000000000 156.714528859481533 580.000000000000000 
29.000000000000000 182.704159816427421 446.000000000000000 
30.000000000000000 169.560103359489972 396.000000000000000 
31.000000000000000 164.713741770118332 347.000000000000000 
32.000000000000000 138.007833817670502 197.000000000000000 
33.000000000000000 149.719818479637695 151.000000000000000 
34.000000000000000 142.858179515715676 204.000000000000000 
35.000000000000000 189.092319191476804 560.000000000000000 
36.000000000000000 142.536795853211657 279.000000000000000 
37.000000000000000 161.581340759904919 383.000000000000000 
38.000000000000000 196.063963747339329 2109.000000000000000 
39.000000000000000 148.504121717723763 635.000000000000000 
40.000000000000000 137.019532057710393 513.000000000000000 
41.000000000000000 142.111409499800260 435.000000000000000 
42.000000000000000 151.541957990615344 247.000000000000000 
43.000000000000000 161.575673472420419 378.000000000000000 
44.000000000000000  0.000000000000000  0.000000000000000 
45.000000000000000  0.000000000000000  0.000000000000000 
46.000000000000000  0.000000000000000  0.000000000000000 
47.000000000000000  0.000000000000000  0.000000000000000 
48.000000000000000  0.000000000000000  0.000000000000000 
49.000000000000000  0.000000000000000  0.000000000000000 
50.000000000000000  0.000000000000000  0.000000000000000 
51.000000000000000  0.000000000000000  0.000000000000000 
52.000000000000000  0.000000000000000  0.000000000000000 
53.000000000000000  0.000000000000000  0.000000000000000 
54.000000000000000  0.000000000000000  0.000000000000000 
55.000000000000000  0.000000000000000  0.000000000000000 
56.000000000000000  0.000000000000000  0.000000000000000 
57.000000000000000  0.000000000000000  0.000000000000000 
58.000000000000000  0.000000000000000  0.000000000000000 
59.000000000000000  0.000000000000000  0.000000000000000 
60.000000000000000  0.000000000000000  0.000000000000000 
61.000000000000000  0.000000000000000  0.000000000000000 
62.000000000000000  0.000000000000000  0.000000000000000 
63.000000000000000  0.000000000000000  0.000000000000000 
64.000000000000000  0.000000000000000  0.000000000000000 
65.000000000000000  0.000000000000000  0.000000000000000 
66.000000000000000  0.000000000000000  0.000000000000000 
67.000000000000000  0.000000000000000  0.000000000000000 
68.000000000000000  0.000000000000000  0.000000000000000 
69.000000000000000  0.000000000000000  0.000000000000000 
70.000000000000000  0.000000000000000  0.000000000000000 
71.000000000000000  0.000000000000000  0.000000000000000 
72.000000000000000  0.000000000000000  0.000000000000000 
73.000000000000000  0.000000000000000  0.000000000000000 
74.000000000000000  0.000000000000000  0.000000000000000 
75.000000000000000  0.000000000000000  0.000000000000000 
76.000000000000000  0.000000000000000  0.000000000000000 
77.000000000000000  0.000000000000000  0.000000000000000 
78.000000000000000  0.000000000000000  0.000000000000000 
79.000000000000000  0.000000000000000  0.000000000000000 
80.000000000000000  0.000000000000000  0.000000000000000 
81.000000000000000  0.000000000000000  0.000000000000000 
82.000000000000000  0.000000000000000  0.000000000000000 
83.000000000000000  0.000000000000000  0.000000000000000 
84.000000000000000  0.000000000000000  0.000000000000000 
85.000000000000000  0.000000000000000  0.000000000000000 
86.000000000000000  0.000000000000000  0.000000000000000 
87.000000000000000  0.000000000000000  0.000000000000000 
88.000000000000000  0.000000000000000  0.000000000000000 
89.000000000000000  0.000000000000000  0.000000000000000 
90.000000000000000  0.000000000000000  0.000000000000000 
91.000000000000000  0.000000000000000  0.000000000000000 
92.000000000000000  0.000000000000000  0.000000000000000 
93.000000000000000  0.000000000000000  0.000000000000000 
94.000000000000000  0.000000000000000  0.000000000000000 
95.000000000000000  0.000000000000000  0.000000000000000 
96.000000000000000  0.000000000000000  0.000000000000000 
97.000000000000000  0.000000000000000  0.000000000000000 
98.000000000000000  0.000000000000000  0.000000000000000 
99.000000000000000  0.000000000000000  0.000000000000000 
100.000000000000000  0.000000000000000  0.000000000000000 
101.000000000000000  0.000000000000000  0.000000000000000 
102.000000000000000  0.000000000000000  0.000000000000000 
103.000000000000000  0.000000000000000  0.000000000000000 
104.000000000000000  0.000000000000000  0.000000000000000 
105.000000000000000  0.000000000000000  0.000000000000000 
106.000000000000000  0.000000000000000  0.000000000000000 
107.000000000000000  0.000000000000000  0.000000000000000 
108.000000000000000  0.000000000000000  0.000000000000000 
109.000000000000000  0.000000000000000  0.000000000000000 
110.000000000000000  0.000000000000000  0.000000000000000 
111.000000000000000  0.000000000000000  0.000000000000000 
112.000000000000000  0.000000000000000  0.000000000000000 
113.000000000000000  0.000000000000000  0.000000000000000 
114.000000000000000  0.000000000000000  0.000000000000000 
115.000000000000000  0.000000000000000  0.000000000000000 
116.000000000000000  0.000000000000000  0.000000000000000 
117.000000000000000  0.000000000000000  0.000000000000000 
118.000000000000000  0.000000000000000  0.000000000000000 
119.000000000000000  0.000000000000000  0.000000000000000 
120.000000000000000  0.000000000000000  0.000000000000000 
121.000000000000000  0.000000000000000  0.000000000000000 
122.000000000000000  0.000000000000000  0.000000000000000 
123.000000000000000  0.000000000000000  0.000000000000000 
124.000000000000000  0.000000000000000  0.000000000000000 
125.000000000000000  0.000000000000000  0.000000000000000 
126.000000000000000  0.000000000000000  0.000000000000000 
127.000000000000000  0.000000000000000  0.000000000000000 
