 0.000000000000000 48.238590530657255 663.000000000000000 
 1.000000000000000 52.741438228379572 464.000000000000000 
 2.000000000000000 58.603132049209144 461.000000000000000 
 3.000000000000000 51.085324184880328 208.000000000000000 
 4.000000000000000 46.680210528620364 737.000000000000000 
 5.000000000000000 57.239724189233883 192.000000000000000 
 6.000000000000000 64.675469504868246 542.000000000000000 
 7.000000000000000 48.935664154644542 357.000000000000000 
 8.000000000000000 68.442155073451858 350.000000000000000 
 9.000000000000000 58.253771938661664 138.000000000000000 
10.000000000000000 62.157790759878687 532.000000000000000 
11.000000000000000 39.341930786448486 66.000000000000000 
12.000000000000000 49.250120409709552 90.000000000000000 
13.000000000000000 46.708807433193996 108.000000000000000 
14.000000000000000 52.991962961481477 81.000000000000000 
15.000000000000000 47.570722257563332 131.000000000000000 
16.000000000000000 43.109748058440076 204.000000000000000 
17.000000000000000 46.496851835925312 217.000000000000000 
18.000000000000000 58.418716913069915 428.000000000000000 
19.000000000000000 60.649119484659806 127.000000000000000 
20.000000000000000 59.618454324939044 257.000000000000000 
21.000000000000000 44.469745955293924 195.000000000000000 
22.000000000000000 57.273624162303157 95.000000000000000 
23.000000000000000 58.377406582967453 825.000000000000000 
24.000000000000000 62.460538334479303 140.000000000000000 
25.000000000000000 54.002811132263169 124.000000000000000 
26.000000000000000 65.152002958171551 693.000000000000000 
27.000000000000000 54.718849386671117 239.000000000000000 
28.000000000000000 61.394183089866956 321.000000000000000 
29.000000000000000 64.098720326665244 193.000000000000000 
30.000000000000000 51.613760463960126 148.000000000000000 
31.000000000000000 66.176586069379297 164.000000000000000 
32.000000000000000 48.461286343715081 83.000000000000000 
33.000000000000000 60.776395205801364 74.000000000000000 
34.000000000000000 49.101734175538567 127.000000000000000 
35.000000000000000 50.240868115487807 166.000000000000000 
36.000000000000000 57.487010294941697 170.000000000000000 
37.000000000000000 46.177138173058729 108.000000000000000 
38.000000000000000 46.735172087415044 966.000000000000000 
39.000000000000000 60.764731339844872 389.000000000000000 
40.000000000000000 41.224934190033849 130.000000000000000 
41.000000000000000 58.412646557897510 236.000000000000000 
42.000000000000000 60.646638913828113 128.000000000000000 
43.000000000000000 58.555171036008048 201.000000000000000 
44.000000000000000 51.804441233359050 706.000000000000000 
45.000000000000000 60.354556157780749 350.000000000000000 
46.000000000000000 47.877813352602146 225.000000000000000 
47.000000000000000 61.257033644699206 210.000000000000000 
48.000000000000000 45.195851178853289 186.000000000000000 
49.000000000000000 59.557105983393178 583.000000000000000 
50.000000000000000 52.988418224468631 736.000000000000000 
51.000000000000000 59.795352835983870 161.000000000000000 
52.000000000000000 48.489022751135899 131.000000000000000 
53.000000000000000 49.629544768215020 160.000000000000000 
54.000000000000000 36.838323936124937 831.000000000000000 
55.000000000000000 34.863734787841956 562.000000000000000 
56.000000000000000 60.267182825232950 158.000000000000000 
57.000000000000000 53.987640146824155 303.000000000000000 
58.000000000000000 65.837256868871904 261.000000000000000 
59.000000000000000 53.361164417666664 114.000000000000000 
60.000000000000000 43.626974746282450 188.000000000000000 
61.000000000000000 64.489549525551368 135.000000000000000 
62.000000000000000 53.525204043750030 112.000000000000000 
63.000000000000000 62.105838620892783 97.000000000000000 
64.000000000000000 50.213348614882896 450.000000000000000 
65.000000000000000 45.028562747616235 176.000000000000000 
66.000000000000000 44.684824143157563 66.000000000000000 
67.000000000000000 55.481611208339615 149.000000000000000 
68.000000000000000 41.686452278108590 216.000000000000000 
69.000000000000000 54.576305311405193 170.000000000000000 
70.000000000000000 49.093369125026790 271.000000000000000 
71.000000000000000 56.806899777906672 302.000000000000000 
72.000000000000000 51.096978227542600 855.000000000000000 
73.000000000000000 52.799157132496198 371.000000000000000 
74.000000000000000 38.203854269904909 90.000000000000000 
75.000000000000000 44.115372680302947 102.000000000000000 
76.000000000000000 30.458895439342861 42.000000000000000 
77.000000000000000 56.805430325604959 327.000000000000000 
78.000000000000000 50.360978374260220 273.000000000000000 
79.000000000000000 47.780793449225989 246.000000000000000 
80.000000000000000 47.631572499535729 323.000000000000000 
81.000000000000000 55.269337884655961 134.000000000000000 
82.000000000000000 43.159612496697633 350.000000000000000 
83.000000000000000 48.567988648989413 99.000000000000000 
84.000000000000000 41.765356377742840 77.000000000000000 
85.000000000000000 43.270410495262908 135.000000000000000 
86.000000000000000 46.484092914670093 97.000000000000000 
87.000000000000000 40.324536841766744 94.000000000000000 
88.000000000000000 48.471768057825692 227.000000000000000 
89.000000000000000 37.400336446976411 109.000000000000000 
90.000000000000000 50.073873669819569 887.000000000000000 
91.000000000000000 45.932451961349003 716.000000000000000 
92.000000000000000 44.660825447313762 170.000000000000000 
93.000000000000000  0.000000000000000  0.000000000000000 
94.000000000000000  0.000000000000000  0.000000000000000 
95.000000000000000  0.000000000000000  0.000000000000000 
96.000000000000000  0.000000000000000  0.000000000000000 
97.000000000000000  0.000000000000000  0.000000000000000 
98.000000000000000  0.000000000000000  0.000000000000000 
99.000000000000000  0.000000000000000  0.000000000000000 
100.000000000000000  0.000000000000000  0.000000000000000 
101.000000000000000  0.000000000000000  0.000000000000000 
102.000000000000000  0.000000000000000  0.000000000000000 
103.000000000000000  0.000000000000000  0.000000000000000 
104.000000000000000  0.000000000000000  0.000000000000000 
105.000000000000000  0.000000000000000  0.000000000000000 
106.000000000000000  0.000000000000000  0.000000000000000 
107.000000000000000  0.000000000000000  0.000000000000000 
108.000000000000000  0.000000000000000  0.000000000000000 
109.000000000000000  0.000000000000000  0.000000000000000 
110.000000000000000  0.000000000000000  0.000000000000000 
111.000000000000000  0.000000000000000  0.000000000000000 
112.000000000000000  0.000000000000000  0.000000000000000 
113.000000000000000  0.000000000000000  0.000000000000000 
114.000000000000000  0.000000000000000  0.000000000000000 
115.000000000000000  0.000000000000000  0.000000000000000 
116.000000000000000  0.000000000000000  0.000000000000000 
117.000000000000000  0.000000000000000  0.000000000000000 
118.000000000000000  0.000000000000000  0.000000000000000 
119.000000000000000  0.000000000000000  0.000000000000000 
120.000000000000000  0.000000000000000  0.000000000000000 
121.000000000000000  0.000000000000000  0.000000000000000 
122.000000000000000  0.000000000000000  0.000000000000000 
123.000000000000000  0.000000000000000  0.000000000000000 
124.000000000000000  0.000000000000000  0.000000000000000 
125.000000000000000  0.000000000000000  0.000000000000000 
126.000000000000000  0.000000000000000  0.000000000000000 
127.000000000000000  0.000000000000000  0.000000000000000 
