 0.000000000000000 140.771498579822577 1660.000000000000000 
 1.000000000000000 124.751109865451895 1357.000000000000000 
 2.000000000000000 164.415311314067083 775.000000000000000 
 3.000000000000000 183.150543082867074 306.000000000000000 
 4.000000000000000 147.109634588679086 960.000000000000000 
 5.000000000000000 198.725357647322141 478.000000000000000 
 6.000000000000000 167.995011680103914 813.000000000000000 
 7.000000000000000 139.157874132084658 1280.000000000000000 
 8.000000000000000 175.310425601088951 833.000000000000000 
 9.000000000000000 187.505365897726819 462.000000000000000 
10.000000000000000 151.511291342389427 923.000000000000000 
11.000000000000000 203.671976662778746 264.000000000000000 
12.000000000000000 161.791869442891880 233.000000000000000 
13.000000000000000 159.057049486546447 307.000000000000000 
14.000000000000000 180.411119327732166 230.000000000000000 
15.000000000000000 168.422084815355419 298.000000000000000 
16.000000000000000 174.768888709145756 709.000000000000000 
17.000000000000000 190.034985292325104 379.000000000000000 
18.000000000000000 170.679302925088734 623.000000000000000 
19.000000000000000 139.149557269636801 200.000000000000000 
20.000000000000000 166.608763660312519 571.000000000000000 
21.000000000000000 199.451455212793149 710.000000000000000 
22.000000000000000 180.375204685035584 246.000000000000000 
23.000000000000000 129.696240200763015 1601.000000000000000 
24.000000000000000 163.756616611881014 266.000000000000000 
25.000000000000000 184.380053572365370 262.000000000000000 
26.000000000000000 171.357021846857805 1469.000000000000000 
27.000000000000000 162.620151477616560 428.000000000000000 
28.000000000000000 182.480808367041931 691.000000000000000 
29.000000000000000 200.914616059665661 493.000000000000000 
30.000000000000000 187.619007516358096 447.000000000000000 
31.000000000000000 170.744155498758118 348.000000000000000 
32.000000000000000 168.261274421010341 227.000000000000000 
33.000000000000000 160.797832959672547 160.000000000000000 
34.000000000000000 154.024082421481182 227.000000000000000 
35.000000000000000 183.918506594028486 549.000000000000000 
36.000000000000000 167.293803419414132 343.000000000000000 
37.000000000000000 152.839458646461253 360.000000000000000 
38.000000000000000 197.948775565244290 2125.000000000000000 
39.000000000000000 149.686782734966329 646.000000000000000 
40.000000000000000 169.222703731830109 400.000000000000000 
41.000000000000000 125.932743001691435 342.000000000000000 
42.000000000000000  0.000000000000000  0.000000000000000 
43.000000000000000  0.000000000000000  0.000000000000000 
44.000000000000000  0.000000000000000  0.000000000000000 
45.000000000000000  0.000000000000000  0.000000000000000 
46.000000000000000  0.000000000000000  0.000000000000000 
47.000000000000000  0.000000000000000  0.000000000000000 
48.000000000000000  0.000000000000000  0.000000000000000 
49.000000000000000  0.000000000000000  0.000000000000000 
50.000000000000000  0.000000000000000  0.000000000000000 
51.000000000000000  0.000000000000000  0.000000000000000 
52.000000000000000  0.000000000000000  0.000000000000000 
53.000000000000000  0.000000000000000  0.000000000000000 
54.000000000000000  0.000000000000000  0.000000000000000 
55.000000000000000  0.000000000000000  0.000000000000000 
56.000000000000000  0.000000000000000  0.000000000000000 
57.000000000000000  0.000000000000000  0.000000000000000 
58.000000000000000  0.000000000000000  0.000000000000000 
59.000000000000000  0.000000000000000  0.000000000000000 
60.000000000000000  0.000000000000000  0.000000000000000 
61.000000000000000  0.000000000000000  0.000000000000000 
62.000000000000000  0.000000000000000  0.000000000000000 
63.000000000000000  0.000000000000000  0.000000000000000 
64.000000000000000  0.000000000000000  0.000000000000000 
65.000000000000000  0.000000000000000  0.000000000000000 
66.000000000000000  0.000000000000000  0.000000000000000 
67.000000000000000  0.000000000000000  0.000000000000000 
68.000000000000000  0.000000000000000  0.000000000000000 
69.000000000000000  0.000000000000000  0.000000000000000 
70.000000000000000  0.000000000000000  0.000000000000000 
71.000000000000000  0.000000000000000  0.000000000000000 
72.000000000000000  0.000000000000000  0.000000000000000 
73.000000000000000  0.000000000000000  0.000000000000000 
74.000000000000000  0.000000000000000  0.000000000000000 
75.000000000000000  0.000000000000000  0.000000000000000 
76.000000000000000  0.000000000000000  0.000000000000000 
77.000000000000000  0.000000000000000  0.000000000000000 
78.000000000000000  0.000000000000000  0.000000000000000 
79.000000000000000  0.000000000000000  0.000000000000000 
80.000000000000000  0.000000000000000  0.000000000000000 
81.000000000000000  0.000000000000000  0.000000000000000 
82.000000000000000  0.000000000000000  0.000000000000000 
83.000000000000000  0.000000000000000  0.000000000000000 
84.000000000000000  0.000000000000000  0.000000000000000 
85.000000000000000  0.000000000000000  0.000000000000000 
86.000000000000000  0.000000000000000  0.000000000000000 
87.000000000000000  0.000000000000000  0.000000000000000 
88.000000000000000  0.000000000000000  0.000000000000000 
89.000000000000000  0.000000000000000  0.000000000000000 
90.000000000000000  0.000000000000000  0.000000000000000 
91.000000000000000  0.000000000000000  0.000000000000000 
92.000000000000000  0.000000000000000  0.000000000000000 
93.000000000000000  0.000000000000000  0.000000000000000 
94.000000000000000  0.000000000000000  0.000000000000000 
95.000000000000000  0.000000000000000  0.000000000000000 
96.000000000000000  0.000000000000000  0.000000000000000 
97.000000000000000  0.000000000000000  0.000000000000000 
98.000000000000000  0.000000000000000  0.000000000000000 
99.000000000000000  0.000000000000000  0.000000000000000 
100.000000000000000  0.000000000000000  0.000000000000000 
101.000000000000000  0.000000000000000  0.000000000000000 
102.000000000000000  0.000000000000000  0.000000000000000 
103.000000000000000  0.000000000000000  0.000000000000000 
104.000000000000000  0.000000000000000  0.000000000000000 
105.000000000000000  0.000000000000000  0.000000000000000 
106.000000000000000  0.000000000000000  0.000000000000000 
107.000000000000000  0.000000000000000  0.000000000000000 
108.000000000000000  0.000000000000000  0.000000000000000 
109.000000000000000  0.000000000000000  0.000000000000000 
110.000000000000000  0.000000000000000  0.000000000000000 
111.000000000000000  0.000000000000000  0.000000000000000 
112.000000000000000  0.000000000000000  0.000000000000000 
113.000000000000000  0.000000000000000  0.000000000000000 
114.000000000000000  0.000000000000000  0.000000000000000 
115.000000000000000  0.000000000000000  0.000000000000000 
116.000000000000000  0.000000000000000  0.000000000000000 
117.000000000000000  0.000000000000000  0.000000000000000 
118.000000000000000  0.000000000000000  0.000000000000000 
119.000000000000000  0.000000000000000  0.000000000000000 
120.000000000000000  0.000000000000000  0.000000000000000 
121.000000000000000  0.000000000000000  0.000000000000000 
122.000000000000000  0.000000000000000  0.000000000000000 
123.000000000000000  0.000000000000000  0.000000000000000 
124.000000000000000  0.000000000000000  0.000000000000000 
125.000000000000000  0.000000000000000  0.000000000000000 
126.000000000000000  0.000000000000000  0.000000000000000 
127.000000000000000  0.000000000000000  0.000000000000000 
