 0.000000000000000 43.320282671157486 637.000000000000000 
 1.000000000000000 36.661739265797465 361.000000000000000 
 2.000000000000000 45.489711355030771 353.000000000000000 
 3.000000000000000 42.471301871195976 185.000000000000000 
 4.000000000000000 47.967680691776721 771.000000000000000 
 5.000000000000000 47.252133819229620 167.000000000000000 
 6.000000000000000 48.989837404253663 378.000000000000000 
 7.000000000000000 43.713276841688248 315.000000000000000 
 8.000000000000000 49.413980861830773 260.000000000000000 
 9.000000000000000 39.102292901179844 109.000000000000000 
10.000000000000000 52.878891564459877 479.000000000000000 
11.000000000000000 27.748009523347914 48.000000000000000 
12.000000000000000 39.468585031848406 77.000000000000000 
13.000000000000000 40.479456440269416 96.000000000000000 
14.000000000000000 41.573090802824566 70.000000000000000 
15.000000000000000 43.799679499081307 123.000000000000000 
16.000000000000000 35.572532498708590 172.000000000000000 
17.000000000000000 34.780702594549261 179.000000000000000 
18.000000000000000 48.474973240107722 397.000000000000000 
19.000000000000000 37.323683926411022 64.000000000000000 
20.000000000000000 43.665892059903889 211.000000000000000 
21.000000000000000 36.616572555468125 172.000000000000000 
22.000000000000000 48.492119126758872 107.000000000000000 
23.000000000000000 42.951855505673969 704.000000000000000 
24.000000000000000 51.044397607415000 116.000000000000000 
25.000000000000000 52.987719766685693 119.000000000000000 
26.000000000000000 48.246517016901286 569.000000000000000 
27.000000000000000 39.371971341110907 178.000000000000000 
28.000000000000000 51.765413228239353 304.000000000000000 
29.000000000000000 44.480303390177212 154.000000000000000 
30.000000000000000 48.334043295159489 150.000000000000000 
31.000000000000000 43.576222096096011 104.000000000000000 
32.000000000000000 46.828496075299270 81.000000000000000 
33.000000000000000 55.658117712323531 68.000000000000000 
34.000000000000000 45.551480944094472 127.000000000000000 
35.000000000000000 37.042258393030238 118.000000000000000 
36.000000000000000 48.534642569834283 144.000000000000000 
37.000000000000000 46.700420795637889 110.000000000000000 
38.000000000000000 43.837820820246243 933.000000000000000 
39.000000000000000 49.595085230545671 362.000000000000000 
40.000000000000000 36.454784437477329 119.000000000000000 
41.000000000000000 52.395171343334184 214.000000000000000 
42.000000000000000 56.280711644546180 116.000000000000000 
43.000000000000000 49.504094979141080 185.000000000000000 
44.000000000000000 53.038890049036929 700.000000000000000 
45.000000000000000 37.620236532270823 238.000000000000000 
46.000000000000000 35.312666433060478 169.000000000000000 
47.000000000000000 45.711702637530237 166.000000000000000 
48.000000000000000 38.510442141292316 118.000000000000000 
49.000000000000000 49.883981607568515 456.000000000000000 
50.000000000000000 53.103956569736134 737.000000000000000 
51.000000000000000 47.294571968022900 137.000000000000000 
52.000000000000000 46.630908088636815 126.000000000000000 
53.000000000000000 48.805709248898239 156.000000000000000 
54.000000000000000 36.745539550418243 825.000000000000000 
55.000000000000000 33.359412950697937 570.000000000000000 
56.000000000000000 54.985183012150401 149.000000000000000 
57.000000000000000 47.844749056953141 260.000000000000000 
58.000000000000000 34.285194872002258 152.000000000000000 
59.000000000000000 49.952081862799830 96.000000000000000 
60.000000000000000 29.164630387040972 142.000000000000000 
61.000000000000000 48.939299746325112 107.000000000000000 
62.000000000000000 33.439426142192936 72.000000000000000 
63.000000000000000 52.856125497621171 85.000000000000000 
64.000000000000000 42.500905171650601 431.000000000000000 
65.000000000000000 44.402086067713164 165.000000000000000 
66.000000000000000 41.085753071050789 63.000000000000000 
67.000000000000000 41.247895492693587 109.000000000000000 
68.000000000000000 36.408767360222420 188.000000000000000 
69.000000000000000 43.603128697222992 164.000000000000000 
70.000000000000000 48.849118195931517 279.000000000000000 
71.000000000000000 48.731403578052237 254.000000000000000 
72.000000000000000 51.253863555579080 851.000000000000000 
73.000000000000000 37.413146056181638 261.000000000000000 
74.000000000000000 38.895993294581579 92.000000000000000 
75.000000000000000 45.426552192890476 105.000000000000000 
76.000000000000000 31.431597698018614 43.000000000000000 
77.000000000000000 35.864487011178426 384.000000000000000 
78.000000000000000 37.784681564994891 222.000000000000000 
79.000000000000000 44.521777721500378 221.000000000000000 
80.000000000000000 42.857082209525188 297.000000000000000 
81.000000000000000 34.765818167631792 107.000000000000000 
82.000000000000000 32.259157966553161 274.000000000000000 
83.000000000000000 47.131074647613730 102.000000000000000 
84.000000000000000 41.557002099363643 77.000000000000000 
85.000000000000000 35.617501123426592 113.000000000000000 
86.000000000000000 35.561509877263155 76.000000000000000 
87.000000000000000 34.301198081579855 88.000000000000000 
88.000000000000000 39.572984102638770 211.000000000000000 
89.000000000000000 36.853012193538923 105.000000000000000 
90.000000000000000 49.698742232252108 882.000000000000000 
91.000000000000000 46.284816362082005 722.000000000000000 
92.000000000000000 40.453079205404563 159.000000000000000 
93.000000000000000 38.336042260967943 233.000000000000000 
94.000000000000000 40.332545811369151 201.000000000000000 
95.000000000000000 32.528692489713038 271.000000000000000 
96.000000000000000 38.596944975531144 411.000000000000000 
97.000000000000000 26.491483847566535 36.000000000000000 
98.000000000000000 37.957244864134630 182.000000000000000 
99.000000000000000 38.534997678458573 280.000000000000000 
100.000000000000000 29.180194820068184 88.000000000000000 
101.000000000000000 38.365480363521002 201.000000000000000 
102.000000000000000 38.209011694157859 236.000000000000000 
103.000000000000000 31.778240340757506 95.000000000000000 
104.000000000000000 37.821097091333250 143.000000000000000 
105.000000000000000 27.044080567141723 300.000000000000000 
106.000000000000000 29.531755314386654 112.000000000000000 
107.000000000000000  0.000000000000000  0.000000000000000 
108.000000000000000  0.000000000000000  0.000000000000000 
109.000000000000000  0.000000000000000  0.000000000000000 
110.000000000000000  0.000000000000000  0.000000000000000 
111.000000000000000  0.000000000000000  0.000000000000000 
112.000000000000000  0.000000000000000  0.000000000000000 
113.000000000000000  0.000000000000000  0.000000000000000 
114.000000000000000  0.000000000000000  0.000000000000000 
115.000000000000000  0.000000000000000  0.000000000000000 
116.000000000000000  0.000000000000000  0.000000000000000 
117.000000000000000  0.000000000000000  0.000000000000000 
118.000000000000000  0.000000000000000  0.000000000000000 
119.000000000000000  0.000000000000000  0.000000000000000 
120.000000000000000  0.000000000000000  0.000000000000000 
121.000000000000000  0.000000000000000  0.000000000000000 
122.000000000000000  0.000000000000000  0.000000000000000 
123.000000000000000  0.000000000000000  0.000000000000000 
124.000000000000000  0.000000000000000  0.000000000000000 
125.000000000000000  0.000000000000000  0.000000000000000 
126.000000000000000  0.000000000000000  0.000000000000000 
127.000000000000000  0.000000000000000  0.000000000000000 
