 0.000000000000000 113.428927746785106 1119.000000000000000 
 1.000000000000000 127.668577820903806 1400.000000000000000 
 2.000000000000000 150.735204070446116 858.000000000000000 
 3.000000000000000 152.335695475729750 260.000000000000000 
 4.000000000000000 128.326432596080764 832.000000000000000 
 5.000000000000000 144.870182775223554 336.000000000000000 
 6.000000000000000 111.061505182914260 602.000000000000000 
 7.000000000000000 88.223973353837465 1027.000000000000000 
 8.000000000000000 133.410790780219799 469.000000000000000 
 9.000000000000000 145.757611467389609 302.000000000000000 
10.000000000000000 159.151824785709834 964.000000000000000 
11.000000000000000 126.619382787285289 155.000000000000000 
12.000000000000000 144.857365526483079 218.000000000000000 
13.000000000000000 147.730497698290804 304.000000000000000 
14.000000000000000 136.427433998213928 189.000000000000000 
15.000000000000000 140.979872160924799 256.000000000000000 
16.000000000000000 168.988733980728568 771.000000000000000 
17.000000000000000 125.751297987125298 359.000000000000000 
18.000000000000000 128.410101785004002 524.000000000000000 
19.000000000000000 141.416537279168693 217.000000000000000 
20.000000000000000 158.888139052451578 631.000000000000000 
21.000000000000000 142.569826089930501 533.000000000000000 
22.000000000000000 132.542942758366536 197.000000000000000 
23.000000000000000 115.571217657172255 1498.000000000000000 
24.000000000000000 126.823975664379404 230.000000000000000 
25.000000000000000 137.179161662237675 212.000000000000000 
26.000000000000000 136.777316928516655 1224.000000000000000 
27.000000000000000 116.604983990214876 369.000000000000000 
28.000000000000000 147.821493712390208 556.000000000000000 
29.000000000000000 121.737528102301638 250.000000000000000 
30.000000000000000 152.347531013085074 375.000000000000000 
31.000000000000000 134.855929018263168 291.000000000000000 
32.000000000000000 136.104659882888058 195.000000000000000 
33.000000000000000 132.506762831013447 134.000000000000000 
34.000000000000000 120.717489009972780 179.000000000000000 
35.000000000000000 128.465745771712591 375.000000000000000 
36.000000000000000 122.112171938798951 238.000000000000000 
37.000000000000000 153.099112612569343 366.000000000000000 
38.000000000000000 116.635386590098832 1551.000000000000000 
39.000000000000000 132.870394305515958 589.000000000000000 
40.000000000000000 129.364011430577875 489.000000000000000 
41.000000000000000 134.241297500659243 426.000000000000000 
42.000000000000000 135.428683008614229 232.000000000000000 
43.000000000000000 158.647825569982871 392.000000000000000 
44.000000000000000 167.891747059085930 1834.000000000000000 
45.000000000000000 116.654126377877645 384.000000000000000 
46.000000000000000 110.381446571854113 425.000000000000000 
47.000000000000000 106.319185825298348 210.000000000000000 
48.000000000000000 121.929826023108177 454.000000000000000 
49.000000000000000  0.000000000000000  0.000000000000000 
50.000000000000000  0.000000000000000  0.000000000000000 
51.000000000000000  0.000000000000000  0.000000000000000 
52.000000000000000  0.000000000000000  0.000000000000000 
53.000000000000000  0.000000000000000  0.000000000000000 
54.000000000000000  0.000000000000000  0.000000000000000 
55.000000000000000  0.000000000000000  0.000000000000000 
56.000000000000000  0.000000000000000  0.000000000000000 
57.000000000000000  0.000000000000000  0.000000000000000 
58.000000000000000  0.000000000000000  0.000000000000000 
59.000000000000000  0.000000000000000  0.000000000000000 
60.000000000000000  0.000000000000000  0.000000000000000 
61.000000000000000  0.000000000000000  0.000000000000000 
62.000000000000000  0.000000000000000  0.000000000000000 
63.000000000000000  0.000000000000000  0.000000000000000 
64.000000000000000  0.000000000000000  0.000000000000000 
65.000000000000000  0.000000000000000  0.000000000000000 
66.000000000000000  0.000000000000000  0.000000000000000 
67.000000000000000  0.000000000000000  0.000000000000000 
68.000000000000000  0.000000000000000  0.000000000000000 
69.000000000000000  0.000000000000000  0.000000000000000 
70.000000000000000  0.000000000000000  0.000000000000000 
71.000000000000000  0.000000000000000  0.000000000000000 
72.000000000000000  0.000000000000000  0.000000000000000 
73.000000000000000  0.000000000000000  0.000000000000000 
74.000000000000000  0.000000000000000  0.000000000000000 
75.000000000000000  0.000000000000000  0.000000000000000 
76.000000000000000  0.000000000000000  0.000000000000000 
77.000000000000000  0.000000000000000  0.000000000000000 
78.000000000000000  0.000000000000000  0.000000000000000 
79.000000000000000  0.000000000000000  0.000000000000000 
80.000000000000000  0.000000000000000  0.000000000000000 
81.000000000000000  0.000000000000000  0.000000000000000 
82.000000000000000  0.000000000000000  0.000000000000000 
83.000000000000000  0.000000000000000  0.000000000000000 
84.000000000000000  0.000000000000000  0.000000000000000 
85.000000000000000  0.000000000000000  0.000000000000000 
86.000000000000000  0.000000000000000  0.000000000000000 
87.000000000000000  0.000000000000000  0.000000000000000 
88.000000000000000  0.000000000000000  0.000000000000000 
89.000000000000000  0.000000000000000  0.000000000000000 
90.000000000000000  0.000000000000000  0.000000000000000 
91.000000000000000  0.000000000000000  0.000000000000000 
92.000000000000000  0.000000000000000  0.000000000000000 
93.000000000000000  0.000000000000000  0.000000000000000 
94.000000000000000  0.000000000000000  0.000000000000000 
95.000000000000000  0.000000000000000  0.000000000000000 
96.000000000000000  0.000000000000000  0.000000000000000 
97.000000000000000  0.000000000000000  0.000000000000000 
98.000000000000000  0.000000000000000  0.000000000000000 
99.000000000000000  0.000000000000000  0.000000000000000 
100.000000000000000  0.000000000000000  0.000000000000000 
101.000000000000000  0.000000000000000  0.000000000000000 
102.000000000000000  0.000000000000000  0.000000000000000 
103.000000000000000  0.000000000000000  0.000000000000000 
104.000000000000000  0.000000000000000  0.000000000000000 
105.000000000000000  0.000000000000000  0.000000000000000 
106.000000000000000  0.000000000000000  0.000000000000000 
107.000000000000000  0.000000000000000  0.000000000000000 
108.000000000000000  0.000000000000000  0.000000000000000 
109.000000000000000  0.000000000000000  0.000000000000000 
110.000000000000000  0.000000000000000  0.000000000000000 
111.000000000000000  0.000000000000000  0.000000000000000 
112.000000000000000  0.000000000000000  0.000000000000000 
113.000000000000000  0.000000000000000  0.000000000000000 
114.000000000000000  0.000000000000000  0.000000000000000 
115.000000000000000  0.000000000000000  0.000000000000000 
116.000000000000000  0.000000000000000  0.000000000000000 
117.000000000000000  0.000000000000000  0.000000000000000 
118.000000000000000  0.000000000000000  0.000000000000000 
119.000000000000000  0.000000000000000  0.000000000000000 
120.000000000000000  0.000000000000000  0.000000000000000 
121.000000000000000  0.000000000000000  0.000000000000000 
122.000000000000000  0.000000000000000  0.000000000000000 
123.000000000000000  0.000000000000000  0.000000000000000 
124.000000000000000  0.000000000000000  0.000000000000000 
125.000000000000000  0.000000000000000  0.000000000000000 
126.000000000000000  0.000000000000000  0.000000000000000 
127.000000000000000  0.000000000000000  0.000000000000000 
