 0.000000000000000 46.942256168509715 651.000000000000000 
 1.000000000000000 42.415712419358051 408.000000000000000 
 2.000000000000000 55.108134704464909 442.000000000000000 
 3.000000000000000 51.300322784169410 206.000000000000000 
 4.000000000000000 53.153791954696800 797.000000000000000 
 5.000000000000000 58.455767675567280 193.000000000000000 
 6.000000000000000 48.776865052413754 383.000000000000000 
 7.000000000000000 47.741337758030362 335.000000000000000 
 8.000000000000000 48.475734457988160 255.000000000000000 
 9.000000000000000 51.748131861783079 127.000000000000000 
10.000000000000000 63.108986534479030 534.000000000000000 
11.000000000000000 39.341930786448501 66.000000000000000 
12.000000000000000 49.209148785165119 90.000000000000000 
13.000000000000000 46.708807433194018 108.000000000000000 
14.000000000000000 52.991962961481448 81.000000000000000 
15.000000000000000 47.570722257563361 131.000000000000000 
16.000000000000000 38.113656132261404 184.000000000000000 
17.000000000000000 50.761286981212066 232.000000000000000 
18.000000000000000 53.032900049795330 417.000000000000000 
19.000000000000000 56.720084291665025 123.000000000000000 
20.000000000000000 57.817428525414194 250.000000000000000 
21.000000000000000 46.700364966862395 210.000000000000000 
22.000000000000000 57.273624162303165 95.000000000000000 
23.000000000000000 45.202441382316294 724.000000000000000 
24.000000000000000 62.460538334479310 140.000000000000000 
25.000000000000000 54.002811132263197 124.000000000000000 
26.000000000000000 61.624999535063239 646.000000000000000 
27.000000000000000 54.979834168930488 239.000000000000000 
28.000000000000000 65.192670340335056 340.000000000000000 
29.000000000000000 67.374853940198790 198.000000000000000 
30.000000000000000 50.755439246728251 154.000000000000000 
31.000000000000000 66.176586069379255 164.000000000000000 
32.000000000000000 48.461286343715081 83.000000000000000 
33.000000000000000 60.776395205801364 74.000000000000000 
34.000000000000000 48.209534026765866 126.000000000000000 
35.000000000000000 49.199818214119297 163.000000000000000 
36.000000000000000 51.599958461530832 157.000000000000000 
37.000000000000000 46.820235499127115 109.000000000000000 
38.000000000000000 45.091635419449666 951.000000000000000 
39.000000000000000 52.736467942442928 376.000000000000000 
40.000000000000000 39.064268168037898 124.000000000000000 
41.000000000000000 55.603480590668219 219.000000000000000 
42.000000000000000 59.943058845354322 127.000000000000000 
43.000000000000000 53.541484744167008 195.000000000000000 
44.000000000000000 50.737839021448686 700.000000000000000 
45.000000000000000 50.514081354221283 306.000000000000000 
46.000000000000000 49.665497306036812 235.000000000000000 
47.000000000000000 60.714981695055037 208.000000000000000 
48.000000000000000 46.440341227807828 160.000000000000000 
49.000000000000000 56.125786920031871 503.000000000000000 
50.000000000000000 52.988418224468603 736.000000000000000 
51.000000000000000 47.487116064736298 135.000000000000000 
52.000000000000000 48.489022751135877 131.000000000000000 
53.000000000000000 49.629544768215020 160.000000000000000 
54.000000000000000 36.950258899321938 833.000000000000000 
55.000000000000000 33.631377226083004 557.000000000000000 
56.000000000000000 59.076321975611663 159.000000000000000 
57.000000000000000 50.631123483279438 277.000000000000000 
58.000000000000000 63.626414902515492 252.000000000000000 
59.000000000000000 53.361164417666693 114.000000000000000 
60.000000000000000 42.484421883180545 185.000000000000000 
61.000000000000000 64.489549525551396 135.000000000000000 
62.000000000000000 53.968468544910742 112.000000000000000 
63.000000000000000 59.163797209090305 93.000000000000000 
64.000000000000000 46.747310614556866 435.000000000000000 
65.000000000000000 44.067277620145759 171.000000000000000 
66.000000000000000 44.684824143157570 66.000000000000000 
67.000000000000000 54.348000982124681 146.000000000000000 
68.000000000000000 39.753018542461092 207.000000000000000 
69.000000000000000 51.615123921416043 165.000000000000000 
70.000000000000000 48.855501607355833 270.000000000000000 
71.000000000000000 55.127689495951138 290.000000000000000 
72.000000000000000 51.167706396959105 853.000000000000000 
73.000000000000000 44.780321495768327 337.000000000000000 
74.000000000000000 38.203854269904902 90.000000000000000 
75.000000000000000 44.115372680302954 102.000000000000000 
76.000000000000000 30.458895439342861 42.000000000000000 
77.000000000000000 46.656770909071703 502.000000000000000 
78.000000000000000 46.685363180617841 255.000000000000000 
79.000000000000000 43.570707318130992 233.000000000000000 
80.000000000000000 43.398245373058963 298.000000000000000 
81.000000000000000 55.269337884655982 134.000000000000000 
82.000000000000000 40.506574711481512 330.000000000000000 
83.000000000000000 49.045276357775158 100.000000000000000 
84.000000000000000 41.765356377742840 77.000000000000000 
85.000000000000000 35.473171522472938 113.000000000000000 
86.000000000000000 46.484092914670079 97.000000000000000 
87.000000000000000 38.238239094662909 92.000000000000000 
88.000000000000000 43.300145000179029 217.000000000000000 
89.000000000000000 36.556225238784464 107.000000000000000 
90.000000000000000 49.744955632512188 883.000000000000000 
91.000000000000000 45.980409407611795 717.000000000000000 
92.000000000000000 45.169145844087069 172.000000000000000 
93.000000000000000 41.823635235326925 250.000000000000000 
94.000000000000000 42.728296398538767 205.000000000000000 
95.000000000000000 35.126042781345163 303.000000000000000 
96.000000000000000  0.000000000000000  0.000000000000000 
97.000000000000000  0.000000000000000  0.000000000000000 
98.000000000000000  0.000000000000000  0.000000000000000 
99.000000000000000  0.000000000000000  0.000000000000000 
100.000000000000000  0.000000000000000  0.000000000000000 
101.000000000000000  0.000000000000000  0.000000000000000 
102.000000000000000  0.000000000000000  0.000000000000000 
103.000000000000000  0.000000000000000  0.000000000000000 
104.000000000000000  0.000000000000000  0.000000000000000 
105.000000000000000  0.000000000000000  0.000000000000000 
106.000000000000000  0.000000000000000  0.000000000000000 
107.000000000000000  0.000000000000000  0.000000000000000 
108.000000000000000  0.000000000000000  0.000000000000000 
109.000000000000000  0.000000000000000  0.000000000000000 
110.000000000000000  0.000000000000000  0.000000000000000 
111.000000000000000  0.000000000000000  0.000000000000000 
112.000000000000000  0.000000000000000  0.000000000000000 
113.000000000000000  0.000000000000000  0.000000000000000 
114.000000000000000  0.000000000000000  0.000000000000000 
115.000000000000000  0.000000000000000  0.000000000000000 
116.000000000000000  0.000000000000000  0.000000000000000 
117.000000000000000  0.000000000000000  0.000000000000000 
118.000000000000000  0.000000000000000  0.000000000000000 
119.000000000000000  0.000000000000000  0.000000000000000 
120.000000000000000  0.000000000000000  0.000000000000000 
121.000000000000000  0.000000000000000  0.000000000000000 
122.000000000000000  0.000000000000000  0.000000000000000 
123.000000000000000  0.000000000000000  0.000000000000000 
124.000000000000000  0.000000000000000  0.000000000000000 
125.000000000000000  0.000000000000000  0.000000000000000 
126.000000000000000  0.000000000000000  0.000000000000000 
127.000000000000000  0.000000000000000  0.000000000000000 
