 0.000000000000000 138.530228198658676 1642.000000000000000 
 1.000000000000000 126.177834461596831 1368.000000000000000 
 2.000000000000000 172.250722227403486 968.000000000000000 
 3.000000000000000 167.243681627367863 285.000000000000000 
 4.000000000000000 145.467703747177836 907.000000000000000 
 5.000000000000000 150.812670417334516 345.000000000000000 
 6.000000000000000 159.573893581073804 763.000000000000000 
 7.000000000000000 136.230360958464871 1290.000000000000000 
 8.000000000000000 155.383471850134896 533.000000000000000 
 9.000000000000000 180.472604804598916 445.000000000000000 
10.000000000000000 172.978844745505171 986.000000000000000 
11.000000000000000 150.552838762238025 200.000000000000000 
12.000000000000000 177.932864748782492 237.000000000000000 
13.000000000000000 149.684216320505271 301.000000000000000 
14.000000000000000 155.010288185222208 207.000000000000000 
15.000000000000000 149.417582331392765 276.000000000000000 
16.000000000000000 174.296561607819683 838.000000000000000 
17.000000000000000 150.455296332548272 336.000000000000000 
18.000000000000000 148.591102710533761 556.000000000000000 
19.000000000000000 149.022469066838624 208.000000000000000 
20.000000000000000 179.305165148718345 633.000000000000000 
21.000000000000000 174.399345571695562 672.000000000000000 
22.000000000000000 155.076032068304926 223.000000000000000 
23.000000000000000 127.500575355567577 1587.000000000000000 
24.000000000000000 148.807786584790193 256.000000000000000 
25.000000000000000 168.909416320019091 251.000000000000000 
26.000000000000000 163.230488105823525 1433.000000000000000 
27.000000000000000 165.374414520858807 425.000000000000000 
28.000000000000000 164.043302032117481 602.000000000000000 
29.000000000000000 184.645513246283201 452.000000000000000 
30.000000000000000 167.380307352432254 390.000000000000000 
31.000000000000000 162.781212562798345 342.000000000000000 
32.000000000000000 143.979331301921405 201.000000000000000 
33.000000000000000 149.719818479637695 151.000000000000000 
34.000000000000000 144.063716947479605 206.000000000000000 
35.000000000000000 183.232476144687780 551.000000000000000 
36.000000000000000 147.970081139130144 296.000000000000000 
37.000000000000000 163.387933426241972 383.000000000000000 
38.000000000000000 196.063963747339329 2109.000000000000000 
39.000000000000000 143.404030117075393 625.000000000000000 
40.000000000000000 128.977360211345371 477.000000000000000 
41.000000000000000 143.310585716302342 441.000000000000000 
42.000000000000000 153.013516789347705 249.000000000000000 
43.000000000000000 133.396276995008236 355.000000000000000 
44.000000000000000  0.000000000000000  0.000000000000000 
45.000000000000000  0.000000000000000  0.000000000000000 
46.000000000000000  0.000000000000000  0.000000000000000 
47.000000000000000  0.000000000000000  0.000000000000000 
48.000000000000000  0.000000000000000  0.000000000000000 
49.000000000000000  0.000000000000000  0.000000000000000 
50.000000000000000  0.000000000000000  0.000000000000000 
51.000000000000000  0.000000000000000  0.000000000000000 
52.000000000000000  0.000000000000000  0.000000000000000 
53.000000000000000  0.000000000000000  0.000000000000000 
54.000000000000000  0.000000000000000  0.000000000000000 
55.000000000000000  0.000000000000000  0.000000000000000 
56.000000000000000  0.000000000000000  0.000000000000000 
57.000000000000000  0.000000000000000  0.000000000000000 
58.000000000000000  0.000000000000000  0.000000000000000 
59.000000000000000  0.000000000000000  0.000000000000000 
60.000000000000000  0.000000000000000  0.000000000000000 
61.000000000000000  0.000000000000000  0.000000000000000 
62.000000000000000  0.000000000000000  0.000000000000000 
63.000000000000000  0.000000000000000  0.000000000000000 
64.000000000000000  0.000000000000000  0.000000000000000 
65.000000000000000  0.000000000000000  0.000000000000000 
66.000000000000000  0.000000000000000  0.000000000000000 
67.000000000000000  0.000000000000000  0.000000000000000 
68.000000000000000  0.000000000000000  0.000000000000000 
69.000000000000000  0.000000000000000  0.000000000000000 
70.000000000000000  0.000000000000000  0.000000000000000 
71.000000000000000  0.000000000000000  0.000000000000000 
72.000000000000000  0.000000000000000  0.000000000000000 
73.000000000000000  0.000000000000000  0.000000000000000 
74.000000000000000  0.000000000000000  0.000000000000000 
75.000000000000000  0.000000000000000  0.000000000000000 
76.000000000000000  0.000000000000000  0.000000000000000 
77.000000000000000  0.000000000000000  0.000000000000000 
78.000000000000000  0.000000000000000  0.000000000000000 
79.000000000000000  0.000000000000000  0.000000000000000 
80.000000000000000  0.000000000000000  0.000000000000000 
81.000000000000000  0.000000000000000  0.000000000000000 
82.000000000000000  0.000000000000000  0.000000000000000 
83.000000000000000  0.000000000000000  0.000000000000000 
84.000000000000000  0.000000000000000  0.000000000000000 
85.000000000000000  0.000000000000000  0.000000000000000 
86.000000000000000  0.000000000000000  0.000000000000000 
87.000000000000000  0.000000000000000  0.000000000000000 
88.000000000000000  0.000000000000000  0.000000000000000 
89.000000000000000  0.000000000000000  0.000000000000000 
90.000000000000000  0.000000000000000  0.000000000000000 
91.000000000000000  0.000000000000000  0.000000000000000 
92.000000000000000  0.000000000000000  0.000000000000000 
93.000000000000000  0.000000000000000  0.000000000000000 
94.000000000000000  0.000000000000000  0.000000000000000 
95.000000000000000  0.000000000000000  0.000000000000000 
96.000000000000000  0.000000000000000  0.000000000000000 
97.000000000000000  0.000000000000000  0.000000000000000 
98.000000000000000  0.000000000000000  0.000000000000000 
99.000000000000000  0.000000000000000  0.000000000000000 
100.000000000000000  0.000000000000000  0.000000000000000 
101.000000000000000  0.000000000000000  0.000000000000000 
102.000000000000000  0.000000000000000  0.000000000000000 
103.000000000000000  0.000000000000000  0.000000000000000 
104.000000000000000  0.000000000000000  0.000000000000000 
105.000000000000000  0.000000000000000  0.000000000000000 
106.000000000000000  0.000000000000000  0.000000000000000 
107.000000000000000  0.000000000000000  0.000000000000000 
108.000000000000000  0.000000000000000  0.000000000000000 
109.000000000000000  0.000000000000000  0.000000000000000 
110.000000000000000  0.000000000000000  0.000000000000000 
111.000000000000000  0.000000000000000  0.000000000000000 
112.000000000000000  0.000000000000000  0.000000000000000 
113.000000000000000  0.000000000000000  0.000000000000000 
114.000000000000000  0.000000000000000  0.000000000000000 
115.000000000000000  0.000000000000000  0.000000000000000 
116.000000000000000  0.000000000000000  0.000000000000000 
117.000000000000000  0.000000000000000  0.000000000000000 
118.000000000000000  0.000000000000000  0.000000000000000 
119.000000000000000  0.000000000000000  0.000000000000000 
120.000000000000000  0.000000000000000  0.000000000000000 
121.000000000000000  0.000000000000000  0.000000000000000 
122.000000000000000  0.000000000000000  0.000000000000000 
123.000000000000000  0.000000000000000  0.000000000000000 
124.000000000000000  0.000000000000000  0.000000000000000 
125.000000000000000  0.000000000000000  0.000000000000000 
126.000000000000000  0.000000000000000  0.000000000000000 
127.000000000000000  0.000000000000000  0.000000000000000 
