 0.000000000000000 63.716140934814320 759.000000000000000 
 1.000000000000000 61.798660595018625 602.000000000000000 
 2.000000000000000 75.648191767641208 537.000000000000000 
 3.000000000000000 76.110324793526161 233.000000000000000 
 4.000000000000000 68.394636460772361 883.000000000000000 
 5.000000000000000 83.722580649616575 250.000000000000000 
 6.000000000000000 84.951310933199039 584.000000000000000 
 7.000000000000000 72.256456544175350 486.000000000000000 
 8.000000000000000 83.545552924343554 308.000000000000000 
 9.000000000000000 70.920614936463068 165.000000000000000 
10.000000000000000 81.657694004181181 540.000000000000000 
11.000000000000000 84.433060594124768 109.000000000000000 
12.000000000000000 70.932443897570025 109.000000000000000 
13.000000000000000 77.261584070984725 166.000000000000000 
14.000000000000000 88.685144264539019 141.000000000000000 
15.000000000000000 89.728608105670844 189.000000000000000 
16.000000000000000 63.557773684305886 264.000000000000000 
17.000000000000000 75.267762212253544 305.000000000000000 
18.000000000000000 76.929066535153737 510.000000000000000 
19.000000000000000 63.767436307764633 123.000000000000000 
20.000000000000000 85.297767338913346 337.000000000000000 
21.000000000000000 69.805936019305662 336.000000000000000 
22.000000000000000 85.813351785447878 140.000000000000000 
23.000000000000000 73.319638443060768 954.000000000000000 
24.000000000000000 82.670919977240942 167.000000000000000 
25.000000000000000 72.689991459166166 138.000000000000000 
26.000000000000000 77.032598848138932 775.000000000000000 
27.000000000000000 79.393032847503136 291.000000000000000 
28.000000000000000 81.256810093629866 393.000000000000000 
29.000000000000000 77.090778553184435 217.000000000000000 
30.000000000000000 80.157653273393791 267.000000000000000 
31.000000000000000 80.749094193009043 189.000000000000000 
32.000000000000000 78.167365614843632 124.000000000000000 
33.000000000000000 78.621219612555933 84.000000000000000 
34.000000000000000 67.658231219238203 157.000000000000000 
35.000000000000000 65.127028926113312 204.000000000000000 
36.000000000000000 78.394766680063313 224.000000000000000 
37.000000000000000 83.115404205667389 207.000000000000000 
38.000000000000000 63.404527114898251 1172.000000000000000 
39.000000000000000 68.382649964642752 420.000000000000000 
40.000000000000000 71.389413377236352 216.000000000000000 
41.000000000000000 70.680142179339484 222.000000000000000 
42.000000000000000 83.516035191409458 149.000000000000000 
43.000000000000000 77.451327911559403 273.000000000000000 
44.000000000000000 62.335239043068952 961.000000000000000 
45.000000000000000 65.196725072728427 373.000000000000000 
46.000000000000000 68.971104041016844 306.000000000000000 
47.000000000000000 77.254151353863165 238.000000000000000 
48.000000000000000 68.962849324969937 260.000000000000000 
49.000000000000000 80.874122818960998 650.000000000000000 
50.000000000000000 69.421955674932974 927.000000000000000 
51.000000000000000 69.456775891395068 151.000000000000000 
52.000000000000000 67.674169608602043 160.000000000000000 
53.000000000000000 76.234959076731855 160.000000000000000 
54.000000000000000 56.966094857288866 1084.000000000000000 
55.000000000000000 55.981791577688568 782.000000000000000 
56.000000000000000 62.411718738316345 173.000000000000000 
57.000000000000000 78.170640186562153 465.000000000000000 
58.000000000000000 82.640844849749087 323.000000000000000 
59.000000000000000 68.697171977486718 128.000000000000000 
60.000000000000000 78.763209883957600 267.000000000000000 
61.000000000000000 78.216608208982095 150.000000000000000 
62.000000000000000 65.154804940937012 127.000000000000000 
63.000000000000000 72.657059750478183 110.000000000000000 
64.000000000000000 66.108550589920497 493.000000000000000 
65.000000000000000 80.139761587061798 253.000000000000000 
66.000000000000000 59.988625014402622 77.000000000000000 
67.000000000000000 63.292133920794917 158.000000000000000 
68.000000000000000 63.124031683133332 304.000000000000000 
69.000000000000000 65.792937578672166 131.000000000000000 
70.000000000000000 59.815383170049351 258.000000000000000 
71.000000000000000 70.943540677924489 297.000000000000000 
72.000000000000000 62.592909504918403 951.000000000000000 
73.000000000000000 57.396318620308143 365.000000000000000 
74.000000000000000  0.000000000000000  0.000000000000000 
75.000000000000000  0.000000000000000  0.000000000000000 
76.000000000000000  0.000000000000000  0.000000000000000 
77.000000000000000  0.000000000000000  0.000000000000000 
78.000000000000000  0.000000000000000  0.000000000000000 
79.000000000000000  0.000000000000000  0.000000000000000 
80.000000000000000  0.000000000000000  0.000000000000000 
81.000000000000000  0.000000000000000  0.000000000000000 
82.000000000000000  0.000000000000000  0.000000000000000 
83.000000000000000  0.000000000000000  0.000000000000000 
84.000000000000000  0.000000000000000  0.000000000000000 
85.000000000000000  0.000000000000000  0.000000000000000 
86.000000000000000  0.000000000000000  0.000000000000000 
87.000000000000000  0.000000000000000  0.000000000000000 
88.000000000000000  0.000000000000000  0.000000000000000 
89.000000000000000  0.000000000000000  0.000000000000000 
90.000000000000000  0.000000000000000  0.000000000000000 
91.000000000000000  0.000000000000000  0.000000000000000 
92.000000000000000  0.000000000000000  0.000000000000000 
93.000000000000000  0.000000000000000  0.000000000000000 
94.000000000000000  0.000000000000000  0.000000000000000 
95.000000000000000  0.000000000000000  0.000000000000000 
96.000000000000000  0.000000000000000  0.000000000000000 
97.000000000000000  0.000000000000000  0.000000000000000 
98.000000000000000  0.000000000000000  0.000000000000000 
99.000000000000000  0.000000000000000  0.000000000000000 
100.000000000000000  0.000000000000000  0.000000000000000 
101.000000000000000  0.000000000000000  0.000000000000000 
102.000000000000000  0.000000000000000  0.000000000000000 
103.000000000000000  0.000000000000000  0.000000000000000 
104.000000000000000  0.000000000000000  0.000000000000000 
105.000000000000000  0.000000000000000  0.000000000000000 
106.000000000000000  0.000000000000000  0.000000000000000 
107.000000000000000  0.000000000000000  0.000000000000000 
108.000000000000000  0.000000000000000  0.000000000000000 
109.000000000000000  0.000000000000000  0.000000000000000 
110.000000000000000  0.000000000000000  0.000000000000000 
111.000000000000000  0.000000000000000  0.000000000000000 
112.000000000000000  0.000000000000000  0.000000000000000 
113.000000000000000  0.000000000000000  0.000000000000000 
114.000000000000000  0.000000000000000  0.000000000000000 
115.000000000000000  0.000000000000000  0.000000000000000 
116.000000000000000  0.000000000000000  0.000000000000000 
117.000000000000000  0.000000000000000  0.000000000000000 
118.000000000000000  0.000000000000000  0.000000000000000 
119.000000000000000  0.000000000000000  0.000000000000000 
120.000000000000000  0.000000000000000  0.000000000000000 
121.000000000000000  0.000000000000000  0.000000000000000 
122.000000000000000  0.000000000000000  0.000000000000000 
123.000000000000000  0.000000000000000  0.000000000000000 
124.000000000000000  0.000000000000000  0.000000000000000 
125.000000000000000  0.000000000000000  0.000000000000000 
126.000000000000000  0.000000000000000  0.000000000000000 
127.000000000000000  0.000000000000000  0.000000000000000 
