 0.000000000000000 56.311267656865972 743.000000000000000 
 1.000000000000000 57.988170194654543 533.000000000000000 
 2.000000000000000 62.514704908301574 483.000000000000000 
 3.000000000000000 52.310526636702363 211.000000000000000 
 4.000000000000000 46.157694494712622 734.000000000000000 
 5.000000000000000 57.108669264212253 190.000000000000000 
 6.000000000000000 67.736332290681773 555.000000000000000 
 7.000000000000000 50.806343217197906 368.000000000000000 
 8.000000000000000 64.716422585786916 336.000000000000000 
 9.000000000000000 60.522273181613230 144.000000000000000 
10.000000000000000 60.920605487284277 523.000000000000000 
11.000000000000000 39.341930786448501 66.000000000000000 
12.000000000000000 51.494585006407611 93.000000000000000 
13.000000000000000 49.919489211295371 112.000000000000000 
14.000000000000000 55.318766675421685 83.000000000000000 
15.000000000000000 49.372268563227927 136.000000000000000 
16.000000000000000 43.367219388112929 205.000000000000000 
17.000000000000000 49.119204565002100 226.000000000000000 
18.000000000000000 60.234133510487247 445.000000000000000 
19.000000000000000 60.680329110469330 127.000000000000000 
20.000000000000000 59.835286931566131 251.000000000000000 
21.000000000000000 46.795292960491395 205.000000000000000 
22.000000000000000 57.273624162303179 95.000000000000000 
23.000000000000000 57.951057438036685 823.000000000000000 
24.000000000000000 63.889666545080594 141.000000000000000 
25.000000000000000 53.430077922389764 124.000000000000000 
26.000000000000000 64.411198601129243 699.000000000000000 
27.000000000000000 54.976259561371272 240.000000000000000 
28.000000000000000 53.992095408113599 265.000000000000000 
29.000000000000000 67.146646488302167 199.000000000000000 
30.000000000000000 52.590399116781086 162.000000000000000 
31.000000000000000 65.050599805456500 163.000000000000000 
32.000000000000000 50.992925800803853 87.000000000000000 
33.000000000000000 60.776395205801371 74.000000000000000 
34.000000000000000 49.991574910567451 129.000000000000000 
35.000000000000000 50.247501681641076 165.000000000000000 
36.000000000000000 58.939115447982417 176.000000000000000 
37.000000000000000 46.995621887436592 110.000000000000000 
38.000000000000000 50.273167575237018 999.000000000000000 
39.000000000000000 64.576933816961088 414.000000000000000 
40.000000000000000 42.845584480426275 138.000000000000000 
41.000000000000000 59.519388913384262 239.000000000000000 
42.000000000000000 60.290737752598432 127.000000000000000 
43.000000000000000 64.389764685662840 220.000000000000000 
44.000000000000000 52.758743832649628 730.000000000000000 
45.000000000000000 58.738778711543162 343.000000000000000 
46.000000000000000 49.507710097342596 237.000000000000000 
47.000000000000000 61.374735202895423 210.000000000000000 
48.000000000000000 47.665867189242732 192.000000000000000 
49.000000000000000 60.094675808768407 588.000000000000000 
50.000000000000000 72.857209135895999 952.000000000000000 
51.000000000000000 62.695071730340857 164.000000000000000 
52.000000000000000 49.923668306763894 133.000000000000000 
53.000000000000000 51.045640758260603 165.000000000000000 
54.000000000000000 47.473693483247828 1023.000000000000000 
55.000000000000000 43.788169023828765 643.000000000000000 
56.000000000000000 61.567853129160703 161.000000000000000 
57.000000000000000 56.240033647356242 335.000000000000000 
58.000000000000000 67.261726256631448 267.000000000000000 
59.000000000000000 53.361164417666657 114.000000000000000 
60.000000000000000 47.254058182410155 197.000000000000000 
61.000000000000000 62.109893433068848 135.000000000000000 
62.000000000000000 54.069529692566356 113.000000000000000 
63.000000000000000 62.105838620892776 97.000000000000000 
64.000000000000000 50.249677443981575 448.000000000000000 
65.000000000000000 66.651926987982591 217.000000000000000 
66.000000000000000 44.684824143157577 66.000000000000000 
67.000000000000000 56.794502151352667 152.000000000000000 
68.000000000000000 51.700562225460452 259.000000000000000 
69.000000000000000 54.184973086254928 169.000000000000000 
70.000000000000000 48.026690462823915 264.000000000000000 
71.000000000000000 55.511718229981625 290.000000000000000 
72.000000000000000 55.525274021833056 893.000000000000000 
73.000000000000000 52.988861770254495 363.000000000000000 
74.000000000000000 38.203854269904916 90.000000000000000 
75.000000000000000 44.352231819871569 102.000000000000000 
76.000000000000000 30.458895439342854 42.000000000000000 
77.000000000000000 58.684639278050113 333.000000000000000 
78.000000000000000 52.333488613538925 282.000000000000000 
79.000000000000000 50.329779362971060 252.000000000000000 
80.000000000000000 45.776339247299298 311.000000000000000 
81.000000000000000 55.269337884655997 134.000000000000000 
82.000000000000000 45.096484340541835 360.000000000000000 
83.000000000000000 48.567988648989420 99.000000000000000 
84.000000000000000 41.765356377742862 77.000000000000000 
85.000000000000000 44.075451671529052 135.000000000000000 
86.000000000000000 49.401276965546160 104.000000000000000 
87.000000000000000 40.899239297571896 96.000000000000000 
88.000000000000000 47.671783051521579 228.000000000000000 
89.000000000000000 38.807869332465962 107.000000000000000 
90.000000000000000 43.968118298531216 771.000000000000000 
91.000000000000000  0.000000000000000  0.000000000000000 
92.000000000000000  0.000000000000000  0.000000000000000 
93.000000000000000  0.000000000000000  0.000000000000000 
94.000000000000000  0.000000000000000  0.000000000000000 
95.000000000000000  0.000000000000000  0.000000000000000 
96.000000000000000  0.000000000000000  0.000000000000000 
97.000000000000000  0.000000000000000  0.000000000000000 
98.000000000000000  0.000000000000000  0.000000000000000 
99.000000000000000  0.000000000000000  0.000000000000000 
100.000000000000000  0.000000000000000  0.000000000000000 
101.000000000000000  0.000000000000000  0.000000000000000 
102.000000000000000  0.000000000000000  0.000000000000000 
103.000000000000000  0.000000000000000  0.000000000000000 
104.000000000000000  0.000000000000000  0.000000000000000 
105.000000000000000  0.000000000000000  0.000000000000000 
106.000000000000000  0.000000000000000  0.000000000000000 
107.000000000000000  0.000000000000000  0.000000000000000 
108.000000000000000  0.000000000000000  0.000000000000000 
109.000000000000000  0.000000000000000  0.000000000000000 
110.000000000000000  0.000000000000000  0.000000000000000 
111.000000000000000  0.000000000000000  0.000000000000000 
112.000000000000000  0.000000000000000  0.000000000000000 
113.000000000000000  0.000000000000000  0.000000000000000 
114.000000000000000  0.000000000000000  0.000000000000000 
115.000000000000000  0.000000000000000  0.000000000000000 
116.000000000000000  0.000000000000000  0.000000000000000 
117.000000000000000  0.000000000000000  0.000000000000000 
118.000000000000000  0.000000000000000  0.000000000000000 
119.000000000000000  0.000000000000000  0.000000000000000 
120.000000000000000  0.000000000000000  0.000000000000000 
121.000000000000000  0.000000000000000  0.000000000000000 
122.000000000000000  0.000000000000000  0.000000000000000 
123.000000000000000  0.000000000000000  0.000000000000000 
124.000000000000000  0.000000000000000  0.000000000000000 
125.000000000000000  0.000000000000000  0.000000000000000 
126.000000000000000  0.000000000000000  0.000000000000000 
127.000000000000000  0.000000000000000  0.000000000000000 
