 0.000000000000000 140.945193671751042 1656.000000000000000 
 1.000000000000000 126.507040583708985 1376.000000000000000 
 2.000000000000000 167.375222320497329 844.000000000000000 
 3.000000000000000 182.444809602653578 305.000000000000000 
 4.000000000000000 144.397484758636296 935.000000000000000 
 5.000000000000000 185.362109735006015 436.000000000000000 
 6.000000000000000 172.309824439455781 821.000000000000000 
 7.000000000000000 139.810097862923641 1282.000000000000000 
 8.000000000000000 166.001391408820922 757.000000000000000 
 9.000000000000000 184.860431012097251 456.000000000000000 
10.000000000000000 150.857634161285148 901.000000000000000 
11.000000000000000 203.671976662778746 264.000000000000000 
12.000000000000000 166.160795582920343 238.000000000000000 
13.000000000000000 159.054535224142256 307.000000000000000 
14.000000000000000 180.411119327732166 230.000000000000000 
15.000000000000000 168.422084815355419 298.000000000000000 
16.000000000000000 168.391500410369105 699.000000000000000 
17.000000000000000 190.034985292325104 379.000000000000000 
18.000000000000000 169.615359448091425 628.000000000000000 
19.000000000000000 141.818408828731663 201.000000000000000 
20.000000000000000 165.635916210675589 568.000000000000000 
21.000000000000000 202.241468119460848 713.000000000000000 
22.000000000000000 178.350751200287249 244.000000000000000 
23.000000000000000 130.335073536215816 1607.000000000000000 
24.000000000000000 161.646746748906224 263.000000000000000 
25.000000000000000 185.478659209971710 263.000000000000000 
26.000000000000000 175.838614878404712 1484.000000000000000 
27.000000000000000 161.361969494112628 426.000000000000000 
28.000000000000000 181.632407794328572 681.000000000000000 
29.000000000000000 197.362949845435764 489.000000000000000 
30.000000000000000 186.969790030263823 446.000000000000000 
31.000000000000000 167.340470915168680 344.000000000000000 
32.000000000000000 167.621923151659900 226.000000000000000 
33.000000000000000 160.797832959672547 160.000000000000000 
34.000000000000000 152.787930923277315 225.000000000000000 
35.000000000000000 183.237546062183299 547.000000000000000 
36.000000000000000 166.131302008422921 339.000000000000000 
37.000000000000000 154.738200467884667 364.000000000000000 
38.000000000000000 197.450030720436132 2121.000000000000000 
39.000000000000000 144.154577758303589 630.000000000000000 
40.000000000000000 180.389775167030422 436.000000000000000 
41.000000000000000 143.671360122122195 412.000000000000000 
42.000000000000000  0.000000000000000  0.000000000000000 
43.000000000000000  0.000000000000000  0.000000000000000 
44.000000000000000  0.000000000000000  0.000000000000000 
45.000000000000000  0.000000000000000  0.000000000000000 
46.000000000000000  0.000000000000000  0.000000000000000 
47.000000000000000  0.000000000000000  0.000000000000000 
48.000000000000000  0.000000000000000  0.000000000000000 
49.000000000000000  0.000000000000000  0.000000000000000 
50.000000000000000  0.000000000000000  0.000000000000000 
51.000000000000000  0.000000000000000  0.000000000000000 
52.000000000000000  0.000000000000000  0.000000000000000 
53.000000000000000  0.000000000000000  0.000000000000000 
54.000000000000000  0.000000000000000  0.000000000000000 
55.000000000000000  0.000000000000000  0.000000000000000 
56.000000000000000  0.000000000000000  0.000000000000000 
57.000000000000000  0.000000000000000  0.000000000000000 
58.000000000000000  0.000000000000000  0.000000000000000 
59.000000000000000  0.000000000000000  0.000000000000000 
60.000000000000000  0.000000000000000  0.000000000000000 
61.000000000000000  0.000000000000000  0.000000000000000 
62.000000000000000  0.000000000000000  0.000000000000000 
63.000000000000000  0.000000000000000  0.000000000000000 
64.000000000000000  0.000000000000000  0.000000000000000 
65.000000000000000  0.000000000000000  0.000000000000000 
66.000000000000000  0.000000000000000  0.000000000000000 
67.000000000000000  0.000000000000000  0.000000000000000 
68.000000000000000  0.000000000000000  0.000000000000000 
69.000000000000000  0.000000000000000  0.000000000000000 
70.000000000000000  0.000000000000000  0.000000000000000 
71.000000000000000  0.000000000000000  0.000000000000000 
72.000000000000000  0.000000000000000  0.000000000000000 
73.000000000000000  0.000000000000000  0.000000000000000 
74.000000000000000  0.000000000000000  0.000000000000000 
75.000000000000000  0.000000000000000  0.000000000000000 
76.000000000000000  0.000000000000000  0.000000000000000 
77.000000000000000  0.000000000000000  0.000000000000000 
78.000000000000000  0.000000000000000  0.000000000000000 
79.000000000000000  0.000000000000000  0.000000000000000 
80.000000000000000  0.000000000000000  0.000000000000000 
81.000000000000000  0.000000000000000  0.000000000000000 
82.000000000000000  0.000000000000000  0.000000000000000 
83.000000000000000  0.000000000000000  0.000000000000000 
84.000000000000000  0.000000000000000  0.000000000000000 
85.000000000000000  0.000000000000000  0.000000000000000 
86.000000000000000  0.000000000000000  0.000000000000000 
87.000000000000000  0.000000000000000  0.000000000000000 
88.000000000000000  0.000000000000000  0.000000000000000 
89.000000000000000  0.000000000000000  0.000000000000000 
90.000000000000000  0.000000000000000  0.000000000000000 
91.000000000000000  0.000000000000000  0.000000000000000 
92.000000000000000  0.000000000000000  0.000000000000000 
93.000000000000000  0.000000000000000  0.000000000000000 
94.000000000000000  0.000000000000000  0.000000000000000 
95.000000000000000  0.000000000000000  0.000000000000000 
96.000000000000000  0.000000000000000  0.000000000000000 
97.000000000000000  0.000000000000000  0.000000000000000 
98.000000000000000  0.000000000000000  0.000000000000000 
99.000000000000000  0.000000000000000  0.000000000000000 
100.000000000000000  0.000000000000000  0.000000000000000 
101.000000000000000  0.000000000000000  0.000000000000000 
102.000000000000000  0.000000000000000  0.000000000000000 
103.000000000000000  0.000000000000000  0.000000000000000 
104.000000000000000  0.000000000000000  0.000000000000000 
105.000000000000000  0.000000000000000  0.000000000000000 
106.000000000000000  0.000000000000000  0.000000000000000 
107.000000000000000  0.000000000000000  0.000000000000000 
108.000000000000000  0.000000000000000  0.000000000000000 
109.000000000000000  0.000000000000000  0.000000000000000 
110.000000000000000  0.000000000000000  0.000000000000000 
111.000000000000000  0.000000000000000  0.000000000000000 
112.000000000000000  0.000000000000000  0.000000000000000 
113.000000000000000  0.000000000000000  0.000000000000000 
114.000000000000000  0.000000000000000  0.000000000000000 
115.000000000000000  0.000000000000000  0.000000000000000 
116.000000000000000  0.000000000000000  0.000000000000000 
117.000000000000000  0.000000000000000  0.000000000000000 
118.000000000000000  0.000000000000000  0.000000000000000 
119.000000000000000  0.000000000000000  0.000000000000000 
120.000000000000000  0.000000000000000  0.000000000000000 
121.000000000000000  0.000000000000000  0.000000000000000 
122.000000000000000  0.000000000000000  0.000000000000000 
123.000000000000000  0.000000000000000  0.000000000000000 
124.000000000000000  0.000000000000000  0.000000000000000 
125.000000000000000  0.000000000000000  0.000000000000000 
126.000000000000000  0.000000000000000  0.000000000000000 
127.000000000000000  0.000000000000000  0.000000000000000 
