 0.000000000000000 58.184681225411978 767.000000000000000 
 1.000000000000000 60.454680587561803 589.000000000000000 
 2.000000000000000 68.874588354047617 522.000000000000000 
 3.000000000000000 69.090531951322149 219.000000000000000 
 4.000000000000000 60.234415338204286 816.000000000000000 
 5.000000000000000 68.643732433620656 223.000000000000000 
 6.000000000000000 65.837065249009157 467.000000000000000 
 7.000000000000000 58.352097951763234 435.000000000000000 
 8.000000000000000 75.491043862278943 279.000000000000000 
 9.000000000000000 62.804985706236494 151.000000000000000 
10.000000000000000 60.745385192507648 530.000000000000000 
11.000000000000000 60.638076527118301 93.000000000000000 
12.000000000000000 64.023349850252202 103.000000000000000 
13.000000000000000 58.990805790112837 127.000000000000000 
14.000000000000000 57.287180485176457 85.000000000000000 
15.000000000000000 67.193371998764974 177.000000000000000 
16.000000000000000 59.333920005464208 227.000000000000000 
17.000000000000000 55.422933436427613 245.000000000000000 
18.000000000000000 63.112500339490566 436.000000000000000 
19.000000000000000 67.991507985485057 130.000000000000000 
20.000000000000000 61.176495049321581 248.000000000000000 
21.000000000000000 47.714318864352769 195.000000000000000 
22.000000000000000 55.883083486082114 95.000000000000000 
23.000000000000000 67.833804309476704 930.000000000000000 
24.000000000000000 67.559036719449807 150.000000000000000 
25.000000000000000 68.676507302472416 134.000000000000000 
26.000000000000000 71.189388797139728 751.000000000000000 
27.000000000000000 59.661958106512749 251.000000000000000 
28.000000000000000 61.157806486167132 285.000000000000000 
29.000000000000000 72.361294586288622 210.000000000000000 
30.000000000000000 52.700013474109667 159.000000000000000 
31.000000000000000 72.241832033095406 180.000000000000000 
32.000000000000000 53.033734906279093 92.000000000000000 
33.000000000000000 65.839599483507328 82.000000000000000 
34.000000000000000 56.523150175436534 141.000000000000000 
35.000000000000000 57.280774588220055 185.000000000000000 
36.000000000000000 72.379557160429712 218.000000000000000 
37.000000000000000 50.792193196265529 116.000000000000000 
38.000000000000000 61.072461195700534 1148.000000000000000 
39.000000000000000 62.214272532360546 415.000000000000000 
40.000000000000000 60.604108677369226 186.000000000000000 
41.000000000000000 66.177878762695201 203.000000000000000 
42.000000000000000 76.107484942094544 148.000000000000000 
43.000000000000000 70.570761001079148 237.000000000000000 
44.000000000000000 59.894759338485059 944.000000000000000 
45.000000000000000 63.225817713520435 361.000000000000000 
46.000000000000000 55.598360406425748 274.000000000000000 
47.000000000000000 72.351421610111302 233.000000000000000 
48.000000000000000 67.472464748771884 244.000000000000000 
49.000000000000000 68.074706433279189 570.000000000000000 
50.000000000000000 68.950449374489182 922.000000000000000 
51.000000000000000 69.791880106053910 167.000000000000000 
52.000000000000000 59.841707739856759 148.000000000000000 
53.000000000000000 66.437683989305484 165.000000000000000 
54.000000000000000 52.831201215069491 1044.000000000000000 
55.000000000000000 55.537125076986221 781.000000000000000 
56.000000000000000 59.283444016501292 159.000000000000000 
57.000000000000000 55.330304647290390 343.000000000000000 
58.000000000000000 71.868492678898519 275.000000000000000 
59.000000000000000 49.484712140981991 111.000000000000000 
60.000000000000000 66.760004878797758 237.000000000000000 
61.000000000000000 69.961997669934831 143.000000000000000 
62.000000000000000 54.622216681470796 113.000000000000000 
63.000000000000000 71.499923836872227 108.000000000000000 
64.000000000000000 67.159948379845460 491.000000000000000 
65.000000000000000 70.203119153323712 220.000000000000000 
66.000000000000000 55.658694687284203 76.000000000000000 
67.000000000000000 60.195945429346921 162.000000000000000 
68.000000000000000 61.031278475835187 305.000000000000000 
69.000000000000000 62.721714485282732 150.000000000000000 
70.000000000000000 55.383922535459746 256.000000000000000 
71.000000000000000 56.387372898395853 291.000000000000000 
72.000000000000000 62.071642983958988 942.000000000000000 
73.000000000000000 56.624574076536604 353.000000000000000 
74.000000000000000 42.591890775031956 83.000000000000000 
75.000000000000000 48.870025962499092 109.000000000000000 
76.000000000000000 44.921400069420699 58.000000000000000 
77.000000000000000 66.594766341443119 409.000000000000000 
78.000000000000000 57.572762791335414 305.000000000000000 
79.000000000000000 54.958568225082658 263.000000000000000 
80.000000000000000 50.213138969213247 324.000000000000000 
81.000000000000000 57.270540548921026 119.000000000000000 
82.000000000000000 46.185323782579552 363.000000000000000 
83.000000000000000  0.000000000000000  0.000000000000000 
84.000000000000000  0.000000000000000  0.000000000000000 
85.000000000000000  0.000000000000000  0.000000000000000 
86.000000000000000  0.000000000000000  0.000000000000000 
87.000000000000000  0.000000000000000  0.000000000000000 
88.000000000000000  0.000000000000000  0.000000000000000 
89.000000000000000  0.000000000000000  0.000000000000000 
90.000000000000000  0.000000000000000  0.000000000000000 
91.000000000000000  0.000000000000000  0.000000000000000 
92.000000000000000  0.000000000000000  0.000000000000000 
93.000000000000000  0.000000000000000  0.000000000000000 
94.000000000000000  0.000000000000000  0.000000000000000 
95.000000000000000  0.000000000000000  0.000000000000000 
96.000000000000000  0.000000000000000  0.000000000000000 
97.000000000000000  0.000000000000000  0.000000000000000 
98.000000000000000  0.000000000000000  0.000000000000000 
99.000000000000000  0.000000000000000  0.000000000000000 
100.000000000000000  0.000000000000000  0.000000000000000 
101.000000000000000  0.000000000000000  0.000000000000000 
102.000000000000000  0.000000000000000  0.000000000000000 
103.000000000000000  0.000000000000000  0.000000000000000 
104.000000000000000  0.000000000000000  0.000000000000000 
105.000000000000000  0.000000000000000  0.000000000000000 
106.000000000000000  0.000000000000000  0.000000000000000 
107.000000000000000  0.000000000000000  0.000000000000000 
108.000000000000000  0.000000000000000  0.000000000000000 
109.000000000000000  0.000000000000000  0.000000000000000 
110.000000000000000  0.000000000000000  0.000000000000000 
111.000000000000000  0.000000000000000  0.000000000000000 
112.000000000000000  0.000000000000000  0.000000000000000 
113.000000000000000  0.000000000000000  0.000000000000000 
114.000000000000000  0.000000000000000  0.000000000000000 
115.000000000000000  0.000000000000000  0.000000000000000 
116.000000000000000  0.000000000000000  0.000000000000000 
117.000000000000000  0.000000000000000  0.000000000000000 
118.000000000000000  0.000000000000000  0.000000000000000 
119.000000000000000  0.000000000000000  0.000000000000000 
120.000000000000000  0.000000000000000  0.000000000000000 
121.000000000000000  0.000000000000000  0.000000000000000 
122.000000000000000  0.000000000000000  0.000000000000000 
123.000000000000000  0.000000000000000  0.000000000000000 
124.000000000000000  0.000000000000000  0.000000000000000 
125.000000000000000  0.000000000000000  0.000000000000000 
126.000000000000000  0.000000000000000  0.000000000000000 
127.000000000000000  0.000000000000000  0.000000000000000 
