 0.000000000000000 57.946137959370461 766.000000000000000 
 1.000000000000000 62.120569808327772 587.000000000000000 
 2.000000000000000 69.317302114046413 521.000000000000000 
 3.000000000000000 52.638845019664458 212.000000000000000 
 4.000000000000000 55.034848233199725 792.000000000000000 
 5.000000000000000 58.649400776381249 194.000000000000000 
 6.000000000000000 65.052068823962486 503.000000000000000 
 7.000000000000000 54.379190320809997 401.000000000000000 
 8.000000000000000 64.850351395492680 337.000000000000000 
 9.000000000000000 58.029531095210196 138.000000000000000 
10.000000000000000 62.895710028505221 534.000000000000000 
11.000000000000000 37.282967741131245 64.000000000000000 
12.000000000000000 52.591080394567570 95.000000000000000 
13.000000000000000 59.843580398770122 126.000000000000000 
14.000000000000000 55.318766675421699 83.000000000000000 
15.000000000000000 49.053015056054015 137.000000000000000 
16.000000000000000 43.965444311283413 205.000000000000000 
17.000000000000000 52.765803809726016 238.000000000000000 
18.000000000000000 59.335405432806979 443.000000000000000 
19.000000000000000 60.182650570917346 126.000000000000000 
20.000000000000000 58.967420911684648 247.000000000000000 
21.000000000000000 46.310380125553699 201.000000000000000 
22.000000000000000 57.273624162303143 95.000000000000000 
23.000000000000000 65.833626330356154 907.000000000000000 
24.000000000000000 63.374708925576002 141.000000000000000 
25.000000000000000 59.542295013217398 135.000000000000000 
26.000000000000000 68.234497966056097 731.000000000000000 
27.000000000000000 54.778427809343356 240.000000000000000 
28.000000000000000 54.490327482316694 266.000000000000000 
29.000000000000000 65.796209947517170 196.000000000000000 
30.000000000000000 52.598723410467642 162.000000000000000 
31.000000000000000 65.050599805456528 163.000000000000000 
32.000000000000000 52.610263941991043 88.000000000000000 
33.000000000000000 63.016994415969236 78.000000000000000 
34.000000000000000 49.991574910567429 129.000000000000000 
35.000000000000000 52.230467884407808 171.000000000000000 
36.000000000000000 52.862166300636986 159.000000000000000 
37.000000000000000 51.848287297515505 120.000000000000000 
38.000000000000000 59.821668219824907 1135.000000000000000 
39.000000000000000 62.073668055137247 404.000000000000000 
40.000000000000000 40.618687828554350 138.000000000000000 
41.000000000000000 58.594222338620575 226.000000000000000 
42.000000000000000 61.969544729545433 132.000000000000000 
43.000000000000000 63.140501880679231 214.000000000000000 
44.000000000000000 60.229806730927699 944.000000000000000 
45.000000000000000 58.307490218108654 342.000000000000000 
46.000000000000000 51.694191842471632 247.000000000000000 
47.000000000000000 62.132088653641816 212.000000000000000 
48.000000000000000 47.411329357864645 193.000000000000000 
49.000000000000000 60.393530964354326 590.000000000000000 
50.000000000000000 68.951109389637168 922.000000000000000 
51.000000000000000 61.314697114501172 161.000000000000000 
52.000000000000000 50.800390389190930 132.000000000000000 
53.000000000000000 55.741149370357959 176.000000000000000 
54.000000000000000 52.716440078358040 1044.000000000000000 
55.000000000000000 55.536001498490492 781.000000000000000 
56.000000000000000 58.972083813807970 158.000000000000000 
57.000000000000000 58.242763178529394 342.000000000000000 
58.000000000000000 65.903934348806260 267.000000000000000 
59.000000000000000 53.361164417666686 114.000000000000000 
60.000000000000000 60.496237367980385 221.000000000000000 
61.000000000000000 69.206537415560419 142.000000000000000 
62.000000000000000 54.886207727771669 113.000000000000000 
63.000000000000000 62.105838620892783 97.000000000000000 
64.000000000000000 57.527639071501476 465.000000000000000 
65.000000000000000 66.343719432691216 211.000000000000000 
66.000000000000000 44.684824143157584 66.000000000000000 
67.000000000000000 56.621778763864974 154.000000000000000 
68.000000000000000 51.458881277499245 258.000000000000000 
69.000000000000000 53.926479038601506 168.000000000000000 
70.000000000000000 50.224153325656744 245.000000000000000 
71.000000000000000 55.390038186924230 289.000000000000000 
72.000000000000000 62.071642983959016 942.000000000000000 
73.000000000000000 52.475897703914626 353.000000000000000 
74.000000000000000 41.614549684111097 97.000000000000000 
75.000000000000000 44.003873759697051 101.000000000000000 
76.000000000000000 30.458895439342854 42.000000000000000 
77.000000000000000 58.402027453255101 332.000000000000000 
78.000000000000000 54.243240437562484 294.000000000000000 
79.000000000000000 52.440014674968396 256.000000000000000 
80.000000000000000 44.586319396833602 306.000000000000000 
81.000000000000000 55.269337884655961 134.000000000000000 
82.000000000000000 47.340289901136643 372.000000000000000 
83.000000000000000 48.567988648989413 99.000000000000000 
84.000000000000000 45.048238426854994 80.000000000000000 
85.000000000000000 44.075451671529045 135.000000000000000 
86.000000000000000 51.908414458493347 105.000000000000000 
87.000000000000000 42.721665304974394 97.000000000000000 
88.000000000000000 46.171633658983005 222.000000000000000 
89.000000000000000  0.000000000000000  0.000000000000000 
90.000000000000000  0.000000000000000  0.000000000000000 
91.000000000000000  0.000000000000000  0.000000000000000 
92.000000000000000  0.000000000000000  0.000000000000000 
93.000000000000000  0.000000000000000  0.000000000000000 
94.000000000000000  0.000000000000000  0.000000000000000 
95.000000000000000  0.000000000000000  0.000000000000000 
96.000000000000000  0.000000000000000  0.000000000000000 
97.000000000000000  0.000000000000000  0.000000000000000 
98.000000000000000  0.000000000000000  0.000000000000000 
99.000000000000000  0.000000000000000  0.000000000000000 
100.000000000000000  0.000000000000000  0.000000000000000 
101.000000000000000  0.000000000000000  0.000000000000000 
102.000000000000000  0.000000000000000  0.000000000000000 
103.000000000000000  0.000000000000000  0.000000000000000 
104.000000000000000  0.000000000000000  0.000000000000000 
105.000000000000000  0.000000000000000  0.000000000000000 
106.000000000000000  0.000000000000000  0.000000000000000 
107.000000000000000  0.000000000000000  0.000000000000000 
108.000000000000000  0.000000000000000  0.000000000000000 
109.000000000000000  0.000000000000000  0.000000000000000 
110.000000000000000  0.000000000000000  0.000000000000000 
111.000000000000000  0.000000000000000  0.000000000000000 
112.000000000000000  0.000000000000000  0.000000000000000 
113.000000000000000  0.000000000000000  0.000000000000000 
114.000000000000000  0.000000000000000  0.000000000000000 
115.000000000000000  0.000000000000000  0.000000000000000 
116.000000000000000  0.000000000000000  0.000000000000000 
117.000000000000000  0.000000000000000  0.000000000000000 
118.000000000000000  0.000000000000000  0.000000000000000 
119.000000000000000  0.000000000000000  0.000000000000000 
120.000000000000000  0.000000000000000  0.000000000000000 
121.000000000000000  0.000000000000000  0.000000000000000 
122.000000000000000  0.000000000000000  0.000000000000000 
123.000000000000000  0.000000000000000  0.000000000000000 
124.000000000000000  0.000000000000000  0.000000000000000 
125.000000000000000  0.000000000000000  0.000000000000000 
126.000000000000000  0.000000000000000  0.000000000000000 
127.000000000000000  0.000000000000000  0.000000000000000 
