 0.000000000000000 113.428927746785106 1119.000000000000000 
 1.000000000000000 127.668577820903806 1400.000000000000000 
 2.000000000000000 150.990456351731808 858.000000000000000 
 3.000000000000000 152.184139199632085 260.000000000000000 
 4.000000000000000 128.451702380745161 833.000000000000000 
 5.000000000000000 145.465700201496702 337.000000000000000 
 6.000000000000000 110.811603145555793 601.000000000000000 
 7.000000000000000 88.223973353837465 1027.000000000000000 
 8.000000000000000 133.468720309541283 470.000000000000000 
 9.000000000000000 144.454752880072448 286.000000000000000 
10.000000000000000 159.257543876321762 963.000000000000000 
11.000000000000000 118.495845320807831 153.000000000000000 
12.000000000000000 144.349012016881488 217.000000000000000 
13.000000000000000 151.617857195167772 310.000000000000000 
14.000000000000000 135.244332166152674 188.000000000000000 
15.000000000000000 141.157424705398370 257.000000000000000 
16.000000000000000 168.602196665874771 770.000000000000000 
17.000000000000000 130.235309107162038 371.000000000000000 
18.000000000000000 131.079462700648747 538.000000000000000 
19.000000000000000 142.722767819331722 219.000000000000000 
20.000000000000000 157.839976709358382 624.000000000000000 
21.000000000000000 142.563881797554615 533.000000000000000 
22.000000000000000 132.542942758366536 197.000000000000000 
23.000000000000000 115.446728142914509 1497.000000000000000 
24.000000000000000 129.215745554523863 235.000000000000000 
25.000000000000000 141.332676291864800 218.000000000000000 
26.000000000000000 136.828026531813691 1224.000000000000000 
27.000000000000000 116.617364859051122 369.000000000000000 
28.000000000000000 147.184465448255622 555.000000000000000 
29.000000000000000 122.954930392186213 252.000000000000000 
30.000000000000000 152.054391710964637 374.000000000000000 
31.000000000000000 134.842030059710112 291.000000000000000 
32.000000000000000 135.111265744273766 194.000000000000000 
33.000000000000000 124.262768565099890 129.000000000000000 
34.000000000000000 119.490743506820110 179.000000000000000 
35.000000000000000 129.411785585139370 377.000000000000000 
36.000000000000000 122.112171938798951 238.000000000000000 
37.000000000000000 151.944202846684306 365.000000000000000 
38.000000000000000 116.635386590098832 1551.000000000000000 
39.000000000000000 132.554164120227739 588.000000000000000 
40.000000000000000 130.412217181574675 490.000000000000000 
41.000000000000000 133.069507779400453 424.000000000000000 
42.000000000000000 133.671254207224251 216.000000000000000 
43.000000000000000 158.174981895562837 391.000000000000000 
44.000000000000000 167.891747059085930 1834.000000000000000 
45.000000000000000 116.199457786319130 383.000000000000000 
46.000000000000000 110.381953367108707 425.000000000000000 
47.000000000000000 107.754762684111910 214.000000000000000 
48.000000000000000 123.642419521585026 457.000000000000000 
49.000000000000000  0.000000000000000  0.000000000000000 
50.000000000000000  0.000000000000000  0.000000000000000 
51.000000000000000  0.000000000000000  0.000000000000000 
52.000000000000000  0.000000000000000  0.000000000000000 
53.000000000000000  0.000000000000000  0.000000000000000 
54.000000000000000  0.000000000000000  0.000000000000000 
55.000000000000000  0.000000000000000  0.000000000000000 
56.000000000000000  0.000000000000000  0.000000000000000 
57.000000000000000  0.000000000000000  0.000000000000000 
58.000000000000000  0.000000000000000  0.000000000000000 
59.000000000000000  0.000000000000000  0.000000000000000 
60.000000000000000  0.000000000000000  0.000000000000000 
61.000000000000000  0.000000000000000  0.000000000000000 
62.000000000000000  0.000000000000000  0.000000000000000 
63.000000000000000  0.000000000000000  0.000000000000000 
64.000000000000000  0.000000000000000  0.000000000000000 
65.000000000000000  0.000000000000000  0.000000000000000 
66.000000000000000  0.000000000000000  0.000000000000000 
67.000000000000000  0.000000000000000  0.000000000000000 
68.000000000000000  0.000000000000000  0.000000000000000 
69.000000000000000  0.000000000000000  0.000000000000000 
70.000000000000000  0.000000000000000  0.000000000000000 
71.000000000000000  0.000000000000000  0.000000000000000 
72.000000000000000  0.000000000000000  0.000000000000000 
73.000000000000000  0.000000000000000  0.000000000000000 
74.000000000000000  0.000000000000000  0.000000000000000 
75.000000000000000  0.000000000000000  0.000000000000000 
76.000000000000000  0.000000000000000  0.000000000000000 
77.000000000000000  0.000000000000000  0.000000000000000 
78.000000000000000  0.000000000000000  0.000000000000000 
79.000000000000000  0.000000000000000  0.000000000000000 
80.000000000000000  0.000000000000000  0.000000000000000 
81.000000000000000  0.000000000000000  0.000000000000000 
82.000000000000000  0.000000000000000  0.000000000000000 
83.000000000000000  0.000000000000000  0.000000000000000 
84.000000000000000  0.000000000000000  0.000000000000000 
85.000000000000000  0.000000000000000  0.000000000000000 
86.000000000000000  0.000000000000000  0.000000000000000 
87.000000000000000  0.000000000000000  0.000000000000000 
88.000000000000000  0.000000000000000  0.000000000000000 
89.000000000000000  0.000000000000000  0.000000000000000 
90.000000000000000  0.000000000000000  0.000000000000000 
91.000000000000000  0.000000000000000  0.000000000000000 
92.000000000000000  0.000000000000000  0.000000000000000 
93.000000000000000  0.000000000000000  0.000000000000000 
94.000000000000000  0.000000000000000  0.000000000000000 
95.000000000000000  0.000000000000000  0.000000000000000 
96.000000000000000  0.000000000000000  0.000000000000000 
97.000000000000000  0.000000000000000  0.000000000000000 
98.000000000000000  0.000000000000000  0.000000000000000 
99.000000000000000  0.000000000000000  0.000000000000000 
100.000000000000000  0.000000000000000  0.000000000000000 
101.000000000000000  0.000000000000000  0.000000000000000 
102.000000000000000  0.000000000000000  0.000000000000000 
103.000000000000000  0.000000000000000  0.000000000000000 
104.000000000000000  0.000000000000000  0.000000000000000 
105.000000000000000  0.000000000000000  0.000000000000000 
106.000000000000000  0.000000000000000  0.000000000000000 
107.000000000000000  0.000000000000000  0.000000000000000 
108.000000000000000  0.000000000000000  0.000000000000000 
109.000000000000000  0.000000000000000  0.000000000000000 
110.000000000000000  0.000000000000000  0.000000000000000 
111.000000000000000  0.000000000000000  0.000000000000000 
112.000000000000000  0.000000000000000  0.000000000000000 
113.000000000000000  0.000000000000000  0.000000000000000 
114.000000000000000  0.000000000000000  0.000000000000000 
115.000000000000000  0.000000000000000  0.000000000000000 
116.000000000000000  0.000000000000000  0.000000000000000 
117.000000000000000  0.000000000000000  0.000000000000000 
118.000000000000000  0.000000000000000  0.000000000000000 
119.000000000000000  0.000000000000000  0.000000000000000 
120.000000000000000  0.000000000000000  0.000000000000000 
121.000000000000000  0.000000000000000  0.000000000000000 
122.000000000000000  0.000000000000000  0.000000000000000 
123.000000000000000  0.000000000000000  0.000000000000000 
124.000000000000000  0.000000000000000  0.000000000000000 
125.000000000000000  0.000000000000000  0.000000000000000 
126.000000000000000  0.000000000000000  0.000000000000000 
127.000000000000000  0.000000000000000  0.000000000000000 
