 0.000000000000000 43.465506489081726 639.000000000000000 
 1.000000000000000 36.132256979184611 359.000000000000000 
 2.000000000000000 44.474961612251988 346.000000000000000 
 3.000000000000000 48.109286264954520 196.000000000000000 
 4.000000000000000 50.350129619493430 785.000000000000000 
 5.000000000000000 53.141456805282935 180.000000000000000 
 6.000000000000000 50.092519716280947 380.000000000000000 
 7.000000000000000 44.981364694124132 322.000000000000000 
 8.000000000000000 49.529610135839235 260.000000000000000 
 9.000000000000000 51.938930494761024 129.000000000000000 
10.000000000000000 54.041255835333246 479.000000000000000 
11.000000000000000 32.452507140818170 55.000000000000000 
12.000000000000000 48.810412968182000 90.000000000000000 
13.000000000000000 41.775883882215354 99.000000000000000 
14.000000000000000 51.909943718625001 80.000000000000000 
15.000000000000000 45.047252482279845 124.000000000000000 
16.000000000000000 34.518663670334959 167.000000000000000 
17.000000000000000 46.925598122425662 222.000000000000000 
18.000000000000000 50.965732531080299 407.000000000000000 
19.000000000000000 58.151182203036228 127.000000000000000 
20.000000000000000 47.358914474208177 214.000000000000000 
21.000000000000000 42.763027439684393 193.000000000000000 
22.000000000000000 49.470563390151405 107.000000000000000 
23.000000000000000 44.761913226809888 721.000000000000000 
24.000000000000000 52.033148430789886 119.000000000000000 
25.000000000000000 48.110724338137501 110.000000000000000 
26.000000000000000 60.931220057143122 692.000000000000000 
27.000000000000000 38.806633459802256 177.000000000000000 
28.000000000000000 56.497967017191314 320.000000000000000 
29.000000000000000 61.187786633585922 188.000000000000000 
30.000000000000000 48.542280929375693 150.000000000000000 
31.000000000000000 46.801929867092348 109.000000000000000 
32.000000000000000 45.823678601620244 81.000000000000000 
33.000000000000000 57.526778817669964 70.000000000000000 
34.000000000000000 46.968478634715900 124.000000000000000 
35.000000000000000 42.237638197751274 134.000000000000000 
36.000000000000000 50.929893169733795 152.000000000000000 
37.000000000000000 51.564884908080799 122.000000000000000 
38.000000000000000 44.209230866653407 931.000000000000000 
39.000000000000000 50.555467786447103 366.000000000000000 
40.000000000000000 37.156527608620017 120.000000000000000 
41.000000000000000 54.188870595809803 221.000000000000000 
42.000000000000000 57.144024322033914 118.000000000000000 
43.000000000000000 50.820255321152189 188.000000000000000 
44.000000000000000 52.954692237516447 699.000000000000000 
45.000000000000000 41.404364391771203 263.000000000000000 
46.000000000000000 32.188247175065129 151.000000000000000 
47.000000000000000 51.388309314833627 158.000000000000000 
48.000000000000000 43.640552442972854 150.000000000000000 
49.000000000000000 53.616112330747463 480.000000000000000 
50.000000000000000 53.103956569736106 737.000000000000000 
51.000000000000000 48.303897383576640 137.000000000000000 
52.000000000000000 43.532570305483873 124.000000000000000 
53.000000000000000 51.025456042575009 164.000000000000000 
54.000000000000000 36.748098281810996 829.000000000000000 
55.000000000000000 33.554844624520022 572.000000000000000 
56.000000000000000 56.622413770136809 151.000000000000000 
57.000000000000000 46.598033383681994 256.000000000000000 
58.000000000000000 41.654356353643209 166.000000000000000 
59.000000000000000 49.012617092764707 102.000000000000000 
60.000000000000000 37.573973681540124 167.000000000000000 
61.000000000000000 49.863499635206132 109.000000000000000 
62.000000000000000 36.107213447564099 78.000000000000000 
63.000000000000000 55.997568155538666 88.000000000000000 
64.000000000000000 43.088434759221556 419.000000000000000 
65.000000000000000 38.975230842470630 143.000000000000000 
66.000000000000000 43.330492567467687 65.000000000000000 
67.000000000000000 46.091004634023619 127.000000000000000 
68.000000000000000 36.943270811388885 191.000000000000000 
69.000000000000000 43.594312298921245 163.000000000000000 
70.000000000000000 48.707681757352773 280.000000000000000 
71.000000000000000 48.076142557695931 259.000000000000000 
72.000000000000000 51.787906438639631 857.000000000000000 
73.000000000000000 40.729832374675986 275.000000000000000 
74.000000000000000 38.606845827228064 91.000000000000000 
75.000000000000000 44.833227278749042 104.000000000000000 
76.000000000000000 31.431597698018603 43.000000000000000 
77.000000000000000 43.047670053973270 440.000000000000000 
78.000000000000000 37.625967586397820 218.000000000000000 
79.000000000000000 40.477997555712527 215.000000000000000 
80.000000000000000 41.877353804477373 290.000000000000000 
81.000000000000000 35.865321983403582 112.000000000000000 
82.000000000000000 28.779289245896184 254.000000000000000 
83.000000000000000 45.762672217963754 99.000000000000000 
84.000000000000000 40.810939374151339 76.000000000000000 
85.000000000000000 35.617501123426621 113.000000000000000 
86.000000000000000 38.219482045518518 81.000000000000000 
87.000000000000000 36.961301927452382 88.000000000000000 
88.000000000000000 39.824643354588765 206.000000000000000 
89.000000000000000 36.981219854018782 106.000000000000000 
90.000000000000000 49.826729661923039 884.000000000000000 
91.000000000000000 46.284816362081976 722.000000000000000 
92.000000000000000 39.942625665322886 155.000000000000000 
93.000000000000000 40.840586314567290 249.000000000000000 
94.000000000000000 42.259073633067601 207.000000000000000 
95.000000000000000 38.133032254262183 303.000000000000000 
96.000000000000000 40.221135615735449 419.000000000000000 
97.000000000000000 26.491483847566531 36.000000000000000 
98.000000000000000 37.865857524749885 181.000000000000000 
99.000000000000000 38.487468659846812 285.000000000000000 
100.000000000000000 31.251272423556514 92.000000000000000 
101.000000000000000 39.496715561283537 205.000000000000000 
102.000000000000000 29.056011703566657 194.000000000000000 
103.000000000000000  0.000000000000000  0.000000000000000 
104.000000000000000  0.000000000000000  0.000000000000000 
105.000000000000000  0.000000000000000  0.000000000000000 
106.000000000000000  0.000000000000000  0.000000000000000 
107.000000000000000  0.000000000000000  0.000000000000000 
108.000000000000000  0.000000000000000  0.000000000000000 
109.000000000000000  0.000000000000000  0.000000000000000 
110.000000000000000  0.000000000000000  0.000000000000000 
111.000000000000000  0.000000000000000  0.000000000000000 
112.000000000000000  0.000000000000000  0.000000000000000 
113.000000000000000  0.000000000000000  0.000000000000000 
114.000000000000000  0.000000000000000  0.000000000000000 
115.000000000000000  0.000000000000000  0.000000000000000 
116.000000000000000  0.000000000000000  0.000000000000000 
117.000000000000000  0.000000000000000  0.000000000000000 
118.000000000000000  0.000000000000000  0.000000000000000 
119.000000000000000  0.000000000000000  0.000000000000000 
120.000000000000000  0.000000000000000  0.000000000000000 
121.000000000000000  0.000000000000000  0.000000000000000 
122.000000000000000  0.000000000000000  0.000000000000000 
123.000000000000000  0.000000000000000  0.000000000000000 
124.000000000000000  0.000000000000000  0.000000000000000 
125.000000000000000  0.000000000000000  0.000000000000000 
126.000000000000000  0.000000000000000  0.000000000000000 
127.000000000000000  0.000000000000000  0.000000000000000 
