 0.000000000000000 85.901956211660277 779.000000000000000 
 1.000000000000000 79.081528444928622 676.000000000000000 
 2.000000000000000 100.563621593728001 562.000000000000000 
 3.000000000000000 87.127061139155728 226.000000000000000 
 4.000000000000000 72.025706452114264 881.000000000000000 
 5.000000000000000 99.622068552883349 258.000000000000000 
 6.000000000000000 89.546769742585681 593.000000000000000 
 7.000000000000000 83.086709553804980 673.000000000000000 
 8.000000000000000 87.218197715591572 287.000000000000000 
 9.000000000000000 79.932907236392751 180.000000000000000 
10.000000000000000 99.457999174899157 624.000000000000000 
11.000000000000000 88.957019942549977 120.000000000000000 
12.000000000000000 76.599315816153805 111.000000000000000 
13.000000000000000 85.077459775630871 180.000000000000000 
14.000000000000000 88.751273608168873 141.000000000000000 
15.000000000000000 91.098739730238549 187.000000000000000 
16.000000000000000 83.028370835483614 309.000000000000000 
17.000000000000000 77.909604643628228 304.000000000000000 
18.000000000000000 90.554783299908010 450.000000000000000 
19.000000000000000 85.353732801264357 142.000000000000000 
20.000000000000000 81.317624590268537 315.000000000000000 
21.000000000000000 74.568953356213655 369.000000000000000 
22.000000000000000 95.934909313350602 143.000000000000000 
23.000000000000000 63.510332056292931 917.000000000000000 
24.000000000000000 85.532660062645505 171.000000000000000 
25.000000000000000 72.779963078180657 137.000000000000000 
26.000000000000000 94.646337925401767 861.000000000000000 
27.000000000000000 78.951433577512176 289.000000000000000 
28.000000000000000 79.781575864631705 367.000000000000000 
29.000000000000000 82.902318825521675 226.000000000000000 
30.000000000000000 91.009516911985344 285.000000000000000 
31.000000000000000 87.304170806718460 214.000000000000000 
32.000000000000000 81.100951857629852 129.000000000000000 
33.000000000000000 77.283129186144578 83.000000000000000 
34.000000000000000 75.640633279600010 174.000000000000000 
35.000000000000000 61.168547431040487 187.000000000000000 
36.000000000000000 85.909575507330018 243.000000000000000 
37.000000000000000 93.293126253302702 236.000000000000000 
38.000000000000000 85.623681958108008 1363.000000000000000 
39.000000000000000 97.959455540390067 574.000000000000000 
40.000000000000000 82.566205753485960 307.000000000000000 
41.000000000000000 85.517689578696533 275.000000000000000 
42.000000000000000 81.137130996470560 153.000000000000000 
43.000000000000000 84.459865592130257 296.000000000000000 
44.000000000000000 82.826320256969765 1219.000000000000000 
45.000000000000000 70.489723023921954 369.000000000000000 
46.000000000000000 73.742779758590501 384.000000000000000 
47.000000000000000 81.978152335894137 242.000000000000000 
48.000000000000000 88.460862137935834 321.000000000000000 
49.000000000000000 86.382694277822651 638.000000000000000 
50.000000000000000 93.778928091671958 1146.000000000000000 
51.000000000000000 73.184895808644058 155.000000000000000 
52.000000000000000 71.427979695099395 172.000000000000000 
53.000000000000000 71.590197080726554 147.000000000000000 
54.000000000000000 82.519950284929180 1241.000000000000000 
55.000000000000000 70.767810256636764 958.000000000000000 
56.000000000000000 82.926339114441831 212.000000000000000 
57.000000000000000 72.274480945794224 442.000000000000000 
58.000000000000000 76.102691770196387 278.000000000000000 
59.000000000000000 67.115711733883188 125.000000000000000 
60.000000000000000 78.681909161346539 268.000000000000000 
61.000000000000000 72.472930834322383 142.000000000000000 
62.000000000000000 66.092250439574769 127.000000000000000 
63.000000000000000 79.078764485169046 126.000000000000000 
64.000000000000000 69.604227302225439 489.000000000000000 
65.000000000000000 94.193553256670342 295.000000000000000 
66.000000000000000 63.516870115465643 78.000000000000000 
67.000000000000000 58.744766244402015 148.000000000000000 
68.000000000000000 65.599714560584289 282.000000000000000 
69.000000000000000  0.000000000000000  0.000000000000000 
70.000000000000000  0.000000000000000  0.000000000000000 
71.000000000000000  0.000000000000000  0.000000000000000 
72.000000000000000  0.000000000000000  0.000000000000000 
73.000000000000000  0.000000000000000  0.000000000000000 
74.000000000000000  0.000000000000000  0.000000000000000 
75.000000000000000  0.000000000000000  0.000000000000000 
76.000000000000000  0.000000000000000  0.000000000000000 
77.000000000000000  0.000000000000000  0.000000000000000 
78.000000000000000  0.000000000000000  0.000000000000000 
79.000000000000000  0.000000000000000  0.000000000000000 
80.000000000000000  0.000000000000000  0.000000000000000 
81.000000000000000  0.000000000000000  0.000000000000000 
82.000000000000000  0.000000000000000  0.000000000000000 
83.000000000000000  0.000000000000000  0.000000000000000 
84.000000000000000  0.000000000000000  0.000000000000000 
85.000000000000000  0.000000000000000  0.000000000000000 
86.000000000000000  0.000000000000000  0.000000000000000 
87.000000000000000  0.000000000000000  0.000000000000000 
88.000000000000000  0.000000000000000  0.000000000000000 
89.000000000000000  0.000000000000000  0.000000000000000 
90.000000000000000  0.000000000000000  0.000000000000000 
91.000000000000000  0.000000000000000  0.000000000000000 
92.000000000000000  0.000000000000000  0.000000000000000 
93.000000000000000  0.000000000000000  0.000000000000000 
94.000000000000000  0.000000000000000  0.000000000000000 
95.000000000000000  0.000000000000000  0.000000000000000 
96.000000000000000  0.000000000000000  0.000000000000000 
97.000000000000000  0.000000000000000  0.000000000000000 
98.000000000000000  0.000000000000000  0.000000000000000 
99.000000000000000  0.000000000000000  0.000000000000000 
100.000000000000000  0.000000000000000  0.000000000000000 
101.000000000000000  0.000000000000000  0.000000000000000 
102.000000000000000  0.000000000000000  0.000000000000000 
103.000000000000000  0.000000000000000  0.000000000000000 
104.000000000000000  0.000000000000000  0.000000000000000 
105.000000000000000  0.000000000000000  0.000000000000000 
106.000000000000000  0.000000000000000  0.000000000000000 
107.000000000000000  0.000000000000000  0.000000000000000 
108.000000000000000  0.000000000000000  0.000000000000000 
109.000000000000000  0.000000000000000  0.000000000000000 
110.000000000000000  0.000000000000000  0.000000000000000 
111.000000000000000  0.000000000000000  0.000000000000000 
112.000000000000000  0.000000000000000  0.000000000000000 
113.000000000000000  0.000000000000000  0.000000000000000 
114.000000000000000  0.000000000000000  0.000000000000000 
115.000000000000000  0.000000000000000  0.000000000000000 
116.000000000000000  0.000000000000000  0.000000000000000 
117.000000000000000  0.000000000000000  0.000000000000000 
118.000000000000000  0.000000000000000  0.000000000000000 
119.000000000000000  0.000000000000000  0.000000000000000 
120.000000000000000  0.000000000000000  0.000000000000000 
121.000000000000000  0.000000000000000  0.000000000000000 
122.000000000000000  0.000000000000000  0.000000000000000 
123.000000000000000  0.000000000000000  0.000000000000000 
124.000000000000000  0.000000000000000  0.000000000000000 
125.000000000000000  0.000000000000000  0.000000000000000 
126.000000000000000  0.000000000000000  0.000000000000000 
127.000000000000000  0.000000000000000  0.000000000000000 
