 0.000000000000000 43.465506489081733 639.000000000000000 
 1.000000000000000 36.661739265797465 361.000000000000000 
 2.000000000000000 45.409116850005844 354.000000000000000 
 3.000000000000000 47.067675896599418 195.000000000000000 
 4.000000000000000 49.523276038609950 778.000000000000000 
 5.000000000000000 50.358579596749806 169.000000000000000 
 6.000000000000000 49.634224984586076 378.000000000000000 
 7.000000000000000 44.981364694124117 322.000000000000000 
 8.000000000000000 49.529610135839263 260.000000000000000 
 9.000000000000000 39.532099856581738 110.000000000000000 
10.000000000000000 55.772653276632290 494.000000000000000 
11.000000000000000 29.460608267921000 50.000000000000000 
12.000000000000000 39.782213624006133 77.000000000000000 
13.000000000000000 40.479456440269409 96.000000000000000 
14.000000000000000 49.644616997179490 78.000000000000000 
15.000000000000000 44.108340980179037 124.000000000000000 
16.000000000000000 34.518663670334988 167.000000000000000 
17.000000000000000 41.333710053702120 193.000000000000000 
18.000000000000000 50.370242882453319 407.000000000000000 
19.000000000000000 53.771452940098300 120.000000000000000 
20.000000000000000 42.883571781851785 208.000000000000000 
21.000000000000000 37.576079214304002 176.000000000000000 
22.000000000000000 49.539735366684106 107.000000000000000 
23.000000000000000 44.761913226809924 721.000000000000000 
24.000000000000000 52.047666999167511 117.000000000000000 
25.000000000000000 50.538399116811256 113.000000000000000 
26.000000000000000 59.997481787543983 686.000000000000000 
27.000000000000000 38.592760366697192 177.000000000000000 
28.000000000000000 52.698983466038662 304.000000000000000 
29.000000000000000 41.404577636440386 152.000000000000000 
30.000000000000000 48.334043295159503 150.000000000000000 
31.000000000000000 43.576222096096032 104.000000000000000 
32.000000000000000 45.327018250350804 80.000000000000000 
33.000000000000000 55.658117712323538 68.000000000000000 
34.000000000000000 45.019528475867759 121.000000000000000 
35.000000000000000 38.164750806826547 121.000000000000000 
36.000000000000000 50.069860329072547 148.000000000000000 
37.000000000000000 47.140237352711765 114.000000000000000 
38.000000000000000 44.209230866653385 931.000000000000000 
39.000000000000000 50.555467786447068 366.000000000000000 
40.000000000000000 37.360577430978047 121.000000000000000 
41.000000000000000 53.047890675034978 217.000000000000000 
42.000000000000000 57.144024322033893 118.000000000000000 
43.000000000000000 50.217898459277947 187.000000000000000 
44.000000000000000 52.954692237516532 699.000000000000000 
45.000000000000000 37.377714981673535 238.000000000000000 
46.000000000000000 34.936392718184869 164.000000000000000 
47.000000000000000 48.077499858174143 172.000000000000000 
48.000000000000000 41.883320864719416 127.000000000000000 
49.000000000000000 53.310844961203109 478.000000000000000 
50.000000000000000 53.103956569736184 737.000000000000000 
51.000000000000000 48.602740775169451 138.000000000000000 
52.000000000000000 47.737998269692909 132.000000000000000 
53.000000000000000 48.597650875728903 155.000000000000000 
54.000000000000000 36.748098281810982 829.000000000000000 
55.000000000000000 33.554844624520030 572.000000000000000 
56.000000000000000 55.913806767536499 149.000000000000000 
57.000000000000000 47.120784243370942 258.000000000000000 
58.000000000000000 30.742902845531262 141.000000000000000 
59.000000000000000 47.982618624745399 98.000000000000000 
60.000000000000000 34.365750157680367 159.000000000000000 
61.000000000000000 48.939299746325112 107.000000000000000 
62.000000000000000 33.452783619861115 72.000000000000000 
63.000000000000000 54.892756691230247 86.000000000000000 
64.000000000000000 41.057380509722869 418.000000000000000 
65.000000000000000 45.113739671364257 166.000000000000000 
66.000000000000000 41.085753071050803 63.000000000000000 
67.000000000000000 42.823825896616469 116.000000000000000 
68.000000000000000 36.669228450949461 189.000000000000000 
69.000000000000000 43.603128697222971 164.000000000000000 
70.000000000000000 49.036310262123187 279.000000000000000 
71.000000000000000 48.760435695928685 254.000000000000000 
72.000000000000000 51.787906438639546 857.000000000000000 
73.000000000000000 38.624624523099975 270.000000000000000 
74.000000000000000 38.895993294581572 92.000000000000000 
75.000000000000000 44.833227278749071 104.000000000000000 
76.000000000000000 31.431597698018606 43.000000000000000 
77.000000000000000 43.047670053973263 440.000000000000000 
78.000000000000000 38.424622563293468 224.000000000000000 
79.000000000000000 44.214008431037094 219.000000000000000 
80.000000000000000 42.498775338086745 295.000000000000000 
81.000000000000000 34.765818167631764 107.000000000000000 
82.000000000000000 31.918962375643819 272.000000000000000 
83.000000000000000 46.020061790750155 100.000000000000000 
84.000000000000000 40.810939374151339 76.000000000000000 
85.000000000000000 35.617501123426599 113.000000000000000 
86.000000000000000 35.949627789836370 77.000000000000000 
87.000000000000000 36.543729677539801 87.000000000000000 
88.000000000000000 41.321202411358747 216.000000000000000 
89.000000000000000 36.862948439516984 105.000000000000000 
90.000000000000000 49.826729661922961 884.000000000000000 
91.000000000000000 46.284816362081990 722.000000000000000 
92.000000000000000 40.461558013462252 158.000000000000000 
93.000000000000000 39.976045066000296 245.000000000000000 
94.000000000000000 41.782501665535570 205.000000000000000 
95.000000000000000 36.239557672067399 293.000000000000000 
96.000000000000000 40.200535144970416 420.000000000000000 
97.000000000000000 26.491483847566524 36.000000000000000 
98.000000000000000 37.957244864134609 182.000000000000000 
99.000000000000000 39.349440993342213 283.000000000000000 
100.000000000000000 30.013001651840451 89.000000000000000 
101.000000000000000 38.323837469525806 202.000000000000000 
102.000000000000000 37.662634156993228 235.000000000000000 
103.000000000000000 31.133173241346501 93.000000000000000 
104.000000000000000 29.621784565889303 118.000000000000000 
105.000000000000000  0.000000000000000  0.000000000000000 
106.000000000000000  0.000000000000000  0.000000000000000 
107.000000000000000  0.000000000000000  0.000000000000000 
108.000000000000000  0.000000000000000  0.000000000000000 
109.000000000000000  0.000000000000000  0.000000000000000 
110.000000000000000  0.000000000000000  0.000000000000000 
111.000000000000000  0.000000000000000  0.000000000000000 
112.000000000000000  0.000000000000000  0.000000000000000 
113.000000000000000  0.000000000000000  0.000000000000000 
114.000000000000000  0.000000000000000  0.000000000000000 
115.000000000000000  0.000000000000000  0.000000000000000 
116.000000000000000  0.000000000000000  0.000000000000000 
117.000000000000000  0.000000000000000  0.000000000000000 
118.000000000000000  0.000000000000000  0.000000000000000 
119.000000000000000  0.000000000000000  0.000000000000000 
120.000000000000000  0.000000000000000  0.000000000000000 
121.000000000000000  0.000000000000000  0.000000000000000 
122.000000000000000  0.000000000000000  0.000000000000000 
123.000000000000000  0.000000000000000  0.000000000000000 
124.000000000000000  0.000000000000000  0.000000000000000 
125.000000000000000  0.000000000000000  0.000000000000000 
126.000000000000000  0.000000000000000  0.000000000000000 
127.000000000000000  0.000000000000000  0.000000000000000 
