 0.000000000000000 139.738474857488256 1665.000000000000000 
 1.000000000000000 126.573666310996344 1368.000000000000000 
 2.000000000000000 194.005611245080900 603.000000000000000 
 3.000000000000000 182.639128395362860 304.000000000000000 
 4.000000000000000 141.046560125939351 948.000000000000000 
 5.000000000000000 217.571439482746115 517.000000000000000 
 6.000000000000000 193.164463770282339 858.000000000000000 
 7.000000000000000 166.749577771191070 1343.000000000000000 
 8.000000000000000 205.727055890726149 1011.000000000000000 
 9.000000000000000 195.893081605367172 464.000000000000000 
10.000000000000000 210.498938389976104 1163.000000000000000 
11.000000000000000 216.223882967719021 269.000000000000000 
12.000000000000000 220.020130280928356 332.000000000000000 
13.000000000000000 170.569133079607354 330.000000000000000 
14.000000000000000 182.190233623820689 231.000000000000000 
15.000000000000000 170.678542970598727 299.000000000000000 
16.000000000000000 190.870250399473917 729.000000000000000 
17.000000000000000 205.723973053662831 409.000000000000000 
18.000000000000000 184.702645608368528 670.000000000000000 
19.000000000000000 158.874649333062507 216.000000000000000 
20.000000000000000 196.970101602342481 641.000000000000000 
21.000000000000000 204.282137366807433 726.000000000000000 
22.000000000000000 184.268163099006301 250.000000000000000 
23.000000000000000 149.494360972205953 1656.000000000000000 
24.000000000000000 171.029284763946606 275.000000000000000 
25.000000000000000 184.037061592244413 262.000000000000000 
26.000000000000000 166.231979435085407 1463.000000000000000 
27.000000000000000 165.759538197077802 435.000000000000000 
28.000000000000000 197.012334149144181 744.000000000000000 
29.000000000000000 209.029304401581982 511.000000000000000 
30.000000000000000 208.354773335953922 500.000000000000000 
31.000000000000000 186.541876659392841 377.000000000000000 
32.000000000000000 181.114196664419495 229.000000000000000 
33.000000000000000 167.245540348043335 175.000000000000000 
34.000000000000000 154.719508434033315 228.000000000000000 
35.000000000000000 192.709174765203073 562.000000000000000 
36.000000000000000 173.635249944320236 381.000000000000000 
37.000000000000000 151.412728525173094 358.000000000000000 
38.000000000000000 198.749556160632494 2127.000000000000000 
39.000000000000000 119.530252816733764 372.000000000000000 
40.000000000000000  0.000000000000000  0.000000000000000 
41.000000000000000  0.000000000000000  0.000000000000000 
42.000000000000000  0.000000000000000  0.000000000000000 
43.000000000000000  0.000000000000000  0.000000000000000 
44.000000000000000  0.000000000000000  0.000000000000000 
45.000000000000000  0.000000000000000  0.000000000000000 
46.000000000000000  0.000000000000000  0.000000000000000 
47.000000000000000  0.000000000000000  0.000000000000000 
48.000000000000000  0.000000000000000  0.000000000000000 
49.000000000000000  0.000000000000000  0.000000000000000 
50.000000000000000  0.000000000000000  0.000000000000000 
51.000000000000000  0.000000000000000  0.000000000000000 
52.000000000000000  0.000000000000000  0.000000000000000 
53.000000000000000  0.000000000000000  0.000000000000000 
54.000000000000000  0.000000000000000  0.000000000000000 
55.000000000000000  0.000000000000000  0.000000000000000 
56.000000000000000  0.000000000000000  0.000000000000000 
57.000000000000000  0.000000000000000  0.000000000000000 
58.000000000000000  0.000000000000000  0.000000000000000 
59.000000000000000  0.000000000000000  0.000000000000000 
60.000000000000000  0.000000000000000  0.000000000000000 
61.000000000000000  0.000000000000000  0.000000000000000 
62.000000000000000  0.000000000000000  0.000000000000000 
63.000000000000000  0.000000000000000  0.000000000000000 
64.000000000000000  0.000000000000000  0.000000000000000 
65.000000000000000  0.000000000000000  0.000000000000000 
66.000000000000000  0.000000000000000  0.000000000000000 
67.000000000000000  0.000000000000000  0.000000000000000 
68.000000000000000  0.000000000000000  0.000000000000000 
69.000000000000000  0.000000000000000  0.000000000000000 
70.000000000000000  0.000000000000000  0.000000000000000 
71.000000000000000  0.000000000000000  0.000000000000000 
72.000000000000000  0.000000000000000  0.000000000000000 
73.000000000000000  0.000000000000000  0.000000000000000 
74.000000000000000  0.000000000000000  0.000000000000000 
75.000000000000000  0.000000000000000  0.000000000000000 
76.000000000000000  0.000000000000000  0.000000000000000 
77.000000000000000  0.000000000000000  0.000000000000000 
78.000000000000000  0.000000000000000  0.000000000000000 
79.000000000000000  0.000000000000000  0.000000000000000 
80.000000000000000  0.000000000000000  0.000000000000000 
81.000000000000000  0.000000000000000  0.000000000000000 
82.000000000000000  0.000000000000000  0.000000000000000 
83.000000000000000  0.000000000000000  0.000000000000000 
84.000000000000000  0.000000000000000  0.000000000000000 
85.000000000000000  0.000000000000000  0.000000000000000 
86.000000000000000  0.000000000000000  0.000000000000000 
87.000000000000000  0.000000000000000  0.000000000000000 
88.000000000000000  0.000000000000000  0.000000000000000 
89.000000000000000  0.000000000000000  0.000000000000000 
90.000000000000000  0.000000000000000  0.000000000000000 
91.000000000000000  0.000000000000000  0.000000000000000 
92.000000000000000  0.000000000000000  0.000000000000000 
93.000000000000000  0.000000000000000  0.000000000000000 
94.000000000000000  0.000000000000000  0.000000000000000 
95.000000000000000  0.000000000000000  0.000000000000000 
96.000000000000000  0.000000000000000  0.000000000000000 
97.000000000000000  0.000000000000000  0.000000000000000 
98.000000000000000  0.000000000000000  0.000000000000000 
99.000000000000000  0.000000000000000  0.000000000000000 
100.000000000000000  0.000000000000000  0.000000000000000 
101.000000000000000  0.000000000000000  0.000000000000000 
102.000000000000000  0.000000000000000  0.000000000000000 
103.000000000000000  0.000000000000000  0.000000000000000 
104.000000000000000  0.000000000000000  0.000000000000000 
105.000000000000000  0.000000000000000  0.000000000000000 
106.000000000000000  0.000000000000000  0.000000000000000 
107.000000000000000  0.000000000000000  0.000000000000000 
108.000000000000000  0.000000000000000  0.000000000000000 
109.000000000000000  0.000000000000000  0.000000000000000 
110.000000000000000  0.000000000000000  0.000000000000000 
111.000000000000000  0.000000000000000  0.000000000000000 
112.000000000000000  0.000000000000000  0.000000000000000 
113.000000000000000  0.000000000000000  0.000000000000000 
114.000000000000000  0.000000000000000  0.000000000000000 
115.000000000000000  0.000000000000000  0.000000000000000 
116.000000000000000  0.000000000000000  0.000000000000000 
117.000000000000000  0.000000000000000  0.000000000000000 
118.000000000000000  0.000000000000000  0.000000000000000 
119.000000000000000  0.000000000000000  0.000000000000000 
120.000000000000000  0.000000000000000  0.000000000000000 
121.000000000000000  0.000000000000000  0.000000000000000 
122.000000000000000  0.000000000000000  0.000000000000000 
123.000000000000000  0.000000000000000  0.000000000000000 
124.000000000000000  0.000000000000000  0.000000000000000 
125.000000000000000  0.000000000000000  0.000000000000000 
126.000000000000000  0.000000000000000  0.000000000000000 
127.000000000000000  0.000000000000000  0.000000000000000 
