 0.000000000000000 120.676753468873386 1184.000000000000000 
 1.000000000000000 132.718524054070741 1452.000000000000000 
 2.000000000000000 168.886874429499244 915.000000000000000 
 3.000000000000000 159.671670198046911 271.000000000000000 
 4.000000000000000 133.331593605632662 844.000000000000000 
 5.000000000000000 155.249137639313659 349.000000000000000 
 6.000000000000000 151.899276575900501 757.000000000000000 
 7.000000000000000 90.252197072653189 1013.000000000000000 
 8.000000000000000 151.933174593656361 530.000000000000000 
 9.000000000000000 175.684942605607290 439.000000000000000 
10.000000000000000 171.426705821577428 988.000000000000000 
11.000000000000000 146.306607992043013 195.000000000000000 
12.000000000000000 165.104368470709062 228.000000000000000 
13.000000000000000 148.562182898264155 300.000000000000000 
14.000000000000000 150.617766226088577 201.000000000000000 
15.000000000000000 146.567200869921663 271.000000000000000 
16.000000000000000 174.430891297375950 755.000000000000000 
17.000000000000000 142.763199296097810 328.000000000000000 
18.000000000000000 159.755874845071475 574.000000000000000 
19.000000000000000 151.719410363162780 212.000000000000000 
20.000000000000000 183.457683244112701 651.000000000000000 
21.000000000000000 171.498486137903285 653.000000000000000 
22.000000000000000 154.229506319675664 222.000000000000000 
23.000000000000000 115.988802665706402 1476.000000000000000 
24.000000000000000 143.323301988291831 249.000000000000000 
25.000000000000000 165.596882025962515 249.000000000000000 
26.000000000000000 144.266514484200428 1265.000000000000000 
27.000000000000000 167.296614973555592 416.000000000000000 
28.000000000000000 154.676976721937706 574.000000000000000 
29.000000000000000 182.765938266694263 442.000000000000000 
30.000000000000000 160.602227660401866 388.000000000000000 
31.000000000000000 164.691902684901294 347.000000000000000 
32.000000000000000 138.007833817670473 197.000000000000000 
33.000000000000000 148.167919824419073 150.000000000000000 
34.000000000000000 143.537550462211641 205.000000000000000 
35.000000000000000 188.461861279888097 559.000000000000000 
36.000000000000000 141.086001767803822 277.000000000000000 
37.000000000000000 160.199708969456879 382.000000000000000 
38.000000000000000 118.033095031472286 1559.000000000000000 
39.000000000000000 138.539240411973765 596.000000000000000 
40.000000000000000 134.645252193436505 502.000000000000000 
41.000000000000000 137.066793873636186 421.000000000000000 
42.000000000000000 150.924289360102364 246.000000000000000 
43.000000000000000 161.331878145013206 379.000000000000000 
44.000000000000000 163.635686016222252 1790.000000000000000 
45.000000000000000  0.000000000000000  0.000000000000000 
46.000000000000000  0.000000000000000  0.000000000000000 
47.000000000000000  0.000000000000000  0.000000000000000 
48.000000000000000  0.000000000000000  0.000000000000000 
49.000000000000000  0.000000000000000  0.000000000000000 
50.000000000000000  0.000000000000000  0.000000000000000 
51.000000000000000  0.000000000000000  0.000000000000000 
52.000000000000000  0.000000000000000  0.000000000000000 
53.000000000000000  0.000000000000000  0.000000000000000 
54.000000000000000  0.000000000000000  0.000000000000000 
55.000000000000000  0.000000000000000  0.000000000000000 
56.000000000000000  0.000000000000000  0.000000000000000 
57.000000000000000  0.000000000000000  0.000000000000000 
58.000000000000000  0.000000000000000  0.000000000000000 
59.000000000000000  0.000000000000000  0.000000000000000 
60.000000000000000  0.000000000000000  0.000000000000000 
61.000000000000000  0.000000000000000  0.000000000000000 
62.000000000000000  0.000000000000000  0.000000000000000 
63.000000000000000  0.000000000000000  0.000000000000000 
64.000000000000000  0.000000000000000  0.000000000000000 
65.000000000000000  0.000000000000000  0.000000000000000 
66.000000000000000  0.000000000000000  0.000000000000000 
67.000000000000000  0.000000000000000  0.000000000000000 
68.000000000000000  0.000000000000000  0.000000000000000 
69.000000000000000  0.000000000000000  0.000000000000000 
70.000000000000000  0.000000000000000  0.000000000000000 
71.000000000000000  0.000000000000000  0.000000000000000 
72.000000000000000  0.000000000000000  0.000000000000000 
73.000000000000000  0.000000000000000  0.000000000000000 
74.000000000000000  0.000000000000000  0.000000000000000 
75.000000000000000  0.000000000000000  0.000000000000000 
76.000000000000000  0.000000000000000  0.000000000000000 
77.000000000000000  0.000000000000000  0.000000000000000 
78.000000000000000  0.000000000000000  0.000000000000000 
79.000000000000000  0.000000000000000  0.000000000000000 
80.000000000000000  0.000000000000000  0.000000000000000 
81.000000000000000  0.000000000000000  0.000000000000000 
82.000000000000000  0.000000000000000  0.000000000000000 
83.000000000000000  0.000000000000000  0.000000000000000 
84.000000000000000  0.000000000000000  0.000000000000000 
85.000000000000000  0.000000000000000  0.000000000000000 
86.000000000000000  0.000000000000000  0.000000000000000 
87.000000000000000  0.000000000000000  0.000000000000000 
88.000000000000000  0.000000000000000  0.000000000000000 
89.000000000000000  0.000000000000000  0.000000000000000 
90.000000000000000  0.000000000000000  0.000000000000000 
91.000000000000000  0.000000000000000  0.000000000000000 
92.000000000000000  0.000000000000000  0.000000000000000 
93.000000000000000  0.000000000000000  0.000000000000000 
94.000000000000000  0.000000000000000  0.000000000000000 
95.000000000000000  0.000000000000000  0.000000000000000 
96.000000000000000  0.000000000000000  0.000000000000000 
97.000000000000000  0.000000000000000  0.000000000000000 
98.000000000000000  0.000000000000000  0.000000000000000 
99.000000000000000  0.000000000000000  0.000000000000000 
100.000000000000000  0.000000000000000  0.000000000000000 
101.000000000000000  0.000000000000000  0.000000000000000 
102.000000000000000  0.000000000000000  0.000000000000000 
103.000000000000000  0.000000000000000  0.000000000000000 
104.000000000000000  0.000000000000000  0.000000000000000 
105.000000000000000  0.000000000000000  0.000000000000000 
106.000000000000000  0.000000000000000  0.000000000000000 
107.000000000000000  0.000000000000000  0.000000000000000 
108.000000000000000  0.000000000000000  0.000000000000000 
109.000000000000000  0.000000000000000  0.000000000000000 
110.000000000000000  0.000000000000000  0.000000000000000 
111.000000000000000  0.000000000000000  0.000000000000000 
112.000000000000000  0.000000000000000  0.000000000000000 
113.000000000000000  0.000000000000000  0.000000000000000 
114.000000000000000  0.000000000000000  0.000000000000000 
115.000000000000000  0.000000000000000  0.000000000000000 
116.000000000000000  0.000000000000000  0.000000000000000 
117.000000000000000  0.000000000000000  0.000000000000000 
118.000000000000000  0.000000000000000  0.000000000000000 
119.000000000000000  0.000000000000000  0.000000000000000 
120.000000000000000  0.000000000000000  0.000000000000000 
121.000000000000000  0.000000000000000  0.000000000000000 
122.000000000000000  0.000000000000000  0.000000000000000 
123.000000000000000  0.000000000000000  0.000000000000000 
124.000000000000000  0.000000000000000  0.000000000000000 
125.000000000000000  0.000000000000000  0.000000000000000 
126.000000000000000  0.000000000000000  0.000000000000000 
127.000000000000000  0.000000000000000  0.000000000000000 
