 0.000000000000000 113.495215599219392 1121.000000000000000 
 1.000000000000000 128.760312460907443 1403.000000000000000 
 2.000000000000000 161.367092397135536 890.000000000000000 
 3.000000000000000 160.619492983080477 271.000000000000000 
 4.000000000000000 131.475278702742742 841.000000000000000 
 5.000000000000000 151.121741457034545 345.000000000000000 
 6.000000000000000 119.572438185602536 634.000000000000000 
 7.000000000000000 90.408950944309325 1033.000000000000000 
 8.000000000000000 131.507039889462561 466.000000000000000 
 9.000000000000000 170.341972429381798 432.000000000000000 
10.000000000000000 162.656326046671637 976.000000000000000 
11.000000000000000 136.784885360904809 185.000000000000000 
12.000000000000000 162.750358288063211 232.000000000000000 
13.000000000000000 149.457360657483548 305.000000000000000 
14.000000000000000 145.763347889775218 194.000000000000000 
15.000000000000000 139.481106135528961 260.000000000000000 
16.000000000000000 167.037262141069846 756.000000000000000 
17.000000000000000 143.322698640354560 322.000000000000000 
18.000000000000000 135.761456431692238 521.000000000000000 
19.000000000000000 145.302657552241470 207.000000000000000 
20.000000000000000 163.746281917007934 639.000000000000000 
21.000000000000000 160.941195757803627 643.000000000000000 
22.000000000000000 151.959953026996999 221.000000000000000 
23.000000000000000 117.334065104754274 1509.000000000000000 
24.000000000000000 147.754787991264351 251.000000000000000 
25.000000000000000 159.402175544095712 232.000000000000000 
26.000000000000000 138.464357720966206 1237.000000000000000 
27.000000000000000 166.494146396251722 412.000000000000000 
28.000000000000000 153.905236414462252 580.000000000000000 
29.000000000000000 156.427104527309410 369.000000000000000 
30.000000000000000 149.345275293183988 367.000000000000000 
31.000000000000000 158.258405718667859 341.000000000000000 
32.000000000000000 136.417414443074534 196.000000000000000 
33.000000000000000 142.305151399068507 145.000000000000000 
34.000000000000000 134.428784926408241 196.000000000000000 
35.000000000000000 138.744566869769955 405.000000000000000 
36.000000000000000 126.217203597959866 247.000000000000000 
37.000000000000000 157.952689688517182 376.000000000000000 
38.000000000000000 116.335020616687444 1548.000000000000000 
39.000000000000000 131.109559521628654 592.000000000000000 
40.000000000000000 123.074319972821471 485.000000000000000 
41.000000000000000 132.139457222184859 406.000000000000000 
42.000000000000000 146.192247091410024 240.000000000000000 
43.000000000000000 165.304086035498500 393.000000000000000 
44.000000000000000 167.891747059086356 1834.000000000000000 
45.000000000000000 111.157316007553760 370.000000000000000 
46.000000000000000 105.511130181664370 373.000000000000000 
47.000000000000000  0.000000000000000  0.000000000000000 
48.000000000000000  0.000000000000000  0.000000000000000 
49.000000000000000  0.000000000000000  0.000000000000000 
50.000000000000000  0.000000000000000  0.000000000000000 
51.000000000000000  0.000000000000000  0.000000000000000 
52.000000000000000  0.000000000000000  0.000000000000000 
53.000000000000000  0.000000000000000  0.000000000000000 
54.000000000000000  0.000000000000000  0.000000000000000 
55.000000000000000  0.000000000000000  0.000000000000000 
56.000000000000000  0.000000000000000  0.000000000000000 
57.000000000000000  0.000000000000000  0.000000000000000 
58.000000000000000  0.000000000000000  0.000000000000000 
59.000000000000000  0.000000000000000  0.000000000000000 
60.000000000000000  0.000000000000000  0.000000000000000 
61.000000000000000  0.000000000000000  0.000000000000000 
62.000000000000000  0.000000000000000  0.000000000000000 
63.000000000000000  0.000000000000000  0.000000000000000 
64.000000000000000  0.000000000000000  0.000000000000000 
65.000000000000000  0.000000000000000  0.000000000000000 
66.000000000000000  0.000000000000000  0.000000000000000 
67.000000000000000  0.000000000000000  0.000000000000000 
68.000000000000000  0.000000000000000  0.000000000000000 
69.000000000000000  0.000000000000000  0.000000000000000 
70.000000000000000  0.000000000000000  0.000000000000000 
71.000000000000000  0.000000000000000  0.000000000000000 
72.000000000000000  0.000000000000000  0.000000000000000 
73.000000000000000  0.000000000000000  0.000000000000000 
74.000000000000000  0.000000000000000  0.000000000000000 
75.000000000000000  0.000000000000000  0.000000000000000 
76.000000000000000  0.000000000000000  0.000000000000000 
77.000000000000000  0.000000000000000  0.000000000000000 
78.000000000000000  0.000000000000000  0.000000000000000 
79.000000000000000  0.000000000000000  0.000000000000000 
80.000000000000000  0.000000000000000  0.000000000000000 
81.000000000000000  0.000000000000000  0.000000000000000 
82.000000000000000  0.000000000000000  0.000000000000000 
83.000000000000000  0.000000000000000  0.000000000000000 
84.000000000000000  0.000000000000000  0.000000000000000 
85.000000000000000  0.000000000000000  0.000000000000000 
86.000000000000000  0.000000000000000  0.000000000000000 
87.000000000000000  0.000000000000000  0.000000000000000 
88.000000000000000  0.000000000000000  0.000000000000000 
89.000000000000000  0.000000000000000  0.000000000000000 
90.000000000000000  0.000000000000000  0.000000000000000 
91.000000000000000  0.000000000000000  0.000000000000000 
92.000000000000000  0.000000000000000  0.000000000000000 
93.000000000000000  0.000000000000000  0.000000000000000 
94.000000000000000  0.000000000000000  0.000000000000000 
95.000000000000000  0.000000000000000  0.000000000000000 
96.000000000000000  0.000000000000000  0.000000000000000 
97.000000000000000  0.000000000000000  0.000000000000000 
98.000000000000000  0.000000000000000  0.000000000000000 
99.000000000000000  0.000000000000000  0.000000000000000 
100.000000000000000  0.000000000000000  0.000000000000000 
101.000000000000000  0.000000000000000  0.000000000000000 
102.000000000000000  0.000000000000000  0.000000000000000 
103.000000000000000  0.000000000000000  0.000000000000000 
104.000000000000000  0.000000000000000  0.000000000000000 
105.000000000000000  0.000000000000000  0.000000000000000 
106.000000000000000  0.000000000000000  0.000000000000000 
107.000000000000000  0.000000000000000  0.000000000000000 
108.000000000000000  0.000000000000000  0.000000000000000 
109.000000000000000  0.000000000000000  0.000000000000000 
110.000000000000000  0.000000000000000  0.000000000000000 
111.000000000000000  0.000000000000000  0.000000000000000 
112.000000000000000  0.000000000000000  0.000000000000000 
113.000000000000000  0.000000000000000  0.000000000000000 
114.000000000000000  0.000000000000000  0.000000000000000 
115.000000000000000  0.000000000000000  0.000000000000000 
116.000000000000000  0.000000000000000  0.000000000000000 
117.000000000000000  0.000000000000000  0.000000000000000 
118.000000000000000  0.000000000000000  0.000000000000000 
119.000000000000000  0.000000000000000  0.000000000000000 
120.000000000000000  0.000000000000000  0.000000000000000 
121.000000000000000  0.000000000000000  0.000000000000000 
122.000000000000000  0.000000000000000  0.000000000000000 
123.000000000000000  0.000000000000000  0.000000000000000 
124.000000000000000  0.000000000000000  0.000000000000000 
125.000000000000000  0.000000000000000  0.000000000000000 
126.000000000000000  0.000000000000000  0.000000000000000 
127.000000000000000  0.000000000000000  0.000000000000000 
