 0.000000000000000 107.411327717520564 1108.000000000000000 
 1.000000000000000 125.579991720080756 1383.000000000000000 
 2.000000000000000 141.739383551616527 818.000000000000000 
 3.000000000000000 152.184139199632000 260.000000000000000 
 4.000000000000000 117.507794364121395 753.000000000000000 
 5.000000000000000 142.954740653942594 332.000000000000000 
 6.000000000000000 114.740724240736824 615.000000000000000 
 7.000000000000000 90.053350428834335 1037.000000000000000 
 8.000000000000000 134.539304546840242 470.000000000000000 
 9.000000000000000 140.478529204268938 275.000000000000000 
10.000000000000000 135.222968128934497 845.000000000000000 
11.000000000000000 123.866162703225385 158.000000000000000 
12.000000000000000 144.555287412394676 217.000000000000000 
13.000000000000000 148.627616560280501 304.000000000000000 
14.000000000000000 134.457421119553914 187.000000000000000 
15.000000000000000 143.013577759961322 258.000000000000000 
16.000000000000000 115.699415711943843 443.000000000000000 
17.000000000000000 126.214274957898070 367.000000000000000 
18.000000000000000 126.226893172624074 516.000000000000000 
19.000000000000000 143.763072873799388 220.000000000000000 
20.000000000000000 154.298795177093695 607.000000000000000 
21.000000000000000 143.445827917563008 540.000000000000000 
22.000000000000000 131.685414355072965 196.000000000000000 
23.000000000000000 115.185614301669844 1509.000000000000000 
24.000000000000000 135.367524841772450 248.000000000000000 
25.000000000000000 137.242115201993727 221.000000000000000 
26.000000000000000 127.063915083494791 1182.000000000000000 
27.000000000000000 112.991798998294627 363.000000000000000 
28.000000000000000 140.990895832497273 531.000000000000000 
29.000000000000000 128.459289905551231 259.000000000000000 
30.000000000000000 140.696336340210905 363.000000000000000 
31.000000000000000 132.425470540907810 288.000000000000000 
32.000000000000000 129.665475941464962 190.000000000000000 
33.000000000000000 128.269816168741215 131.000000000000000 
34.000000000000000 116.351360525557098 176.000000000000000 
35.000000000000000 122.143635501803772 369.000000000000000 
36.000000000000000 121.064197243873480 236.000000000000000 
37.000000000000000 155.562986646603690 371.000000000000000 
38.000000000000000 115.466252914413786 1539.000000000000000 
39.000000000000000 124.449983246878361 592.000000000000000 
40.000000000000000 131.005512544656938 485.000000000000000 
41.000000000000000 126.422530595327217 401.000000000000000 
42.000000000000000 134.660403614095031 215.000000000000000 
43.000000000000000 157.870346556697882 391.000000000000000 
44.000000000000000 163.696082696378483 1800.000000000000000 
45.000000000000000 115.541185125244070 380.000000000000000 
46.000000000000000 107.204000746208166 411.000000000000000 
47.000000000000000 108.110797792381703 215.000000000000000 
48.000000000000000 119.407671277077725 443.000000000000000 
49.000000000000000 101.572749188815052 783.000000000000000 
50.000000000000000  0.000000000000000  0.000000000000000 
51.000000000000000  0.000000000000000  0.000000000000000 
52.000000000000000  0.000000000000000  0.000000000000000 
53.000000000000000  0.000000000000000  0.000000000000000 
54.000000000000000  0.000000000000000  0.000000000000000 
55.000000000000000  0.000000000000000  0.000000000000000 
56.000000000000000  0.000000000000000  0.000000000000000 
57.000000000000000  0.000000000000000  0.000000000000000 
58.000000000000000  0.000000000000000  0.000000000000000 
59.000000000000000  0.000000000000000  0.000000000000000 
60.000000000000000  0.000000000000000  0.000000000000000 
61.000000000000000  0.000000000000000  0.000000000000000 
62.000000000000000  0.000000000000000  0.000000000000000 
63.000000000000000  0.000000000000000  0.000000000000000 
64.000000000000000  0.000000000000000  0.000000000000000 
65.000000000000000  0.000000000000000  0.000000000000000 
66.000000000000000  0.000000000000000  0.000000000000000 
67.000000000000000  0.000000000000000  0.000000000000000 
68.000000000000000  0.000000000000000  0.000000000000000 
69.000000000000000  0.000000000000000  0.000000000000000 
70.000000000000000  0.000000000000000  0.000000000000000 
71.000000000000000  0.000000000000000  0.000000000000000 
72.000000000000000  0.000000000000000  0.000000000000000 
73.000000000000000  0.000000000000000  0.000000000000000 
74.000000000000000  0.000000000000000  0.000000000000000 
75.000000000000000  0.000000000000000  0.000000000000000 
76.000000000000000  0.000000000000000  0.000000000000000 
77.000000000000000  0.000000000000000  0.000000000000000 
78.000000000000000  0.000000000000000  0.000000000000000 
79.000000000000000  0.000000000000000  0.000000000000000 
80.000000000000000  0.000000000000000  0.000000000000000 
81.000000000000000  0.000000000000000  0.000000000000000 
82.000000000000000  0.000000000000000  0.000000000000000 
83.000000000000000  0.000000000000000  0.000000000000000 
84.000000000000000  0.000000000000000  0.000000000000000 
85.000000000000000  0.000000000000000  0.000000000000000 
86.000000000000000  0.000000000000000  0.000000000000000 
87.000000000000000  0.000000000000000  0.000000000000000 
88.000000000000000  0.000000000000000  0.000000000000000 
89.000000000000000  0.000000000000000  0.000000000000000 
90.000000000000000  0.000000000000000  0.000000000000000 
91.000000000000000  0.000000000000000  0.000000000000000 
92.000000000000000  0.000000000000000  0.000000000000000 
93.000000000000000  0.000000000000000  0.000000000000000 
94.000000000000000  0.000000000000000  0.000000000000000 
95.000000000000000  0.000000000000000  0.000000000000000 
96.000000000000000  0.000000000000000  0.000000000000000 
97.000000000000000  0.000000000000000  0.000000000000000 
98.000000000000000  0.000000000000000  0.000000000000000 
99.000000000000000  0.000000000000000  0.000000000000000 
100.000000000000000  0.000000000000000  0.000000000000000 
101.000000000000000  0.000000000000000  0.000000000000000 
102.000000000000000  0.000000000000000  0.000000000000000 
103.000000000000000  0.000000000000000  0.000000000000000 
104.000000000000000  0.000000000000000  0.000000000000000 
105.000000000000000  0.000000000000000  0.000000000000000 
106.000000000000000  0.000000000000000  0.000000000000000 
107.000000000000000  0.000000000000000  0.000000000000000 
108.000000000000000  0.000000000000000  0.000000000000000 
109.000000000000000  0.000000000000000  0.000000000000000 
110.000000000000000  0.000000000000000  0.000000000000000 
111.000000000000000  0.000000000000000  0.000000000000000 
112.000000000000000  0.000000000000000  0.000000000000000 
113.000000000000000  0.000000000000000  0.000000000000000 
114.000000000000000  0.000000000000000  0.000000000000000 
115.000000000000000  0.000000000000000  0.000000000000000 
116.000000000000000  0.000000000000000  0.000000000000000 
117.000000000000000  0.000000000000000  0.000000000000000 
118.000000000000000  0.000000000000000  0.000000000000000 
119.000000000000000  0.000000000000000  0.000000000000000 
120.000000000000000  0.000000000000000  0.000000000000000 
121.000000000000000  0.000000000000000  0.000000000000000 
122.000000000000000  0.000000000000000  0.000000000000000 
123.000000000000000  0.000000000000000  0.000000000000000 
124.000000000000000  0.000000000000000  0.000000000000000 
125.000000000000000  0.000000000000000  0.000000000000000 
126.000000000000000  0.000000000000000  0.000000000000000 
127.000000000000000  0.000000000000000  0.000000000000000 
