 0.000000000000000 90.708020664113604 922.000000000000000 
 1.000000000000000 102.775332630349610 1091.000000000000000 
 2.000000000000000 136.854501705296713 766.000000000000000 
 3.000000000000000 114.339496997242904 191.000000000000000 
 4.000000000000000 111.214702499743950 755.000000000000000 
 5.000000000000000 136.394890506575138 331.000000000000000 
 6.000000000000000 103.158887122390112 587.000000000000000 
 7.000000000000000 92.928717009553708 949.000000000000000 
 8.000000000000000 125.335697207507963 453.000000000000000 
 9.000000000000000 145.543992622222447 281.000000000000000 
10.000000000000000 132.436646535484414 824.000000000000000 
11.000000000000000 134.330620779174183 179.000000000000000 
12.000000000000000 153.679009977213781 216.000000000000000 
13.000000000000000 138.884585496904521 288.000000000000000 
14.000000000000000 131.740447918965742 187.000000000000000 
15.000000000000000 150.533583666968099 264.000000000000000 
16.000000000000000 122.618441421213547 407.000000000000000 
17.000000000000000 126.618112835232608 377.000000000000000 
18.000000000000000 121.125773021309683 500.000000000000000 
19.000000000000000 118.332285919976286 192.000000000000000 
20.000000000000000 138.424811473370738 571.000000000000000 
21.000000000000000 142.131745362320572 542.000000000000000 
22.000000000000000 114.755815685603451 178.000000000000000 
23.000000000000000 92.690337948186581 1327.000000000000000 
24.000000000000000 135.173630014786028 252.000000000000000 
25.000000000000000 124.604051023597435 226.000000000000000 
26.000000000000000 122.590381052371072 1163.000000000000000 
27.000000000000000 116.713209759751180 367.000000000000000 
28.000000000000000 129.995379038348545 503.000000000000000 
29.000000000000000 123.919544093448224 248.000000000000000 
30.000000000000000 136.245649895650530 383.000000000000000 
31.000000000000000 127.307013760654399 280.000000000000000 
32.000000000000000 126.936414714919053 188.000000000000000 
33.000000000000000 121.321499752310928 125.000000000000000 
34.000000000000000 122.067789279544527 186.000000000000000 
35.000000000000000 116.600496933420857 355.000000000000000 
36.000000000000000 122.568995418650701 241.000000000000000 
37.000000000000000 147.623593754549006 354.000000000000000 
38.000000000000000 108.893107655913099 1548.000000000000000 
39.000000000000000 125.613578595794067 609.000000000000000 
40.000000000000000 129.356133718411769 476.000000000000000 
41.000000000000000 123.124471381047599 370.000000000000000 
42.000000000000000 138.148679934912820 216.000000000000000 
43.000000000000000 145.215109011052647 370.000000000000000 
44.000000000000000 78.845889182700176 1101.000000000000000 
45.000000000000000 110.134708370700764 369.000000000000000 
46.000000000000000 94.576552701422685 422.000000000000000 
47.000000000000000 116.265886707038007 227.000000000000000 
48.000000000000000 115.322413095348352 433.000000000000000 
49.000000000000000 106.472949149714111 775.000000000000000 
50.000000000000000 148.097145841293980 1650.000000000000000 
51.000000000000000 90.616857066206734 186.000000000000000 
52.000000000000000  0.000000000000000  0.000000000000000 
53.000000000000000  0.000000000000000  0.000000000000000 
54.000000000000000  0.000000000000000  0.000000000000000 
55.000000000000000  0.000000000000000  0.000000000000000 
56.000000000000000  0.000000000000000  0.000000000000000 
57.000000000000000  0.000000000000000  0.000000000000000 
58.000000000000000  0.000000000000000  0.000000000000000 
59.000000000000000  0.000000000000000  0.000000000000000 
60.000000000000000  0.000000000000000  0.000000000000000 
61.000000000000000  0.000000000000000  0.000000000000000 
62.000000000000000  0.000000000000000  0.000000000000000 
63.000000000000000  0.000000000000000  0.000000000000000 
64.000000000000000  0.000000000000000  0.000000000000000 
65.000000000000000  0.000000000000000  0.000000000000000 
66.000000000000000  0.000000000000000  0.000000000000000 
67.000000000000000  0.000000000000000  0.000000000000000 
68.000000000000000  0.000000000000000  0.000000000000000 
69.000000000000000  0.000000000000000  0.000000000000000 
70.000000000000000  0.000000000000000  0.000000000000000 
71.000000000000000  0.000000000000000  0.000000000000000 
72.000000000000000  0.000000000000000  0.000000000000000 
73.000000000000000  0.000000000000000  0.000000000000000 
74.000000000000000  0.000000000000000  0.000000000000000 
75.000000000000000  0.000000000000000  0.000000000000000 
76.000000000000000  0.000000000000000  0.000000000000000 
77.000000000000000  0.000000000000000  0.000000000000000 
78.000000000000000  0.000000000000000  0.000000000000000 
79.000000000000000  0.000000000000000  0.000000000000000 
80.000000000000000  0.000000000000000  0.000000000000000 
81.000000000000000  0.000000000000000  0.000000000000000 
82.000000000000000  0.000000000000000  0.000000000000000 
83.000000000000000  0.000000000000000  0.000000000000000 
84.000000000000000  0.000000000000000  0.000000000000000 
85.000000000000000  0.000000000000000  0.000000000000000 
86.000000000000000  0.000000000000000  0.000000000000000 
87.000000000000000  0.000000000000000  0.000000000000000 
88.000000000000000  0.000000000000000  0.000000000000000 
89.000000000000000  0.000000000000000  0.000000000000000 
90.000000000000000  0.000000000000000  0.000000000000000 
91.000000000000000  0.000000000000000  0.000000000000000 
92.000000000000000  0.000000000000000  0.000000000000000 
93.000000000000000  0.000000000000000  0.000000000000000 
94.000000000000000  0.000000000000000  0.000000000000000 
95.000000000000000  0.000000000000000  0.000000000000000 
96.000000000000000  0.000000000000000  0.000000000000000 
97.000000000000000  0.000000000000000  0.000000000000000 
98.000000000000000  0.000000000000000  0.000000000000000 
99.000000000000000  0.000000000000000  0.000000000000000 
100.000000000000000  0.000000000000000  0.000000000000000 
101.000000000000000  0.000000000000000  0.000000000000000 
102.000000000000000  0.000000000000000  0.000000000000000 
103.000000000000000  0.000000000000000  0.000000000000000 
104.000000000000000  0.000000000000000  0.000000000000000 
105.000000000000000  0.000000000000000  0.000000000000000 
106.000000000000000  0.000000000000000  0.000000000000000 
107.000000000000000  0.000000000000000  0.000000000000000 
108.000000000000000  0.000000000000000  0.000000000000000 
109.000000000000000  0.000000000000000  0.000000000000000 
110.000000000000000  0.000000000000000  0.000000000000000 
111.000000000000000  0.000000000000000  0.000000000000000 
112.000000000000000  0.000000000000000  0.000000000000000 
113.000000000000000  0.000000000000000  0.000000000000000 
114.000000000000000  0.000000000000000  0.000000000000000 
115.000000000000000  0.000000000000000  0.000000000000000 
116.000000000000000  0.000000000000000  0.000000000000000 
117.000000000000000  0.000000000000000  0.000000000000000 
118.000000000000000  0.000000000000000  0.000000000000000 
119.000000000000000  0.000000000000000  0.000000000000000 
120.000000000000000  0.000000000000000  0.000000000000000 
121.000000000000000  0.000000000000000  0.000000000000000 
122.000000000000000  0.000000000000000  0.000000000000000 
123.000000000000000  0.000000000000000  0.000000000000000 
124.000000000000000  0.000000000000000  0.000000000000000 
125.000000000000000  0.000000000000000  0.000000000000000 
126.000000000000000  0.000000000000000  0.000000000000000 
127.000000000000000  0.000000000000000  0.000000000000000 
