 0.000000000000000 43.078249061281340 586.000000000000000 
 1.000000000000000 37.903290447016879 341.000000000000000 
 2.000000000000000 37.838721605646725 337.000000000000000 
 3.000000000000000 38.142599151300608 169.000000000000000 
 4.000000000000000 36.151781687299099 682.000000000000000 
 5.000000000000000 37.987628301955041 146.000000000000000 
 6.000000000000000 43.902484910034779 439.000000000000000 
 7.000000000000000 34.793271912102334 266.000000000000000 
 8.000000000000000 47.338587458170679 259.000000000000000 
 9.000000000000000 39.250680486574645 106.000000000000000 
10.000000000000000 38.953514008501024 325.000000000000000 
11.000000000000000 27.568260481764579 48.000000000000000 
12.000000000000000 31.364385491105200 77.000000000000000 
13.000000000000000 36.386001251247635 84.000000000000000 
14.000000000000000 43.981502646388904 72.000000000000000 
15.000000000000000 36.640073887396163 104.000000000000000 
16.000000000000000 36.945643287987700 171.000000000000000 
17.000000000000000 37.301303057502132 188.000000000000000 
18.000000000000000 40.142447338770516 360.000000000000000 
19.000000000000000 36.952754159180977 63.000000000000000 
20.000000000000000 41.157602556944084 204.000000000000000 
21.000000000000000 35.376735829477823 164.000000000000000 
22.000000000000000 39.070937397780760 78.000000000000000 
23.000000000000000 42.997965814318547 691.000000000000000 
24.000000000000000 38.402945880594466 109.000000000000000 
25.000000000000000 40.316209462827032 98.000000000000000 
26.000000000000000 40.891408886562736 582.000000000000000 
27.000000000000000 32.390282647980371 163.000000000000000 
28.000000000000000 44.928819204809464 242.000000000000000 
29.000000000000000 30.547724707938208 108.000000000000000 
30.000000000000000 32.832866911078945 113.000000000000000 
31.000000000000000 31.745492057555236 85.000000000000000 
32.000000000000000 28.549619214933450 57.000000000000000 
33.000000000000000 26.163764840250000 40.000000000000000 
34.000000000000000 40.812347413388430 121.000000000000000 
35.000000000000000 33.110789667612245 111.000000000000000 
36.000000000000000 30.548416047538421 90.000000000000000 
37.000000000000000 32.831142335987323 71.000000000000000 
38.000000000000000 29.174149382218225 720.000000000000000 
39.000000000000000 36.607839880918640 421.000000000000000 
40.000000000000000 31.650459752618175 121.000000000000000 
41.000000000000000 47.390900093005726 222.000000000000000 
42.000000000000000 40.005533805301212 83.000000000000000 
43.000000000000000 46.292410944557297 173.000000000000000 
44.000000000000000 27.560299689074125 612.000000000000000 
45.000000000000000 33.359870162898758 215.000000000000000 
46.000000000000000 31.715512478939338 155.000000000000000 
47.000000000000000 46.609543334824323 169.000000000000000 
48.000000000000000 36.492482769268989 115.000000000000000 
49.000000000000000 39.312919952815008 384.000000000000000 
50.000000000000000 49.576230746406466 698.000000000000000 
51.000000000000000 42.856312223823764 143.000000000000000 
52.000000000000000 41.227183362621425 112.000000000000000 
53.000000000000000 30.643753877509340 110.000000000000000 
54.000000000000000 33.425233806415243 812.000000000000000 
55.000000000000000 26.914756513198686 549.000000000000000 
56.000000000000000 44.918667789869879 111.000000000000000 
57.000000000000000 43.291346429166303 249.000000000000000 
58.000000000000000 31.845880591176659 155.000000000000000 
59.000000000000000 45.402569072590936 88.000000000000000 
60.000000000000000 30.705425637875003 148.000000000000000 
61.000000000000000 37.541034304469768 82.000000000000000 
62.000000000000000 31.155695162058816 68.000000000000000 
63.000000000000000 37.466348012757351 68.000000000000000 
64.000000000000000 42.720074906108174 447.000000000000000 
65.000000000000000 31.051302353039357 132.000000000000000 
66.000000000000000 34.527549401922229 54.000000000000000 
67.000000000000000 37.462838492647670 86.000000000000000 
68.000000000000000 33.069520002381410 172.000000000000000 
69.000000000000000 44.384927282339603 166.000000000000000 
70.000000000000000 45.823141117712559 278.000000000000000 
71.000000000000000 44.916783532556259 249.000000000000000 
72.000000000000000 33.443755779100293 481.000000000000000 
73.000000000000000 37.775858504191412 248.000000000000000 
74.000000000000000 35.356919906303837 87.000000000000000 
75.000000000000000 37.795495454123703 97.000000000000000 
76.000000000000000 27.233766013600004 38.000000000000000 
77.000000000000000 37.074361529438612 252.000000000000000 
78.000000000000000 34.907821426734813 207.000000000000000 
79.000000000000000 38.043810169959642 193.000000000000000 
80.000000000000000 40.717627736654300 294.000000000000000 
81.000000000000000 26.622430774418547 97.000000000000000 
82.000000000000000 35.987738970492678 296.000000000000000 
83.000000000000000 43.316422654835627 96.000000000000000 
84.000000000000000 39.923617377151317 76.000000000000000 
85.000000000000000 35.722878145550474 111.000000000000000 
86.000000000000000 33.070785948024707 67.000000000000000 
87.000000000000000 32.942893996142189 79.000000000000000 
88.000000000000000 33.720053527481866 182.000000000000000 
89.000000000000000 30.900444710362112 93.000000000000000 
90.000000000000000 44.111791571620692 789.000000000000000 
91.000000000000000 38.839852813454662 606.000000000000000 
92.000000000000000 32.822366558465632 148.000000000000000 
93.000000000000000 36.117353251442630 218.000000000000000 
94.000000000000000 36.015896033791357 241.000000000000000 
95.000000000000000 38.490789153408592 303.000000000000000 
96.000000000000000 42.781731123008214 461.000000000000000 
97.000000000000000 26.261150396705414 36.000000000000000 
98.000000000000000 32.733788288891972 162.000000000000000 
99.000000000000000 35.107891462700763 264.000000000000000 
100.000000000000000 32.964051563995838 96.000000000000000 
101.000000000000000 34.458179359025877 198.000000000000000 
102.000000000000000 33.641868496378798 217.000000000000000 
103.000000000000000 32.243045132942342 111.000000000000000 
104.000000000000000 36.767244319218321 137.000000000000000 
105.000000000000000 38.084542333056262 419.000000000000000 
106.000000000000000 27.323090381849116 112.000000000000000 
107.000000000000000 34.842556655608391 143.000000000000000 
108.000000000000000 26.713897528972904 48.000000000000000 
109.000000000000000 33.254806153526857 157.000000000000000 
110.000000000000000 43.292078415351860 795.000000000000000 
111.000000000000000 38.544805616419119 388.000000000000000 
112.000000000000000 28.434587251424883 104.000000000000000 
113.000000000000000 36.357186676502543 136.000000000000000 
114.000000000000000 29.881609580022214 63.000000000000000 
115.000000000000000 31.247447727314821 108.000000000000000 
116.000000000000000 23.664145035391673 62.000000000000000 
117.000000000000000 25.195740233666179 168.000000000000000 
118.000000000000000  0.000000000000000  0.000000000000000 
119.000000000000000  0.000000000000000  0.000000000000000 
120.000000000000000  0.000000000000000  0.000000000000000 
121.000000000000000  0.000000000000000  0.000000000000000 
122.000000000000000  0.000000000000000  0.000000000000000 
123.000000000000000  0.000000000000000  0.000000000000000 
124.000000000000000  0.000000000000000  0.000000000000000 
125.000000000000000  0.000000000000000  0.000000000000000 
126.000000000000000  0.000000000000000  0.000000000000000 
127.000000000000000  0.000000000000000  0.000000000000000 
