 0.000000000000000 38.862927915743747 576.000000000000000 
 1.000000000000000 35.946777373674237 335.000000000000000 
 2.000000000000000 40.765760988032632 335.000000000000000 
 3.000000000000000 42.816450255144098 186.000000000000000 
 4.000000000000000 37.621620286734704 696.000000000000000 
 5.000000000000000 43.839042705512604 160.000000000000000 
 6.000000000000000 40.012356311045096 433.000000000000000 
 7.000000000000000 40.951763659181381 290.000000000000000 
 8.000000000000000 48.201940554337810 260.000000000000000 
 9.000000000000000 39.373453310801317 109.000000000000000 
10.000000000000000 41.663866306077239 351.000000000000000 
11.000000000000000 26.841539823025528 47.000000000000000 
12.000000000000000 28.563683301244641 70.000000000000000 
13.000000000000000 33.783714074653581 85.000000000000000 
14.000000000000000 43.135791920000024 71.000000000000000 
15.000000000000000 34.462914024472909 107.000000000000000 
16.000000000000000 35.331062471964962 171.000000000000000 
17.000000000000000 38.080645980397918 190.000000000000000 
18.000000000000000 48.770964997728512 404.000000000000000 
19.000000000000000 36.640547988622245 63.000000000000000 
20.000000000000000 42.263063470802756 207.000000000000000 
21.000000000000000 37.052223183895080 170.000000000000000 
22.000000000000000 50.500821693167261 110.000000000000000 
23.000000000000000 40.371973976671939 681.000000000000000 
24.000000000000000 47.577835178406886 116.000000000000000 
25.000000000000000 39.427856524707899 97.000000000000000 
26.000000000000000 42.610792266323799 545.000000000000000 
27.000000000000000 32.856100645284457 161.000000000000000 
28.000000000000000 43.832591256614947 238.000000000000000 
29.000000000000000 44.573274032508770 153.000000000000000 
30.000000000000000 47.786332192012779 149.000000000000000 
31.000000000000000 38.984008379900168 95.000000000000000 
32.000000000000000 42.163564190862708 75.000000000000000 
33.000000000000000 29.446724553777766 45.000000000000000 
34.000000000000000 46.823404544962422 133.000000000000000 
35.000000000000000 33.613745965189970 110.000000000000000 
36.000000000000000 34.765221844385472 105.000000000000000 
37.000000000000000 34.119217482282423 75.000000000000000 
38.000000000000000 31.776948270012042 766.000000000000000 
39.000000000000000 42.951059632260701 346.000000000000000 
40.000000000000000 34.437668680707553 119.000000000000000 
41.000000000000000 45.108070534818964 211.000000000000000 
42.000000000000000 40.539739313571424 84.000000000000000 
43.000000000000000 51.286349692320080 189.000000000000000 
44.000000000000000 36.503371902098245 704.000000000000000 
45.000000000000000 34.822366227781956 225.000000000000000 
46.000000000000000 34.335805443080709 167.000000000000000 
47.000000000000000 45.450360469945508 167.000000000000000 
48.000000000000000 37.381542691406871 118.000000000000000 
49.000000000000000 43.646695049778280 412.000000000000000 
50.000000000000000 49.766176654924863 701.000000000000000 
51.000000000000000 44.968932161364556 134.000000000000000 
52.000000000000000 43.075004633338452 117.000000000000000 
53.000000000000000 29.499641331128309 106.000000000000000 
54.000000000000000 32.734353526434504 784.000000000000000 
55.000000000000000 29.262684136367998 575.000000000000000 
56.000000000000000 44.733115095768234 113.000000000000000 
57.000000000000000 43.813840783300421 249.000000000000000 
58.000000000000000 33.328329659086371 162.000000000000000 
59.000000000000000 47.434209182428567 91.000000000000000 
60.000000000000000 28.585997741753186 141.000000000000000 
61.000000000000000 39.070717819547497 86.000000000000000 
62.000000000000000 33.334701645352112 71.000000000000000 
63.000000000000000 50.455623759632104 81.000000000000000 
64.000000000000000 41.356271787603120 436.000000000000000 
65.000000000000000 33.674126222062554 131.000000000000000 
66.000000000000000 40.309825237983333 60.000000000000000 
67.000000000000000 36.935961462308214 85.000000000000000 
68.000000000000000 36.264812215611677 186.000000000000000 
69.000000000000000 43.856575447996086 165.000000000000000 
70.000000000000000 47.273031499884127 282.000000000000000 
71.000000000000000 48.924142244352446 258.000000000000000 
72.000000000000000 33.780969098388475 473.000000000000000 
73.000000000000000 39.057588834967483 262.000000000000000 
74.000000000000000 38.427943061923685 90.000000000000000 
75.000000000000000 44.762363776261545 104.000000000000000 
76.000000000000000 27.233766013600011 38.000000000000000 
77.000000000000000 36.083084262435506 348.000000000000000 
78.000000000000000 35.842651970929253 208.000000000000000 
79.000000000000000 38.631158348286988 195.000000000000000 
80.000000000000000 41.501841204610784 294.000000000000000 
81.000000000000000 33.564293119508399 107.000000000000000 
82.000000000000000 33.421887845621548 283.000000000000000 
83.000000000000000 48.482839468316079 104.000000000000000 
84.000000000000000 40.680577334414501 76.000000000000000 
85.000000000000000 36.745624930992328 115.000000000000000 
86.000000000000000 32.448576202087580 66.000000000000000 
87.000000000000000 32.250759214220096 79.000000000000000 
88.000000000000000 39.252541627794130 207.000000000000000 
89.000000000000000 35.012432491066214 98.000000000000000 
90.000000000000000 42.119887921199904 760.000000000000000 
91.000000000000000 39.936677474286938 621.000000000000000 
92.000000000000000 32.791043464739168 148.000000000000000 
93.000000000000000 37.636589883591803 230.000000000000000 
94.000000000000000 42.237561748792402 211.000000000000000 
95.000000000000000 33.660746443755116 273.000000000000000 
96.000000000000000 40.703695005488804 443.000000000000000 
97.000000000000000 26.491483847566528 36.000000000000000 
98.000000000000000 35.293242987846483 172.000000000000000 
99.000000000000000 35.251570087919220 264.000000000000000 
100.000000000000000 32.859801777620852 96.000000000000000 
101.000000000000000 33.050795791046426 190.000000000000000 
102.000000000000000 36.029811545177758 225.000000000000000 
103.000000000000000 33.522566186157988 97.000000000000000 
104.000000000000000 36.635185014598541 137.000000000000000 
105.000000000000000 32.236711612786330 350.000000000000000 
106.000000000000000 29.887828621190682 118.000000000000000 
107.000000000000000 33.901099959482266 141.000000000000000 
108.000000000000000 26.353532198358696 46.000000000000000 
109.000000000000000 33.590115723488907 157.000000000000000 
110.000000000000000 43.358505736749521 800.000000000000000 
111.000000000000000 39.879653983660504 401.000000000000000 
112.000000000000000 27.942750232897957 104.000000000000000 
113.000000000000000 30.659753412844811 108.000000000000000 
114.000000000000000  0.000000000000000  0.000000000000000 
115.000000000000000  0.000000000000000  0.000000000000000 
116.000000000000000  0.000000000000000  0.000000000000000 
117.000000000000000  0.000000000000000  0.000000000000000 
118.000000000000000  0.000000000000000  0.000000000000000 
119.000000000000000  0.000000000000000  0.000000000000000 
120.000000000000000  0.000000000000000  0.000000000000000 
121.000000000000000  0.000000000000000  0.000000000000000 
122.000000000000000  0.000000000000000  0.000000000000000 
123.000000000000000  0.000000000000000  0.000000000000000 
124.000000000000000  0.000000000000000  0.000000000000000 
125.000000000000000  0.000000000000000  0.000000000000000 
126.000000000000000  0.000000000000000  0.000000000000000 
127.000000000000000  0.000000000000000  0.000000000000000 
