 0.000000000000000 101.746681563632279 961.000000000000000 
 1.000000000000000 80.152987753474434 717.000000000000000 
 2.000000000000000 120.137566334987994 652.000000000000000 
 3.000000000000000 128.463077718181239 219.000000000000000 
 4.000000000000000 89.845589091785484 709.000000000000000 
 5.000000000000000 127.613896952296855 317.000000000000000 
 6.000000000000000 106.158158276071319 553.000000000000000 
 7.000000000000000 96.957621640291364 872.000000000000000 
 8.000000000000000 116.221530185659674 371.000000000000000 
 9.000000000000000 116.310752237371361 248.000000000000000 
10.000000000000000 117.084990863923750 707.000000000000000 
11.000000000000000 132.297192836518178 173.000000000000000 
12.000000000000000 112.496323249107803 166.000000000000000 
13.000000000000000 130.267332220451664 271.000000000000000 
14.000000000000000 134.094765524471882 188.000000000000000 
15.000000000000000 88.396616646988122 159.000000000000000 
16.000000000000000 113.205950530075967 422.000000000000000 
17.000000000000000 111.933520984932130 396.000000000000000 
18.000000000000000 107.272226454770049 488.000000000000000 
19.000000000000000 110.842384173476304 180.000000000000000 
20.000000000000000 125.093442474035953 510.000000000000000 
21.000000000000000 135.450845628830962 521.000000000000000 
22.000000000000000 110.991734317758358 173.000000000000000 
23.000000000000000 77.933518683049684 1104.000000000000000 
24.000000000000000 103.512403592797199 215.000000000000000 
25.000000000000000 114.238295197515953 210.000000000000000 
26.000000000000000 109.334597916494957 947.000000000000000 
27.000000000000000 105.552663912365432 348.000000000000000 
28.000000000000000 116.744250882027430 464.000000000000000 
29.000000000000000 113.847845963848101 236.000000000000000 
30.000000000000000 124.049224762373740 368.000000000000000 
31.000000000000000 119.523360768633410 269.000000000000000 
32.000000000000000 121.541319410871381 183.000000000000000 
33.000000000000000 112.809144003862329 116.000000000000000 
34.000000000000000 115.125831790077299 181.000000000000000 
35.000000000000000 115.927983127458063 343.000000000000000 
36.000000000000000 111.959576195562121 228.000000000000000 
37.000000000000000 130.600533822235889 326.000000000000000 
38.000000000000000 81.957469055872608 1325.000000000000000 
39.000000000000000 107.908037550709949 631.000000000000000 
40.000000000000000 126.800772506048688 448.000000000000000 
41.000000000000000 103.853061868357585 321.000000000000000 
42.000000000000000 95.728219588843572 147.000000000000000 
43.000000000000000 93.012983653225206 295.000000000000000 
44.000000000000000 76.035850563510365 1139.000000000000000 
45.000000000000000 110.351095576900931 372.000000000000000 
46.000000000000000 89.215906093310664 418.000000000000000 
47.000000000000000 105.653140865308046 210.000000000000000 
48.000000000000000 106.132042040534301 404.000000000000000 
49.000000000000000 115.518547317567865 739.000000000000000 
50.000000000000000 89.752789927500373 1109.000000000000000 
51.000000000000000 91.081664903048136 177.000000000000000 
52.000000000000000 78.908833653844667 170.000000000000000 
53.000000000000000 97.787812324000015 225.000000000000000 
54.000000000000000 82.430476976895989 1219.000000000000000 
55.000000000000000 67.925906921162536 923.000000000000000 
56.000000000000000 95.973186641106878 218.000000000000000 
57.000000000000000  0.000000000000000  0.000000000000000 
58.000000000000000  0.000000000000000  0.000000000000000 
59.000000000000000  0.000000000000000  0.000000000000000 
60.000000000000000  0.000000000000000  0.000000000000000 
61.000000000000000  0.000000000000000  0.000000000000000 
62.000000000000000  0.000000000000000  0.000000000000000 
63.000000000000000  0.000000000000000  0.000000000000000 
64.000000000000000  0.000000000000000  0.000000000000000 
65.000000000000000  0.000000000000000  0.000000000000000 
66.000000000000000  0.000000000000000  0.000000000000000 
67.000000000000000  0.000000000000000  0.000000000000000 
68.000000000000000  0.000000000000000  0.000000000000000 
69.000000000000000  0.000000000000000  0.000000000000000 
70.000000000000000  0.000000000000000  0.000000000000000 
71.000000000000000  0.000000000000000  0.000000000000000 
72.000000000000000  0.000000000000000  0.000000000000000 
73.000000000000000  0.000000000000000  0.000000000000000 
74.000000000000000  0.000000000000000  0.000000000000000 
75.000000000000000  0.000000000000000  0.000000000000000 
76.000000000000000  0.000000000000000  0.000000000000000 
77.000000000000000  0.000000000000000  0.000000000000000 
78.000000000000000  0.000000000000000  0.000000000000000 
79.000000000000000  0.000000000000000  0.000000000000000 
80.000000000000000  0.000000000000000  0.000000000000000 
81.000000000000000  0.000000000000000  0.000000000000000 
82.000000000000000  0.000000000000000  0.000000000000000 
83.000000000000000  0.000000000000000  0.000000000000000 
84.000000000000000  0.000000000000000  0.000000000000000 
85.000000000000000  0.000000000000000  0.000000000000000 
86.000000000000000  0.000000000000000  0.000000000000000 
87.000000000000000  0.000000000000000  0.000000000000000 
88.000000000000000  0.000000000000000  0.000000000000000 
89.000000000000000  0.000000000000000  0.000000000000000 
90.000000000000000  0.000000000000000  0.000000000000000 
91.000000000000000  0.000000000000000  0.000000000000000 
92.000000000000000  0.000000000000000  0.000000000000000 
93.000000000000000  0.000000000000000  0.000000000000000 
94.000000000000000  0.000000000000000  0.000000000000000 
95.000000000000000  0.000000000000000  0.000000000000000 
96.000000000000000  0.000000000000000  0.000000000000000 
97.000000000000000  0.000000000000000  0.000000000000000 
98.000000000000000  0.000000000000000  0.000000000000000 
99.000000000000000  0.000000000000000  0.000000000000000 
100.000000000000000  0.000000000000000  0.000000000000000 
101.000000000000000  0.000000000000000  0.000000000000000 
102.000000000000000  0.000000000000000  0.000000000000000 
103.000000000000000  0.000000000000000  0.000000000000000 
104.000000000000000  0.000000000000000  0.000000000000000 
105.000000000000000  0.000000000000000  0.000000000000000 
106.000000000000000  0.000000000000000  0.000000000000000 
107.000000000000000  0.000000000000000  0.000000000000000 
108.000000000000000  0.000000000000000  0.000000000000000 
109.000000000000000  0.000000000000000  0.000000000000000 
110.000000000000000  0.000000000000000  0.000000000000000 
111.000000000000000  0.000000000000000  0.000000000000000 
112.000000000000000  0.000000000000000  0.000000000000000 
113.000000000000000  0.000000000000000  0.000000000000000 
114.000000000000000  0.000000000000000  0.000000000000000 
115.000000000000000  0.000000000000000  0.000000000000000 
116.000000000000000  0.000000000000000  0.000000000000000 
117.000000000000000  0.000000000000000  0.000000000000000 
118.000000000000000  0.000000000000000  0.000000000000000 
119.000000000000000  0.000000000000000  0.000000000000000 
120.000000000000000  0.000000000000000  0.000000000000000 
121.000000000000000  0.000000000000000  0.000000000000000 
122.000000000000000  0.000000000000000  0.000000000000000 
123.000000000000000  0.000000000000000  0.000000000000000 
124.000000000000000  0.000000000000000  0.000000000000000 
125.000000000000000  0.000000000000000  0.000000000000000 
126.000000000000000  0.000000000000000  0.000000000000000 
127.000000000000000  0.000000000000000  0.000000000000000 
