 0.000000000000000 120.880365467695285 1185.000000000000000 
 1.000000000000000 132.413865213730134 1449.000000000000000 
 2.000000000000000 165.032918707538613 904.000000000000000 
 3.000000000000000 163.043908189620481 276.000000000000000 
 4.000000000000000 133.333598094502889 844.000000000000000 
 5.000000000000000 155.798351096707052 350.000000000000000 
 6.000000000000000 156.879976918341981 761.000000000000000 
 7.000000000000000 90.254540916322384 1013.000000000000000 
 8.000000000000000 147.836110801413781 519.000000000000000 
 9.000000000000000 174.350951374447021 437.000000000000000 
10.000000000000000 167.834572838942051 976.000000000000000 
11.000000000000000 146.306607992043041 195.000000000000000 
12.000000000000000 164.793845188768671 229.000000000000000 
13.000000000000000 148.393922538798819 300.000000000000000 
14.000000000000000 147.542831254218385 196.000000000000000 
15.000000000000000 141.672305979853292 262.000000000000000 
16.000000000000000 173.805074622059919 753.000000000000000 
17.000000000000000 140.679789595269398 322.000000000000000 
18.000000000000000 150.798737613463658 563.000000000000000 
19.000000000000000 151.781906523946731 212.000000000000000 
20.000000000000000 173.320269749033912 636.000000000000000 
21.000000000000000 171.626132948342644 659.000000000000000 
22.000000000000000 155.488993044798264 223.000000000000000 
23.000000000000000 116.227629778038320 1478.000000000000000 
24.000000000000000 141.429060787697551 244.000000000000000 
25.000000000000000 166.560311651147060 249.000000000000000 
26.000000000000000 143.437421165328800 1262.000000000000000 
27.000000000000000 165.806654270612484 410.000000000000000 
28.000000000000000 146.273381284205698 560.000000000000000 
29.000000000000000 166.272350979006745 415.000000000000000 
30.000000000000000 160.671611036564627 392.000000000000000 
31.000000000000000 155.519349453305352 337.000000000000000 
32.000000000000000 138.007833817670530 197.000000000000000 
33.000000000000000 146.626359445115781 149.000000000000000 
34.000000000000000 140.926277833169678 202.000000000000000 
35.000000000000000 138.090500679528532 460.000000000000000 
36.000000000000000 140.410368811408688 274.000000000000000 
37.000000000000000 159.194112740019278 380.000000000000000 
38.000000000000000 118.064017734550688 1561.000000000000000 
39.000000000000000 140.063130939391868 598.000000000000000 
40.000000000000000 127.348339326149969 490.000000000000000 
41.000000000000000 136.075750541836271 419.000000000000000 
42.000000000000000 150.040838305846535 245.000000000000000 
43.000000000000000 165.244422696117425 389.000000000000000 
44.000000000000000 163.821038484224289 1790.000000000000000 
45.000000000000000 75.712423087225389 236.000000000000000 
46.000000000000000  0.000000000000000  0.000000000000000 
47.000000000000000  0.000000000000000  0.000000000000000 
48.000000000000000  0.000000000000000  0.000000000000000 
49.000000000000000  0.000000000000000  0.000000000000000 
50.000000000000000  0.000000000000000  0.000000000000000 
51.000000000000000  0.000000000000000  0.000000000000000 
52.000000000000000  0.000000000000000  0.000000000000000 
53.000000000000000  0.000000000000000  0.000000000000000 
54.000000000000000  0.000000000000000  0.000000000000000 
55.000000000000000  0.000000000000000  0.000000000000000 
56.000000000000000  0.000000000000000  0.000000000000000 
57.000000000000000  0.000000000000000  0.000000000000000 
58.000000000000000  0.000000000000000  0.000000000000000 
59.000000000000000  0.000000000000000  0.000000000000000 
60.000000000000000  0.000000000000000  0.000000000000000 
61.000000000000000  0.000000000000000  0.000000000000000 
62.000000000000000  0.000000000000000  0.000000000000000 
63.000000000000000  0.000000000000000  0.000000000000000 
64.000000000000000  0.000000000000000  0.000000000000000 
65.000000000000000  0.000000000000000  0.000000000000000 
66.000000000000000  0.000000000000000  0.000000000000000 
67.000000000000000  0.000000000000000  0.000000000000000 
68.000000000000000  0.000000000000000  0.000000000000000 
69.000000000000000  0.000000000000000  0.000000000000000 
70.000000000000000  0.000000000000000  0.000000000000000 
71.000000000000000  0.000000000000000  0.000000000000000 
72.000000000000000  0.000000000000000  0.000000000000000 
73.000000000000000  0.000000000000000  0.000000000000000 
74.000000000000000  0.000000000000000  0.000000000000000 
75.000000000000000  0.000000000000000  0.000000000000000 
76.000000000000000  0.000000000000000  0.000000000000000 
77.000000000000000  0.000000000000000  0.000000000000000 
78.000000000000000  0.000000000000000  0.000000000000000 
79.000000000000000  0.000000000000000  0.000000000000000 
80.000000000000000  0.000000000000000  0.000000000000000 
81.000000000000000  0.000000000000000  0.000000000000000 
82.000000000000000  0.000000000000000  0.000000000000000 
83.000000000000000  0.000000000000000  0.000000000000000 
84.000000000000000  0.000000000000000  0.000000000000000 
85.000000000000000  0.000000000000000  0.000000000000000 
86.000000000000000  0.000000000000000  0.000000000000000 
87.000000000000000  0.000000000000000  0.000000000000000 
88.000000000000000  0.000000000000000  0.000000000000000 
89.000000000000000  0.000000000000000  0.000000000000000 
90.000000000000000  0.000000000000000  0.000000000000000 
91.000000000000000  0.000000000000000  0.000000000000000 
92.000000000000000  0.000000000000000  0.000000000000000 
93.000000000000000  0.000000000000000  0.000000000000000 
94.000000000000000  0.000000000000000  0.000000000000000 
95.000000000000000  0.000000000000000  0.000000000000000 
96.000000000000000  0.000000000000000  0.000000000000000 
97.000000000000000  0.000000000000000  0.000000000000000 
98.000000000000000  0.000000000000000  0.000000000000000 
99.000000000000000  0.000000000000000  0.000000000000000 
100.000000000000000  0.000000000000000  0.000000000000000 
101.000000000000000  0.000000000000000  0.000000000000000 
102.000000000000000  0.000000000000000  0.000000000000000 
103.000000000000000  0.000000000000000  0.000000000000000 
104.000000000000000  0.000000000000000  0.000000000000000 
105.000000000000000  0.000000000000000  0.000000000000000 
106.000000000000000  0.000000000000000  0.000000000000000 
107.000000000000000  0.000000000000000  0.000000000000000 
108.000000000000000  0.000000000000000  0.000000000000000 
109.000000000000000  0.000000000000000  0.000000000000000 
110.000000000000000  0.000000000000000  0.000000000000000 
111.000000000000000  0.000000000000000  0.000000000000000 
112.000000000000000  0.000000000000000  0.000000000000000 
113.000000000000000  0.000000000000000  0.000000000000000 
114.000000000000000  0.000000000000000  0.000000000000000 
115.000000000000000  0.000000000000000  0.000000000000000 
116.000000000000000  0.000000000000000  0.000000000000000 
117.000000000000000  0.000000000000000  0.000000000000000 
118.000000000000000  0.000000000000000  0.000000000000000 
119.000000000000000  0.000000000000000  0.000000000000000 
120.000000000000000  0.000000000000000  0.000000000000000 
121.000000000000000  0.000000000000000  0.000000000000000 
122.000000000000000  0.000000000000000  0.000000000000000 
123.000000000000000  0.000000000000000  0.000000000000000 
124.000000000000000  0.000000000000000  0.000000000000000 
125.000000000000000  0.000000000000000  0.000000000000000 
126.000000000000000  0.000000000000000  0.000000000000000 
127.000000000000000  0.000000000000000  0.000000000000000 
