 0.000000000000000 121.702731710872129 1267.000000000000000 
 1.000000000000000 128.742205728662810 1419.000000000000000 
 2.000000000000000 170.913279879475908 929.000000000000000 
 3.000000000000000 160.032067944695910 271.000000000000000 
 4.000000000000000 133.877327473890176 850.000000000000000 
 5.000000000000000 150.376775118931022 344.000000000000000 
 6.000000000000000 150.230456825728282 757.000000000000000 
 7.000000000000000 100.888188625043142 1045.000000000000000 
 8.000000000000000 149.023588677321698 517.000000000000000 
 9.000000000000000 174.719926361448415 437.000000000000000 
10.000000000000000 168.194319017045871 976.000000000000000 
11.000000000000000 148.986458706648421 198.000000000000000 
12.000000000000000 165.104368470709062 228.000000000000000 
13.000000000000000 148.562182898264155 300.000000000000000 
14.000000000000000 150.617766226088577 201.000000000000000 
15.000000000000000 146.567200869921663 271.000000000000000 
16.000000000000000 171.118185506405126 775.000000000000000 
17.000000000000000 142.203211996355918 327.000000000000000 
18.000000000000000 157.752259604950297 571.000000000000000 
19.000000000000000 151.719410363162780 212.000000000000000 
20.000000000000000 182.782699427406016 649.000000000000000 
21.000000000000000 172.481742542892874 655.000000000000000 
22.000000000000000 153.390403720314197 221.000000000000000 
23.000000000000000 111.232374622795618 1432.000000000000000 
24.000000000000000 148.818687963924674 256.000000000000000 
25.000000000000000 165.596882025962515 249.000000000000000 
26.000000000000000 147.976052314495064 1312.000000000000000 
27.000000000000000 169.059659093787445 420.000000000000000 
28.000000000000000 155.136993200265664 575.000000000000000 
29.000000000000000 182.704159816427222 446.000000000000000 
30.000000000000000 167.415167391151527 395.000000000000000 
31.000000000000000 164.713741770118247 347.000000000000000 
32.000000000000000 138.007833817670473 197.000000000000000 
33.000000000000000 149.719818479637723 151.000000000000000 
34.000000000000000 142.858179515715705 204.000000000000000 
35.000000000000000 189.099182742071946 560.000000000000000 
36.000000000000000 142.536795853211686 279.000000000000000 
37.000000000000000 160.199708969456879 382.000000000000000 
38.000000000000000 117.162501795130424 1562.000000000000000 
39.000000000000000 142.187093016615762 606.000000000000000 
40.000000000000000 136.215468506019249 509.000000000000000 
41.000000000000000 139.841242114625913 428.000000000000000 
42.000000000000000 151.541957990615288 247.000000000000000 
43.000000000000000 161.325547626340494 379.000000000000000 
44.000000000000000 149.202433691330668 1645.000000000000000 
45.000000000000000  0.000000000000000  0.000000000000000 
46.000000000000000  0.000000000000000  0.000000000000000 
47.000000000000000  0.000000000000000  0.000000000000000 
48.000000000000000  0.000000000000000  0.000000000000000 
49.000000000000000  0.000000000000000  0.000000000000000 
50.000000000000000  0.000000000000000  0.000000000000000 
51.000000000000000  0.000000000000000  0.000000000000000 
52.000000000000000  0.000000000000000  0.000000000000000 
53.000000000000000  0.000000000000000  0.000000000000000 
54.000000000000000  0.000000000000000  0.000000000000000 
55.000000000000000  0.000000000000000  0.000000000000000 
56.000000000000000  0.000000000000000  0.000000000000000 
57.000000000000000  0.000000000000000  0.000000000000000 
58.000000000000000  0.000000000000000  0.000000000000000 
59.000000000000000  0.000000000000000  0.000000000000000 
60.000000000000000  0.000000000000000  0.000000000000000 
61.000000000000000  0.000000000000000  0.000000000000000 
62.000000000000000  0.000000000000000  0.000000000000000 
63.000000000000000  0.000000000000000  0.000000000000000 
64.000000000000000  0.000000000000000  0.000000000000000 
65.000000000000000  0.000000000000000  0.000000000000000 
66.000000000000000  0.000000000000000  0.000000000000000 
67.000000000000000  0.000000000000000  0.000000000000000 
68.000000000000000  0.000000000000000  0.000000000000000 
69.000000000000000  0.000000000000000  0.000000000000000 
70.000000000000000  0.000000000000000  0.000000000000000 
71.000000000000000  0.000000000000000  0.000000000000000 
72.000000000000000  0.000000000000000  0.000000000000000 
73.000000000000000  0.000000000000000  0.000000000000000 
74.000000000000000  0.000000000000000  0.000000000000000 
75.000000000000000  0.000000000000000  0.000000000000000 
76.000000000000000  0.000000000000000  0.000000000000000 
77.000000000000000  0.000000000000000  0.000000000000000 
78.000000000000000  0.000000000000000  0.000000000000000 
79.000000000000000  0.000000000000000  0.000000000000000 
80.000000000000000  0.000000000000000  0.000000000000000 
81.000000000000000  0.000000000000000  0.000000000000000 
82.000000000000000  0.000000000000000  0.000000000000000 
83.000000000000000  0.000000000000000  0.000000000000000 
84.000000000000000  0.000000000000000  0.000000000000000 
85.000000000000000  0.000000000000000  0.000000000000000 
86.000000000000000  0.000000000000000  0.000000000000000 
87.000000000000000  0.000000000000000  0.000000000000000 
88.000000000000000  0.000000000000000  0.000000000000000 
89.000000000000000  0.000000000000000  0.000000000000000 
90.000000000000000  0.000000000000000  0.000000000000000 
91.000000000000000  0.000000000000000  0.000000000000000 
92.000000000000000  0.000000000000000  0.000000000000000 
93.000000000000000  0.000000000000000  0.000000000000000 
94.000000000000000  0.000000000000000  0.000000000000000 
95.000000000000000  0.000000000000000  0.000000000000000 
96.000000000000000  0.000000000000000  0.000000000000000 
97.000000000000000  0.000000000000000  0.000000000000000 
98.000000000000000  0.000000000000000  0.000000000000000 
99.000000000000000  0.000000000000000  0.000000000000000 
100.000000000000000  0.000000000000000  0.000000000000000 
101.000000000000000  0.000000000000000  0.000000000000000 
102.000000000000000  0.000000000000000  0.000000000000000 
103.000000000000000  0.000000000000000  0.000000000000000 
104.000000000000000  0.000000000000000  0.000000000000000 
105.000000000000000  0.000000000000000  0.000000000000000 
106.000000000000000  0.000000000000000  0.000000000000000 
107.000000000000000  0.000000000000000  0.000000000000000 
108.000000000000000  0.000000000000000  0.000000000000000 
109.000000000000000  0.000000000000000  0.000000000000000 
110.000000000000000  0.000000000000000  0.000000000000000 
111.000000000000000  0.000000000000000  0.000000000000000 
112.000000000000000  0.000000000000000  0.000000000000000 
113.000000000000000  0.000000000000000  0.000000000000000 
114.000000000000000  0.000000000000000  0.000000000000000 
115.000000000000000  0.000000000000000  0.000000000000000 
116.000000000000000  0.000000000000000  0.000000000000000 
117.000000000000000  0.000000000000000  0.000000000000000 
118.000000000000000  0.000000000000000  0.000000000000000 
119.000000000000000  0.000000000000000  0.000000000000000 
120.000000000000000  0.000000000000000  0.000000000000000 
121.000000000000000  0.000000000000000  0.000000000000000 
122.000000000000000  0.000000000000000  0.000000000000000 
123.000000000000000  0.000000000000000  0.000000000000000 
124.000000000000000  0.000000000000000  0.000000000000000 
125.000000000000000  0.000000000000000  0.000000000000000 
126.000000000000000  0.000000000000000  0.000000000000000 
127.000000000000000  0.000000000000000  0.000000000000000 
