 0.000000000000000 58.615172922531535 771.000000000000000 
 1.000000000000000 60.536156102809066 590.000000000000000 
 2.000000000000000 66.911176813139093 506.000000000000000 
 3.000000000000000 69.966199763131584 220.000000000000000 
 4.000000000000000 61.584817883277360 830.000000000000000 
 5.000000000000000 77.588486191204936 239.000000000000000 
 6.000000000000000 66.192357188702132 472.000000000000000 
 7.000000000000000 58.691389641909950 437.000000000000000 
 8.000000000000000 74.818881074150909 279.000000000000000 
 9.000000000000000 63.163768240901057 152.000000000000000 
10.000000000000000 66.070668379601017 552.000000000000000 
11.000000000000000 60.638076527118265 93.000000000000000 
12.000000000000000 64.023349850252217 103.000000000000000 
13.000000000000000 58.990805790112823 127.000000000000000 
14.000000000000000 58.052589345000015 86.000000000000000 
15.000000000000000 68.369363207063898 180.000000000000000 
16.000000000000000 58.563577731350826 224.000000000000000 
17.000000000000000 55.657280347205649 247.000000000000000 
18.000000000000000 62.481197956357860 431.000000000000000 
19.000000000000000 67.671863119765860 130.000000000000000 
20.000000000000000 62.224018995975491 253.000000000000000 
21.000000000000000 48.574586437145477 210.000000000000000 
22.000000000000000 77.152083678191005 133.000000000000000 
23.000000000000000 69.524374204878839 941.000000000000000 
24.000000000000000 71.791058106568727 157.000000000000000 
25.000000000000000 68.676507302472402 134.000000000000000 
26.000000000000000 74.352077704599722 762.000000000000000 
27.000000000000000 76.069234382084815 283.000000000000000 
28.000000000000000 77.319787777344786 385.000000000000000 
29.000000000000000 75.107429244045719 214.000000000000000 
30.000000000000000 64.169934095060370 200.000000000000000 
31.000000000000000 68.272543081945486 166.000000000000000 
32.000000000000000 57.170936013240834 96.000000000000000 
33.000000000000000 65.839599483507342 82.000000000000000 
34.000000000000000 60.114659948826336 148.000000000000000 
35.000000000000000 59.088824952087904 189.000000000000000 
36.000000000000000 78.379340883850816 228.000000000000000 
37.000000000000000 50.792193196265501 116.000000000000000 
38.000000000000000 60.999270973774870 1147.000000000000000 
39.000000000000000 62.613086941956027 414.000000000000000 
40.000000000000000 66.158968418700184 202.000000000000000 
41.000000000000000 66.603113783793589 204.000000000000000 
42.000000000000000 75.402592428851349 148.000000000000000 
43.000000000000000 76.089088484297747 262.000000000000000 
44.000000000000000 60.187832621841672 948.000000000000000 
45.000000000000000 62.149351082814185 359.000000000000000 
46.000000000000000 58.008276261704594 307.000000000000000 
47.000000000000000 74.230278990299638 236.000000000000000 
48.000000000000000 67.467681271657511 241.000000000000000 
49.000000000000000 70.975628059757611 583.000000000000000 
50.000000000000000 68.994533210417799 923.000000000000000 
51.000000000000000 71.982748086526755 161.000000000000000 
52.000000000000000 58.817778872538753 147.000000000000000 
53.000000000000000 66.437683989305455 165.000000000000000 
54.000000000000000 52.808483235617921 1042.000000000000000 
55.000000000000000 55.795139017372740 782.000000000000000 
56.000000000000000 60.888488362437613 163.000000000000000 
57.000000000000000 66.042164371438545 409.000000000000000 
58.000000000000000 72.827188406441010 277.000000000000000 
59.000000000000000 63.482396197845674 127.000000000000000 
60.000000000000000 67.710843467630170 239.000000000000000 
61.000000000000000 71.016174664785453 144.000000000000000 
62.000000000000000 55.105986308217567 114.000000000000000 
63.000000000000000 75.079685818513397 112.000000000000000 
64.000000000000000 67.612493407812380 492.000000000000000 
65.000000000000000 75.171948967548090 232.000000000000000 
66.000000000000000 54.255061333538656 75.000000000000000 
67.000000000000000 61.110862242267480 163.000000000000000 
68.000000000000000 60.858322472894741 303.000000000000000 
69.000000000000000 66.105729451555035 132.000000000000000 
70.000000000000000 56.663153473281014 259.000000000000000 
71.000000000000000 63.512375930354530 327.000000000000000 
72.000000000000000 62.071642983959059 942.000000000000000 
73.000000000000000 59.955543180461191 364.000000000000000 
74.000000000000000 42.591890775031970 83.000000000000000 
75.000000000000000 51.739449207243254 111.000000000000000 
76.000000000000000 44.921400069420677 58.000000000000000 
77.000000000000000 67.406095065306587 416.000000000000000 
78.000000000000000 60.032353525922964 322.000000000000000 
79.000000000000000 55.737077632295559 262.000000000000000 
80.000000000000000 34.953737718493699 238.000000000000000 
81.000000000000000  0.000000000000000  0.000000000000000 
82.000000000000000  0.000000000000000  0.000000000000000 
83.000000000000000  0.000000000000000  0.000000000000000 
84.000000000000000  0.000000000000000  0.000000000000000 
85.000000000000000  0.000000000000000  0.000000000000000 
86.000000000000000  0.000000000000000  0.000000000000000 
87.000000000000000  0.000000000000000  0.000000000000000 
88.000000000000000  0.000000000000000  0.000000000000000 
89.000000000000000  0.000000000000000  0.000000000000000 
90.000000000000000  0.000000000000000  0.000000000000000 
91.000000000000000  0.000000000000000  0.000000000000000 
92.000000000000000  0.000000000000000  0.000000000000000 
93.000000000000000  0.000000000000000  0.000000000000000 
94.000000000000000  0.000000000000000  0.000000000000000 
95.000000000000000  0.000000000000000  0.000000000000000 
96.000000000000000  0.000000000000000  0.000000000000000 
97.000000000000000  0.000000000000000  0.000000000000000 
98.000000000000000  0.000000000000000  0.000000000000000 
99.000000000000000  0.000000000000000  0.000000000000000 
100.000000000000000  0.000000000000000  0.000000000000000 
101.000000000000000  0.000000000000000  0.000000000000000 
102.000000000000000  0.000000000000000  0.000000000000000 
103.000000000000000  0.000000000000000  0.000000000000000 
104.000000000000000  0.000000000000000  0.000000000000000 
105.000000000000000  0.000000000000000  0.000000000000000 
106.000000000000000  0.000000000000000  0.000000000000000 
107.000000000000000  0.000000000000000  0.000000000000000 
108.000000000000000  0.000000000000000  0.000000000000000 
109.000000000000000  0.000000000000000  0.000000000000000 
110.000000000000000  0.000000000000000  0.000000000000000 
111.000000000000000  0.000000000000000  0.000000000000000 
112.000000000000000  0.000000000000000  0.000000000000000 
113.000000000000000  0.000000000000000  0.000000000000000 
114.000000000000000  0.000000000000000  0.000000000000000 
115.000000000000000  0.000000000000000  0.000000000000000 
116.000000000000000  0.000000000000000  0.000000000000000 
117.000000000000000  0.000000000000000  0.000000000000000 
118.000000000000000  0.000000000000000  0.000000000000000 
119.000000000000000  0.000000000000000  0.000000000000000 
120.000000000000000  0.000000000000000  0.000000000000000 
121.000000000000000  0.000000000000000  0.000000000000000 
122.000000000000000  0.000000000000000  0.000000000000000 
123.000000000000000  0.000000000000000  0.000000000000000 
124.000000000000000  0.000000000000000  0.000000000000000 
125.000000000000000  0.000000000000000  0.000000000000000 
126.000000000000000  0.000000000000000  0.000000000000000 
127.000000000000000  0.000000000000000  0.000000000000000 
