 0.000000000000000 99.832751793566402 952.000000000000000 
 1.000000000000000 81.491184716860744 726.000000000000000 
 2.000000000000000 119.517874318656055 646.000000000000000 
 3.000000000000000 123.071505323243869 208.000000000000000 
 4.000000000000000 91.236846182157507 709.000000000000000 
 5.000000000000000 107.797658531621025 267.000000000000000 
 6.000000000000000 105.231010952873191 553.000000000000000 
 7.000000000000000 95.977397088980723 866.000000000000000 
 8.000000000000000 112.527856954934407 362.000000000000000 
 9.000000000000000 113.369907075177693 243.000000000000000 
10.000000000000000 111.240184096182531 679.000000000000000 
11.000000000000000 130.965386190864649 172.000000000000000 
12.000000000000000 113.952842248430059 165.000000000000000 
13.000000000000000 134.329741798136411 276.000000000000000 
14.000000000000000 134.094765524471853 188.000000000000000 
15.000000000000000 89.598005477128211 160.000000000000000 
16.000000000000000 111.596740147294327 419.000000000000000 
17.000000000000000 109.365421975779199 389.000000000000000 
18.000000000000000 103.378856269003919 478.000000000000000 
19.000000000000000 107.206896946404399 174.000000000000000 
20.000000000000000 103.928446495138530 403.000000000000000 
21.000000000000000 119.914064105489075 467.000000000000000 
22.000000000000000 113.624151636118881 175.000000000000000 
23.000000000000000 78.529684145277429 1109.000000000000000 
24.000000000000000 103.512403592797213 215.000000000000000 
25.000000000000000 110.291189890646592 205.000000000000000 
26.000000000000000 110.000810959803957 946.000000000000000 
27.000000000000000 102.001683994607220 338.000000000000000 
28.000000000000000 109.689988591063354 443.000000000000000 
29.000000000000000 112.118133743718431 237.000000000000000 
30.000000000000000 120.156932944429229 359.000000000000000 
31.000000000000000 120.718871338839151 271.000000000000000 
32.000000000000000 118.887017020197135 180.000000000000000 
33.000000000000000 111.447386350156989 115.000000000000000 
34.000000000000000 114.419441190957755 180.000000000000000 
35.000000000000000 115.054104176031103 354.000000000000000 
36.000000000000000 109.145842317228670 222.000000000000000 
37.000000000000000 124.041909400596325 313.000000000000000 
38.000000000000000 82.208855253671331 1327.000000000000000 
39.000000000000000 106.262885698219250 630.000000000000000 
40.000000000000000 102.725975371355446 365.000000000000000 
41.000000000000000 102.706752968961524 319.000000000000000 
42.000000000000000 95.728219588843558 147.000000000000000 
43.000000000000000 87.681632555014076 290.000000000000000 
44.000000000000000 76.515115788436034 1146.000000000000000 
45.000000000000000 115.313004120456725 386.000000000000000 
46.000000000000000 89.384009784773212 418.000000000000000 
47.000000000000000 108.268128236914464 216.000000000000000 
48.000000000000000 104.708672063691466 374.000000000000000 
49.000000000000000 112.338329423869197 727.000000000000000 
50.000000000000000 89.849652224025292 1110.000000000000000 
51.000000000000000 90.720709534720115 176.000000000000000 
52.000000000000000 80.110916065334862 172.000000000000000 
53.000000000000000 97.932843207351041 225.000000000000000 
54.000000000000000 83.817672541492698 1223.000000000000000 
55.000000000000000 68.059918491553631 924.000000000000000 
56.000000000000000 93.340531916438152 215.000000000000000 
57.000000000000000 90.382291844401891 447.000000000000000 
58.000000000000000  0.000000000000000  0.000000000000000 
59.000000000000000  0.000000000000000  0.000000000000000 
60.000000000000000  0.000000000000000  0.000000000000000 
61.000000000000000  0.000000000000000  0.000000000000000 
62.000000000000000  0.000000000000000  0.000000000000000 
63.000000000000000  0.000000000000000  0.000000000000000 
64.000000000000000  0.000000000000000  0.000000000000000 
65.000000000000000  0.000000000000000  0.000000000000000 
66.000000000000000  0.000000000000000  0.000000000000000 
67.000000000000000  0.000000000000000  0.000000000000000 
68.000000000000000  0.000000000000000  0.000000000000000 
69.000000000000000  0.000000000000000  0.000000000000000 
70.000000000000000  0.000000000000000  0.000000000000000 
71.000000000000000  0.000000000000000  0.000000000000000 
72.000000000000000  0.000000000000000  0.000000000000000 
73.000000000000000  0.000000000000000  0.000000000000000 
74.000000000000000  0.000000000000000  0.000000000000000 
75.000000000000000  0.000000000000000  0.000000000000000 
76.000000000000000  0.000000000000000  0.000000000000000 
77.000000000000000  0.000000000000000  0.000000000000000 
78.000000000000000  0.000000000000000  0.000000000000000 
79.000000000000000  0.000000000000000  0.000000000000000 
80.000000000000000  0.000000000000000  0.000000000000000 
81.000000000000000  0.000000000000000  0.000000000000000 
82.000000000000000  0.000000000000000  0.000000000000000 
83.000000000000000  0.000000000000000  0.000000000000000 
84.000000000000000  0.000000000000000  0.000000000000000 
85.000000000000000  0.000000000000000  0.000000000000000 
86.000000000000000  0.000000000000000  0.000000000000000 
87.000000000000000  0.000000000000000  0.000000000000000 
88.000000000000000  0.000000000000000  0.000000000000000 
89.000000000000000  0.000000000000000  0.000000000000000 
90.000000000000000  0.000000000000000  0.000000000000000 
91.000000000000000  0.000000000000000  0.000000000000000 
92.000000000000000  0.000000000000000  0.000000000000000 
93.000000000000000  0.000000000000000  0.000000000000000 
94.000000000000000  0.000000000000000  0.000000000000000 
95.000000000000000  0.000000000000000  0.000000000000000 
96.000000000000000  0.000000000000000  0.000000000000000 
97.000000000000000  0.000000000000000  0.000000000000000 
98.000000000000000  0.000000000000000  0.000000000000000 
99.000000000000000  0.000000000000000  0.000000000000000 
100.000000000000000  0.000000000000000  0.000000000000000 
101.000000000000000  0.000000000000000  0.000000000000000 
102.000000000000000  0.000000000000000  0.000000000000000 
103.000000000000000  0.000000000000000  0.000000000000000 
104.000000000000000  0.000000000000000  0.000000000000000 
105.000000000000000  0.000000000000000  0.000000000000000 
106.000000000000000  0.000000000000000  0.000000000000000 
107.000000000000000  0.000000000000000  0.000000000000000 
108.000000000000000  0.000000000000000  0.000000000000000 
109.000000000000000  0.000000000000000  0.000000000000000 
110.000000000000000  0.000000000000000  0.000000000000000 
111.000000000000000  0.000000000000000  0.000000000000000 
112.000000000000000  0.000000000000000  0.000000000000000 
113.000000000000000  0.000000000000000  0.000000000000000 
114.000000000000000  0.000000000000000  0.000000000000000 
115.000000000000000  0.000000000000000  0.000000000000000 
116.000000000000000  0.000000000000000  0.000000000000000 
117.000000000000000  0.000000000000000  0.000000000000000 
118.000000000000000  0.000000000000000  0.000000000000000 
119.000000000000000  0.000000000000000  0.000000000000000 
120.000000000000000  0.000000000000000  0.000000000000000 
121.000000000000000  0.000000000000000  0.000000000000000 
122.000000000000000  0.000000000000000  0.000000000000000 
123.000000000000000  0.000000000000000  0.000000000000000 
124.000000000000000  0.000000000000000  0.000000000000000 
125.000000000000000  0.000000000000000  0.000000000000000 
126.000000000000000  0.000000000000000  0.000000000000000 
127.000000000000000  0.000000000000000  0.000000000000000 
