 0.000000000000000 85.128565375671357 776.000000000000000 
 1.000000000000000 77.591483281294501 668.000000000000000 
 2.000000000000000 75.732377102384916 517.000000000000000 
 3.000000000000000 74.629820800227918 229.000000000000000 
 4.000000000000000 68.939642251973126 865.000000000000000 
 5.000000000000000 84.087277826374589 250.000000000000000 
 6.000000000000000 84.775215984127158 570.000000000000000 
 7.000000000000000 81.078988884426977 663.000000000000000 
 8.000000000000000 86.861246241530566 314.000000000000000 
 9.000000000000000 76.488648519334546 174.000000000000000 
10.000000000000000 86.905589504744384 580.000000000000000 
11.000000000000000 88.636119312712822 111.000000000000000 
12.000000000000000 81.842178561762935 124.000000000000000 
13.000000000000000 81.595968703414130 174.000000000000000 
14.000000000000000 88.685144264538962 141.000000000000000 
15.000000000000000 92.747689535839527 193.000000000000000 
16.000000000000000 82.876465919706973 309.000000000000000 
17.000000000000000 76.079942495530787 302.000000000000000 
18.000000000000000 87.333219552148918 439.000000000000000 
19.000000000000000 70.372666904365957 134.000000000000000 
20.000000000000000 77.877400501936606 306.000000000000000 
21.000000000000000 75.451920985530293 362.000000000000000 
22.000000000000000 86.298519060058169 141.000000000000000 
23.000000000000000 62.634088970548092 912.000000000000000 
24.000000000000000 84.474416743650380 170.000000000000000 
25.000000000000000 72.572762361650362 138.000000000000000 
26.000000000000000 87.668287628753362 833.000000000000000 
27.000000000000000 78.340204447424327 287.000000000000000 
28.000000000000000 79.626071841092610 392.000000000000000 
29.000000000000000 81.702259760866241 225.000000000000000 
30.000000000000000 89.406631084826387 291.000000000000000 
31.000000000000000 81.315672144955499 193.000000000000000 
32.000000000000000 78.726555910790310 125.000000000000000 
33.000000000000000 78.621219612555947 84.000000000000000 
34.000000000000000 72.960932254978431 167.000000000000000 
35.000000000000000 68.671383859798212 213.000000000000000 
36.000000000000000 79.046917847025142 225.000000000000000 
37.000000000000000 92.090775402576767 239.000000000000000 
38.000000000000000 84.735385339811060 1361.000000000000000 
39.000000000000000 94.209683693967449 557.000000000000000 
40.000000000000000 79.858196852789490 296.000000000000000 
41.000000000000000 79.786080526505870 254.000000000000000 
42.000000000000000 83.516035191409429 149.000000000000000 
43.000000000000000 73.537362220694092 269.000000000000000 
44.000000000000000 81.811259325483164 1206.000000000000000 
45.000000000000000 71.857585291569791 384.000000000000000 
46.000000000000000 74.553056725029293 388.000000000000000 
47.000000000000000 78.113540367628545 234.000000000000000 
48.000000000000000 76.492739024323626 283.000000000000000 
49.000000000000000 81.023730848452175 619.000000000000000 
50.000000000000000 93.523423313990989 1143.000000000000000 
51.000000000000000 71.830629795274746 158.000000000000000 
52.000000000000000 70.090945103433498 167.000000000000000 
53.000000000000000 72.506133746657824 154.000000000000000 
54.000000000000000 82.361977394924878 1238.000000000000000 
55.000000000000000 70.569793330748524 957.000000000000000 
56.000000000000000 71.935635773727228 191.000000000000000 
57.000000000000000 70.666820512022099 436.000000000000000 
58.000000000000000 76.064215277677050 284.000000000000000 
59.000000000000000 69.306793791346806 126.000000000000000 
60.000000000000000 81.461428643506110 276.000000000000000 
61.000000000000000 78.754049537893550 151.000000000000000 
62.000000000000000 65.325354172078733 127.000000000000000 
63.000000000000000 74.574197959794830 117.000000000000000 
64.000000000000000 67.364781601335096 493.000000000000000 
65.000000000000000 95.069905896023570 296.000000000000000 
66.000000000000000 62.670568996565414 78.000000000000000 
67.000000000000000 59.187083036976468 150.000000000000000 
68.000000000000000 60.185324305944775 286.000000000000000 
69.000000000000000 67.701493486805077 135.000000000000000 
70.000000000000000 47.030384148603780 202.000000000000000 
71.000000000000000  0.000000000000000  0.000000000000000 
72.000000000000000  0.000000000000000  0.000000000000000 
73.000000000000000  0.000000000000000  0.000000000000000 
74.000000000000000  0.000000000000000  0.000000000000000 
75.000000000000000  0.000000000000000  0.000000000000000 
76.000000000000000  0.000000000000000  0.000000000000000 
77.000000000000000  0.000000000000000  0.000000000000000 
78.000000000000000  0.000000000000000  0.000000000000000 
79.000000000000000  0.000000000000000  0.000000000000000 
80.000000000000000  0.000000000000000  0.000000000000000 
81.000000000000000  0.000000000000000  0.000000000000000 
82.000000000000000  0.000000000000000  0.000000000000000 
83.000000000000000  0.000000000000000  0.000000000000000 
84.000000000000000  0.000000000000000  0.000000000000000 
85.000000000000000  0.000000000000000  0.000000000000000 
86.000000000000000  0.000000000000000  0.000000000000000 
87.000000000000000  0.000000000000000  0.000000000000000 
88.000000000000000  0.000000000000000  0.000000000000000 
89.000000000000000  0.000000000000000  0.000000000000000 
90.000000000000000  0.000000000000000  0.000000000000000 
91.000000000000000  0.000000000000000  0.000000000000000 
92.000000000000000  0.000000000000000  0.000000000000000 
93.000000000000000  0.000000000000000  0.000000000000000 
94.000000000000000  0.000000000000000  0.000000000000000 
95.000000000000000  0.000000000000000  0.000000000000000 
96.000000000000000  0.000000000000000  0.000000000000000 
97.000000000000000  0.000000000000000  0.000000000000000 
98.000000000000000  0.000000000000000  0.000000000000000 
99.000000000000000  0.000000000000000  0.000000000000000 
100.000000000000000  0.000000000000000  0.000000000000000 
101.000000000000000  0.000000000000000  0.000000000000000 
102.000000000000000  0.000000000000000  0.000000000000000 
103.000000000000000  0.000000000000000  0.000000000000000 
104.000000000000000  0.000000000000000  0.000000000000000 
105.000000000000000  0.000000000000000  0.000000000000000 
106.000000000000000  0.000000000000000  0.000000000000000 
107.000000000000000  0.000000000000000  0.000000000000000 
108.000000000000000  0.000000000000000  0.000000000000000 
109.000000000000000  0.000000000000000  0.000000000000000 
110.000000000000000  0.000000000000000  0.000000000000000 
111.000000000000000  0.000000000000000  0.000000000000000 
112.000000000000000  0.000000000000000  0.000000000000000 
113.000000000000000  0.000000000000000  0.000000000000000 
114.000000000000000  0.000000000000000  0.000000000000000 
115.000000000000000  0.000000000000000  0.000000000000000 
116.000000000000000  0.000000000000000  0.000000000000000 
117.000000000000000  0.000000000000000  0.000000000000000 
118.000000000000000  0.000000000000000  0.000000000000000 
119.000000000000000  0.000000000000000  0.000000000000000 
120.000000000000000  0.000000000000000  0.000000000000000 
121.000000000000000  0.000000000000000  0.000000000000000 
122.000000000000000  0.000000000000000  0.000000000000000 
123.000000000000000  0.000000000000000  0.000000000000000 
124.000000000000000  0.000000000000000  0.000000000000000 
125.000000000000000  0.000000000000000  0.000000000000000 
126.000000000000000  0.000000000000000  0.000000000000000 
127.000000000000000  0.000000000000000  0.000000000000000 
