 0.000000000000000 43.296445322040348 588.000000000000000 
 1.000000000000000 38.001898198805080 341.000000000000000 
 2.000000000000000 41.852806210427147 344.000000000000000 
 3.000000000000000 40.036912846715353 175.000000000000000 
 4.000000000000000 36.766853541369585 688.000000000000000 
 5.000000000000000 38.639533450682165 146.000000000000000 
 6.000000000000000 44.539444866654172 441.000000000000000 
 7.000000000000000 35.746787581531223 269.000000000000000 
 8.000000000000000 47.132477071475229 256.000000000000000 
 9.000000000000000 38.844668992910869 107.000000000000000 
10.000000000000000 41.917236560522724 351.000000000000000 
11.000000000000000 26.218082559961704 47.000000000000000 
12.000000000000000 31.364385491105192 77.000000000000000 
13.000000000000000 35.413622225962897 88.000000000000000 
14.000000000000000 44.441100532054804 73.000000000000000 
15.000000000000000 35.618521313180374 102.000000000000000 
16.000000000000000 33.241007122891013 160.000000000000000 
17.000000000000000 38.114157872024848 191.000000000000000 
18.000000000000000 48.459533386910032 389.000000000000000 
19.000000000000000 37.693681460754725 64.000000000000000 
20.000000000000000 42.685987250929919 208.000000000000000 
21.000000000000000 36.429451212009333 168.000000000000000 
22.000000000000000 39.631652624058979 78.000000000000000 
23.000000000000000 43.997225934639786 703.000000000000000 
24.000000000000000 51.551282219917482 123.000000000000000 
25.000000000000000 39.670614895133177 97.000000000000000 
26.000000000000000 41.770473589047988 587.000000000000000 
27.000000000000000 32.908698517706860 162.000000000000000 
28.000000000000000 44.586238609299158 242.000000000000000 
29.000000000000000 32.306849968287537 117.000000000000000 
30.000000000000000 35.491488549653944 118.000000000000000 
31.000000000000000 39.623290518663616 96.000000000000000 
32.000000000000000 31.403517615583151 61.000000000000000 
33.000000000000000 26.163764840249989 40.000000000000000 
34.000000000000000 40.812347413388444 121.000000000000000 
35.000000000000000 33.634555485517502 111.000000000000000 
36.000000000000000 32.375140698588439 94.000000000000000 
37.000000000000000 32.831142335987323 71.000000000000000 
38.000000000000000 29.639004056472285 729.000000000000000 
39.000000000000000 36.492178770986456 416.000000000000000 
40.000000000000000 31.436931148365844 120.000000000000000 
41.000000000000000 44.737750579278185 209.000000000000000 
42.000000000000000 40.005533805301191 83.000000000000000 
43.000000000000000 49.714576942737274 186.000000000000000 
44.000000000000000 28.224902916995962 618.000000000000000 
45.000000000000000 34.023317353851965 220.000000000000000 
46.000000000000000 34.784829964982755 168.000000000000000 
47.000000000000000 45.436349881975694 167.000000000000000 
48.000000000000000 36.026697480949068 115.000000000000000 
49.000000000000000 40.878918177562447 393.000000000000000 
50.000000000000000 49.576230746406488 698.000000000000000 
51.000000000000000 43.985067041006516 146.000000000000000 
52.000000000000000 41.227183362621396 112.000000000000000 
53.000000000000000 30.980029396779805 109.000000000000000 
54.000000000000000 33.169756566241183 807.000000000000000 
55.000000000000000 26.914756513198679 549.000000000000000 
56.000000000000000 44.733115095768227 113.000000000000000 
57.000000000000000 43.752062351199989 250.000000000000000 
58.000000000000000 33.525380699824375 163.000000000000000 
59.000000000000000 46.451405644222206 90.000000000000000 
60.000000000000000 28.585997741753204 141.000000000000000 
61.000000000000000 38.923221949288056 85.000000000000000 
62.000000000000000 32.005684471285711 70.000000000000000 
63.000000000000000 37.466348012757358 68.000000000000000 
64.000000000000000 43.256932509842883 451.000000000000000 
65.000000000000000 33.536448357945481 131.000000000000000 
66.000000000000000 34.527549401922229 54.000000000000000 
67.000000000000000 37.462838492647684 86.000000000000000 
68.000000000000000 33.528754398530630 174.000000000000000 
69.000000000000000 43.969137744672828 165.000000000000000 
70.000000000000000 47.827337261773920 283.000000000000000 
71.000000000000000 47.111524916453476 256.000000000000000 
72.000000000000000 33.147728102832716 476.000000000000000 
73.000000000000000 37.563649644070637 252.000000000000000 
74.000000000000000 35.356919906303837 87.000000000000000 
75.000000000000000 37.795495454123710 97.000000000000000 
76.000000000000000 27.233766013600000 38.000000000000000 
77.000000000000000 36.496142094474514 254.000000000000000 
78.000000000000000 36.626739770408712 213.000000000000000 
79.000000000000000 38.599879607369466 195.000000000000000 
80.000000000000000 40.904519075360412 294.000000000000000 
81.000000000000000 26.977238696305275 97.000000000000000 
82.000000000000000 34.442832138987356 288.000000000000000 
83.000000000000000 43.785950081426634 97.000000000000000 
84.000000000000000 40.680577334414487 76.000000000000000 
85.000000000000000 36.361203066149820 113.000000000000000 
86.000000000000000 33.070785948024714 67.000000000000000 
87.000000000000000 34.831126645218355 84.000000000000000 
88.000000000000000 38.493355518886226 209.000000000000000 
89.000000000000000 32.893460822392903 94.000000000000000 
90.000000000000000 44.049845981447021 788.000000000000000 
91.000000000000000 38.839852813454698 606.000000000000000 
92.000000000000000 32.791043464739161 148.000000000000000 
93.000000000000000 35.608984422937866 222.000000000000000 
94.000000000000000 34.461453886519060 211.000000000000000 
95.000000000000000 35.433866254752104 283.000000000000000 
96.000000000000000 44.881646311444356 478.000000000000000 
97.000000000000000 26.261150396705425 36.000000000000000 
98.000000000000000 35.680803510470518 173.000000000000000 
99.000000000000000 36.177757164361800 267.000000000000000 
100.000000000000000 32.964051563995831 96.000000000000000 
101.000000000000000 34.879555653749726 197.000000000000000 
102.000000000000000 34.125310379753131 219.000000000000000 
103.000000000000000 35.061003618937150 108.000000000000000 
104.000000000000000 36.139826143111101 135.000000000000000 
105.000000000000000 39.039057270712512 420.000000000000000 
106.000000000000000 28.167098413090454 115.000000000000000 
107.000000000000000 34.840342893365047 143.000000000000000 
108.000000000000000 26.713897528972915 48.000000000000000 
109.000000000000000 33.091199016138390 156.000000000000000 
110.000000000000000 43.257061490531335 795.000000000000000 
111.000000000000000 41.596295290733877 405.000000000000000 
112.000000000000000 28.399206165714940 104.000000000000000 
113.000000000000000 33.240582445127480 123.000000000000000 
114.000000000000000 28.947338679068856 61.000000000000000 
115.000000000000000 34.244168127546125 114.000000000000000 
116.000000000000000  0.000000000000000  0.000000000000000 
117.000000000000000  0.000000000000000  0.000000000000000 
118.000000000000000  0.000000000000000  0.000000000000000 
119.000000000000000  0.000000000000000  0.000000000000000 
120.000000000000000  0.000000000000000  0.000000000000000 
121.000000000000000  0.000000000000000  0.000000000000000 
122.000000000000000  0.000000000000000  0.000000000000000 
123.000000000000000  0.000000000000000  0.000000000000000 
124.000000000000000  0.000000000000000  0.000000000000000 
125.000000000000000  0.000000000000000  0.000000000000000 
126.000000000000000  0.000000000000000  0.000000000000000 
127.000000000000000  0.000000000000000  0.000000000000000 
