 0.000000000000000 62.579105888904252 762.000000000000000 
 1.000000000000000 61.510660121088613 600.000000000000000 
 2.000000000000000 76.056096830986220 546.000000000000000 
 3.000000000000000 70.853056471587877 222.000000000000000 
 4.000000000000000 62.474694773175628 841.000000000000000 
 5.000000000000000 79.205430549415823 243.000000000000000 
 6.000000000000000 66.166575618482881 464.000000000000000 
 7.000000000000000 64.152328510987431 458.000000000000000 
 8.000000000000000 78.706136245697323 296.000000000000000 
 9.000000000000000 68.125191760504876 162.000000000000000 
10.000000000000000 82.357694985036247 538.000000000000000 
11.000000000000000 59.914666583863465 89.000000000000000 
12.000000000000000 63.701662625658713 102.000000000000000 
13.000000000000000 60.255356291055286 130.000000000000000 
14.000000000000000 58.052589345000001 86.000000000000000 
15.000000000000000 68.979186790290626 181.000000000000000 
16.000000000000000 57.624467741144109 221.000000000000000 
17.000000000000000 71.729883430884286 299.000000000000000 
18.000000000000000 71.105053581901501 486.000000000000000 
19.000000000000000 66.612844222075353 128.000000000000000 
20.000000000000000 82.640257998232798 322.000000000000000 
21.000000000000000 56.983579258651133 259.000000000000000 
22.000000000000000 78.375367772657754 135.000000000000000 
23.000000000000000 74.292256267364024 962.000000000000000 
24.000000000000000 73.356445406701226 160.000000000000000 
25.000000000000000 71.619938313518773 138.000000000000000 
26.000000000000000 76.298210990974695 769.000000000000000 
27.000000000000000 75.303324232690471 283.000000000000000 
28.000000000000000 76.268412184066676 376.000000000000000 
29.000000000000000 75.884735755954907 216.000000000000000 
30.000000000000000 79.958151841150595 268.000000000000000 
31.000000000000000 73.329860854450800 177.000000000000000 
32.000000000000000 57.170936013240812 96.000000000000000 
33.000000000000000 65.839599483507328 82.000000000000000 
34.000000000000000 64.601290608299365 158.000000000000000 
35.000000000000000 64.428618536500764 202.000000000000000 
36.000000000000000 80.491721766612741 228.000000000000000 
37.000000000000000 80.099593800048098 213.000000000000000 
38.000000000000000 62.435568116999164 1164.000000000000000 
39.000000000000000 64.984097417124147 421.000000000000000 
40.000000000000000 68.063754257214640 205.000000000000000 
41.000000000000000 65.470158610127214 202.000000000000000 
42.000000000000000 75.096987735646223 147.000000000000000 
43.000000000000000 78.362930526816811 274.000000000000000 
44.000000000000000 61.771837259419108 958.000000000000000 
45.000000000000000 63.992736929881652 372.000000000000000 
46.000000000000000 70.627023073689415 347.000000000000000 
47.000000000000000 72.985183945448483 232.000000000000000 
48.000000000000000 68.435161476590238 244.000000000000000 
49.000000000000000 73.209190653096840 592.000000000000000 
50.000000000000000 69.338022271326849 926.000000000000000 
51.000000000000000 71.622631852220266 158.000000000000000 
52.000000000000000 59.949692370533342 150.000000000000000 
53.000000000000000 66.716846421390187 163.000000000000000 
54.000000000000000 55.966138522770102 1075.000000000000000 
55.000000000000000 55.928827546444836 781.000000000000000 
56.000000000000000 62.771818872632224 174.000000000000000 
57.000000000000000 70.582321941826493 425.000000000000000 
58.000000000000000 80.876143916944088 326.000000000000000 
59.000000000000000 63.992123220959371 128.000000000000000 
60.000000000000000 67.274778957705948 241.000000000000000 
61.000000000000000 71.430898129751299 144.000000000000000 
62.000000000000000 57.396876052621202 118.000000000000000 
63.000000000000000 76.222326403782958 114.000000000000000 
64.000000000000000 67.036569244267199 490.000000000000000 
65.000000000000000 75.804434326131400 240.000000000000000 
66.000000000000000 54.652221008113159 76.000000000000000 
67.000000000000000 61.135309624392860 154.000000000000000 
68.000000000000000 65.627220595507296 321.000000000000000 
69.000000000000000 65.792937578672166 131.000000000000000 
70.000000000000000 58.967473093665880 255.000000000000000 
71.000000000000000 72.403718447251222 332.000000000000000 
72.000000000000000 62.348326061509432 947.000000000000000 
73.000000000000000 63.176489088885631 375.000000000000000 
74.000000000000000 43.984090871504563 84.000000000000000 
75.000000000000000 52.310309008366978 112.000000000000000 
76.000000000000000 45.122682656075881 58.000000000000000 
77.000000000000000 65.531032229720495 447.000000000000000 
78.000000000000000  0.000000000000000  0.000000000000000 
79.000000000000000  0.000000000000000  0.000000000000000 
80.000000000000000  0.000000000000000  0.000000000000000 
81.000000000000000  0.000000000000000  0.000000000000000 
82.000000000000000  0.000000000000000  0.000000000000000 
83.000000000000000  0.000000000000000  0.000000000000000 
84.000000000000000  0.000000000000000  0.000000000000000 
85.000000000000000  0.000000000000000  0.000000000000000 
86.000000000000000  0.000000000000000  0.000000000000000 
87.000000000000000  0.000000000000000  0.000000000000000 
88.000000000000000  0.000000000000000  0.000000000000000 
89.000000000000000  0.000000000000000  0.000000000000000 
90.000000000000000  0.000000000000000  0.000000000000000 
91.000000000000000  0.000000000000000  0.000000000000000 
92.000000000000000  0.000000000000000  0.000000000000000 
93.000000000000000  0.000000000000000  0.000000000000000 
94.000000000000000  0.000000000000000  0.000000000000000 
95.000000000000000  0.000000000000000  0.000000000000000 
96.000000000000000  0.000000000000000  0.000000000000000 
97.000000000000000  0.000000000000000  0.000000000000000 
98.000000000000000  0.000000000000000  0.000000000000000 
99.000000000000000  0.000000000000000  0.000000000000000 
100.000000000000000  0.000000000000000  0.000000000000000 
101.000000000000000  0.000000000000000  0.000000000000000 
102.000000000000000  0.000000000000000  0.000000000000000 
103.000000000000000  0.000000000000000  0.000000000000000 
104.000000000000000  0.000000000000000  0.000000000000000 
105.000000000000000  0.000000000000000  0.000000000000000 
106.000000000000000  0.000000000000000  0.000000000000000 
107.000000000000000  0.000000000000000  0.000000000000000 
108.000000000000000  0.000000000000000  0.000000000000000 
109.000000000000000  0.000000000000000  0.000000000000000 
110.000000000000000  0.000000000000000  0.000000000000000 
111.000000000000000  0.000000000000000  0.000000000000000 
112.000000000000000  0.000000000000000  0.000000000000000 
113.000000000000000  0.000000000000000  0.000000000000000 
114.000000000000000  0.000000000000000  0.000000000000000 
115.000000000000000  0.000000000000000  0.000000000000000 
116.000000000000000  0.000000000000000  0.000000000000000 
117.000000000000000  0.000000000000000  0.000000000000000 
118.000000000000000  0.000000000000000  0.000000000000000 
119.000000000000000  0.000000000000000  0.000000000000000 
120.000000000000000  0.000000000000000  0.000000000000000 
121.000000000000000  0.000000000000000  0.000000000000000 
122.000000000000000  0.000000000000000  0.000000000000000 
123.000000000000000  0.000000000000000  0.000000000000000 
124.000000000000000  0.000000000000000  0.000000000000000 
125.000000000000000  0.000000000000000  0.000000000000000 
126.000000000000000  0.000000000000000  0.000000000000000 
127.000000000000000  0.000000000000000  0.000000000000000 
