 0.000000000000000 137.116910362875075 1627.000000000000000 
 1.000000000000000 126.901397105795809 1377.000000000000000 
 2.000000000000000 157.034208047614129 917.000000000000000 
 3.000000000000000 168.618285982816701 286.000000000000000 
 4.000000000000000 144.283386379132935 926.000000000000000 
 5.000000000000000 160.811412194732327 352.000000000000000 
 6.000000000000000 160.650176933766573 762.000000000000000 
 7.000000000000000 134.385832624625010 1275.000000000000000 
 8.000000000000000 160.279373437613003 605.000000000000000 
 9.000000000000000 176.653786117182676 446.000000000000000 
10.000000000000000 155.717591217495595 920.000000000000000 
11.000000000000000 152.239032738633483 204.000000000000000 
12.000000000000000 165.244960321482125 226.000000000000000 
13.000000000000000 145.033996609022466 295.000000000000000 
14.000000000000000 155.816810727822940 208.000000000000000 
15.000000000000000 151.628551548774965 280.000000000000000 
16.000000000000000 175.794910086620860 793.000000000000000 
17.000000000000000 154.899752134183245 344.000000000000000 
18.000000000000000 170.221687692557765 632.000000000000000 
19.000000000000000 146.243987468134776 207.000000000000000 
20.000000000000000 178.798962458084560 624.000000000000000 
21.000000000000000 185.358828282359809 703.000000000000000 
22.000000000000000 155.760657467719170 224.000000000000000 
23.000000000000000 126.836651755167310 1585.000000000000000 
24.000000000000000 153.051009242773006 257.000000000000000 
25.000000000000000 180.592434728582390 258.000000000000000 
26.000000000000000 165.260148153504190 1440.000000000000000 
27.000000000000000 167.693652955478228 431.000000000000000 
28.000000000000000 179.411857792136800 644.000000000000000 
29.000000000000000 186.259360246429083 459.000000000000000 
30.000000000000000 170.047396189170769 401.000000000000000 
31.000000000000000 164.576868465350344 346.000000000000000 
32.000000000000000 145.184103352371437 203.000000000000000 
33.000000000000000 148.027771752457056 150.000000000000000 
34.000000000000000 146.896382794522651 213.000000000000000 
35.000000000000000 183.533164716630409 548.000000000000000 
36.000000000000000 157.744367975316209 323.000000000000000 
37.000000000000000 148.696020838786836 356.000000000000000 
38.000000000000000 196.661565782819025 2114.000000000000000 
39.000000000000000 140.318381582605639 623.000000000000000 
40.000000000000000 142.744021835941112 399.000000000000000 
41.000000000000000 137.356763070150492 413.000000000000000 
42.000000000000000 149.801431629194070 244.000000000000000 
43.000000000000000 108.714545995362030 361.000000000000000 
44.000000000000000  0.000000000000000  0.000000000000000 
45.000000000000000  0.000000000000000  0.000000000000000 
46.000000000000000  0.000000000000000  0.000000000000000 
47.000000000000000  0.000000000000000  0.000000000000000 
48.000000000000000  0.000000000000000  0.000000000000000 
49.000000000000000  0.000000000000000  0.000000000000000 
50.000000000000000  0.000000000000000  0.000000000000000 
51.000000000000000  0.000000000000000  0.000000000000000 
52.000000000000000  0.000000000000000  0.000000000000000 
53.000000000000000  0.000000000000000  0.000000000000000 
54.000000000000000  0.000000000000000  0.000000000000000 
55.000000000000000  0.000000000000000  0.000000000000000 
56.000000000000000  0.000000000000000  0.000000000000000 
57.000000000000000  0.000000000000000  0.000000000000000 
58.000000000000000  0.000000000000000  0.000000000000000 
59.000000000000000  0.000000000000000  0.000000000000000 
60.000000000000000  0.000000000000000  0.000000000000000 
61.000000000000000  0.000000000000000  0.000000000000000 
62.000000000000000  0.000000000000000  0.000000000000000 
63.000000000000000  0.000000000000000  0.000000000000000 
64.000000000000000  0.000000000000000  0.000000000000000 
65.000000000000000  0.000000000000000  0.000000000000000 
66.000000000000000  0.000000000000000  0.000000000000000 
67.000000000000000  0.000000000000000  0.000000000000000 
68.000000000000000  0.000000000000000  0.000000000000000 
69.000000000000000  0.000000000000000  0.000000000000000 
70.000000000000000  0.000000000000000  0.000000000000000 
71.000000000000000  0.000000000000000  0.000000000000000 
72.000000000000000  0.000000000000000  0.000000000000000 
73.000000000000000  0.000000000000000  0.000000000000000 
74.000000000000000  0.000000000000000  0.000000000000000 
75.000000000000000  0.000000000000000  0.000000000000000 
76.000000000000000  0.000000000000000  0.000000000000000 
77.000000000000000  0.000000000000000  0.000000000000000 
78.000000000000000  0.000000000000000  0.000000000000000 
79.000000000000000  0.000000000000000  0.000000000000000 
80.000000000000000  0.000000000000000  0.000000000000000 
81.000000000000000  0.000000000000000  0.000000000000000 
82.000000000000000  0.000000000000000  0.000000000000000 
83.000000000000000  0.000000000000000  0.000000000000000 
84.000000000000000  0.000000000000000  0.000000000000000 
85.000000000000000  0.000000000000000  0.000000000000000 
86.000000000000000  0.000000000000000  0.000000000000000 
87.000000000000000  0.000000000000000  0.000000000000000 
88.000000000000000  0.000000000000000  0.000000000000000 
89.000000000000000  0.000000000000000  0.000000000000000 
90.000000000000000  0.000000000000000  0.000000000000000 
91.000000000000000  0.000000000000000  0.000000000000000 
92.000000000000000  0.000000000000000  0.000000000000000 
93.000000000000000  0.000000000000000  0.000000000000000 
94.000000000000000  0.000000000000000  0.000000000000000 
95.000000000000000  0.000000000000000  0.000000000000000 
96.000000000000000  0.000000000000000  0.000000000000000 
97.000000000000000  0.000000000000000  0.000000000000000 
98.000000000000000  0.000000000000000  0.000000000000000 
99.000000000000000  0.000000000000000  0.000000000000000 
100.000000000000000  0.000000000000000  0.000000000000000 
101.000000000000000  0.000000000000000  0.000000000000000 
102.000000000000000  0.000000000000000  0.000000000000000 
103.000000000000000  0.000000000000000  0.000000000000000 
104.000000000000000  0.000000000000000  0.000000000000000 
105.000000000000000  0.000000000000000  0.000000000000000 
106.000000000000000  0.000000000000000  0.000000000000000 
107.000000000000000  0.000000000000000  0.000000000000000 
108.000000000000000  0.000000000000000  0.000000000000000 
109.000000000000000  0.000000000000000  0.000000000000000 
110.000000000000000  0.000000000000000  0.000000000000000 
111.000000000000000  0.000000000000000  0.000000000000000 
112.000000000000000  0.000000000000000  0.000000000000000 
113.000000000000000  0.000000000000000  0.000000000000000 
114.000000000000000  0.000000000000000  0.000000000000000 
115.000000000000000  0.000000000000000  0.000000000000000 
116.000000000000000  0.000000000000000  0.000000000000000 
117.000000000000000  0.000000000000000  0.000000000000000 
118.000000000000000  0.000000000000000  0.000000000000000 
119.000000000000000  0.000000000000000  0.000000000000000 
120.000000000000000  0.000000000000000  0.000000000000000 
121.000000000000000  0.000000000000000  0.000000000000000 
122.000000000000000  0.000000000000000  0.000000000000000 
123.000000000000000  0.000000000000000  0.000000000000000 
124.000000000000000  0.000000000000000  0.000000000000000 
125.000000000000000  0.000000000000000  0.000000000000000 
126.000000000000000  0.000000000000000  0.000000000000000 
127.000000000000000  0.000000000000000  0.000000000000000 
