 0.000000000000000 57.686012813790455 764.000000000000000 
 1.000000000000000 60.388552165317989 589.000000000000000 
 2.000000000000000 67.496224791610516 516.000000000000000 
 3.000000000000000 52.682207264203797 212.000000000000000 
 4.000000000000000 59.365791629584869 813.000000000000000 
 5.000000000000000 58.658112251716780 194.000000000000000 
 6.000000000000000 65.871973902456006 488.000000000000000 
 7.000000000000000 54.482493481338082 404.000000000000000 
 8.000000000000000 64.555159755217389 335.000000000000000 
 9.000000000000000 61.947826822774090 149.000000000000000 
10.000000000000000 63.438534383616791 538.000000000000000 
11.000000000000000 37.282967741131245 64.000000000000000 
12.000000000000000 51.517384658197955 93.000000000000000 
13.000000000000000 59.843580398770108 126.000000000000000 
14.000000000000000 55.318766675421678 83.000000000000000 
15.000000000000000 49.053015056054022 137.000000000000000 
16.000000000000000 43.383471141025360 203.000000000000000 
17.000000000000000 51.625023464891193 234.000000000000000 
18.000000000000000 61.084569364284619 439.000000000000000 
19.000000000000000 59.606460816005622 126.000000000000000 
20.000000000000000 58.967420911684634 247.000000000000000 
21.000000000000000 48.070583653489052 206.000000000000000 
22.000000000000000 57.273624162303157 95.000000000000000 
23.000000000000000 65.535627114232284 908.000000000000000 
24.000000000000000 63.374708925576009 141.000000000000000 
25.000000000000000 59.537724589732974 135.000000000000000 
26.000000000000000 70.170297294425310 743.000000000000000 
27.000000000000000 54.778427809343327 240.000000000000000 
28.000000000000000 54.704182338749909 266.000000000000000 
29.000000000000000 65.472696197411878 195.000000000000000 
30.000000000000000 50.682519696345622 157.000000000000000 
31.000000000000000 65.050599805456500 163.000000000000000 
32.000000000000000 52.610263941991043 88.000000000000000 
33.000000000000000 63.016994415969215 78.000000000000000 
34.000000000000000 49.991574910567451 129.000000000000000 
35.000000000000000 53.405502582197705 175.000000000000000 
36.000000000000000 70.672080489946467 218.000000000000000 
37.000000000000000 52.955766742944945 121.000000000000000 
38.000000000000000 60.189084858884158 1140.000000000000000 
39.000000000000000 62.383871515988496 409.000000000000000 
40.000000000000000 41.291763624014642 139.000000000000000 
41.000000000000000 58.305089030385822 201.000000000000000 
42.000000000000000 61.969544729545440 132.000000000000000 
43.000000000000000 67.169908710688020 228.000000000000000 
44.000000000000000 59.961230328695898 945.000000000000000 
45.000000000000000 59.094780328890451 346.000000000000000 
46.000000000000000 58.956375847265448 281.000000000000000 
47.000000000000000 63.138211523609783 215.000000000000000 
48.000000000000000 62.561264318071132 233.000000000000000 
49.000000000000000 61.296884731546427 596.000000000000000 
50.000000000000000 68.951109389637267 922.000000000000000 
51.000000000000000 63.462383536116164 167.000000000000000 
52.000000000000000 51.093645765795443 132.000000000000000 
53.000000000000000 55.741149370357981 176.000000000000000 
54.000000000000000 52.711142846278946 1043.000000000000000 
55.000000000000000 55.536001498490442 781.000000000000000 
56.000000000000000 58.972083813807956 158.000000000000000 
57.000000000000000 59.137768421410172 348.000000000000000 
58.000000000000000 66.273125691382489 268.000000000000000 
59.000000000000000 53.346937725339508 114.000000000000000 
60.000000000000000 61.153651596309949 223.000000000000000 
61.000000000000000 69.206537415560433 142.000000000000000 
62.000000000000000 54.886266042972665 113.000000000000000 
63.000000000000000 62.046056667658135 97.000000000000000 
64.000000000000000 65.769439176174117 489.000000000000000 
65.000000000000000 67.355304256148074 213.000000000000000 
66.000000000000000 44.684824143157556 66.000000000000000 
67.000000000000000 57.123139967011809 155.000000000000000 
68.000000000000000 51.454404871233585 258.000000000000000 
69.000000000000000 53.926479038601485 168.000000000000000 
70.000000000000000 51.170361746097228 248.000000000000000 
71.000000000000000 55.303709545378638 288.000000000000000 
72.000000000000000 62.071642983959059 942.000000000000000 
73.000000000000000 54.082128963549074 359.000000000000000 
74.000000000000000 41.614549684111083 97.000000000000000 
75.000000000000000 44.003873759697036 101.000000000000000 
76.000000000000000 30.458895439342861 42.000000000000000 
77.000000000000000 59.734337411533325 338.000000000000000 
78.000000000000000 55.442490078823376 297.000000000000000 
79.000000000000000 53.763362493030833 260.000000000000000 
80.000000000000000 44.190095170866847 303.000000000000000 
81.000000000000000 55.269337884655961 134.000000000000000 
82.000000000000000 46.514879486297538 368.000000000000000 
83.000000000000000 48.567988648989434 99.000000000000000 
84.000000000000000 45.048238426855008 80.000000000000000 
85.000000000000000 44.075451671529038 135.000000000000000 
86.000000000000000 51.908414458493347 105.000000000000000 
87.000000000000000 41.572281755348982 95.000000000000000 
88.000000000000000  0.000000000000000  0.000000000000000 
89.000000000000000  0.000000000000000  0.000000000000000 
90.000000000000000  0.000000000000000  0.000000000000000 
91.000000000000000  0.000000000000000  0.000000000000000 
92.000000000000000  0.000000000000000  0.000000000000000 
93.000000000000000  0.000000000000000  0.000000000000000 
94.000000000000000  0.000000000000000  0.000000000000000 
95.000000000000000  0.000000000000000  0.000000000000000 
96.000000000000000  0.000000000000000  0.000000000000000 
97.000000000000000  0.000000000000000  0.000000000000000 
98.000000000000000  0.000000000000000  0.000000000000000 
99.000000000000000  0.000000000000000  0.000000000000000 
100.000000000000000  0.000000000000000  0.000000000000000 
101.000000000000000  0.000000000000000  0.000000000000000 
102.000000000000000  0.000000000000000  0.000000000000000 
103.000000000000000  0.000000000000000  0.000000000000000 
104.000000000000000  0.000000000000000  0.000000000000000 
105.000000000000000  0.000000000000000  0.000000000000000 
106.000000000000000  0.000000000000000  0.000000000000000 
107.000000000000000  0.000000000000000  0.000000000000000 
108.000000000000000  0.000000000000000  0.000000000000000 
109.000000000000000  0.000000000000000  0.000000000000000 
110.000000000000000  0.000000000000000  0.000000000000000 
111.000000000000000  0.000000000000000  0.000000000000000 
112.000000000000000  0.000000000000000  0.000000000000000 
113.000000000000000  0.000000000000000  0.000000000000000 
114.000000000000000  0.000000000000000  0.000000000000000 
115.000000000000000  0.000000000000000  0.000000000000000 
116.000000000000000  0.000000000000000  0.000000000000000 
117.000000000000000  0.000000000000000  0.000000000000000 
118.000000000000000  0.000000000000000  0.000000000000000 
119.000000000000000  0.000000000000000  0.000000000000000 
120.000000000000000  0.000000000000000  0.000000000000000 
121.000000000000000  0.000000000000000  0.000000000000000 
122.000000000000000  0.000000000000000  0.000000000000000 
123.000000000000000  0.000000000000000  0.000000000000000 
124.000000000000000  0.000000000000000  0.000000000000000 
125.000000000000000  0.000000000000000  0.000000000000000 
126.000000000000000  0.000000000000000  0.000000000000000 
127.000000000000000  0.000000000000000  0.000000000000000 
