 0.000000000000000 39.744140520371317 602.000000000000000 
 1.000000000000000 34.833666533270538 334.000000000000000 
 2.000000000000000 44.089078340645059 345.000000000000000 
 3.000000000000000 43.063692250828865 187.000000000000000 
 4.000000000000000 46.436850027281643 770.000000000000000 
 5.000000000000000 45.140427328487263 163.000000000000000 
 6.000000000000000 48.620442700178316 378.000000000000000 
 7.000000000000000 38.159300195268465 282.000000000000000 
 8.000000000000000 47.653746359797260 258.000000000000000 
 9.000000000000000 39.373453310801310 109.000000000000000 
10.000000000000000 41.749675204387998 383.000000000000000 
11.000000000000000 26.841539823025528 47.000000000000000 
12.000000000000000 31.272423409262498 74.000000000000000 
13.000000000000000 39.046263760941976 93.000000000000000 
14.000000000000000 43.135791920000003 71.000000000000000 
15.000000000000000 35.106759941928182 110.000000000000000 
16.000000000000000 35.584903784555706 172.000000000000000 
17.000000000000000 38.754624117168746 192.000000000000000 
18.000000000000000 47.617935273511733 391.000000000000000 
19.000000000000000 37.136535871873484 64.000000000000000 
20.000000000000000 41.202061910586728 207.000000000000000 
21.000000000000000 37.038429566730237 169.000000000000000 
22.000000000000000 49.817052900513772 109.000000000000000 
23.000000000000000 40.338266381906408 679.000000000000000 
24.000000000000000 47.162430390156523 115.000000000000000 
25.000000000000000 52.385623825030045 118.000000000000000 
26.000000000000000 45.394115721311991 551.000000000000000 
27.000000000000000 33.136215767385778 162.000000000000000 
28.000000000000000 47.853084517433267 282.000000000000000 
29.000000000000000 44.573274032508763 153.000000000000000 
30.000000000000000 48.334043295159510 150.000000000000000 
31.000000000000000 41.664897700153418 100.000000000000000 
32.000000000000000 42.794497509687773 75.000000000000000 
33.000000000000000 29.446724553777781 45.000000000000000 
34.000000000000000 47.071973890977439 133.000000000000000 
35.000000000000000 34.532687506976671 115.000000000000000 
36.000000000000000 48.052060461470511 142.000000000000000 
37.000000000000000 35.768487783508043 79.000000000000000 
38.000000000000000 34.917519792643049 810.000000000000000 
39.000000000000000 48.334689130149457 357.000000000000000 
40.000000000000000 37.072729033304135 121.000000000000000 
41.000000000000000 51.565557352434858 219.000000000000000 
42.000000000000000 37.684625862820532 78.000000000000000 
43.000000000000000 50.799525722220558 188.000000000000000 
44.000000000000000 42.415435282651835 720.000000000000000 
45.000000000000000 38.318509526580158 240.000000000000000 
46.000000000000000 35.708963635885389 171.000000000000000 
47.000000000000000 45.579804251076084 167.000000000000000 
48.000000000000000 35.895866902139019 114.000000000000000 
49.000000000000000 35.110702756655989 342.000000000000000 
50.000000000000000 48.270076758385429 666.000000000000000 
51.000000000000000 46.675544301646312 136.000000000000000 
52.000000000000000 46.106463381941929 124.000000000000000 
53.000000000000000 29.642698999593396 106.000000000000000 
54.000000000000000 32.655583777949936 785.000000000000000 
55.000000000000000 30.332421787599618 555.000000000000000 
56.000000000000000 46.076347488829256 114.000000000000000 
57.000000000000000 44.302795033604802 249.000000000000000 
58.000000000000000 32.305490815019290 146.000000000000000 
59.000000000000000 49.299544373234049 94.000000000000000 
60.000000000000000 30.602408590944055 143.000000000000000 
61.000000000000000 39.937640423255083 88.000000000000000 
62.000000000000000 33.334701645352112 71.000000000000000 
63.000000000000000 50.455623759632090 81.000000000000000 
64.000000000000000 44.828835143029004 450.000000000000000 
65.000000000000000 41.196180195021540 155.000000000000000 
66.000000000000000 40.737992138547547 61.000000000000000 
67.000000000000000 40.381073049956996 93.000000000000000 
68.000000000000000 36.927989984474294 190.000000000000000 
69.000000000000000 43.603128697222999 164.000000000000000 
70.000000000000000 48.858004773664156 282.000000000000000 
71.000000000000000 48.182418905489982 252.000000000000000 
72.000000000000000 35.213642970085637 523.000000000000000 
73.000000000000000 36.643485013139482 255.000000000000000 
74.000000000000000 39.636336149250241 93.000000000000000 
75.000000000000000 41.822766753292775 97.000000000000000 
76.000000000000000 27.233766013600015 38.000000000000000 
77.000000000000000 36.115623000626925 381.000000000000000 
78.000000000000000 33.935454297176591 203.000000000000000 
79.000000000000000 40.720106523924024 201.000000000000000 
80.000000000000000 42.544863713833557 299.000000000000000 
81.000000000000000 34.563098559714817 108.000000000000000 
82.000000000000000 32.763500934672493 277.000000000000000 
83.000000000000000 48.482839468316087 104.000000000000000 
84.000000000000000 39.717442925871623 74.000000000000000 
85.000000000000000 36.776905242261989 115.000000000000000 
86.000000000000000 32.217626453938578 70.000000000000000 
87.000000000000000 36.196907075834531 90.000000000000000 
88.000000000000000 40.323634607889275 212.000000000000000 
89.000000000000000 36.435513684261721 101.000000000000000 
90.000000000000000 44.724030787948706 761.000000000000000 
91.000000000000000 41.075018326946903 649.000000000000000 
92.000000000000000 39.314559550939173 158.000000000000000 
93.000000000000000 36.429308147289163 224.000000000000000 
94.000000000000000 40.619276335003960 203.000000000000000 
95.000000000000000 31.226245901479892 263.000000000000000 
96.000000000000000 39.276554972403986 414.000000000000000 
97.000000000000000 26.491483847566531 36.000000000000000 
98.000000000000000 36.262449243624424 176.000000000000000 
99.000000000000000 36.602132812959283 267.000000000000000 
100.000000000000000 31.314707006591391 93.000000000000000 
101.000000000000000 37.130675209958582 199.000000000000000 
102.000000000000000 36.423811900842260 227.000000000000000 
103.000000000000000 32.825460812785124 96.000000000000000 
104.000000000000000 35.396229753995677 139.000000000000000 
105.000000000000000 26.083536114367163 298.000000000000000 
106.000000000000000 30.381879558352942 119.000000000000000 
107.000000000000000 37.798609651043762 144.000000000000000 
108.000000000000000 26.353532198358696 46.000000000000000 
109.000000000000000 30.992776212203566 145.000000000000000 
110.000000000000000 39.902989183514734 784.000000000000000 
111.000000000000000 35.883820676931457 378.000000000000000 
112.000000000000000  0.000000000000000  0.000000000000000 
113.000000000000000  0.000000000000000  0.000000000000000 
114.000000000000000  0.000000000000000  0.000000000000000 
115.000000000000000  0.000000000000000  0.000000000000000 
116.000000000000000  0.000000000000000  0.000000000000000 
117.000000000000000  0.000000000000000  0.000000000000000 
118.000000000000000  0.000000000000000  0.000000000000000 
119.000000000000000  0.000000000000000  0.000000000000000 
120.000000000000000  0.000000000000000  0.000000000000000 
121.000000000000000  0.000000000000000  0.000000000000000 
122.000000000000000  0.000000000000000  0.000000000000000 
123.000000000000000  0.000000000000000  0.000000000000000 
124.000000000000000  0.000000000000000  0.000000000000000 
125.000000000000000  0.000000000000000  0.000000000000000 
126.000000000000000  0.000000000000000  0.000000000000000 
127.000000000000000  0.000000000000000  0.000000000000000 
