 0.000000000000000 99.526785160726817 947.000000000000000 
 1.000000000000000 81.079430576137625 729.000000000000000 
 2.000000000000000 119.901461137173669 645.000000000000000 
 3.000000000000000 110.187863382163926 203.000000000000000 
 4.000000000000000 89.978087250090795 702.000000000000000 
 5.000000000000000 95.777302656906684 239.000000000000000 
 6.000000000000000 96.555732568511317 555.000000000000000 
 7.000000000000000 95.596502399190584 865.000000000000000 
 8.000000000000000 108.128865735952616 356.000000000000000 
 9.000000000000000 82.152104525127655 180.000000000000000 
10.000000000000000 112.117121490390460 668.000000000000000 
11.000000000000000 87.993075403369517 118.000000000000000 
12.000000000000000 111.844308811243280 166.000000000000000 
13.000000000000000 93.372672110185363 200.000000000000000 
14.000000000000000 98.422605461456953 151.000000000000000 
15.000000000000000 84.103553866147536 159.000000000000000 
16.000000000000000 108.422889566872470 419.000000000000000 
17.000000000000000 85.252444613632562 323.000000000000000 
18.000000000000000 97.624065333036754 460.000000000000000 
19.000000000000000 114.818522630881787 179.000000000000000 
20.000000000000000 91.885747582425822 370.000000000000000 
21.000000000000000 110.845246850001388 445.000000000000000 
22.000000000000000 104.273712228138905 164.000000000000000 
23.000000000000000 77.951826140032239 1104.000000000000000 
24.000000000000000 78.135684753056111 179.000000000000000 
25.000000000000000 96.518808237173062 175.000000000000000 
26.000000000000000 106.298546815905368 929.000000000000000 
27.000000000000000 90.741526224776436 316.000000000000000 
28.000000000000000 103.719100597242118 428.000000000000000 
29.000000000000000 88.703365520687143 225.000000000000000 
30.000000000000000 111.857111258920128 346.000000000000000 
31.000000000000000 112.180398384454548 261.000000000000000 
32.000000000000000 98.024063671289312 153.000000000000000 
33.000000000000000 78.884400397168704 83.000000000000000 
34.000000000000000 104.939800600852323 175.000000000000000 
35.000000000000000 90.823426388298103 281.000000000000000 
36.000000000000000 101.101863954278343 217.000000000000000 
37.000000000000000 98.736759518998014 265.000000000000000 
38.000000000000000 83.042556416830024 1335.000000000000000 
39.000000000000000 107.791571716978638 642.000000000000000 
40.000000000000000 100.006074212273504 349.000000000000000 
41.000000000000000 100.260959885853325 313.000000000000000 
42.000000000000000 66.469413666371139 129.000000000000000 
43.000000000000000 83.451976015366427 282.000000000000000 
44.000000000000000 76.598834070493680 1146.000000000000000 
45.000000000000000 116.917584461866113 396.000000000000000 
46.000000000000000 90.936886479357227 423.000000000000000 
47.000000000000000 90.778259512123583 211.000000000000000 
48.000000000000000 96.342769777031592 353.000000000000000 
49.000000000000000 111.318232630371625 728.000000000000000 
50.000000000000000 90.016482607519961 1112.000000000000000 
51.000000000000000 86.021334124400326 170.000000000000000 
52.000000000000000 80.613259218913001 180.000000000000000 
53.000000000000000 83.861119307051879 176.000000000000000 
54.000000000000000 83.971888262169813 1225.000000000000000 
55.000000000000000 68.387126873923393 926.000000000000000 
56.000000000000000 89.712715030308047 213.000000000000000 
57.000000000000000 90.214020736934799 475.000000000000000 
58.000000000000000 74.472863653874228 280.000000000000000 
59.000000000000000 71.936976275168718 120.000000000000000 
60.000000000000000 74.405505679284289 212.000000000000000 
61.000000000000000 64.203263464403179 118.000000000000000 
62.000000000000000 57.208055184668538 107.000000000000000 
63.000000000000000  0.000000000000000  0.000000000000000 
64.000000000000000  0.000000000000000  0.000000000000000 
65.000000000000000  0.000000000000000  0.000000000000000 
66.000000000000000  0.000000000000000  0.000000000000000 
67.000000000000000  0.000000000000000  0.000000000000000 
68.000000000000000  0.000000000000000  0.000000000000000 
69.000000000000000  0.000000000000000  0.000000000000000 
70.000000000000000  0.000000000000000  0.000000000000000 
71.000000000000000  0.000000000000000  0.000000000000000 
72.000000000000000  0.000000000000000  0.000000000000000 
73.000000000000000  0.000000000000000  0.000000000000000 
74.000000000000000  0.000000000000000  0.000000000000000 
75.000000000000000  0.000000000000000  0.000000000000000 
76.000000000000000  0.000000000000000  0.000000000000000 
77.000000000000000  0.000000000000000  0.000000000000000 
78.000000000000000  0.000000000000000  0.000000000000000 
79.000000000000000  0.000000000000000  0.000000000000000 
80.000000000000000  0.000000000000000  0.000000000000000 
81.000000000000000  0.000000000000000  0.000000000000000 
82.000000000000000  0.000000000000000  0.000000000000000 
83.000000000000000  0.000000000000000  0.000000000000000 
84.000000000000000  0.000000000000000  0.000000000000000 
85.000000000000000  0.000000000000000  0.000000000000000 
86.000000000000000  0.000000000000000  0.000000000000000 
87.000000000000000  0.000000000000000  0.000000000000000 
88.000000000000000  0.000000000000000  0.000000000000000 
89.000000000000000  0.000000000000000  0.000000000000000 
90.000000000000000  0.000000000000000  0.000000000000000 
91.000000000000000  0.000000000000000  0.000000000000000 
92.000000000000000  0.000000000000000  0.000000000000000 
93.000000000000000  0.000000000000000  0.000000000000000 
94.000000000000000  0.000000000000000  0.000000000000000 
95.000000000000000  0.000000000000000  0.000000000000000 
96.000000000000000  0.000000000000000  0.000000000000000 
97.000000000000000  0.000000000000000  0.000000000000000 
98.000000000000000  0.000000000000000  0.000000000000000 
99.000000000000000  0.000000000000000  0.000000000000000 
100.000000000000000  0.000000000000000  0.000000000000000 
101.000000000000000  0.000000000000000  0.000000000000000 
102.000000000000000  0.000000000000000  0.000000000000000 
103.000000000000000  0.000000000000000  0.000000000000000 
104.000000000000000  0.000000000000000  0.000000000000000 
105.000000000000000  0.000000000000000  0.000000000000000 
106.000000000000000  0.000000000000000  0.000000000000000 
107.000000000000000  0.000000000000000  0.000000000000000 
108.000000000000000  0.000000000000000  0.000000000000000 
109.000000000000000  0.000000000000000  0.000000000000000 
110.000000000000000  0.000000000000000  0.000000000000000 
111.000000000000000  0.000000000000000  0.000000000000000 
112.000000000000000  0.000000000000000  0.000000000000000 
113.000000000000000  0.000000000000000  0.000000000000000 
114.000000000000000  0.000000000000000  0.000000000000000 
115.000000000000000  0.000000000000000  0.000000000000000 
116.000000000000000  0.000000000000000  0.000000000000000 
117.000000000000000  0.000000000000000  0.000000000000000 
118.000000000000000  0.000000000000000  0.000000000000000 
119.000000000000000  0.000000000000000  0.000000000000000 
120.000000000000000  0.000000000000000  0.000000000000000 
121.000000000000000  0.000000000000000  0.000000000000000 
122.000000000000000  0.000000000000000  0.000000000000000 
123.000000000000000  0.000000000000000  0.000000000000000 
124.000000000000000  0.000000000000000  0.000000000000000 
125.000000000000000  0.000000000000000  0.000000000000000 
126.000000000000000  0.000000000000000  0.000000000000000 
127.000000000000000  0.000000000000000  0.000000000000000 
