 0.000000000000000 173.047649142765408 1910.000000000000000 
 1.000000000000000 263.990866470408548 2502.000000000000000 
 2.000000000000000 241.576278902681878 631.000000000000000 
 3.000000000000000 214.777364352353914 336.000000000000000 
 4.000000000000000 214.133313363021955 1242.000000000000000 
 5.000000000000000 256.983099710624970 572.000000000000000 
 6.000000000000000 262.041292084423844 889.000000000000000 
 7.000000000000000 229.198468237042817 1680.000000000000000 
 8.000000000000000 236.150019040966868 1129.000000000000000 
 9.000000000000000 234.147421362033043 472.000000000000000 
10.000000000000000 241.590465657012345 1217.000000000000000 
11.000000000000000 214.188163210829060 255.000000000000000 
12.000000000000000 219.521093392284371 311.000000000000000 
13.000000000000000 250.165113800998171 553.000000000000000 
14.000000000000000 275.384710471281949 322.000000000000000 
15.000000000000000 223.428703521082753 360.000000000000000 
16.000000000000000 240.548704206800039 851.000000000000000 
17.000000000000000 198.637711606957282 398.000000000000000 
18.000000000000000 243.861190624135162 641.000000000000000 
19.000000000000000 238.161043629328333 296.000000000000000 
20.000000000000000 266.078820636839396 760.000000000000000 
21.000000000000000 205.048292641127972 704.000000000000000 
22.000000000000000 245.298913178734210 301.000000000000000 
23.000000000000000 223.940779439794795 1995.000000000000000 
24.000000000000000 202.233776575794820 333.000000000000000 
25.000000000000000 233.562264636280077 397.000000000000000 
26.000000000000000 190.665720477218628 1554.000000000000000 
27.000000000000000 211.271097457420353 540.000000000000000 
28.000000000000000 266.029773433799903 903.000000000000000 
29.000000000000000 226.179317574302985 528.000000000000000 
30.000000000000000 222.860295777807920 556.000000000000000 
31.000000000000000 205.512611354786458 394.000000000000000 
32.000000000000000 249.545520115376632 271.000000000000000 
33.000000000000000 194.655870612252130 198.000000000000000 
34.000000000000000  0.000000000000000  0.000000000000000 
35.000000000000000  0.000000000000000  0.000000000000000 
36.000000000000000  0.000000000000000  0.000000000000000 
37.000000000000000  0.000000000000000  0.000000000000000 
38.000000000000000  0.000000000000000  0.000000000000000 
39.000000000000000  0.000000000000000  0.000000000000000 
40.000000000000000  0.000000000000000  0.000000000000000 
41.000000000000000  0.000000000000000  0.000000000000000 
42.000000000000000  0.000000000000000  0.000000000000000 
43.000000000000000  0.000000000000000  0.000000000000000 
44.000000000000000  0.000000000000000  0.000000000000000 
45.000000000000000  0.000000000000000  0.000000000000000 
46.000000000000000  0.000000000000000  0.000000000000000 
47.000000000000000  0.000000000000000  0.000000000000000 
48.000000000000000  0.000000000000000  0.000000000000000 
49.000000000000000  0.000000000000000  0.000000000000000 
50.000000000000000  0.000000000000000  0.000000000000000 
51.000000000000000  0.000000000000000  0.000000000000000 
52.000000000000000  0.000000000000000  0.000000000000000 
53.000000000000000  0.000000000000000  0.000000000000000 
54.000000000000000  0.000000000000000  0.000000000000000 
55.000000000000000  0.000000000000000  0.000000000000000 
56.000000000000000  0.000000000000000  0.000000000000000 
57.000000000000000  0.000000000000000  0.000000000000000 
58.000000000000000  0.000000000000000  0.000000000000000 
59.000000000000000  0.000000000000000  0.000000000000000 
60.000000000000000  0.000000000000000  0.000000000000000 
61.000000000000000  0.000000000000000  0.000000000000000 
62.000000000000000  0.000000000000000  0.000000000000000 
63.000000000000000  0.000000000000000  0.000000000000000 
64.000000000000000  0.000000000000000  0.000000000000000 
65.000000000000000  0.000000000000000  0.000000000000000 
66.000000000000000  0.000000000000000  0.000000000000000 
67.000000000000000  0.000000000000000  0.000000000000000 
68.000000000000000  0.000000000000000  0.000000000000000 
69.000000000000000  0.000000000000000  0.000000000000000 
70.000000000000000  0.000000000000000  0.000000000000000 
71.000000000000000  0.000000000000000  0.000000000000000 
72.000000000000000  0.000000000000000  0.000000000000000 
73.000000000000000  0.000000000000000  0.000000000000000 
74.000000000000000  0.000000000000000  0.000000000000000 
75.000000000000000  0.000000000000000  0.000000000000000 
76.000000000000000  0.000000000000000  0.000000000000000 
77.000000000000000  0.000000000000000  0.000000000000000 
78.000000000000000  0.000000000000000  0.000000000000000 
79.000000000000000  0.000000000000000  0.000000000000000 
80.000000000000000  0.000000000000000  0.000000000000000 
81.000000000000000  0.000000000000000  0.000000000000000 
82.000000000000000  0.000000000000000  0.000000000000000 
83.000000000000000  0.000000000000000  0.000000000000000 
84.000000000000000  0.000000000000000  0.000000000000000 
85.000000000000000  0.000000000000000  0.000000000000000 
86.000000000000000  0.000000000000000  0.000000000000000 
87.000000000000000  0.000000000000000  0.000000000000000 
88.000000000000000  0.000000000000000  0.000000000000000 
89.000000000000000  0.000000000000000  0.000000000000000 
90.000000000000000  0.000000000000000  0.000000000000000 
91.000000000000000  0.000000000000000  0.000000000000000 
92.000000000000000  0.000000000000000  0.000000000000000 
93.000000000000000  0.000000000000000  0.000000000000000 
94.000000000000000  0.000000000000000  0.000000000000000 
95.000000000000000  0.000000000000000  0.000000000000000 
96.000000000000000  0.000000000000000  0.000000000000000 
97.000000000000000  0.000000000000000  0.000000000000000 
98.000000000000000  0.000000000000000  0.000000000000000 
99.000000000000000  0.000000000000000  0.000000000000000 
100.000000000000000  0.000000000000000  0.000000000000000 
101.000000000000000  0.000000000000000  0.000000000000000 
102.000000000000000  0.000000000000000  0.000000000000000 
103.000000000000000  0.000000000000000  0.000000000000000 
104.000000000000000  0.000000000000000  0.000000000000000 
105.000000000000000  0.000000000000000  0.000000000000000 
106.000000000000000  0.000000000000000  0.000000000000000 
107.000000000000000  0.000000000000000  0.000000000000000 
108.000000000000000  0.000000000000000  0.000000000000000 
109.000000000000000  0.000000000000000  0.000000000000000 
110.000000000000000  0.000000000000000  0.000000000000000 
111.000000000000000  0.000000000000000  0.000000000000000 
112.000000000000000  0.000000000000000  0.000000000000000 
113.000000000000000  0.000000000000000  0.000000000000000 
114.000000000000000  0.000000000000000  0.000000000000000 
115.000000000000000  0.000000000000000  0.000000000000000 
116.000000000000000  0.000000000000000  0.000000000000000 
117.000000000000000  0.000000000000000  0.000000000000000 
118.000000000000000  0.000000000000000  0.000000000000000 
119.000000000000000  0.000000000000000  0.000000000000000 
120.000000000000000  0.000000000000000  0.000000000000000 
121.000000000000000  0.000000000000000  0.000000000000000 
122.000000000000000  0.000000000000000  0.000000000000000 
123.000000000000000  0.000000000000000  0.000000000000000 
124.000000000000000  0.000000000000000  0.000000000000000 
125.000000000000000  0.000000000000000  0.000000000000000 
126.000000000000000  0.000000000000000  0.000000000000000 
127.000000000000000  0.000000000000000  0.000000000000000 
