 0.000000000000000 31.983091372018759 453.000000000000000 
 1.000000000000000 34.348912558628058 300.000000000000000 
 2.000000000000000 35.324092077931596 326.000000000000000 
 3.000000000000000 34.553511352099967 164.000000000000000 
 4.000000000000000 28.355407253739457 582.000000000000000 
 5.000000000000000 30.259026253031813 124.000000000000000 
 6.000000000000000 38.582721083993079 394.000000000000000 
 7.000000000000000 31.544406409738677 238.000000000000000 
 8.000000000000000 39.757326816803719 205.000000000000000 
 9.000000000000000 39.409146486404389 107.000000000000000 
10.000000000000000 33.182355618101163 300.000000000000000 
11.000000000000000 27.568260481764586 48.000000000000000 
12.000000000000000 29.045808240456569 76.000000000000000 
13.000000000000000 34.289818332550496 79.000000000000000 
14.000000000000000 26.489949843773587 53.000000000000000 
15.000000000000000 37.050372515005719 105.000000000000000 
16.000000000000000 33.624614793484014 139.000000000000000 
17.000000000000000 37.202375573835425 192.000000000000000 
18.000000000000000 36.261161438848205 328.000000000000000 
19.000000000000000 35.542126782849166 61.000000000000000 
20.000000000000000 36.516164949602022 185.000000000000000 
21.000000000000000 32.413747077799833 153.000000000000000 
22.000000000000000 32.394077473704407 68.000000000000000 
23.000000000000000 34.786768741397793 589.000000000000000 
24.000000000000000 38.615145073622010 109.000000000000000 
25.000000000000000 39.013457217839729 96.000000000000000 
26.000000000000000 31.493953390360225 494.000000000000000 
27.000000000000000 30.162400995161285 155.000000000000000 
28.000000000000000 34.861949774143568 196.000000000000000 
29.000000000000000 27.235643916809099 97.000000000000000 
30.000000000000000 34.844404366185998 126.000000000000000 
31.000000000000000 31.372700348417840 84.000000000000000 
32.000000000000000 28.535534493531511 57.000000000000000 
33.000000000000000 26.163764840249993 40.000000000000000 
34.000000000000000 38.185486121913058 115.000000000000000 
35.000000000000000 30.626655818034592 103.000000000000000 
36.000000000000000 31.524609889967589 90.000000000000000 
37.000000000000000 31.640457945378333 70.000000000000000 
38.000000000000000 25.726724774644516 664.000000000000000 
39.000000000000000 32.129289114324280 428.000000000000000 
40.000000000000000 28.747889353644066 118.000000000000000 
41.000000000000000 32.019661772940204 284.000000000000000 
42.000000000000000 39.437897297439029 82.000000000000000 
43.000000000000000 40.093138750615772 147.000000000000000 
44.000000000000000 24.951879003187962 543.000000000000000 
45.000000000000000 32.845603409691449 218.000000000000000 
46.000000000000000 26.638335183321377 145.000000000000000 
47.000000000000000 36.570752357113456 171.000000000000000 
48.000000000000000 35.148057574833729 112.000000000000000 
49.000000000000000 25.475086036429435 324.000000000000000 
50.000000000000000 38.589845498109874 570.000000000000000 
51.000000000000000 38.585632959135246 139.000000000000000 
52.000000000000000 28.881120920212766 94.000000000000000 
53.000000000000000 30.236994266805510 109.000000000000000 
54.000000000000000 27.194510798738012 748.000000000000000 
55.000000000000000 25.802708770691936 505.000000000000000 
56.000000000000000 40.212613019183948 101.000000000000000 
57.000000000000000 34.937700831326303 190.000000000000000 
58.000000000000000 32.540231904374821 152.000000000000000 
59.000000000000000 30.160254730431991 75.000000000000000 
60.000000000000000 30.374016208223146 147.000000000000000 
61.000000000000000 37.541034304469775 82.000000000000000 
62.000000000000000 32.178640337746479 71.000000000000000 
63.000000000000000 26.721159568400005 50.000000000000000 
64.000000000000000 27.405712525417417 445.000000000000000 
65.000000000000000 32.606443056147363 139.000000000000000 
66.000000000000000 32.852724858339620 53.000000000000000 
67.000000000000000 37.422257029276743 86.000000000000000 
68.000000000000000 28.304994826178383 155.000000000000000 
69.000000000000000 35.695341296288333 146.000000000000000 
70.000000000000000 39.871599312022056 247.000000000000000 
71.000000000000000 29.733714123050625 148.000000000000000 
72.000000000000000 22.465814931300443 331.000000000000000 
73.000000000000000 33.730329503018005 225.000000000000000 
74.000000000000000 33.237859201914375 82.000000000000000 
75.000000000000000 37.835620517153124 96.000000000000000 
76.000000000000000 27.233766013600004 38.000000000000000 
77.000000000000000 31.891059897835881 210.000000000000000 
78.000000000000000 31.500851427059839 199.000000000000000 
79.000000000000000 37.022198054620787 193.000000000000000 
80.000000000000000 37.704355161529172 299.000000000000000 
81.000000000000000 25.166927467544092 93.000000000000000 
82.000000000000000 30.700095190874787 263.000000000000000 
83.000000000000000 38.970984044674964 89.000000000000000 
84.000000000000000 38.634418586553416 73.000000000000000 
85.000000000000000 30.306977748296124 94.000000000000000 
86.000000000000000 33.070785948024714 67.000000000000000 
87.000000000000000 31.141243426988026 70.000000000000000 
88.000000000000000 29.983566283476581 163.000000000000000 
89.000000000000000 30.900444710362112 93.000000000000000 
90.000000000000000 26.257616189244068 615.000000000000000 
91.000000000000000 31.202985312024403 525.000000000000000 
92.000000000000000 32.883842808166861 151.000000000000000 
93.000000000000000 33.555003089662016 187.000000000000000 
94.000000000000000 32.704217805569570 248.000000000000000 
95.000000000000000 33.788751216724052 263.000000000000000 
96.000000000000000 37.281907666249580 415.000000000000000 
97.000000000000000 25.421942027765542 35.000000000000000 
98.000000000000000 33.285828349157576 165.000000000000000 
99.000000000000000 30.403571299862556 243.000000000000000 
100.000000000000000 32.453839801151581 95.000000000000000 
101.000000000000000 35.397979272768168 201.000000000000000 
102.000000000000000 33.047071818906403 218.000000000000000 
103.000000000000000 32.320854509992785 111.000000000000000 
104.000000000000000 32.003806730073414 128.000000000000000 
105.000000000000000 39.685940255850163 400.000000000000000 
106.000000000000000 26.849340254717276 110.000000000000000 
107.000000000000000 33.820328844761711 141.000000000000000 
108.000000000000000 26.713897528972918 48.000000000000000 
109.000000000000000 28.904497476038308 142.000000000000000 
110.000000000000000 30.635925769793932 574.000000000000000 
111.000000000000000 34.922926179146501 363.000000000000000 
112.000000000000000 28.457388444843243 104.000000000000000 
113.000000000000000 29.773276980004688 122.000000000000000 
114.000000000000000 32.479115525808702 69.000000000000000 
115.000000000000000 30.442233777724535 106.000000000000000 
116.000000000000000 23.664145035391677 62.000000000000000 
117.000000000000000 31.218023872350543 210.000000000000000 
118.000000000000000 30.833262815285792 699.000000000000000 
119.000000000000000 33.445190649623370 146.000000000000000 
120.000000000000000 25.120460495172555 65.000000000000000 
121.000000000000000 30.591368704588533 229.000000000000000 
122.000000000000000 26.622206359028183 194.000000000000000 
123.000000000000000 34.574363751430297 99.000000000000000 
124.000000000000000 24.793900361491751 212.000000000000000 
125.000000000000000 16.127714979200000 25.000000000000000 
126.000000000000000 27.876510987353143 294.000000000000000 
127.000000000000000 26.662044816725853 520.000000000000000 
