 0.000000000000000 43.465506489081733 639.000000000000000 
 1.000000000000000 36.132256979184611 359.000000000000000 
 2.000000000000000 43.422328689973455 342.000000000000000 
 3.000000000000000 49.409550634911255 199.000000000000000 
 4.000000000000000 50.350129619493408 785.000000000000000 
 5.000000000000000 54.405681549283521 184.000000000000000 
 6.000000000000000 50.092519716280961 380.000000000000000 
 7.000000000000000 45.176268945459007 323.000000000000000 
 8.000000000000000 49.041223601207520 258.000000000000000 
 9.000000000000000 51.356695446269356 127.000000000000000 
10.000000000000000 52.446786585556090 463.000000000000000 
11.000000000000000 32.452507140818177 55.000000000000000 
12.000000000000000 48.810412968182007 90.000000000000000 
13.000000000000000 41.775883882215354 99.000000000000000 
14.000000000000000 51.909943718625001 80.000000000000000 
15.000000000000000 45.047252482279852 124.000000000000000 
16.000000000000000 34.518663670334959 167.000000000000000 
17.000000000000000 46.673407118591662 219.000000000000000 
18.000000000000000 50.605219574255692 404.000000000000000 
19.000000000000000 56.665576326602441 124.000000000000000 
20.000000000000000 48.650836447364178 221.000000000000000 
21.000000000000000 46.401394288919164 208.000000000000000 
22.000000000000000 49.470563390151398 107.000000000000000 
23.000000000000000 44.602732520120973 720.000000000000000 
24.000000000000000 52.932553280326232 121.000000000000000 
25.000000000000000 49.002348401507874 112.000000000000000 
26.000000000000000 61.066617244967148 693.000000000000000 
27.000000000000000 42.733376744288066 190.000000000000000 
28.000000000000000 56.538657514630927 321.000000000000000 
29.000000000000000 58.370614523277339 181.000000000000000 
30.000000000000000 48.752765126434454 151.000000000000000 
31.000000000000000 47.142751501193970 110.000000000000000 
32.000000000000000 45.823678601620244 81.000000000000000 
33.000000000000000 57.526778817669964 70.000000000000000 
34.000000000000000 47.621377719820813 125.000000000000000 
35.000000000000000 43.628717379413715 137.000000000000000 
36.000000000000000 50.929893169733759 152.000000000000000 
37.000000000000000 51.107440687942010 121.000000000000000 
38.000000000000000 44.209230866653421 931.000000000000000 
39.000000000000000 50.831749425786171 367.000000000000000 
40.000000000000000 37.740705207398349 121.000000000000000 
41.000000000000000 54.188870595809831 221.000000000000000 
42.000000000000000 57.144024322033893 118.000000000000000 
43.000000000000000 50.820255321152160 188.000000000000000 
44.000000000000000 52.954692237516483 699.000000000000000 
45.000000000000000 46.124734161980854 289.000000000000000 
46.000000000000000 37.996372318148232 189.000000000000000 
47.000000000000000 62.235823802679441 211.000000000000000 
48.000000000000000 44.159826814815879 153.000000000000000 
49.000000000000000 53.452940197235890 480.000000000000000 
50.000000000000000 53.103956569736184 737.000000000000000 
51.000000000000000 48.205498558616043 137.000000000000000 
52.000000000000000 49.547571895216059 137.000000000000000 
53.000000000000000 51.057884968186457 164.000000000000000 
54.000000000000000 36.748098281810975 829.000000000000000 
55.000000000000000 33.554844624520058 572.000000000000000 
56.000000000000000 56.959424856209061 152.000000000000000 
57.000000000000000 47.105064702627878 258.000000000000000 
58.000000000000000 39.638078320748086 166.000000000000000 
59.000000000000000 49.012617092764714 102.000000000000000 
60.000000000000000 38.825700119270124 171.000000000000000 
61.000000000000000 50.377707691243565 110.000000000000000 
62.000000000000000 36.107213447564106 78.000000000000000 
63.000000000000000 56.451808258991008 89.000000000000000 
64.000000000000000 42.989672428395259 418.000000000000000 
65.000000000000000 39.715672975200405 149.000000000000000 
66.000000000000000 43.330492567467687 65.000000000000000 
67.000000000000000 50.380744283486408 131.000000000000000 
68.000000000000000 37.376298153862187 192.000000000000000 
69.000000000000000 43.294711524870394 162.000000000000000 
70.000000000000000 49.890961933236518 284.000000000000000 
71.000000000000000 47.883945415587341 255.000000000000000 
72.000000000000000 51.787906438639574 857.000000000000000 
73.000000000000000 41.086222741298712 274.000000000000000 
74.000000000000000 38.957849217042529 92.000000000000000 
75.000000000000000 44.833227278749050 104.000000000000000 
76.000000000000000 31.431597698018610 43.000000000000000 
77.000000000000000 43.047670053973263 440.000000000000000 
78.000000000000000 38.758393831541902 223.000000000000000 
79.000000000000000 38.699372583626797 211.000000000000000 
80.000000000000000 41.489759544638659 290.000000000000000 
81.000000000000000 37.708750962609493 116.000000000000000 
82.000000000000000 32.510604614426391 274.000000000000000 
83.000000000000000 46.224796572322155 100.000000000000000 
84.000000000000000 40.810939374151317 76.000000000000000 
85.000000000000000 35.617501123426599 113.000000000000000 
86.000000000000000 37.554638376827661 80.000000000000000 
87.000000000000000 36.961301927452389 88.000000000000000 
88.000000000000000 40.339955104227670 208.000000000000000 
89.000000000000000 36.981219854018789 106.000000000000000 
90.000000000000000 49.826729661922997 884.000000000000000 
91.000000000000000 46.284816362081969 722.000000000000000 
92.000000000000000 42.646668874895461 168.000000000000000 
93.000000000000000 41.100458821543775 247.000000000000000 
94.000000000000000 42.732839549255260 208.000000000000000 
95.000000000000000 38.136431895057591 303.000000000000000 
96.000000000000000 39.393103525313286 413.000000000000000 
97.000000000000000 26.491483847566524 36.000000000000000 
98.000000000000000 36.392444628713655 176.000000000000000 
99.000000000000000 37.720550793705662 296.000000000000000 
100.000000000000000 31.272388210282422 92.000000000000000 
101.000000000000000 36.533581855662717 194.000000000000000 
102.000000000000000  0.000000000000000  0.000000000000000 
103.000000000000000  0.000000000000000  0.000000000000000 
104.000000000000000  0.000000000000000  0.000000000000000 
105.000000000000000  0.000000000000000  0.000000000000000 
106.000000000000000  0.000000000000000  0.000000000000000 
107.000000000000000  0.000000000000000  0.000000000000000 
108.000000000000000  0.000000000000000  0.000000000000000 
109.000000000000000  0.000000000000000  0.000000000000000 
110.000000000000000  0.000000000000000  0.000000000000000 
111.000000000000000  0.000000000000000  0.000000000000000 
112.000000000000000  0.000000000000000  0.000000000000000 
113.000000000000000  0.000000000000000  0.000000000000000 
114.000000000000000  0.000000000000000  0.000000000000000 
115.000000000000000  0.000000000000000  0.000000000000000 
116.000000000000000  0.000000000000000  0.000000000000000 
117.000000000000000  0.000000000000000  0.000000000000000 
118.000000000000000  0.000000000000000  0.000000000000000 
119.000000000000000  0.000000000000000  0.000000000000000 
120.000000000000000  0.000000000000000  0.000000000000000 
121.000000000000000  0.000000000000000  0.000000000000000 
122.000000000000000  0.000000000000000  0.000000000000000 
123.000000000000000  0.000000000000000  0.000000000000000 
124.000000000000000  0.000000000000000  0.000000000000000 
125.000000000000000  0.000000000000000  0.000000000000000 
126.000000000000000  0.000000000000000  0.000000000000000 
127.000000000000000  0.000000000000000  0.000000000000000 
