 0.000000000000000 43.465506489081726 639.000000000000000 
 1.000000000000000 36.132256979184611 359.000000000000000 
 2.000000000000000 44.659900519818230 347.000000000000000 
 3.000000000000000 48.544404348821672 197.000000000000000 
 4.000000000000000 50.350129619493430 785.000000000000000 
 5.000000000000000 52.641867692441977 178.000000000000000 
 6.000000000000000 50.092519716280947 380.000000000000000 
 7.000000000000000 44.981364694124132 322.000000000000000 
 8.000000000000000 49.773717832170028 261.000000000000000 
 9.000000000000000 52.577634310100201 131.000000000000000 
10.000000000000000 54.685352152464958 484.000000000000000 
11.000000000000000 32.452507140818170 55.000000000000000 
12.000000000000000 48.810412968182000 90.000000000000000 
13.000000000000000 41.775883882215354 99.000000000000000 
14.000000000000000 51.909943718625001 80.000000000000000 
15.000000000000000 45.047252482279845 124.000000000000000 
16.000000000000000 34.518663670334959 167.000000000000000 
17.000000000000000 44.047826349309680 209.000000000000000 
18.000000000000000 50.694262638404922 406.000000000000000 
19.000000000000000 57.660711557928138 126.000000000000000 
20.000000000000000 47.555292500354895 215.000000000000000 
21.000000000000000 43.135520583109063 192.000000000000000 
22.000000000000000 49.083981305611303 106.000000000000000 
23.000000000000000 44.761913226809888 721.000000000000000 
24.000000000000000 52.033148430789886 119.000000000000000 
25.000000000000000 48.110724338137501 110.000000000000000 
26.000000000000000 61.030247531467246 693.000000000000000 
27.000000000000000 38.467049159026708 176.000000000000000 
28.000000000000000 56.812432961075729 321.000000000000000 
29.000000000000000 61.120049401810370 189.000000000000000 
30.000000000000000 48.542280929375693 150.000000000000000 
31.000000000000000 46.826828148411160 109.000000000000000 
32.000000000000000 45.823678601620244 81.000000000000000 
33.000000000000000 57.526778817669964 70.000000000000000 
34.000000000000000 46.957446224677419 124.000000000000000 
35.000000000000000 41.290482801499614 131.000000000000000 
36.000000000000000 50.929893169733795 152.000000000000000 
37.000000000000000 51.564884908080799 122.000000000000000 
38.000000000000000 44.209230866653407 931.000000000000000 
39.000000000000000 50.555467786447103 366.000000000000000 
40.000000000000000 37.475458089910752 121.000000000000000 
41.000000000000000 54.188870595809803 221.000000000000000 
42.000000000000000 57.144024322033914 118.000000000000000 
43.000000000000000 50.567441625878480 187.000000000000000 
44.000000000000000 52.954692237516447 699.000000000000000 
45.000000000000000 40.829763856210633 256.000000000000000 
46.000000000000000 33.960950589994461 158.000000000000000 
47.000000000000000 54.480038580944303 169.000000000000000 
48.000000000000000 43.029776368120935 148.000000000000000 
49.000000000000000 53.616112330747463 480.000000000000000 
50.000000000000000 53.103956569736106 737.000000000000000 
51.000000000000000 49.050440858153934 139.000000000000000 
52.000000000000000 42.302722412370237 121.000000000000000 
53.000000000000000 49.606840686781851 160.000000000000000 
54.000000000000000 36.748098281810996 829.000000000000000 
55.000000000000000 33.554844624520022 572.000000000000000 
56.000000000000000 56.622413770136809 151.000000000000000 
57.000000000000000 44.600810941013052 248.000000000000000 
58.000000000000000 41.911510286303830 168.000000000000000 
59.000000000000000 49.012617092764707 102.000000000000000 
60.000000000000000 38.246988437666751 170.000000000000000 
61.000000000000000 49.863499635206132 109.000000000000000 
62.000000000000000 36.107213447564099 78.000000000000000 
63.000000000000000 55.997568155538666 88.000000000000000 
64.000000000000000 43.088434759221556 419.000000000000000 
65.000000000000000 38.315884173186838 139.000000000000000 
66.000000000000000 43.330492567467687 65.000000000000000 
67.000000000000000 46.091004634023619 127.000000000000000 
68.000000000000000 36.550478264188477 189.000000000000000 
69.000000000000000 44.060592059586057 165.000000000000000 
70.000000000000000 48.707681757352773 280.000000000000000 
71.000000000000000 48.251185375454675 260.000000000000000 
72.000000000000000 51.787906438639631 857.000000000000000 
73.000000000000000 40.351268254620898 273.000000000000000 
74.000000000000000 38.942573109202371 92.000000000000000 
75.000000000000000 44.833227278749042 104.000000000000000 
76.000000000000000 31.431597698018603 43.000000000000000 
77.000000000000000 43.047670053973270 440.000000000000000 
78.000000000000000 37.787995061649703 220.000000000000000 
79.000000000000000 39.415485499585841 210.000000000000000 
80.000000000000000 41.984419745398689 292.000000000000000 
81.000000000000000 35.865321983403582 112.000000000000000 
82.000000000000000 28.017090045729688 251.000000000000000 
83.000000000000000 46.020061790750162 100.000000000000000 
84.000000000000000 40.810939374151339 76.000000000000000 
85.000000000000000 35.617501123426621 113.000000000000000 
86.000000000000000 38.219482045518518 81.000000000000000 
87.000000000000000 36.543729677539808 87.000000000000000 
88.000000000000000 40.339955104227670 208.000000000000000 
89.000000000000000 36.981219854018782 106.000000000000000 
90.000000000000000 49.826729661923039 884.000000000000000 
91.000000000000000 46.284816362081976 722.000000000000000 
92.000000000000000 40.506595342313148 156.000000000000000 
93.000000000000000 40.275766551417306 247.000000000000000 
94.000000000000000 42.259073633067601 207.000000000000000 
95.000000000000000 38.133032254262183 303.000000000000000 
96.000000000000000 40.365551056713876 420.000000000000000 
97.000000000000000 26.491483847566531 36.000000000000000 
98.000000000000000 38.117633992228114 181.000000000000000 
99.000000000000000 39.655539527933513 286.000000000000000 
100.000000000000000 31.251272423556514 92.000000000000000 
101.000000000000000 39.524373728544852 205.000000000000000 
102.000000000000000 29.716493781095839 207.000000000000000 
103.000000000000000  0.000000000000000  0.000000000000000 
104.000000000000000  0.000000000000000  0.000000000000000 
105.000000000000000  0.000000000000000  0.000000000000000 
106.000000000000000  0.000000000000000  0.000000000000000 
107.000000000000000  0.000000000000000  0.000000000000000 
108.000000000000000  0.000000000000000  0.000000000000000 
109.000000000000000  0.000000000000000  0.000000000000000 
110.000000000000000  0.000000000000000  0.000000000000000 
111.000000000000000  0.000000000000000  0.000000000000000 
112.000000000000000  0.000000000000000  0.000000000000000 
113.000000000000000  0.000000000000000  0.000000000000000 
114.000000000000000  0.000000000000000  0.000000000000000 
115.000000000000000  0.000000000000000  0.000000000000000 
116.000000000000000  0.000000000000000  0.000000000000000 
117.000000000000000  0.000000000000000  0.000000000000000 
118.000000000000000  0.000000000000000  0.000000000000000 
119.000000000000000  0.000000000000000  0.000000000000000 
120.000000000000000  0.000000000000000  0.000000000000000 
121.000000000000000  0.000000000000000  0.000000000000000 
122.000000000000000  0.000000000000000  0.000000000000000 
123.000000000000000  0.000000000000000  0.000000000000000 
124.000000000000000  0.000000000000000  0.000000000000000 
125.000000000000000  0.000000000000000  0.000000000000000 
126.000000000000000  0.000000000000000  0.000000000000000 
127.000000000000000  0.000000000000000  0.000000000000000 
