 0.000000000000000 85.638933650189870 791.000000000000000 
 1.000000000000000 79.407757446913038 678.000000000000000 
 2.000000000000000 102.896158658323259 569.000000000000000 
 3.000000000000000 92.798501618771937 227.000000000000000 
 4.000000000000000 71.578921214650080 864.000000000000000 
 5.000000000000000 96.510100368519758 247.000000000000000 
 6.000000000000000 92.104243657878115 596.000000000000000 
 7.000000000000000 84.640729098386601 697.000000000000000 
 8.000000000000000 100.439730375770509 336.000000000000000 
 9.000000000000000 79.220871110499274 180.000000000000000 
10.000000000000000 100.069149467262605 615.000000000000000 
11.000000000000000 95.354903840451186 129.000000000000000 
12.000000000000000 103.954167901973037 158.000000000000000 
13.000000000000000 85.384282443737916 186.000000000000000 
14.000000000000000 91.527394956138011 145.000000000000000 
15.000000000000000 86.011105117814324 167.000000000000000 
16.000000000000000 84.654732661072032 315.000000000000000 
17.000000000000000 77.902280105121221 297.000000000000000 
18.000000000000000 88.589016540510713 454.000000000000000 
19.000000000000000 91.567211878156641 148.000000000000000 
20.000000000000000 78.567228554293308 306.000000000000000 
21.000000000000000 87.142786990172198 401.000000000000000 
22.000000000000000 96.061524675811185 143.000000000000000 
23.000000000000000 63.605922423231362 918.000000000000000 
24.000000000000000 88.998287286477762 177.000000000000000 
25.000000000000000 93.760208595993262 162.000000000000000 
26.000000000000000 94.456118047864905 858.000000000000000 
27.000000000000000 92.988278760796064 318.000000000000000 
28.000000000000000 91.735304197730144 387.000000000000000 
29.000000000000000 83.819118076316812 226.000000000000000 
30.000000000000000 100.333302586156194 308.000000000000000 
31.000000000000000 93.367296863219522 225.000000000000000 
32.000000000000000 81.761150133101395 131.000000000000000 
33.000000000000000 76.373066485482894 82.000000000000000 
34.000000000000000 77.400897490650010 176.000000000000000 
35.000000000000000 78.618962511000262 255.000000000000000 
36.000000000000000 83.119217889252553 240.000000000000000 
37.000000000000000 94.095543759571569 260.000000000000000 
38.000000000000000 86.153589443781271 1370.000000000000000 
39.000000000000000 98.506844684911286 575.000000000000000 
40.000000000000000 84.452075026835743 313.000000000000000 
41.000000000000000 86.270723315764911 277.000000000000000 
42.000000000000000 73.445246261304348 138.000000000000000 
43.000000000000000 84.639177483282765 298.000000000000000 
44.000000000000000 82.920575028722766 1227.000000000000000 
45.000000000000000 76.436250094226907 379.000000000000000 
46.000000000000000 75.431059526059769 391.000000000000000 
47.000000000000000 83.478766976518926 249.000000000000000 
48.000000000000000 93.643253372731053 333.000000000000000 
49.000000000000000 95.293933306682803 664.000000000000000 
50.000000000000000 92.690921196137538 1132.000000000000000 
51.000000000000000 81.383052279602722 182.000000000000000 
52.000000000000000 79.171987037647199 178.000000000000000 
53.000000000000000 76.127516789413662 161.000000000000000 
54.000000000000000 83.806956307823341 1239.000000000000000 
55.000000000000000 71.985250682365262 974.000000000000000 
56.000000000000000 92.332710460488556 225.000000000000000 
57.000000000000000 75.705410755990400 458.000000000000000 
58.000000000000000 84.802722806561420 282.000000000000000 
59.000000000000000 67.875767441807142 126.000000000000000 
60.000000000000000 79.624971027960598 271.000000000000000 
61.000000000000000 72.770763053967187 142.000000000000000 
62.000000000000000 64.720763247115329 124.000000000000000 
63.000000000000000 77.702242507160420 124.000000000000000 
64.000000000000000 68.732218876729902 483.000000000000000 
65.000000000000000 80.120467080152935 236.000000000000000 
66.000000000000000 63.462070042678384 78.000000000000000 
67.000000000000000  0.000000000000000  0.000000000000000 
68.000000000000000  0.000000000000000  0.000000000000000 
69.000000000000000  0.000000000000000  0.000000000000000 
70.000000000000000  0.000000000000000  0.000000000000000 
71.000000000000000  0.000000000000000  0.000000000000000 
72.000000000000000  0.000000000000000  0.000000000000000 
73.000000000000000  0.000000000000000  0.000000000000000 
74.000000000000000  0.000000000000000  0.000000000000000 
75.000000000000000  0.000000000000000  0.000000000000000 
76.000000000000000  0.000000000000000  0.000000000000000 
77.000000000000000  0.000000000000000  0.000000000000000 
78.000000000000000  0.000000000000000  0.000000000000000 
79.000000000000000  0.000000000000000  0.000000000000000 
80.000000000000000  0.000000000000000  0.000000000000000 
81.000000000000000  0.000000000000000  0.000000000000000 
82.000000000000000  0.000000000000000  0.000000000000000 
83.000000000000000  0.000000000000000  0.000000000000000 
84.000000000000000  0.000000000000000  0.000000000000000 
85.000000000000000  0.000000000000000  0.000000000000000 
86.000000000000000  0.000000000000000  0.000000000000000 
87.000000000000000  0.000000000000000  0.000000000000000 
88.000000000000000  0.000000000000000  0.000000000000000 
89.000000000000000  0.000000000000000  0.000000000000000 
90.000000000000000  0.000000000000000  0.000000000000000 
91.000000000000000  0.000000000000000  0.000000000000000 
92.000000000000000  0.000000000000000  0.000000000000000 
93.000000000000000  0.000000000000000  0.000000000000000 
94.000000000000000  0.000000000000000  0.000000000000000 
95.000000000000000  0.000000000000000  0.000000000000000 
96.000000000000000  0.000000000000000  0.000000000000000 
97.000000000000000  0.000000000000000  0.000000000000000 
98.000000000000000  0.000000000000000  0.000000000000000 
99.000000000000000  0.000000000000000  0.000000000000000 
100.000000000000000  0.000000000000000  0.000000000000000 
101.000000000000000  0.000000000000000  0.000000000000000 
102.000000000000000  0.000000000000000  0.000000000000000 
103.000000000000000  0.000000000000000  0.000000000000000 
104.000000000000000  0.000000000000000  0.000000000000000 
105.000000000000000  0.000000000000000  0.000000000000000 
106.000000000000000  0.000000000000000  0.000000000000000 
107.000000000000000  0.000000000000000  0.000000000000000 
108.000000000000000  0.000000000000000  0.000000000000000 
109.000000000000000  0.000000000000000  0.000000000000000 
110.000000000000000  0.000000000000000  0.000000000000000 
111.000000000000000  0.000000000000000  0.000000000000000 
112.000000000000000  0.000000000000000  0.000000000000000 
113.000000000000000  0.000000000000000  0.000000000000000 
114.000000000000000  0.000000000000000  0.000000000000000 
115.000000000000000  0.000000000000000  0.000000000000000 
116.000000000000000  0.000000000000000  0.000000000000000 
117.000000000000000  0.000000000000000  0.000000000000000 
118.000000000000000  0.000000000000000  0.000000000000000 
119.000000000000000  0.000000000000000  0.000000000000000 
120.000000000000000  0.000000000000000  0.000000000000000 
121.000000000000000  0.000000000000000  0.000000000000000 
122.000000000000000  0.000000000000000  0.000000000000000 
123.000000000000000  0.000000000000000  0.000000000000000 
124.000000000000000  0.000000000000000  0.000000000000000 
125.000000000000000  0.000000000000000  0.000000000000000 
126.000000000000000  0.000000000000000  0.000000000000000 
127.000000000000000  0.000000000000000  0.000000000000000 
