 0.000000000000000 107.661262612162105 1111.000000000000000 
 1.000000000000000 125.579991720080756 1383.000000000000000 
 2.000000000000000 142.484375148744249 821.000000000000000 
 3.000000000000000 152.184139199632000 260.000000000000000 
 4.000000000000000 117.085709058942427 751.000000000000000 
 5.000000000000000 141.859327766104741 331.000000000000000 
 6.000000000000000 114.947870886523432 616.000000000000000 
 7.000000000000000 91.913674632523623 1046.000000000000000 
 8.000000000000000 135.319998445203481 471.000000000000000 
 9.000000000000000 144.337871226944856 281.000000000000000 
10.000000000000000 134.703346994202974 844.000000000000000 
11.000000000000000 122.904868225655960 156.000000000000000 
12.000000000000000 144.555287412394676 217.000000000000000 
13.000000000000000 149.853422547652514 305.000000000000000 
14.000000000000000 135.677732563126227 189.000000000000000 
15.000000000000000 143.036020833465642 258.000000000000000 
16.000000000000000 115.762068729563907 442.000000000000000 
17.000000000000000 125.016151013003224 366.000000000000000 
18.000000000000000 125.922900758655672 509.000000000000000 
19.000000000000000 143.763072873799388 220.000000000000000 
20.000000000000000 156.183508793533463 613.000000000000000 
21.000000000000000 144.650191502639046 543.000000000000000 
22.000000000000000 126.207504925912417 188.000000000000000 
23.000000000000000 115.283480107179713 1510.000000000000000 
24.000000000000000 131.871347812289315 246.000000000000000 
25.000000000000000 137.209501523704745 223.000000000000000 
26.000000000000000 126.057340492010752 1178.000000000000000 
27.000000000000000 112.971806454263870 363.000000000000000 
28.000000000000000 140.396888956044819 531.000000000000000 
29.000000000000000 132.911370538089415 261.000000000000000 
30.000000000000000 141.141939270693797 364.000000000000000 
31.000000000000000 132.122891818840401 287.000000000000000 
32.000000000000000 129.665475941464962 190.000000000000000 
33.000000000000000 130.049960536395247 132.000000000000000 
34.000000000000000 116.304839645147752 176.000000000000000 
35.000000000000000 119.501798801896598 365.000000000000000 
36.000000000000000 121.064197243873480 236.000000000000000 
37.000000000000000 153.683088273663287 369.000000000000000 
38.000000000000000 115.465789687971750 1539.000000000000000 
39.000000000000000 124.770659864011549 593.000000000000000 
40.000000000000000 131.510416043009343 486.000000000000000 
41.000000000000000 125.260902100745255 398.000000000000000 
42.000000000000000 136.344643241953150 217.000000000000000 
43.000000000000000 154.328350765885489 388.000000000000000 
44.000000000000000 163.696082696378483 1800.000000000000000 
45.000000000000000 115.462626056890628 376.000000000000000 
46.000000000000000 107.532734062897148 412.000000000000000 
47.000000000000000 107.949029056078302 214.000000000000000 
48.000000000000000 118.956286869171677 443.000000000000000 
49.000000000000000 102.327402185511218 783.000000000000000 
50.000000000000000  0.000000000000000  0.000000000000000 
51.000000000000000  0.000000000000000  0.000000000000000 
52.000000000000000  0.000000000000000  0.000000000000000 
53.000000000000000  0.000000000000000  0.000000000000000 
54.000000000000000  0.000000000000000  0.000000000000000 
55.000000000000000  0.000000000000000  0.000000000000000 
56.000000000000000  0.000000000000000  0.000000000000000 
57.000000000000000  0.000000000000000  0.000000000000000 
58.000000000000000  0.000000000000000  0.000000000000000 
59.000000000000000  0.000000000000000  0.000000000000000 
60.000000000000000  0.000000000000000  0.000000000000000 
61.000000000000000  0.000000000000000  0.000000000000000 
62.000000000000000  0.000000000000000  0.000000000000000 
63.000000000000000  0.000000000000000  0.000000000000000 
64.000000000000000  0.000000000000000  0.000000000000000 
65.000000000000000  0.000000000000000  0.000000000000000 
66.000000000000000  0.000000000000000  0.000000000000000 
67.000000000000000  0.000000000000000  0.000000000000000 
68.000000000000000  0.000000000000000  0.000000000000000 
69.000000000000000  0.000000000000000  0.000000000000000 
70.000000000000000  0.000000000000000  0.000000000000000 
71.000000000000000  0.000000000000000  0.000000000000000 
72.000000000000000  0.000000000000000  0.000000000000000 
73.000000000000000  0.000000000000000  0.000000000000000 
74.000000000000000  0.000000000000000  0.000000000000000 
75.000000000000000  0.000000000000000  0.000000000000000 
76.000000000000000  0.000000000000000  0.000000000000000 
77.000000000000000  0.000000000000000  0.000000000000000 
78.000000000000000  0.000000000000000  0.000000000000000 
79.000000000000000  0.000000000000000  0.000000000000000 
80.000000000000000  0.000000000000000  0.000000000000000 
81.000000000000000  0.000000000000000  0.000000000000000 
82.000000000000000  0.000000000000000  0.000000000000000 
83.000000000000000  0.000000000000000  0.000000000000000 
84.000000000000000  0.000000000000000  0.000000000000000 
85.000000000000000  0.000000000000000  0.000000000000000 
86.000000000000000  0.000000000000000  0.000000000000000 
87.000000000000000  0.000000000000000  0.000000000000000 
88.000000000000000  0.000000000000000  0.000000000000000 
89.000000000000000  0.000000000000000  0.000000000000000 
90.000000000000000  0.000000000000000  0.000000000000000 
91.000000000000000  0.000000000000000  0.000000000000000 
92.000000000000000  0.000000000000000  0.000000000000000 
93.000000000000000  0.000000000000000  0.000000000000000 
94.000000000000000  0.000000000000000  0.000000000000000 
95.000000000000000  0.000000000000000  0.000000000000000 
96.000000000000000  0.000000000000000  0.000000000000000 
97.000000000000000  0.000000000000000  0.000000000000000 
98.000000000000000  0.000000000000000  0.000000000000000 
99.000000000000000  0.000000000000000  0.000000000000000 
100.000000000000000  0.000000000000000  0.000000000000000 
101.000000000000000  0.000000000000000  0.000000000000000 
102.000000000000000  0.000000000000000  0.000000000000000 
103.000000000000000  0.000000000000000  0.000000000000000 
104.000000000000000  0.000000000000000  0.000000000000000 
105.000000000000000  0.000000000000000  0.000000000000000 
106.000000000000000  0.000000000000000  0.000000000000000 
107.000000000000000  0.000000000000000  0.000000000000000 
108.000000000000000  0.000000000000000  0.000000000000000 
109.000000000000000  0.000000000000000  0.000000000000000 
110.000000000000000  0.000000000000000  0.000000000000000 
111.000000000000000  0.000000000000000  0.000000000000000 
112.000000000000000  0.000000000000000  0.000000000000000 
113.000000000000000  0.000000000000000  0.000000000000000 
114.000000000000000  0.000000000000000  0.000000000000000 
115.000000000000000  0.000000000000000  0.000000000000000 
116.000000000000000  0.000000000000000  0.000000000000000 
117.000000000000000  0.000000000000000  0.000000000000000 
118.000000000000000  0.000000000000000  0.000000000000000 
119.000000000000000  0.000000000000000  0.000000000000000 
120.000000000000000  0.000000000000000  0.000000000000000 
121.000000000000000  0.000000000000000  0.000000000000000 
122.000000000000000  0.000000000000000  0.000000000000000 
123.000000000000000  0.000000000000000  0.000000000000000 
124.000000000000000  0.000000000000000  0.000000000000000 
125.000000000000000  0.000000000000000  0.000000000000000 
126.000000000000000  0.000000000000000  0.000000000000000 
127.000000000000000  0.000000000000000  0.000000000000000 
