 0.000000000000000 92.426974348145677 919.000000000000000 
 1.000000000000000 106.488208134330606 1127.000000000000000 
 2.000000000000000 131.647739151461508 744.000000000000000 
 3.000000000000000 129.425136081138334 222.000000000000000 
 4.000000000000000 118.844149711328100 812.000000000000000 
 5.000000000000000 128.465876839670642 319.000000000000000 
 6.000000000000000 103.025678412063272 562.000000000000000 
 7.000000000000000 102.390941872468147 949.000000000000000 
 8.000000000000000 120.873054665513280 390.000000000000000 
 9.000000000000000 132.424205658112328 252.000000000000000 
10.000000000000000 123.891893333753700 762.000000000000000 
11.000000000000000 136.068155064352169 184.000000000000000 
12.000000000000000 139.487210498156429 200.000000000000000 
13.000000000000000 138.651593283162697 282.000000000000000 
14.000000000000000 135.160778386942013 188.000000000000000 
15.000000000000000 149.054612587193901 264.000000000000000 
16.000000000000000 114.754079087435983 447.000000000000000 
17.000000000000000 114.493374614163173 401.000000000000000 
18.000000000000000 121.162967901830427 498.000000000000000 
19.000000000000000 122.929668193586423 200.000000000000000 
20.000000000000000 137.979917180430931 555.000000000000000 
21.000000000000000 139.151840677346684 533.000000000000000 
22.000000000000000 110.991734317758414 173.000000000000000 
23.000000000000000 94.151851928674716 1349.000000000000000 
24.000000000000000 114.335480296970275 232.000000000000000 
25.000000000000000 128.909854061914331 238.000000000000000 
26.000000000000000 124.362061451652082 1167.000000000000000 
27.000000000000000 113.246900039859270 354.000000000000000 
28.000000000000000 130.053058582019133 511.000000000000000 
29.000000000000000 119.616950596763857 243.000000000000000 
30.000000000000000 129.541358447780055 382.000000000000000 
31.000000000000000 124.586810611163671 276.000000000000000 
32.000000000000000 127.933562588206328 191.000000000000000 
33.000000000000000 108.882619720097551 111.000000000000000 
34.000000000000000 111.550435438909446 179.000000000000000 
35.000000000000000 112.040919581387584 339.000000000000000 
36.000000000000000 116.522955961012798 233.000000000000000 
37.000000000000000 141.620494742361785 337.000000000000000 
38.000000000000000 113.387533906005999 1584.000000000000000 
39.000000000000000 111.102631900474094 580.000000000000000 
40.000000000000000 131.431141320617598 472.000000000000000 
41.000000000000000 114.530451866147473 348.000000000000000 
42.000000000000000 105.505610957627155 177.000000000000000 
43.000000000000000 140.664033993168033 359.000000000000000 
44.000000000000000 80.431331365045224 1115.000000000000000 
45.000000000000000 111.513967171905136 373.000000000000000 
46.000000000000000 97.624045781655212 452.000000000000000 
47.000000000000000 105.746215400996618 211.000000000000000 
48.000000000000000 110.014502266840665 410.000000000000000 
49.000000000000000 118.116892972463702 781.000000000000000 
50.000000000000000 148.410601901657344 1655.000000000000000 
51.000000000000000 95.587270942521613 183.000000000000000 
52.000000000000000 86.748054284665301 176.000000000000000 
53.000000000000000  0.000000000000000  0.000000000000000 
54.000000000000000  0.000000000000000  0.000000000000000 
55.000000000000000  0.000000000000000  0.000000000000000 
56.000000000000000  0.000000000000000  0.000000000000000 
57.000000000000000  0.000000000000000  0.000000000000000 
58.000000000000000  0.000000000000000  0.000000000000000 
59.000000000000000  0.000000000000000  0.000000000000000 
60.000000000000000  0.000000000000000  0.000000000000000 
61.000000000000000  0.000000000000000  0.000000000000000 
62.000000000000000  0.000000000000000  0.000000000000000 
63.000000000000000  0.000000000000000  0.000000000000000 
64.000000000000000  0.000000000000000  0.000000000000000 
65.000000000000000  0.000000000000000  0.000000000000000 
66.000000000000000  0.000000000000000  0.000000000000000 
67.000000000000000  0.000000000000000  0.000000000000000 
68.000000000000000  0.000000000000000  0.000000000000000 
69.000000000000000  0.000000000000000  0.000000000000000 
70.000000000000000  0.000000000000000  0.000000000000000 
71.000000000000000  0.000000000000000  0.000000000000000 
72.000000000000000  0.000000000000000  0.000000000000000 
73.000000000000000  0.000000000000000  0.000000000000000 
74.000000000000000  0.000000000000000  0.000000000000000 
75.000000000000000  0.000000000000000  0.000000000000000 
76.000000000000000  0.000000000000000  0.000000000000000 
77.000000000000000  0.000000000000000  0.000000000000000 
78.000000000000000  0.000000000000000  0.000000000000000 
79.000000000000000  0.000000000000000  0.000000000000000 
80.000000000000000  0.000000000000000  0.000000000000000 
81.000000000000000  0.000000000000000  0.000000000000000 
82.000000000000000  0.000000000000000  0.000000000000000 
83.000000000000000  0.000000000000000  0.000000000000000 
84.000000000000000  0.000000000000000  0.000000000000000 
85.000000000000000  0.000000000000000  0.000000000000000 
86.000000000000000  0.000000000000000  0.000000000000000 
87.000000000000000  0.000000000000000  0.000000000000000 
88.000000000000000  0.000000000000000  0.000000000000000 
89.000000000000000  0.000000000000000  0.000000000000000 
90.000000000000000  0.000000000000000  0.000000000000000 
91.000000000000000  0.000000000000000  0.000000000000000 
92.000000000000000  0.000000000000000  0.000000000000000 
93.000000000000000  0.000000000000000  0.000000000000000 
94.000000000000000  0.000000000000000  0.000000000000000 
95.000000000000000  0.000000000000000  0.000000000000000 
96.000000000000000  0.000000000000000  0.000000000000000 
97.000000000000000  0.000000000000000  0.000000000000000 
98.000000000000000  0.000000000000000  0.000000000000000 
99.000000000000000  0.000000000000000  0.000000000000000 
100.000000000000000  0.000000000000000  0.000000000000000 
101.000000000000000  0.000000000000000  0.000000000000000 
102.000000000000000  0.000000000000000  0.000000000000000 
103.000000000000000  0.000000000000000  0.000000000000000 
104.000000000000000  0.000000000000000  0.000000000000000 
105.000000000000000  0.000000000000000  0.000000000000000 
106.000000000000000  0.000000000000000  0.000000000000000 
107.000000000000000  0.000000000000000  0.000000000000000 
108.000000000000000  0.000000000000000  0.000000000000000 
109.000000000000000  0.000000000000000  0.000000000000000 
110.000000000000000  0.000000000000000  0.000000000000000 
111.000000000000000  0.000000000000000  0.000000000000000 
112.000000000000000  0.000000000000000  0.000000000000000 
113.000000000000000  0.000000000000000  0.000000000000000 
114.000000000000000  0.000000000000000  0.000000000000000 
115.000000000000000  0.000000000000000  0.000000000000000 
116.000000000000000  0.000000000000000  0.000000000000000 
117.000000000000000  0.000000000000000  0.000000000000000 
118.000000000000000  0.000000000000000  0.000000000000000 
119.000000000000000  0.000000000000000  0.000000000000000 
120.000000000000000  0.000000000000000  0.000000000000000 
121.000000000000000  0.000000000000000  0.000000000000000 
122.000000000000000  0.000000000000000  0.000000000000000 
123.000000000000000  0.000000000000000  0.000000000000000 
124.000000000000000  0.000000000000000  0.000000000000000 
125.000000000000000  0.000000000000000  0.000000000000000 
126.000000000000000  0.000000000000000  0.000000000000000 
127.000000000000000  0.000000000000000  0.000000000000000 
