 0.000000000000000 58.615172922531528 771.000000000000000 
 1.000000000000000 60.536156102809102 590.000000000000000 
 2.000000000000000 66.920182050939715 506.000000000000000 
 3.000000000000000 69.701191107122398 219.000000000000000 
 4.000000000000000 61.584817883277310 830.000000000000000 
 5.000000000000000 78.588932616153997 242.000000000000000 
 6.000000000000000 66.391643786296058 473.000000000000000 
 7.000000000000000 58.691389641909971 437.000000000000000 
 8.000000000000000 76.274669812057681 284.000000000000000 
 9.000000000000000 63.101264587116205 152.000000000000000 
10.000000000000000 65.568917191833322 549.000000000000000 
11.000000000000000 59.989650574577524 92.000000000000000 
12.000000000000000 62.807745950152452 102.000000000000000 
13.000000000000000 58.990805790112830 127.000000000000000 
14.000000000000000 58.052589345000008 86.000000000000000 
15.000000000000000 68.814538227008867 181.000000000000000 
16.000000000000000 58.563577731350783 224.000000000000000 
17.000000000000000 58.339160298333162 257.000000000000000 
18.000000000000000 64.215468369619828 440.000000000000000 
19.000000000000000 68.216250670887504 131.000000000000000 
20.000000000000000 62.230040593532486 253.000000000000000 
21.000000000000000 55.527213478544191 241.000000000000000 
22.000000000000000 78.375367772657810 135.000000000000000 
23.000000000000000 69.524374204878711 941.000000000000000 
24.000000000000000 72.225068522486907 158.000000000000000 
25.000000000000000 69.242381493439623 135.000000000000000 
26.000000000000000 74.352077704599722 762.000000000000000 
27.000000000000000 75.621149191337125 283.000000000000000 
28.000000000000000 77.710983688565719 386.000000000000000 
29.000000000000000 75.919267019535582 215.000000000000000 
30.000000000000000 79.974501806308410 272.000000000000000 
31.000000000000000 68.803716991901311 166.000000000000000 
32.000000000000000 57.170936013240826 96.000000000000000 
33.000000000000000 65.839599483507314 82.000000000000000 
34.000000000000000 61.383157383482960 151.000000000000000 
35.000000000000000 59.960748818016398 192.000000000000000 
36.000000000000000 80.678709744571549 229.000000000000000 
37.000000000000000 53.698353316415279 117.000000000000000 
38.000000000000000 60.999270973774934 1147.000000000000000 
39.000000000000000 62.613086941956041 414.000000000000000 
40.000000000000000 66.369937046130005 202.000000000000000 
41.000000000000000 66.603113783793603 204.000000000000000 
42.000000000000000 74.940548971564652 147.000000000000000 
43.000000000000000 70.210484904069418 257.000000000000000 
44.000000000000000 60.187832621841657 948.000000000000000 
45.000000000000000 64.869787827986599 372.000000000000000 
46.000000000000000 69.038524936827031 361.000000000000000 
47.000000000000000 72.805420883590443 230.000000000000000 
48.000000000000000 67.228159324496559 240.000000000000000 
49.000000000000000 71.298610824865719 583.000000000000000 
50.000000000000000 68.994533210417913 923.000000000000000 
51.000000000000000 72.660662130982388 161.000000000000000 
52.000000000000000 58.817778872538760 147.000000000000000 
53.000000000000000 65.989313379468371 164.000000000000000 
54.000000000000000 52.808483235617892 1042.000000000000000 
55.000000000000000 55.795139017372776 782.000000000000000 
56.000000000000000 60.882922768843819 163.000000000000000 
57.000000000000000 66.868040132962378 412.000000000000000 
58.000000000000000 72.573533079066337 276.000000000000000 
59.000000000000000 62.820155829737509 126.000000000000000 
60.000000000000000 67.036686660350512 237.000000000000000 
61.000000000000000 71.016174664785424 144.000000000000000 
62.000000000000000 56.334779998842748 117.000000000000000 
63.000000000000000 75.079685818513397 112.000000000000000 
64.000000000000000 67.612493407812423 492.000000000000000 
65.000000000000000 73.536628925297379 230.000000000000000 
66.000000000000000 54.254893295546225 75.000000000000000 
67.000000000000000 62.045865437340247 164.000000000000000 
68.000000000000000 68.953449832418741 342.000000000000000 
69.000000000000000 66.105729451555106 132.000000000000000 
70.000000000000000 56.663153473281064 259.000000000000000 
71.000000000000000 65.189104107725612 331.000000000000000 
72.000000000000000 62.071642983958995 942.000000000000000 
73.000000000000000 59.963825882015698 364.000000000000000 
74.000000000000000 42.591890775031970 83.000000000000000 
75.000000000000000 52.310309008366978 112.000000000000000 
76.000000000000000 45.673246381050859 59.000000000000000 
77.000000000000000 67.241376491187253 415.000000000000000 
78.000000000000000 60.045497644918839 322.000000000000000 
79.000000000000000 55.623709091177354 261.000000000000000 
80.000000000000000  0.000000000000000  0.000000000000000 
81.000000000000000  0.000000000000000  0.000000000000000 
82.000000000000000  0.000000000000000  0.000000000000000 
83.000000000000000  0.000000000000000  0.000000000000000 
84.000000000000000  0.000000000000000  0.000000000000000 
85.000000000000000  0.000000000000000  0.000000000000000 
86.000000000000000  0.000000000000000  0.000000000000000 
87.000000000000000  0.000000000000000  0.000000000000000 
88.000000000000000  0.000000000000000  0.000000000000000 
89.000000000000000  0.000000000000000  0.000000000000000 
90.000000000000000  0.000000000000000  0.000000000000000 
91.000000000000000  0.000000000000000  0.000000000000000 
92.000000000000000  0.000000000000000  0.000000000000000 
93.000000000000000  0.000000000000000  0.000000000000000 
94.000000000000000  0.000000000000000  0.000000000000000 
95.000000000000000  0.000000000000000  0.000000000000000 
96.000000000000000  0.000000000000000  0.000000000000000 
97.000000000000000  0.000000000000000  0.000000000000000 
98.000000000000000  0.000000000000000  0.000000000000000 
99.000000000000000  0.000000000000000  0.000000000000000 
100.000000000000000  0.000000000000000  0.000000000000000 
101.000000000000000  0.000000000000000  0.000000000000000 
102.000000000000000  0.000000000000000  0.000000000000000 
103.000000000000000  0.000000000000000  0.000000000000000 
104.000000000000000  0.000000000000000  0.000000000000000 
105.000000000000000  0.000000000000000  0.000000000000000 
106.000000000000000  0.000000000000000  0.000000000000000 
107.000000000000000  0.000000000000000  0.000000000000000 
108.000000000000000  0.000000000000000  0.000000000000000 
109.000000000000000  0.000000000000000  0.000000000000000 
110.000000000000000  0.000000000000000  0.000000000000000 
111.000000000000000  0.000000000000000  0.000000000000000 
112.000000000000000  0.000000000000000  0.000000000000000 
113.000000000000000  0.000000000000000  0.000000000000000 
114.000000000000000  0.000000000000000  0.000000000000000 
115.000000000000000  0.000000000000000  0.000000000000000 
116.000000000000000  0.000000000000000  0.000000000000000 
117.000000000000000  0.000000000000000  0.000000000000000 
118.000000000000000  0.000000000000000  0.000000000000000 
119.000000000000000  0.000000000000000  0.000000000000000 
120.000000000000000  0.000000000000000  0.000000000000000 
121.000000000000000  0.000000000000000  0.000000000000000 
122.000000000000000  0.000000000000000  0.000000000000000 
123.000000000000000  0.000000000000000  0.000000000000000 
124.000000000000000  0.000000000000000  0.000000000000000 
125.000000000000000  0.000000000000000  0.000000000000000 
126.000000000000000  0.000000000000000  0.000000000000000 
127.000000000000000  0.000000000000000  0.000000000000000 
