 0.000000000000000 48.158242144518987 662.000000000000000 
 1.000000000000000 50.150930094676177 445.000000000000000 
 2.000000000000000 58.625739419150513 466.000000000000000 
 3.000000000000000 52.658095698858801 213.000000000000000 
 4.000000000000000 46.458438231852469 735.000000000000000 
 5.000000000000000 58.154150769709091 192.000000000000000 
 6.000000000000000 60.461918558900052 516.000000000000000 
 7.000000000000000 49.013443584546870 358.000000000000000 
 8.000000000000000 54.434533689782540 287.000000000000000 
 9.000000000000000 58.253771938661657 138.000000000000000 
10.000000000000000 63.985249472175504 537.000000000000000 
11.000000000000000 39.341930786448465 66.000000000000000 
12.000000000000000 49.250120409709567 90.000000000000000 
13.000000000000000 46.708807433194011 108.000000000000000 
14.000000000000000 52.991962961481477 81.000000000000000 
15.000000000000000 47.570722257563375 131.000000000000000 
16.000000000000000 40.670271487289810 196.000000000000000 
17.000000000000000 46.892247976782130 218.000000000000000 
18.000000000000000 58.200725921487539 429.000000000000000 
19.000000000000000 58.821704497079992 125.000000000000000 
20.000000000000000 59.175589030085725 255.000000000000000 
21.000000000000000 43.984416555143035 194.000000000000000 
22.000000000000000 57.273624162303143 95.000000000000000 
23.000000000000000 57.650026672256651 824.000000000000000 
24.000000000000000 62.460538334479303 140.000000000000000 
25.000000000000000 54.002811132263176 124.000000000000000 
26.000000000000000 65.507610459418302 697.000000000000000 
27.000000000000000 54.718849386671096 239.000000000000000 
28.000000000000000 62.373229326393798 328.000000000000000 
29.000000000000000 67.076385269437495 197.000000000000000 
30.000000000000000 51.694689903086974 156.000000000000000 
31.000000000000000 66.176586069379269 164.000000000000000 
32.000000000000000 48.461286343715095 83.000000000000000 
33.000000000000000 60.776395205801379 74.000000000000000 
34.000000000000000 49.607770595814813 128.000000000000000 
35.000000000000000 49.885027645689739 165.000000000000000 
36.000000000000000 57.162184100698248 171.000000000000000 
37.000000000000000 46.177138173058765 108.000000000000000 
38.000000000000000 46.234114569524728 963.000000000000000 
39.000000000000000 58.400526962462941 380.000000000000000 
40.000000000000000 40.395313641293740 128.000000000000000 
41.000000000000000 58.187680230089860 234.000000000000000 
42.000000000000000 60.646638913828120 128.000000000000000 
43.000000000000000 57.798435389631436 199.000000000000000 
44.000000000000000 54.385741316969366 720.000000000000000 
45.000000000000000 54.645337672776506 325.000000000000000 
46.000000000000000 48.897705160089750 222.000000000000000 
47.000000000000000 61.015126017753943 209.000000000000000 
48.000000000000000 43.169495860406862 178.000000000000000 
49.000000000000000 59.701151065649590 581.000000000000000 
50.000000000000000 52.988418224468681 736.000000000000000 
51.000000000000000 55.642614953979901 147.000000000000000 
52.000000000000000 48.489022751135899 131.000000000000000 
53.000000000000000 49.629544768215013 160.000000000000000 
54.000000000000000 37.400987800656729 839.000000000000000 
55.000000000000000 34.863734787841977 562.000000000000000 
56.000000000000000 60.634888894233875 159.000000000000000 
57.000000000000000 52.351443252514109 295.000000000000000 
58.000000000000000 65.125439803862577 258.000000000000000 
59.000000000000000 53.361164417666657 114.000000000000000 
60.000000000000000 43.626974746282436 188.000000000000000 
61.000000000000000 64.489549525551354 135.000000000000000 
62.000000000000000 53.525204043750009 112.000000000000000 
63.000000000000000 60.706150386232601 96.000000000000000 
64.000000000000000 50.359252757134520 448.000000000000000 
65.000000000000000 44.431411697403497 175.000000000000000 
66.000000000000000 44.684824143157577 66.000000000000000 
67.000000000000000 55.481611208339608 149.000000000000000 
68.000000000000000 43.702195275000143 219.000000000000000 
69.000000000000000 53.695804600160358 170.000000000000000 
70.000000000000000 48.839443970742295 269.000000000000000 
71.000000000000000 54.445929582612607 292.000000000000000 
72.000000000000000 51.438888082888688 857.000000000000000 
73.000000000000000 49.777255063561988 367.000000000000000 
74.000000000000000 38.203854269904888 90.000000000000000 
75.000000000000000 44.115372680302919 102.000000000000000 
76.000000000000000 30.458895439342850 42.000000000000000 
77.000000000000000 50.763592020445437 316.000000000000000 
78.000000000000000 47.736420360619732 257.000000000000000 
79.000000000000000 47.305385973041062 245.000000000000000 
80.000000000000000 40.311358049412469 298.000000000000000 
81.000000000000000 55.269337884655975 134.000000000000000 
82.000000000000000 42.325460641121659 342.000000000000000 
83.000000000000000 49.045276357775158 100.000000000000000 
84.000000000000000 41.765356377742862 77.000000000000000 
85.000000000000000 35.496797634096666 110.000000000000000 
86.000000000000000 46.484092914670114 97.000000000000000 
87.000000000000000 40.815461486407017 95.000000000000000 
88.000000000000000 45.712714775810525 219.000000000000000 
89.000000000000000 37.400336446976418 109.000000000000000 
90.000000000000000 50.073873669819633 887.000000000000000 
91.000000000000000 46.075252749461711 718.000000000000000 
92.000000000000000 44.660825447313769 170.000000000000000 
93.000000000000000 42.018844111469107 247.000000000000000 
94.000000000000000  0.000000000000000  0.000000000000000 
95.000000000000000  0.000000000000000  0.000000000000000 
96.000000000000000  0.000000000000000  0.000000000000000 
97.000000000000000  0.000000000000000  0.000000000000000 
98.000000000000000  0.000000000000000  0.000000000000000 
99.000000000000000  0.000000000000000  0.000000000000000 
100.000000000000000  0.000000000000000  0.000000000000000 
101.000000000000000  0.000000000000000  0.000000000000000 
102.000000000000000  0.000000000000000  0.000000000000000 
103.000000000000000  0.000000000000000  0.000000000000000 
104.000000000000000  0.000000000000000  0.000000000000000 
105.000000000000000  0.000000000000000  0.000000000000000 
106.000000000000000  0.000000000000000  0.000000000000000 
107.000000000000000  0.000000000000000  0.000000000000000 
108.000000000000000  0.000000000000000  0.000000000000000 
109.000000000000000  0.000000000000000  0.000000000000000 
110.000000000000000  0.000000000000000  0.000000000000000 
111.000000000000000  0.000000000000000  0.000000000000000 
112.000000000000000  0.000000000000000  0.000000000000000 
113.000000000000000  0.000000000000000  0.000000000000000 
114.000000000000000  0.000000000000000  0.000000000000000 
115.000000000000000  0.000000000000000  0.000000000000000 
116.000000000000000  0.000000000000000  0.000000000000000 
117.000000000000000  0.000000000000000  0.000000000000000 
118.000000000000000  0.000000000000000  0.000000000000000 
119.000000000000000  0.000000000000000  0.000000000000000 
120.000000000000000  0.000000000000000  0.000000000000000 
121.000000000000000  0.000000000000000  0.000000000000000 
122.000000000000000  0.000000000000000  0.000000000000000 
123.000000000000000  0.000000000000000  0.000000000000000 
124.000000000000000  0.000000000000000  0.000000000000000 
125.000000000000000  0.000000000000000  0.000000000000000 
126.000000000000000  0.000000000000000  0.000000000000000 
127.000000000000000  0.000000000000000  0.000000000000000 
