 0.000000000000000 99.526464705133250 947.000000000000000 
 1.000000000000000 81.079430576137625 729.000000000000000 
 2.000000000000000 115.823412764643891 628.000000000000000 
 3.000000000000000 108.774132394896853 200.000000000000000 
 4.000000000000000 88.638556724780216 699.000000000000000 
 5.000000000000000 94.897117634854624 237.000000000000000 
 6.000000000000000 92.417163539440963 559.000000000000000 
 7.000000000000000 95.230976821145831 862.000000000000000 
 8.000000000000000 108.128865735952616 356.000000000000000 
 9.000000000000000 83.175006537684638 182.000000000000000 
10.000000000000000 109.732764033411826 658.000000000000000 
11.000000000000000 87.993075403369517 118.000000000000000 
12.000000000000000 111.844308811243280 166.000000000000000 
13.000000000000000 94.330407741658718 199.000000000000000 
14.000000000000000 97.694291671333303 150.000000000000000 
15.000000000000000 85.891312630985141 163.000000000000000 
16.000000000000000 107.773115721408445 419.000000000000000 
17.000000000000000 86.236829815414112 325.000000000000000 
18.000000000000000 97.847675777674610 461.000000000000000 
19.000000000000000 115.896689458332148 181.000000000000000 
20.000000000000000 89.549782997989084 364.000000000000000 
21.000000000000000 110.855695845819270 445.000000000000000 
22.000000000000000 104.248298411462784 164.000000000000000 
23.000000000000000 77.487076430341006 1101.000000000000000 
24.000000000000000 79.837420968229381 180.000000000000000 
25.000000000000000 93.978630496183456 171.000000000000000 
26.000000000000000 104.099383502154609 918.000000000000000 
27.000000000000000 90.481402829890385 315.000000000000000 
28.000000000000000 102.714896850163811 425.000000000000000 
29.000000000000000 92.123833515887668 233.000000000000000 
30.000000000000000 111.627140182490578 346.000000000000000 
31.000000000000000 112.180398384454548 261.000000000000000 
32.000000000000000 98.024063671289312 153.000000000000000 
33.000000000000000 74.556858137178693 80.000000000000000 
34.000000000000000 106.245366244646377 177.000000000000000 
35.000000000000000 86.302385602008741 268.000000000000000 
36.000000000000000 108.486908912244274 239.000000000000000 
37.000000000000000 99.434872823004042 266.000000000000000 
38.000000000000000 83.041440380412453 1335.000000000000000 
39.000000000000000 108.573693791581505 646.000000000000000 
40.000000000000000 101.041423366035858 348.000000000000000 
41.000000000000000 100.803068589378384 316.000000000000000 
42.000000000000000 70.817679921685425 133.000000000000000 
43.000000000000000 82.798199982690178 282.000000000000000 
44.000000000000000 76.598645044178497 1146.000000000000000 
45.000000000000000 116.834877237917979 397.000000000000000 
46.000000000000000 91.301779545026193 425.000000000000000 
47.000000000000000 91.190613514233320 212.000000000000000 
48.000000000000000 98.217812745502158 356.000000000000000 
49.000000000000000 110.311673932525508 724.000000000000000 
50.000000000000000 90.016482607519961 1112.000000000000000 
51.000000000000000 84.261582764636387 166.000000000000000 
52.000000000000000 80.504518804635538 180.000000000000000 
53.000000000000000 83.107911140901649 174.000000000000000 
54.000000000000000 83.973626672935069 1225.000000000000000 
55.000000000000000 68.387126873923393 926.000000000000000 
56.000000000000000 90.001017747720951 213.000000000000000 
57.000000000000000 92.446495503094397 486.000000000000000 
58.000000000000000 78.824980960246322 291.000000000000000 
59.000000000000000 71.932397960515829 120.000000000000000 
60.000000000000000 71.769897824454858 212.000000000000000 
61.000000000000000 61.079125005591131 117.000000000000000 
62.000000000000000 61.058000427032439 114.000000000000000 
63.000000000000000  0.000000000000000  0.000000000000000 
64.000000000000000  0.000000000000000  0.000000000000000 
65.000000000000000  0.000000000000000  0.000000000000000 
66.000000000000000  0.000000000000000  0.000000000000000 
67.000000000000000  0.000000000000000  0.000000000000000 
68.000000000000000  0.000000000000000  0.000000000000000 
69.000000000000000  0.000000000000000  0.000000000000000 
70.000000000000000  0.000000000000000  0.000000000000000 
71.000000000000000  0.000000000000000  0.000000000000000 
72.000000000000000  0.000000000000000  0.000000000000000 
73.000000000000000  0.000000000000000  0.000000000000000 
74.000000000000000  0.000000000000000  0.000000000000000 
75.000000000000000  0.000000000000000  0.000000000000000 
76.000000000000000  0.000000000000000  0.000000000000000 
77.000000000000000  0.000000000000000  0.000000000000000 
78.000000000000000  0.000000000000000  0.000000000000000 
79.000000000000000  0.000000000000000  0.000000000000000 
80.000000000000000  0.000000000000000  0.000000000000000 
81.000000000000000  0.000000000000000  0.000000000000000 
82.000000000000000  0.000000000000000  0.000000000000000 
83.000000000000000  0.000000000000000  0.000000000000000 
84.000000000000000  0.000000000000000  0.000000000000000 
85.000000000000000  0.000000000000000  0.000000000000000 
86.000000000000000  0.000000000000000  0.000000000000000 
87.000000000000000  0.000000000000000  0.000000000000000 
88.000000000000000  0.000000000000000  0.000000000000000 
89.000000000000000  0.000000000000000  0.000000000000000 
90.000000000000000  0.000000000000000  0.000000000000000 
91.000000000000000  0.000000000000000  0.000000000000000 
92.000000000000000  0.000000000000000  0.000000000000000 
93.000000000000000  0.000000000000000  0.000000000000000 
94.000000000000000  0.000000000000000  0.000000000000000 
95.000000000000000  0.000000000000000  0.000000000000000 
96.000000000000000  0.000000000000000  0.000000000000000 
97.000000000000000  0.000000000000000  0.000000000000000 
98.000000000000000  0.000000000000000  0.000000000000000 
99.000000000000000  0.000000000000000  0.000000000000000 
100.000000000000000  0.000000000000000  0.000000000000000 
101.000000000000000  0.000000000000000  0.000000000000000 
102.000000000000000  0.000000000000000  0.000000000000000 
103.000000000000000  0.000000000000000  0.000000000000000 
104.000000000000000  0.000000000000000  0.000000000000000 
105.000000000000000  0.000000000000000  0.000000000000000 
106.000000000000000  0.000000000000000  0.000000000000000 
107.000000000000000  0.000000000000000  0.000000000000000 
108.000000000000000  0.000000000000000  0.000000000000000 
109.000000000000000  0.000000000000000  0.000000000000000 
110.000000000000000  0.000000000000000  0.000000000000000 
111.000000000000000  0.000000000000000  0.000000000000000 
112.000000000000000  0.000000000000000  0.000000000000000 
113.000000000000000  0.000000000000000  0.000000000000000 
114.000000000000000  0.000000000000000  0.000000000000000 
115.000000000000000  0.000000000000000  0.000000000000000 
116.000000000000000  0.000000000000000  0.000000000000000 
117.000000000000000  0.000000000000000  0.000000000000000 
118.000000000000000  0.000000000000000  0.000000000000000 
119.000000000000000  0.000000000000000  0.000000000000000 
120.000000000000000  0.000000000000000  0.000000000000000 
121.000000000000000  0.000000000000000  0.000000000000000 
122.000000000000000  0.000000000000000  0.000000000000000 
123.000000000000000  0.000000000000000  0.000000000000000 
124.000000000000000  0.000000000000000  0.000000000000000 
125.000000000000000  0.000000000000000  0.000000000000000 
126.000000000000000  0.000000000000000  0.000000000000000 
127.000000000000000  0.000000000000000  0.000000000000000 
