 0.000000000000000 88.381699713486569 814.000000000000000 
 1.000000000000000 78.732480839355475 673.000000000000000 
 2.000000000000000 102.142939360461028 570.000000000000000 
 3.000000000000000 93.905689299358883 204.000000000000000 
 4.000000000000000 72.741454202464141 844.000000000000000 
 5.000000000000000 91.963182371913234 235.000000000000000 
 6.000000000000000 93.424852277218321 598.000000000000000 
 7.000000000000000 85.781476975199553 711.000000000000000 
 8.000000000000000 102.843262667896397 344.000000000000000 
 9.000000000000000 75.770051876183558 171.000000000000000 
10.000000000000000 101.095691281871908 618.000000000000000 
11.000000000000000 95.354903840451186 129.000000000000000 
12.000000000000000 104.738429333079281 159.000000000000000 
13.000000000000000 87.190933579671835 189.000000000000000 
14.000000000000000 91.528204641026647 145.000000000000000 
15.000000000000000 86.011105117814324 167.000000000000000 
16.000000000000000 85.612535441518219 323.000000000000000 
17.000000000000000 77.116963477672101 295.000000000000000 
18.000000000000000 86.986840690288574 448.000000000000000 
19.000000000000000 88.571741215549579 146.000000000000000 
20.000000000000000 83.574172461352546 320.000000000000000 
21.000000000000000 91.707839893780246 395.000000000000000 
22.000000000000000 87.579548436914067 135.000000000000000 
23.000000000000000 67.324048439471682 961.000000000000000 
24.000000000000000 89.046128902119264 177.000000000000000 
25.000000000000000 94.472627870180773 164.000000000000000 
26.000000000000000 95.568108635574262 867.000000000000000 
27.000000000000000 89.082093125759855 310.000000000000000 
28.000000000000000 95.147688441220680 411.000000000000000 
29.000000000000000 80.630908225439484 222.000000000000000 
30.000000000000000 97.748261454014937 308.000000000000000 
31.000000000000000 91.170476404901720 221.000000000000000 
32.000000000000000 81.761150133101395 131.000000000000000 
33.000000000000000 76.373066485482894 82.000000000000000 
34.000000000000000 75.913723969760923 174.000000000000000 
35.000000000000000 79.964915776335289 260.000000000000000 
36.000000000000000 85.745222312644728 242.000000000000000 
37.000000000000000 99.617339297264365 273.000000000000000 
38.000000000000000 86.574232962298609 1373.000000000000000 
39.000000000000000 99.053644936873454 578.000000000000000 
40.000000000000000 91.171267303357212 322.000000000000000 
41.000000000000000 83.568016782962445 257.000000000000000 
42.000000000000000 73.445246261304348 138.000000000000000 
43.000000000000000 85.455156091774981 300.000000000000000 
44.000000000000000 82.474304979196887 1223.000000000000000 
45.000000000000000 85.301926750089407 384.000000000000000 
46.000000000000000 83.478503372773602 419.000000000000000 
47.000000000000000 80.236236197631257 242.000000000000000 
48.000000000000000 91.720682502223980 331.000000000000000 
49.000000000000000 100.472322697146581 678.000000000000000 
50.000000000000000 92.738774504168234 1133.000000000000000 
51.000000000000000 82.931710049783845 185.000000000000000 
52.000000000000000 77.129126837497680 172.000000000000000 
53.000000000000000 76.164791137972685 161.000000000000000 
54.000000000000000 84.125464138098238 1243.000000000000000 
55.000000000000000 71.468400802190061 967.000000000000000 
56.000000000000000 91.351407593681685 226.000000000000000 
57.000000000000000 79.243859242654494 474.000000000000000 
58.000000000000000 85.071930660919733 277.000000000000000 
59.000000000000000 69.752739929897373 128.000000000000000 
60.000000000000000 76.860137376160864 263.000000000000000 
61.000000000000000 72.199124280583177 141.000000000000000 
62.000000000000000 62.405928686225828 120.000000000000000 
63.000000000000000 78.347856385772744 125.000000000000000 
64.000000000000000 73.631899597084526 462.000000000000000 
65.000000000000000 62.763445421665757 168.000000000000000 
66.000000000000000 56.938637001131333 75.000000000000000 
67.000000000000000  0.000000000000000  0.000000000000000 
68.000000000000000  0.000000000000000  0.000000000000000 
69.000000000000000  0.000000000000000  0.000000000000000 
70.000000000000000  0.000000000000000  0.000000000000000 
71.000000000000000  0.000000000000000  0.000000000000000 
72.000000000000000  0.000000000000000  0.000000000000000 
73.000000000000000  0.000000000000000  0.000000000000000 
74.000000000000000  0.000000000000000  0.000000000000000 
75.000000000000000  0.000000000000000  0.000000000000000 
76.000000000000000  0.000000000000000  0.000000000000000 
77.000000000000000  0.000000000000000  0.000000000000000 
78.000000000000000  0.000000000000000  0.000000000000000 
79.000000000000000  0.000000000000000  0.000000000000000 
80.000000000000000  0.000000000000000  0.000000000000000 
81.000000000000000  0.000000000000000  0.000000000000000 
82.000000000000000  0.000000000000000  0.000000000000000 
83.000000000000000  0.000000000000000  0.000000000000000 
84.000000000000000  0.000000000000000  0.000000000000000 
85.000000000000000  0.000000000000000  0.000000000000000 
86.000000000000000  0.000000000000000  0.000000000000000 
87.000000000000000  0.000000000000000  0.000000000000000 
88.000000000000000  0.000000000000000  0.000000000000000 
89.000000000000000  0.000000000000000  0.000000000000000 
90.000000000000000  0.000000000000000  0.000000000000000 
91.000000000000000  0.000000000000000  0.000000000000000 
92.000000000000000  0.000000000000000  0.000000000000000 
93.000000000000000  0.000000000000000  0.000000000000000 
94.000000000000000  0.000000000000000  0.000000000000000 
95.000000000000000  0.000000000000000  0.000000000000000 
96.000000000000000  0.000000000000000  0.000000000000000 
97.000000000000000  0.000000000000000  0.000000000000000 
98.000000000000000  0.000000000000000  0.000000000000000 
99.000000000000000  0.000000000000000  0.000000000000000 
100.000000000000000  0.000000000000000  0.000000000000000 
101.000000000000000  0.000000000000000  0.000000000000000 
102.000000000000000  0.000000000000000  0.000000000000000 
103.000000000000000  0.000000000000000  0.000000000000000 
104.000000000000000  0.000000000000000  0.000000000000000 
105.000000000000000  0.000000000000000  0.000000000000000 
106.000000000000000  0.000000000000000  0.000000000000000 
107.000000000000000  0.000000000000000  0.000000000000000 
108.000000000000000  0.000000000000000  0.000000000000000 
109.000000000000000  0.000000000000000  0.000000000000000 
110.000000000000000  0.000000000000000  0.000000000000000 
111.000000000000000  0.000000000000000  0.000000000000000 
112.000000000000000  0.000000000000000  0.000000000000000 
113.000000000000000  0.000000000000000  0.000000000000000 
114.000000000000000  0.000000000000000  0.000000000000000 
115.000000000000000  0.000000000000000  0.000000000000000 
116.000000000000000  0.000000000000000  0.000000000000000 
117.000000000000000  0.000000000000000  0.000000000000000 
118.000000000000000  0.000000000000000  0.000000000000000 
119.000000000000000  0.000000000000000  0.000000000000000 
120.000000000000000  0.000000000000000  0.000000000000000 
121.000000000000000  0.000000000000000  0.000000000000000 
122.000000000000000  0.000000000000000  0.000000000000000 
123.000000000000000  0.000000000000000  0.000000000000000 
124.000000000000000  0.000000000000000  0.000000000000000 
125.000000000000000  0.000000000000000  0.000000000000000 
126.000000000000000  0.000000000000000  0.000000000000000 
127.000000000000000  0.000000000000000  0.000000000000000 
