 0.000000000000000 86.949018231267559 803.000000000000000 
 1.000000000000000 79.218798808007250 677.000000000000000 
 2.000000000000000 102.707001318600376 568.000000000000000 
 3.000000000000000 93.351098593288583 228.000000000000000 
 4.000000000000000 70.396813355323204 849.000000000000000 
 5.000000000000000 95.486780156796655 244.000000000000000 
 6.000000000000000 92.106031484732384 596.000000000000000 
 7.000000000000000 85.845840300951835 706.000000000000000 
 8.000000000000000 101.058359242615538 338.000000000000000 
 9.000000000000000 79.216798448541766 180.000000000000000 
10.000000000000000 99.877541271232417 614.000000000000000 
11.000000000000000 95.354903840451186 129.000000000000000 
12.000000000000000 103.985575905740674 158.000000000000000 
13.000000000000000 87.003598354247600 189.000000000000000 
14.000000000000000 91.527394956138011 145.000000000000000 
15.000000000000000 86.011105117814324 167.000000000000000 
16.000000000000000 84.654732661072032 315.000000000000000 
17.000000000000000 77.911931940548413 297.000000000000000 
18.000000000000000 88.518912494721945 455.000000000000000 
19.000000000000000 91.966791474605955 149.000000000000000 
20.000000000000000 82.177693556453690 314.000000000000000 
21.000000000000000 91.147179564612756 411.000000000000000 
22.000000000000000 94.966995528889470 142.000000000000000 
23.000000000000000 62.833069217606102 915.000000000000000 
24.000000000000000 88.998287286477762 177.000000000000000 
25.000000000000000 93.760208595993262 162.000000000000000 
26.000000000000000 94.294711681051950 857.000000000000000 
27.000000000000000 94.551964082933097 323.000000000000000 
28.000000000000000 91.286513154418216 390.000000000000000 
29.000000000000000 81.037593424587683 220.000000000000000 
30.000000000000000 98.505830682881523 307.000000000000000 
31.000000000000000 93.284505611869321 224.000000000000000 
32.000000000000000 81.761150133101395 131.000000000000000 
33.000000000000000 76.373066485482894 82.000000000000000 
34.000000000000000 77.400897490650010 176.000000000000000 
35.000000000000000 80.039284933292151 260.000000000000000 
36.000000000000000 84.062135130810191 242.000000000000000 
37.000000000000000 94.846586942141357 262.000000000000000 
38.000000000000000 86.238410997202081 1371.000000000000000 
39.000000000000000 98.724983697243999 576.000000000000000 
40.000000000000000 85.145014622497172 315.000000000000000 
41.000000000000000 86.270723315764911 277.000000000000000 
42.000000000000000 73.445246261304348 138.000000000000000 
43.000000000000000 84.643185925441543 298.000000000000000 
44.000000000000000 82.920575028722766 1227.000000000000000 
45.000000000000000 76.081996353675066 372.000000000000000 
46.000000000000000 76.608788830559035 395.000000000000000 
47.000000000000000 83.501152723827417 249.000000000000000 
48.000000000000000 92.567868709547696 332.000000000000000 
49.000000000000000 96.916887695271171 670.000000000000000 
50.000000000000000 92.690921196137538 1132.000000000000000 
51.000000000000000 81.383052279602722 182.000000000000000 
52.000000000000000 79.171987037647199 178.000000000000000 
53.000000000000000 76.127516789413662 161.000000000000000 
54.000000000000000 83.816653280122893 1239.000000000000000 
55.000000000000000 71.985250682365262 974.000000000000000 
56.000000000000000 92.840897586948699 226.000000000000000 
57.000000000000000 75.804870629415007 458.000000000000000 
58.000000000000000 84.079074680975722 278.000000000000000 
59.000000000000000 67.875767441807142 126.000000000000000 
60.000000000000000 79.911311214833134 270.000000000000000 
61.000000000000000 72.770763053967187 142.000000000000000 
62.000000000000000 64.720763247115329 124.000000000000000 
63.000000000000000 77.702242507160420 124.000000000000000 
64.000000000000000 68.607403253875233 482.000000000000000 
65.000000000000000 74.108570973954230 207.000000000000000 
66.000000000000000 61.903964240409209 76.000000000000000 
67.000000000000000  0.000000000000000  0.000000000000000 
68.000000000000000  0.000000000000000  0.000000000000000 
69.000000000000000  0.000000000000000  0.000000000000000 
70.000000000000000  0.000000000000000  0.000000000000000 
71.000000000000000  0.000000000000000  0.000000000000000 
72.000000000000000  0.000000000000000  0.000000000000000 
73.000000000000000  0.000000000000000  0.000000000000000 
74.000000000000000  0.000000000000000  0.000000000000000 
75.000000000000000  0.000000000000000  0.000000000000000 
76.000000000000000  0.000000000000000  0.000000000000000 
77.000000000000000  0.000000000000000  0.000000000000000 
78.000000000000000  0.000000000000000  0.000000000000000 
79.000000000000000  0.000000000000000  0.000000000000000 
80.000000000000000  0.000000000000000  0.000000000000000 
81.000000000000000  0.000000000000000  0.000000000000000 
82.000000000000000  0.000000000000000  0.000000000000000 
83.000000000000000  0.000000000000000  0.000000000000000 
84.000000000000000  0.000000000000000  0.000000000000000 
85.000000000000000  0.000000000000000  0.000000000000000 
86.000000000000000  0.000000000000000  0.000000000000000 
87.000000000000000  0.000000000000000  0.000000000000000 
88.000000000000000  0.000000000000000  0.000000000000000 
89.000000000000000  0.000000000000000  0.000000000000000 
90.000000000000000  0.000000000000000  0.000000000000000 
91.000000000000000  0.000000000000000  0.000000000000000 
92.000000000000000  0.000000000000000  0.000000000000000 
93.000000000000000  0.000000000000000  0.000000000000000 
94.000000000000000  0.000000000000000  0.000000000000000 
95.000000000000000  0.000000000000000  0.000000000000000 
96.000000000000000  0.000000000000000  0.000000000000000 
97.000000000000000  0.000000000000000  0.000000000000000 
98.000000000000000  0.000000000000000  0.000000000000000 
99.000000000000000  0.000000000000000  0.000000000000000 
100.000000000000000  0.000000000000000  0.000000000000000 
101.000000000000000  0.000000000000000  0.000000000000000 
102.000000000000000  0.000000000000000  0.000000000000000 
103.000000000000000  0.000000000000000  0.000000000000000 
104.000000000000000  0.000000000000000  0.000000000000000 
105.000000000000000  0.000000000000000  0.000000000000000 
106.000000000000000  0.000000000000000  0.000000000000000 
107.000000000000000  0.000000000000000  0.000000000000000 
108.000000000000000  0.000000000000000  0.000000000000000 
109.000000000000000  0.000000000000000  0.000000000000000 
110.000000000000000  0.000000000000000  0.000000000000000 
111.000000000000000  0.000000000000000  0.000000000000000 
112.000000000000000  0.000000000000000  0.000000000000000 
113.000000000000000  0.000000000000000  0.000000000000000 
114.000000000000000  0.000000000000000  0.000000000000000 
115.000000000000000  0.000000000000000  0.000000000000000 
116.000000000000000  0.000000000000000  0.000000000000000 
117.000000000000000  0.000000000000000  0.000000000000000 
118.000000000000000  0.000000000000000  0.000000000000000 
119.000000000000000  0.000000000000000  0.000000000000000 
120.000000000000000  0.000000000000000  0.000000000000000 
121.000000000000000  0.000000000000000  0.000000000000000 
122.000000000000000  0.000000000000000  0.000000000000000 
123.000000000000000  0.000000000000000  0.000000000000000 
124.000000000000000  0.000000000000000  0.000000000000000 
125.000000000000000  0.000000000000000  0.000000000000000 
126.000000000000000  0.000000000000000  0.000000000000000 
127.000000000000000  0.000000000000000  0.000000000000000 
