 0.000000000000000 90.868293297140198 923.000000000000000 
 1.000000000000000 103.130165984933910 1095.000000000000000 
 2.000000000000000 135.619606639668916 760.000000000000000 
 3.000000000000000 129.390964624932053 221.000000000000000 
 4.000000000000000 112.549893699596183 761.000000000000000 
 5.000000000000000 134.807641747174330 328.000000000000000 
 6.000000000000000 103.068947606477664 589.000000000000000 
 7.000000000000000 92.539700214605915 947.000000000000000 
 8.000000000000000 127.603048709866513 453.000000000000000 
 9.000000000000000 144.877838696593187 278.000000000000000 
10.000000000000000 132.103740169610205 824.000000000000000 
11.000000000000000 134.330620779174183 179.000000000000000 
12.000000000000000 153.679009977213781 216.000000000000000 
13.000000000000000 140.244808845024579 288.000000000000000 
14.000000000000000 131.720283143960501 187.000000000000000 
15.000000000000000 148.150305847758034 262.000000000000000 
16.000000000000000 116.229940749031414 403.000000000000000 
17.000000000000000 127.396608597640977 381.000000000000000 
18.000000000000000 121.086279331131635 503.000000000000000 
19.000000000000000 120.624716930597614 195.000000000000000 
20.000000000000000 138.432987748724003 571.000000000000000 
21.000000000000000 143.522612694462822 543.000000000000000 
22.000000000000000 110.848643241712693 173.000000000000000 
23.000000000000000 92.408673279714108 1324.000000000000000 
24.000000000000000 134.418401417173754 251.000000000000000 
25.000000000000000 125.974452810580161 229.000000000000000 
26.000000000000000 120.580848679299550 1154.000000000000000 
27.000000000000000 111.493948597147778 358.000000000000000 
28.000000000000000 131.818358621731875 509.000000000000000 
29.000000000000000 121.309558576908373 246.000000000000000 
30.000000000000000 136.316033206836323 377.000000000000000 
31.000000000000000 125.274452742741687 278.000000000000000 
32.000000000000000 126.936414714919053 188.000000000000000 
33.000000000000000 121.321499752310928 125.000000000000000 
34.000000000000000 117.502817946410445 180.000000000000000 
35.000000000000000 118.437726019193960 357.000000000000000 
36.000000000000000 120.831623992533409 239.000000000000000 
37.000000000000000 147.328097898230624 353.000000000000000 
38.000000000000000 108.999559518367306 1549.000000000000000 
39.000000000000000 122.335193089912366 600.000000000000000 
40.000000000000000 128.570589789625785 473.000000000000000 
41.000000000000000 122.599794459600446 368.000000000000000 
42.000000000000000 138.664197749737355 217.000000000000000 
43.000000000000000 145.211193467464199 370.000000000000000 
44.000000000000000 78.845889182700176 1101.000000000000000 
45.000000000000000 110.846976015721665 371.000000000000000 
46.000000000000000 93.611879271776672 425.000000000000000 
47.000000000000000 117.718358860843111 229.000000000000000 
48.000000000000000 114.683173179506298 432.000000000000000 
49.000000000000000 106.599495480694088 776.000000000000000 
50.000000000000000 148.097145841293980 1650.000000000000000 
51.000000000000000 97.768225486143933 192.000000000000000 
52.000000000000000  0.000000000000000  0.000000000000000 
53.000000000000000  0.000000000000000  0.000000000000000 
54.000000000000000  0.000000000000000  0.000000000000000 
55.000000000000000  0.000000000000000  0.000000000000000 
56.000000000000000  0.000000000000000  0.000000000000000 
57.000000000000000  0.000000000000000  0.000000000000000 
58.000000000000000  0.000000000000000  0.000000000000000 
59.000000000000000  0.000000000000000  0.000000000000000 
60.000000000000000  0.000000000000000  0.000000000000000 
61.000000000000000  0.000000000000000  0.000000000000000 
62.000000000000000  0.000000000000000  0.000000000000000 
63.000000000000000  0.000000000000000  0.000000000000000 
64.000000000000000  0.000000000000000  0.000000000000000 
65.000000000000000  0.000000000000000  0.000000000000000 
66.000000000000000  0.000000000000000  0.000000000000000 
67.000000000000000  0.000000000000000  0.000000000000000 
68.000000000000000  0.000000000000000  0.000000000000000 
69.000000000000000  0.000000000000000  0.000000000000000 
70.000000000000000  0.000000000000000  0.000000000000000 
71.000000000000000  0.000000000000000  0.000000000000000 
72.000000000000000  0.000000000000000  0.000000000000000 
73.000000000000000  0.000000000000000  0.000000000000000 
74.000000000000000  0.000000000000000  0.000000000000000 
75.000000000000000  0.000000000000000  0.000000000000000 
76.000000000000000  0.000000000000000  0.000000000000000 
77.000000000000000  0.000000000000000  0.000000000000000 
78.000000000000000  0.000000000000000  0.000000000000000 
79.000000000000000  0.000000000000000  0.000000000000000 
80.000000000000000  0.000000000000000  0.000000000000000 
81.000000000000000  0.000000000000000  0.000000000000000 
82.000000000000000  0.000000000000000  0.000000000000000 
83.000000000000000  0.000000000000000  0.000000000000000 
84.000000000000000  0.000000000000000  0.000000000000000 
85.000000000000000  0.000000000000000  0.000000000000000 
86.000000000000000  0.000000000000000  0.000000000000000 
87.000000000000000  0.000000000000000  0.000000000000000 
88.000000000000000  0.000000000000000  0.000000000000000 
89.000000000000000  0.000000000000000  0.000000000000000 
90.000000000000000  0.000000000000000  0.000000000000000 
91.000000000000000  0.000000000000000  0.000000000000000 
92.000000000000000  0.000000000000000  0.000000000000000 
93.000000000000000  0.000000000000000  0.000000000000000 
94.000000000000000  0.000000000000000  0.000000000000000 
95.000000000000000  0.000000000000000  0.000000000000000 
96.000000000000000  0.000000000000000  0.000000000000000 
97.000000000000000  0.000000000000000  0.000000000000000 
98.000000000000000  0.000000000000000  0.000000000000000 
99.000000000000000  0.000000000000000  0.000000000000000 
100.000000000000000  0.000000000000000  0.000000000000000 
101.000000000000000  0.000000000000000  0.000000000000000 
102.000000000000000  0.000000000000000  0.000000000000000 
103.000000000000000  0.000000000000000  0.000000000000000 
104.000000000000000  0.000000000000000  0.000000000000000 
105.000000000000000  0.000000000000000  0.000000000000000 
106.000000000000000  0.000000000000000  0.000000000000000 
107.000000000000000  0.000000000000000  0.000000000000000 
108.000000000000000  0.000000000000000  0.000000000000000 
109.000000000000000  0.000000000000000  0.000000000000000 
110.000000000000000  0.000000000000000  0.000000000000000 
111.000000000000000  0.000000000000000  0.000000000000000 
112.000000000000000  0.000000000000000  0.000000000000000 
113.000000000000000  0.000000000000000  0.000000000000000 
114.000000000000000  0.000000000000000  0.000000000000000 
115.000000000000000  0.000000000000000  0.000000000000000 
116.000000000000000  0.000000000000000  0.000000000000000 
117.000000000000000  0.000000000000000  0.000000000000000 
118.000000000000000  0.000000000000000  0.000000000000000 
119.000000000000000  0.000000000000000  0.000000000000000 
120.000000000000000  0.000000000000000  0.000000000000000 
121.000000000000000  0.000000000000000  0.000000000000000 
122.000000000000000  0.000000000000000  0.000000000000000 
123.000000000000000  0.000000000000000  0.000000000000000 
124.000000000000000  0.000000000000000  0.000000000000000 
125.000000000000000  0.000000000000000  0.000000000000000 
126.000000000000000  0.000000000000000  0.000000000000000 
127.000000000000000  0.000000000000000  0.000000000000000 
