 0.000000000000000 120.499809834967991 1183.000000000000000 
 1.000000000000000 131.383310513110359 1437.000000000000000 
 2.000000000000000 162.418823718474385 897.000000000000000 
 3.000000000000000 160.952286134356314 272.000000000000000 
 4.000000000000000 132.481968138879381 841.000000000000000 
 5.000000000000000 155.471788903725297 350.000000000000000 
 6.000000000000000 152.162402893770235 739.000000000000000 
 7.000000000000000 90.254540916322384 1013.000000000000000 
 8.000000000000000 141.349714307258353 496.000000000000000 
 9.000000000000000 173.460455225054034 437.000000000000000 
10.000000000000000 166.140842401281105 978.000000000000000 
11.000000000000000 147.700988874961354 197.000000000000000 
12.000000000000000 163.485649295108544 227.000000000000000 
13.000000000000000 152.912134734761850 307.000000000000000 
14.000000000000000 147.542831254218385 196.000000000000000 
15.000000000000000 140.262806579760195 259.000000000000000 
16.000000000000000 175.152095610617920 756.000000000000000 
17.000000000000000 135.514763641089047 309.000000000000000 
18.000000000000000 145.511011082391946 551.000000000000000 
19.000000000000000 151.764394396683599 212.000000000000000 
20.000000000000000 164.683535869655685 636.000000000000000 
21.000000000000000 172.215240178009225 665.000000000000000 
22.000000000000000 156.226190554394378 224.000000000000000 
23.000000000000000 116.749413043399954 1483.000000000000000 
24.000000000000000 140.490353063402750 243.000000000000000 
25.000000000000000 163.408682194405401 245.000000000000000 
26.000000000000000 142.335192152271759 1258.000000000000000 
27.000000000000000 166.092107062602423 411.000000000000000 
28.000000000000000 154.157421261204973 581.000000000000000 
29.000000000000000 165.750233454467320 407.000000000000000 
30.000000000000000 158.798048045571335 388.000000000000000 
31.000000000000000 162.876375656827690 354.000000000000000 
32.000000000000000 138.576582670216055 198.000000000000000 
33.000000000000000 146.626359445115781 149.000000000000000 
34.000000000000000 138.575654100506483 199.000000000000000 
35.000000000000000 132.981808312189855 422.000000000000000 
36.000000000000000 137.327325310811432 267.000000000000000 
37.000000000000000 158.136062294349927 377.000000000000000 
38.000000000000000 118.455561609919314 1567.000000000000000 
39.000000000000000 138.146131421567048 594.000000000000000 
40.000000000000000 126.145013043776558 487.000000000000000 
41.000000000000000 134.616122686555542 413.000000000000000 
42.000000000000000 149.279641487170522 244.000000000000000 
43.000000000000000 167.171245260134356 393.000000000000000 
44.000000000000000 163.821038484224289 1790.000000000000000 
45.000000000000000 108.647675690467793 349.000000000000000 
46.000000000000000  0.000000000000000  0.000000000000000 
47.000000000000000  0.000000000000000  0.000000000000000 
48.000000000000000  0.000000000000000  0.000000000000000 
49.000000000000000  0.000000000000000  0.000000000000000 
50.000000000000000  0.000000000000000  0.000000000000000 
51.000000000000000  0.000000000000000  0.000000000000000 
52.000000000000000  0.000000000000000  0.000000000000000 
53.000000000000000  0.000000000000000  0.000000000000000 
54.000000000000000  0.000000000000000  0.000000000000000 
55.000000000000000  0.000000000000000  0.000000000000000 
56.000000000000000  0.000000000000000  0.000000000000000 
57.000000000000000  0.000000000000000  0.000000000000000 
58.000000000000000  0.000000000000000  0.000000000000000 
59.000000000000000  0.000000000000000  0.000000000000000 
60.000000000000000  0.000000000000000  0.000000000000000 
61.000000000000000  0.000000000000000  0.000000000000000 
62.000000000000000  0.000000000000000  0.000000000000000 
63.000000000000000  0.000000000000000  0.000000000000000 
64.000000000000000  0.000000000000000  0.000000000000000 
65.000000000000000  0.000000000000000  0.000000000000000 
66.000000000000000  0.000000000000000  0.000000000000000 
67.000000000000000  0.000000000000000  0.000000000000000 
68.000000000000000  0.000000000000000  0.000000000000000 
69.000000000000000  0.000000000000000  0.000000000000000 
70.000000000000000  0.000000000000000  0.000000000000000 
71.000000000000000  0.000000000000000  0.000000000000000 
72.000000000000000  0.000000000000000  0.000000000000000 
73.000000000000000  0.000000000000000  0.000000000000000 
74.000000000000000  0.000000000000000  0.000000000000000 
75.000000000000000  0.000000000000000  0.000000000000000 
76.000000000000000  0.000000000000000  0.000000000000000 
77.000000000000000  0.000000000000000  0.000000000000000 
78.000000000000000  0.000000000000000  0.000000000000000 
79.000000000000000  0.000000000000000  0.000000000000000 
80.000000000000000  0.000000000000000  0.000000000000000 
81.000000000000000  0.000000000000000  0.000000000000000 
82.000000000000000  0.000000000000000  0.000000000000000 
83.000000000000000  0.000000000000000  0.000000000000000 
84.000000000000000  0.000000000000000  0.000000000000000 
85.000000000000000  0.000000000000000  0.000000000000000 
86.000000000000000  0.000000000000000  0.000000000000000 
87.000000000000000  0.000000000000000  0.000000000000000 
88.000000000000000  0.000000000000000  0.000000000000000 
89.000000000000000  0.000000000000000  0.000000000000000 
90.000000000000000  0.000000000000000  0.000000000000000 
91.000000000000000  0.000000000000000  0.000000000000000 
92.000000000000000  0.000000000000000  0.000000000000000 
93.000000000000000  0.000000000000000  0.000000000000000 
94.000000000000000  0.000000000000000  0.000000000000000 
95.000000000000000  0.000000000000000  0.000000000000000 
96.000000000000000  0.000000000000000  0.000000000000000 
97.000000000000000  0.000000000000000  0.000000000000000 
98.000000000000000  0.000000000000000  0.000000000000000 
99.000000000000000  0.000000000000000  0.000000000000000 
100.000000000000000  0.000000000000000  0.000000000000000 
101.000000000000000  0.000000000000000  0.000000000000000 
102.000000000000000  0.000000000000000  0.000000000000000 
103.000000000000000  0.000000000000000  0.000000000000000 
104.000000000000000  0.000000000000000  0.000000000000000 
105.000000000000000  0.000000000000000  0.000000000000000 
106.000000000000000  0.000000000000000  0.000000000000000 
107.000000000000000  0.000000000000000  0.000000000000000 
108.000000000000000  0.000000000000000  0.000000000000000 
109.000000000000000  0.000000000000000  0.000000000000000 
110.000000000000000  0.000000000000000  0.000000000000000 
111.000000000000000  0.000000000000000  0.000000000000000 
112.000000000000000  0.000000000000000  0.000000000000000 
113.000000000000000  0.000000000000000  0.000000000000000 
114.000000000000000  0.000000000000000  0.000000000000000 
115.000000000000000  0.000000000000000  0.000000000000000 
116.000000000000000  0.000000000000000  0.000000000000000 
117.000000000000000  0.000000000000000  0.000000000000000 
118.000000000000000  0.000000000000000  0.000000000000000 
119.000000000000000  0.000000000000000  0.000000000000000 
120.000000000000000  0.000000000000000  0.000000000000000 
121.000000000000000  0.000000000000000  0.000000000000000 
122.000000000000000  0.000000000000000  0.000000000000000 
123.000000000000000  0.000000000000000  0.000000000000000 
124.000000000000000  0.000000000000000  0.000000000000000 
125.000000000000000  0.000000000000000  0.000000000000000 
126.000000000000000  0.000000000000000  0.000000000000000 
127.000000000000000  0.000000000000000  0.000000000000000 
