 0.000000000000000 138.005815026626919 1633.000000000000000 
 1.000000000000000 126.920928331613396 1380.000000000000000 
 2.000000000000000 179.416985418106435 930.000000000000000 
 3.000000000000000 169.344916529703255 287.000000000000000 
 4.000000000000000 144.244637663294952 923.000000000000000 
 5.000000000000000 163.579737152390692 355.000000000000000 
 6.000000000000000 166.006170186710989 789.000000000000000 
 7.000000000000000 138.412053492210163 1294.000000000000000 
 8.000000000000000 169.458725825464057 651.000000000000000 
 9.000000000000000 176.826454637869062 448.000000000000000 
10.000000000000000 164.553075591287666 967.000000000000000 
11.000000000000000 153.789620600827021 205.000000000000000 
12.000000000000000 170.423395100852304 240.000000000000000 
13.000000000000000 145.319707290493710 295.000000000000000 
14.000000000000000 156.600768350047844 209.000000000000000 
15.000000000000000 148.061923092923337 277.000000000000000 
16.000000000000000 177.385180669645194 787.000000000000000 
17.000000000000000 151.222888611277028 339.000000000000000 
18.000000000000000 175.036158041684047 644.000000000000000 
19.000000000000000 149.469680213764889 208.000000000000000 
20.000000000000000 178.244368976488516 621.000000000000000 
21.000000000000000 189.255201130659117 696.000000000000000 
22.000000000000000 155.760657467719199 224.000000000000000 
23.000000000000000 128.877217237327727 1589.000000000000000 
24.000000000000000 153.051009242773063 257.000000000000000 
25.000000000000000 175.572138656624332 253.000000000000000 
26.000000000000000 172.543858250231807 1471.000000000000000 
27.000000000000000 166.567769716685291 429.000000000000000 
28.000000000000000 183.657691635831640 663.000000000000000 
29.000000000000000 185.055321398808161 461.000000000000000 
30.000000000000000 175.865153196328180 413.000000000000000 
31.000000000000000 165.414227010063655 348.000000000000000 
32.000000000000000 145.759965912308274 204.000000000000000 
33.000000000000000 147.384823235064516 149.000000000000000 
34.000000000000000 150.316796205560252 218.000000000000000 
35.000000000000000 181.127505250417983 541.000000000000000 
36.000000000000000 161.937623380560183 331.000000000000000 
37.000000000000000 153.260699109373519 365.000000000000000 
38.000000000000000 196.950238433821681 2117.000000000000000 
39.000000000000000 142.928485648497940 624.000000000000000 
40.000000000000000 199.363644682321933 495.000000000000000 
41.000000000000000 149.660255402571323 428.000000000000000 
42.000000000000000 150.046752202673076 243.000000000000000 
43.000000000000000  0.000000000000000  0.000000000000000 
44.000000000000000  0.000000000000000  0.000000000000000 
45.000000000000000  0.000000000000000  0.000000000000000 
46.000000000000000  0.000000000000000  0.000000000000000 
47.000000000000000  0.000000000000000  0.000000000000000 
48.000000000000000  0.000000000000000  0.000000000000000 
49.000000000000000  0.000000000000000  0.000000000000000 
50.000000000000000  0.000000000000000  0.000000000000000 
51.000000000000000  0.000000000000000  0.000000000000000 
52.000000000000000  0.000000000000000  0.000000000000000 
53.000000000000000  0.000000000000000  0.000000000000000 
54.000000000000000  0.000000000000000  0.000000000000000 
55.000000000000000  0.000000000000000  0.000000000000000 
56.000000000000000  0.000000000000000  0.000000000000000 
57.000000000000000  0.000000000000000  0.000000000000000 
58.000000000000000  0.000000000000000  0.000000000000000 
59.000000000000000  0.000000000000000  0.000000000000000 
60.000000000000000  0.000000000000000  0.000000000000000 
61.000000000000000  0.000000000000000  0.000000000000000 
62.000000000000000  0.000000000000000  0.000000000000000 
63.000000000000000  0.000000000000000  0.000000000000000 
64.000000000000000  0.000000000000000  0.000000000000000 
65.000000000000000  0.000000000000000  0.000000000000000 
66.000000000000000  0.000000000000000  0.000000000000000 
67.000000000000000  0.000000000000000  0.000000000000000 
68.000000000000000  0.000000000000000  0.000000000000000 
69.000000000000000  0.000000000000000  0.000000000000000 
70.000000000000000  0.000000000000000  0.000000000000000 
71.000000000000000  0.000000000000000  0.000000000000000 
72.000000000000000  0.000000000000000  0.000000000000000 
73.000000000000000  0.000000000000000  0.000000000000000 
74.000000000000000  0.000000000000000  0.000000000000000 
75.000000000000000  0.000000000000000  0.000000000000000 
76.000000000000000  0.000000000000000  0.000000000000000 
77.000000000000000  0.000000000000000  0.000000000000000 
78.000000000000000  0.000000000000000  0.000000000000000 
79.000000000000000  0.000000000000000  0.000000000000000 
80.000000000000000  0.000000000000000  0.000000000000000 
81.000000000000000  0.000000000000000  0.000000000000000 
82.000000000000000  0.000000000000000  0.000000000000000 
83.000000000000000  0.000000000000000  0.000000000000000 
84.000000000000000  0.000000000000000  0.000000000000000 
85.000000000000000  0.000000000000000  0.000000000000000 
86.000000000000000  0.000000000000000  0.000000000000000 
87.000000000000000  0.000000000000000  0.000000000000000 
88.000000000000000  0.000000000000000  0.000000000000000 
89.000000000000000  0.000000000000000  0.000000000000000 
90.000000000000000  0.000000000000000  0.000000000000000 
91.000000000000000  0.000000000000000  0.000000000000000 
92.000000000000000  0.000000000000000  0.000000000000000 
93.000000000000000  0.000000000000000  0.000000000000000 
94.000000000000000  0.000000000000000  0.000000000000000 
95.000000000000000  0.000000000000000  0.000000000000000 
96.000000000000000  0.000000000000000  0.000000000000000 
97.000000000000000  0.000000000000000  0.000000000000000 
98.000000000000000  0.000000000000000  0.000000000000000 
99.000000000000000  0.000000000000000  0.000000000000000 
100.000000000000000  0.000000000000000  0.000000000000000 
101.000000000000000  0.000000000000000  0.000000000000000 
102.000000000000000  0.000000000000000  0.000000000000000 
103.000000000000000  0.000000000000000  0.000000000000000 
104.000000000000000  0.000000000000000  0.000000000000000 
105.000000000000000  0.000000000000000  0.000000000000000 
106.000000000000000  0.000000000000000  0.000000000000000 
107.000000000000000  0.000000000000000  0.000000000000000 
108.000000000000000  0.000000000000000  0.000000000000000 
109.000000000000000  0.000000000000000  0.000000000000000 
110.000000000000000  0.000000000000000  0.000000000000000 
111.000000000000000  0.000000000000000  0.000000000000000 
112.000000000000000  0.000000000000000  0.000000000000000 
113.000000000000000  0.000000000000000  0.000000000000000 
114.000000000000000  0.000000000000000  0.000000000000000 
115.000000000000000  0.000000000000000  0.000000000000000 
116.000000000000000  0.000000000000000  0.000000000000000 
117.000000000000000  0.000000000000000  0.000000000000000 
118.000000000000000  0.000000000000000  0.000000000000000 
119.000000000000000  0.000000000000000  0.000000000000000 
120.000000000000000  0.000000000000000  0.000000000000000 
121.000000000000000  0.000000000000000  0.000000000000000 
122.000000000000000  0.000000000000000  0.000000000000000 
123.000000000000000  0.000000000000000  0.000000000000000 
124.000000000000000  0.000000000000000  0.000000000000000 
125.000000000000000  0.000000000000000  0.000000000000000 
126.000000000000000  0.000000000000000  0.000000000000000 
127.000000000000000  0.000000000000000  0.000000000000000 
