 0.000000000000000 92.325262853979666 879.000000000000000 
 1.000000000000000 79.256808765034577 701.000000000000000 
 2.000000000000000 98.841584764651159 567.000000000000000 
 3.000000000000000 103.274950779234601 190.000000000000000 
 4.000000000000000 73.253830019081036 769.000000000000000 
 5.000000000000000 91.795791554442616 230.000000000000000 
 6.000000000000000 92.985789298839990 583.000000000000000 
 7.000000000000000 92.417992495643475 833.000000000000000 
 8.000000000000000 105.461924091234138 349.000000000000000 
 9.000000000000000 81.856807708480801 182.000000000000000 
10.000000000000000 104.258986781203191 634.000000000000000 
11.000000000000000 95.894886036233842 130.000000000000000 
12.000000000000000 111.527125112666738 167.000000000000000 
13.000000000000000 90.762632734490765 190.000000000000000 
14.000000000000000 99.264476355131563 152.000000000000000 
15.000000000000000 88.247010357141249 171.000000000000000 
16.000000000000000 102.040184642171710 397.000000000000000 
17.000000000000000 82.530275646467487 317.000000000000000 
18.000000000000000 91.631037667580316 435.000000000000000 
19.000000000000000 78.971850934297223 151.000000000000000 
20.000000000000000 84.014672294829523 333.000000000000000 
21.000000000000000 100.827741040932565 427.000000000000000 
22.000000000000000 103.450245300323246 159.000000000000000 
23.000000000000000 66.734826656950545 1009.000000000000000 
24.000000000000000 78.616260958322982 177.000000000000000 
25.000000000000000 94.685525683369832 167.000000000000000 
26.000000000000000 99.259169766781142 893.000000000000000 
27.000000000000000 87.780530535268142 311.000000000000000 
28.000000000000000 100.060400280831090 421.000000000000000 
29.000000000000000 89.759021623690884 228.000000000000000 
30.000000000000000 100.954229623624016 315.000000000000000 
31.000000000000000 101.949096595823804 239.000000000000000 
32.000000000000000 93.608271229800721 145.000000000000000 
33.000000000000000 76.373066485482909 82.000000000000000 
34.000000000000000 106.352434756161159 175.000000000000000 
35.000000000000000 88.846069377378399 273.000000000000000 
36.000000000000000 95.541086529015999 240.000000000000000 
37.000000000000000 97.043598304996351 260.000000000000000 
38.000000000000000 80.056810384034947 1313.000000000000000 
39.000000000000000 102.784942300622049 600.000000000000000 
40.000000000000000 98.531344947466337 340.000000000000000 
41.000000000000000 84.384889346608219 250.000000000000000 
42.000000000000000 74.065606446043176 139.000000000000000 
43.000000000000000 88.355950051986454 305.000000000000000 
44.000000000000000 74.850465176368772 1135.000000000000000 
45.000000000000000 111.786929125035655 382.000000000000000 
46.000000000000000 86.719740411939370 437.000000000000000 
47.000000000000000 81.758842444090021 224.000000000000000 
48.000000000000000 93.997577941008757 347.000000000000000 
49.000000000000000 101.582179537899663 694.000000000000000 
50.000000000000000 90.146141386804445 1112.000000000000000 
51.000000000000000 79.344953463263337 180.000000000000000 
52.000000000000000 81.965133858549976 184.000000000000000 
53.000000000000000 76.178530184693159 161.000000000000000 
54.000000000000000 81.459546715411022 1212.000000000000000 
55.000000000000000 68.179640653981778 924.000000000000000 
56.000000000000000 93.145232852001129 226.000000000000000 
57.000000000000000 84.189853734113100 487.000000000000000 
58.000000000000000 89.100302852233014 294.000000000000000 
59.000000000000000 70.340900601177353 128.000000000000000 
60.000000000000000 72.025013365018296 251.000000000000000 
61.000000000000000 72.199124280583135 141.000000000000000 
62.000000000000000 65.964243354864280 126.000000000000000 
63.000000000000000 69.398689790334586 107.000000000000000 
64.000000000000000 70.485511894283022 421.000000000000000 
65.000000000000000  0.000000000000000  0.000000000000000 
66.000000000000000  0.000000000000000  0.000000000000000 
67.000000000000000  0.000000000000000  0.000000000000000 
68.000000000000000  0.000000000000000  0.000000000000000 
69.000000000000000  0.000000000000000  0.000000000000000 
70.000000000000000  0.000000000000000  0.000000000000000 
71.000000000000000  0.000000000000000  0.000000000000000 
72.000000000000000  0.000000000000000  0.000000000000000 
73.000000000000000  0.000000000000000  0.000000000000000 
74.000000000000000  0.000000000000000  0.000000000000000 
75.000000000000000  0.000000000000000  0.000000000000000 
76.000000000000000  0.000000000000000  0.000000000000000 
77.000000000000000  0.000000000000000  0.000000000000000 
78.000000000000000  0.000000000000000  0.000000000000000 
79.000000000000000  0.000000000000000  0.000000000000000 
80.000000000000000  0.000000000000000  0.000000000000000 
81.000000000000000  0.000000000000000  0.000000000000000 
82.000000000000000  0.000000000000000  0.000000000000000 
83.000000000000000  0.000000000000000  0.000000000000000 
84.000000000000000  0.000000000000000  0.000000000000000 
85.000000000000000  0.000000000000000  0.000000000000000 
86.000000000000000  0.000000000000000  0.000000000000000 
87.000000000000000  0.000000000000000  0.000000000000000 
88.000000000000000  0.000000000000000  0.000000000000000 
89.000000000000000  0.000000000000000  0.000000000000000 
90.000000000000000  0.000000000000000  0.000000000000000 
91.000000000000000  0.000000000000000  0.000000000000000 
92.000000000000000  0.000000000000000  0.000000000000000 
93.000000000000000  0.000000000000000  0.000000000000000 
94.000000000000000  0.000000000000000  0.000000000000000 
95.000000000000000  0.000000000000000  0.000000000000000 
96.000000000000000  0.000000000000000  0.000000000000000 
97.000000000000000  0.000000000000000  0.000000000000000 
98.000000000000000  0.000000000000000  0.000000000000000 
99.000000000000000  0.000000000000000  0.000000000000000 
100.000000000000000  0.000000000000000  0.000000000000000 
101.000000000000000  0.000000000000000  0.000000000000000 
102.000000000000000  0.000000000000000  0.000000000000000 
103.000000000000000  0.000000000000000  0.000000000000000 
104.000000000000000  0.000000000000000  0.000000000000000 
105.000000000000000  0.000000000000000  0.000000000000000 
106.000000000000000  0.000000000000000  0.000000000000000 
107.000000000000000  0.000000000000000  0.000000000000000 
108.000000000000000  0.000000000000000  0.000000000000000 
109.000000000000000  0.000000000000000  0.000000000000000 
110.000000000000000  0.000000000000000  0.000000000000000 
111.000000000000000  0.000000000000000  0.000000000000000 
112.000000000000000  0.000000000000000  0.000000000000000 
113.000000000000000  0.000000000000000  0.000000000000000 
114.000000000000000  0.000000000000000  0.000000000000000 
115.000000000000000  0.000000000000000  0.000000000000000 
116.000000000000000  0.000000000000000  0.000000000000000 
117.000000000000000  0.000000000000000  0.000000000000000 
118.000000000000000  0.000000000000000  0.000000000000000 
119.000000000000000  0.000000000000000  0.000000000000000 
120.000000000000000  0.000000000000000  0.000000000000000 
121.000000000000000  0.000000000000000  0.000000000000000 
122.000000000000000  0.000000000000000  0.000000000000000 
123.000000000000000  0.000000000000000  0.000000000000000 
124.000000000000000  0.000000000000000  0.000000000000000 
125.000000000000000  0.000000000000000  0.000000000000000 
126.000000000000000  0.000000000000000  0.000000000000000 
127.000000000000000  0.000000000000000  0.000000000000000 
