 0.000000000000000 57.946137959370461 766.000000000000000 
 1.000000000000000 62.936288498968182 588.000000000000000 
 2.000000000000000 68.458714180519081 518.000000000000000 
 3.000000000000000 52.647007258424537 212.000000000000000 
 4.000000000000000 54.920708437728251 791.000000000000000 
 5.000000000000000 57.518155359164155 191.000000000000000 
 6.000000000000000 63.811098205408577 499.000000000000000 
 7.000000000000000 53.791319650224970 396.000000000000000 
 8.000000000000000 64.654751422345086 336.000000000000000 
 9.000000000000000 58.029531095210196 138.000000000000000 
10.000000000000000 62.503159171038064 533.000000000000000 
11.000000000000000 37.282967741131245 64.000000000000000 
12.000000000000000 52.543242836638598 95.000000000000000 
13.000000000000000 59.843580398770122 126.000000000000000 
14.000000000000000 55.318766675421699 83.000000000000000 
15.000000000000000 49.053015056054015 137.000000000000000 
16.000000000000000 43.965444311283413 205.000000000000000 
17.000000000000000 52.765803809726016 238.000000000000000 
18.000000000000000 59.576087931809788 444.000000000000000 
19.000000000000000 60.184768386157131 126.000000000000000 
20.000000000000000 58.967420911684648 247.000000000000000 
21.000000000000000 46.979814865785620 203.000000000000000 
22.000000000000000 57.273624162303143 95.000000000000000 
23.000000000000000 65.761277895919264 907.000000000000000 
24.000000000000000 63.374708925576002 141.000000000000000 
25.000000000000000 59.542295013217398 135.000000000000000 
26.000000000000000 67.922996468956399 728.000000000000000 
27.000000000000000 54.420006850360657 239.000000000000000 
28.000000000000000 54.184416306690473 265.000000000000000 
29.000000000000000 65.801046824904731 196.000000000000000 
30.000000000000000 52.590399116781093 162.000000000000000 
31.000000000000000 65.050599805456528 163.000000000000000 
32.000000000000000 52.610263941991043 88.000000000000000 
33.000000000000000 63.016994415969236 78.000000000000000 
34.000000000000000 49.991574910567429 129.000000000000000 
35.000000000000000 51.364239820995337 168.000000000000000 
36.000000000000000 54.561541871417802 164.000000000000000 
37.000000000000000 51.848287297515505 120.000000000000000 
38.000000000000000 60.199372552198589 1139.000000000000000 
39.000000000000000 62.073668055137247 404.000000000000000 
40.000000000000000 41.098797193030215 139.000000000000000 
41.000000000000000 60.038961335564942 235.000000000000000 
42.000000000000000 61.969544729545433 132.000000000000000 
43.000000000000000 63.142505221379402 214.000000000000000 
44.000000000000000 60.085064152779509 942.000000000000000 
45.000000000000000 59.192453532400059 345.000000000000000 
46.000000000000000 50.305354243617799 241.000000000000000 
47.000000000000000 62.118120194706655 212.000000000000000 
48.000000000000000 47.612985160875425 194.000000000000000 
49.000000000000000 60.291111936850236 589.000000000000000 
50.000000000000000 68.951109389637168 922.000000000000000 
51.000000000000000 63.147782601102875 165.000000000000000 
52.000000000000000 50.800390389190930 132.000000000000000 
53.000000000000000 55.741149370357959 176.000000000000000 
54.000000000000000 52.619627351907937 1043.000000000000000 
55.000000000000000 55.536001498490492 781.000000000000000 
56.000000000000000 58.972083813807970 158.000000000000000 
57.000000000000000 58.748409369585524 344.000000000000000 
58.000000000000000 65.903934348806260 267.000000000000000 
59.000000000000000 53.361164417666686 114.000000000000000 
60.000000000000000 60.496237367980385 221.000000000000000 
61.000000000000000 69.206537415560419 142.000000000000000 
62.000000000000000 54.886207727771669 113.000000000000000 
63.000000000000000 62.105838620892783 97.000000000000000 
64.000000000000000 55.793718475571175 461.000000000000000 
65.000000000000000 66.615494931824855 212.000000000000000 
66.000000000000000 44.684824143157584 66.000000000000000 
67.000000000000000 56.615802113169472 154.000000000000000 
68.000000000000000 51.760610474917698 259.000000000000000 
69.000000000000000 54.184973086255006 169.000000000000000 
70.000000000000000 49.947322196690628 244.000000000000000 
71.000000000000000 55.193594229696338 288.000000000000000 
72.000000000000000 62.071642983959016 942.000000000000000 
73.000000000000000 52.990950704476809 356.000000000000000 
74.000000000000000 41.614549684111097 97.000000000000000 
75.000000000000000 44.003873759697051 101.000000000000000 
76.000000000000000 30.458895439342854 42.000000000000000 
77.000000000000000 58.402027453255101 332.000000000000000 
78.000000000000000 54.243240437562484 294.000000000000000 
79.000000000000000 52.440014674968396 256.000000000000000 
80.000000000000000 44.777353978668913 307.000000000000000 
81.000000000000000 55.269337884655961 134.000000000000000 
82.000000000000000 47.538791399253327 373.000000000000000 
83.000000000000000 48.567988648989413 99.000000000000000 
84.000000000000000 45.048238426854994 80.000000000000000 
85.000000000000000 44.075451671529045 135.000000000000000 
86.000000000000000 51.908414458493347 105.000000000000000 
87.000000000000000 42.267944271552501 96.000000000000000 
88.000000000000000 45.677895773455077 224.000000000000000 
89.000000000000000  0.000000000000000  0.000000000000000 
90.000000000000000  0.000000000000000  0.000000000000000 
91.000000000000000  0.000000000000000  0.000000000000000 
92.000000000000000  0.000000000000000  0.000000000000000 
93.000000000000000  0.000000000000000  0.000000000000000 
94.000000000000000  0.000000000000000  0.000000000000000 
95.000000000000000  0.000000000000000  0.000000000000000 
96.000000000000000  0.000000000000000  0.000000000000000 
97.000000000000000  0.000000000000000  0.000000000000000 
98.000000000000000  0.000000000000000  0.000000000000000 
99.000000000000000  0.000000000000000  0.000000000000000 
100.000000000000000  0.000000000000000  0.000000000000000 
101.000000000000000  0.000000000000000  0.000000000000000 
102.000000000000000  0.000000000000000  0.000000000000000 
103.000000000000000  0.000000000000000  0.000000000000000 
104.000000000000000  0.000000000000000  0.000000000000000 
105.000000000000000  0.000000000000000  0.000000000000000 
106.000000000000000  0.000000000000000  0.000000000000000 
107.000000000000000  0.000000000000000  0.000000000000000 
108.000000000000000  0.000000000000000  0.000000000000000 
109.000000000000000  0.000000000000000  0.000000000000000 
110.000000000000000  0.000000000000000  0.000000000000000 
111.000000000000000  0.000000000000000  0.000000000000000 
112.000000000000000  0.000000000000000  0.000000000000000 
113.000000000000000  0.000000000000000  0.000000000000000 
114.000000000000000  0.000000000000000  0.000000000000000 
115.000000000000000  0.000000000000000  0.000000000000000 
116.000000000000000  0.000000000000000  0.000000000000000 
117.000000000000000  0.000000000000000  0.000000000000000 
118.000000000000000  0.000000000000000  0.000000000000000 
119.000000000000000  0.000000000000000  0.000000000000000 
120.000000000000000  0.000000000000000  0.000000000000000 
121.000000000000000  0.000000000000000  0.000000000000000 
122.000000000000000  0.000000000000000  0.000000000000000 
123.000000000000000  0.000000000000000  0.000000000000000 
124.000000000000000  0.000000000000000  0.000000000000000 
125.000000000000000  0.000000000000000  0.000000000000000 
126.000000000000000  0.000000000000000  0.000000000000000 
127.000000000000000  0.000000000000000  0.000000000000000 
