 0.000000000000000 58.184465564098666 767.000000000000000 
 1.000000000000000 60.600229891039007 589.000000000000000 
 2.000000000000000 68.371720310786060 525.000000000000000 
 3.000000000000000 51.814057032995400 210.000000000000000 
 4.000000000000000 60.583818581688433 820.000000000000000 
 5.000000000000000 60.521843507555289 202.000000000000000 
 6.000000000000000 65.218111739129057 464.000000000000000 
 7.000000000000000 58.538957531842506 436.000000000000000 
 8.000000000000000 74.871441277380242 276.000000000000000 
 9.000000000000000 64.823374541286697 156.000000000000000 
10.000000000000000 61.124508611283581 527.000000000000000 
11.000000000000000 52.205937420250251 86.000000000000000 
12.000000000000000 63.359341123863210 102.000000000000000 
13.000000000000000 55.314171483835977 122.000000000000000 
14.000000000000000 56.554867836547615 84.000000000000000 
15.000000000000000 55.062638898707753 155.000000000000000 
16.000000000000000 59.493412844368471 227.000000000000000 
17.000000000000000 54.953536704705932 243.000000000000000 
18.000000000000000 61.936360325734661 428.000000000000000 
19.000000000000000 68.297241853248167 130.000000000000000 
20.000000000000000 61.623428219419786 250.000000000000000 
21.000000000000000 50.202981364671615 215.000000000000000 
22.000000000000000 55.690360262551550 95.000000000000000 
23.000000000000000 67.685283753884590 929.000000000000000 
24.000000000000000 62.983045382886402 140.000000000000000 
25.000000000000000 66.081675597412215 130.000000000000000 
26.000000000000000 71.617150507508555 754.000000000000000 
27.000000000000000 57.507511616320222 247.000000000000000 
28.000000000000000 61.322285866061648 287.000000000000000 
29.000000000000000 67.857463804192491 198.000000000000000 
30.000000000000000 51.159687935315304 159.000000000000000 
31.000000000000000 67.777356780779229 170.000000000000000 
32.000000000000000 53.490626350022630 90.000000000000000 
33.000000000000000 63.829331563081375 79.000000000000000 
34.000000000000000 50.926974424723845 130.000000000000000 
35.000000000000000 57.757100147029291 184.000000000000000 
36.000000000000000 70.652790828187975 213.000000000000000 
37.000000000000000 54.097383809349679 123.000000000000000 
38.000000000000000 61.153753710132186 1149.000000000000000 
39.000000000000000 62.435702463421187 416.000000000000000 
40.000000000000000 54.246590657777411 161.000000000000000 
41.000000000000000 65.781971064322931 202.000000000000000 
42.000000000000000 62.578378111754859 133.000000000000000 
43.000000000000000 71.722193053089086 238.000000000000000 
44.000000000000000 59.961230328695905 945.000000000000000 
45.000000000000000 60.786198279859889 354.000000000000000 
46.000000000000000 57.174706907529000 278.000000000000000 
47.000000000000000 68.953580023662596 224.000000000000000 
48.000000000000000 64.183615486262923 237.000000000000000 
49.000000000000000 66.968069186177672 566.000000000000000 
50.000000000000000 68.951109389637210 922.000000000000000 
51.000000000000000 64.747695396629695 168.000000000000000 
52.000000000000000 52.884909021823709 135.000000000000000 
53.000000000000000 70.596511467997757 177.000000000000000 
54.000000000000000 52.831201215069576 1044.000000000000000 
55.000000000000000 55.536001498490407 781.000000000000000 
56.000000000000000 58.650968397721421 157.000000000000000 
57.000000000000000 58.139852537349810 346.000000000000000 
58.000000000000000 70.599107201203182 278.000000000000000 
59.000000000000000 45.719163864596133 109.000000000000000 
60.000000000000000 66.641850672086974 237.000000000000000 
61.000000000000000 71.873714899347050 145.000000000000000 
62.000000000000000 53.853773327720702 111.000000000000000 
63.000000000000000 67.077625142092444 106.000000000000000 
64.000000000000000 68.785929547783653 497.000000000000000 
65.000000000000000 67.809782733249250 213.000000000000000 
66.000000000000000 46.273477563564704 68.000000000000000 
67.000000000000000 57.592369731802521 157.000000000000000 
68.000000000000000 60.639010146245404 308.000000000000000 
69.000000000000000 53.348252564144616 147.000000000000000 
70.000000000000000 54.793919114861353 254.000000000000000 
71.000000000000000 54.843824927365134 286.000000000000000 
72.000000000000000 62.071642983959030 942.000000000000000 
73.000000000000000 57.261552918504776 357.000000000000000 
74.000000000000000 49.796483803504231 109.000000000000000 
75.000000000000000 44.046405096082218 101.000000000000000 
76.000000000000000 33.125077014319999 45.000000000000000 
77.000000000000000 67.237253342597128 409.000000000000000 
78.000000000000000 56.476237749595128 301.000000000000000 
79.000000000000000 55.383308513875043 264.000000000000000 
80.000000000000000 47.428215643691502 314.000000000000000 
81.000000000000000 57.216139578894513 133.000000000000000 
82.000000000000000 46.546230329970193 366.000000000000000 
83.000000000000000 46.430546107123305 92.000000000000000 
84.000000000000000 43.277218713358003 77.000000000000000 
85.000000000000000  0.000000000000000  0.000000000000000 
86.000000000000000  0.000000000000000  0.000000000000000 
87.000000000000000  0.000000000000000  0.000000000000000 
88.000000000000000  0.000000000000000  0.000000000000000 
89.000000000000000  0.000000000000000  0.000000000000000 
90.000000000000000  0.000000000000000  0.000000000000000 
91.000000000000000  0.000000000000000  0.000000000000000 
92.000000000000000  0.000000000000000  0.000000000000000 
93.000000000000000  0.000000000000000  0.000000000000000 
94.000000000000000  0.000000000000000  0.000000000000000 
95.000000000000000  0.000000000000000  0.000000000000000 
96.000000000000000  0.000000000000000  0.000000000000000 
97.000000000000000  0.000000000000000  0.000000000000000 
98.000000000000000  0.000000000000000  0.000000000000000 
99.000000000000000  0.000000000000000  0.000000000000000 
100.000000000000000  0.000000000000000  0.000000000000000 
101.000000000000000  0.000000000000000  0.000000000000000 
102.000000000000000  0.000000000000000  0.000000000000000 
103.000000000000000  0.000000000000000  0.000000000000000 
104.000000000000000  0.000000000000000  0.000000000000000 
105.000000000000000  0.000000000000000  0.000000000000000 
106.000000000000000  0.000000000000000  0.000000000000000 
107.000000000000000  0.000000000000000  0.000000000000000 
108.000000000000000  0.000000000000000  0.000000000000000 
109.000000000000000  0.000000000000000  0.000000000000000 
110.000000000000000  0.000000000000000  0.000000000000000 
111.000000000000000  0.000000000000000  0.000000000000000 
112.000000000000000  0.000000000000000  0.000000000000000 
113.000000000000000  0.000000000000000  0.000000000000000 
114.000000000000000  0.000000000000000  0.000000000000000 
115.000000000000000  0.000000000000000  0.000000000000000 
116.000000000000000  0.000000000000000  0.000000000000000 
117.000000000000000  0.000000000000000  0.000000000000000 
118.000000000000000  0.000000000000000  0.000000000000000 
119.000000000000000  0.000000000000000  0.000000000000000 
120.000000000000000  0.000000000000000  0.000000000000000 
121.000000000000000  0.000000000000000  0.000000000000000 
122.000000000000000  0.000000000000000  0.000000000000000 
123.000000000000000  0.000000000000000  0.000000000000000 
124.000000000000000  0.000000000000000  0.000000000000000 
125.000000000000000  0.000000000000000  0.000000000000000 
126.000000000000000  0.000000000000000  0.000000000000000 
127.000000000000000  0.000000000000000  0.000000000000000 
