 0.000000000000000 43.465506489081733 639.000000000000000 
 1.000000000000000 36.661739265797465 361.000000000000000 
 2.000000000000000 45.409116850005844 354.000000000000000 
 3.000000000000000 44.655069645618084 191.000000000000000 
 4.000000000000000 49.523276038609950 778.000000000000000 
 5.000000000000000 50.680702459117512 170.000000000000000 
 6.000000000000000 49.634224984586076 378.000000000000000 
 7.000000000000000 44.981364694124117 322.000000000000000 
 8.000000000000000 49.529610135839263 260.000000000000000 
 9.000000000000000 39.102292901179837 109.000000000000000 
10.000000000000000 54.970438630396750 490.000000000000000 
11.000000000000000 27.255925472102128 47.000000000000000 
12.000000000000000 39.874209315918094 78.000000000000000 
13.000000000000000 40.479456440269409 96.000000000000000 
14.000000000000000 46.831292710356259 75.000000000000000 
15.000000000000000 43.799679499081307 123.000000000000000 
16.000000000000000 34.518663670334988 167.000000000000000 
17.000000000000000 40.380685964362584 191.000000000000000 
18.000000000000000 50.521758863947639 408.000000000000000 
19.000000000000000 58.081293382633064 127.000000000000000 
20.000000000000000 43.665892059903889 211.000000000000000 
21.000000000000000 37.361434321536407 175.000000000000000 
22.000000000000000 50.040542401413816 108.000000000000000 
23.000000000000000 44.761913226809924 721.000000000000000 
24.000000000000000 52.047666999167511 117.000000000000000 
25.000000000000000 52.987719766685700 119.000000000000000 
26.000000000000000 59.997481787543983 686.000000000000000 
27.000000000000000 38.542752132098293 177.000000000000000 
28.000000000000000 51.578017618075286 303.000000000000000 
29.000000000000000 41.404577636440386 152.000000000000000 
30.000000000000000 48.334043295159503 150.000000000000000 
31.000000000000000 43.576222096096032 104.000000000000000 
32.000000000000000 45.327018250350804 80.000000000000000 
33.000000000000000 55.658117712323538 68.000000000000000 
34.000000000000000 44.978891388455288 123.000000000000000 
35.000000000000000 37.042258393030231 118.000000000000000 
36.000000000000000 50.069860329072547 148.000000000000000 
37.000000000000000 46.662753679207555 111.000000000000000 
38.000000000000000 44.209230866653385 931.000000000000000 
39.000000000000000 50.555467786447068 366.000000000000000 
40.000000000000000 36.421919275878999 119.000000000000000 
41.000000000000000 53.047890675034978 217.000000000000000 
42.000000000000000 56.687274572136765 117.000000000000000 
43.000000000000000 50.217898459277947 187.000000000000000 
44.000000000000000 52.954692237516532 699.000000000000000 
45.000000000000000 37.109179950330898 236.000000000000000 
46.000000000000000 34.943792706196355 164.000000000000000 
47.000000000000000 45.930887338529757 166.000000000000000 
48.000000000000000 41.883320864719416 127.000000000000000 
49.000000000000000 53.310844961203109 478.000000000000000 
50.000000000000000 53.103956569736184 737.000000000000000 
51.000000000000000 48.607342019157251 138.000000000000000 
52.000000000000000 45.810074255976907 125.000000000000000 
53.000000000000000 49.215747252101906 157.000000000000000 
54.000000000000000 36.748098281810982 829.000000000000000 
55.000000000000000 33.554844624520030 572.000000000000000 
56.000000000000000 54.565833807949865 148.000000000000000 
57.000000000000000 47.705808578155469 259.000000000000000 
58.000000000000000 34.285194872002236 152.000000000000000 
59.000000000000000 48.435989968135978 98.000000000000000 
60.000000000000000 34.572505605597044 159.000000000000000 
61.000000000000000 48.939299746325112 107.000000000000000 
62.000000000000000 33.452783619861115 72.000000000000000 
63.000000000000000 53.447333590932530 83.000000000000000 
64.000000000000000 41.057380509722869 418.000000000000000 
65.000000000000000 44.402086067713185 165.000000000000000 
66.000000000000000 41.085753071050803 63.000000000000000 
67.000000000000000 40.474171431112154 107.000000000000000 
68.000000000000000 36.408767360222406 188.000000000000000 
69.000000000000000 43.603128697222971 164.000000000000000 
70.000000000000000 49.036310262123187 279.000000000000000 
71.000000000000000 48.505894805483550 253.000000000000000 
72.000000000000000 51.787906438639546 857.000000000000000 
73.000000000000000 38.491246302031577 269.000000000000000 
74.000000000000000 38.895993294581572 92.000000000000000 
75.000000000000000 44.302034634411648 103.000000000000000 
76.000000000000000 31.431597698018606 43.000000000000000 
77.000000000000000 43.047670053973263 440.000000000000000 
78.000000000000000 37.784681564994877 222.000000000000000 
79.000000000000000 45.173280997373382 223.000000000000000 
80.000000000000000 42.297321846659081 294.000000000000000 
81.000000000000000 34.765818167631764 107.000000000000000 
82.000000000000000 31.954062309762456 272.000000000000000 
83.000000000000000 46.865288938299798 101.000000000000000 
84.000000000000000 42.112128274269402 78.000000000000000 
85.000000000000000 35.617501123426599 113.000000000000000 
86.000000000000000 35.561509877263148 76.000000000000000 
87.000000000000000 36.543729677539801 87.000000000000000 
88.000000000000000 41.321202411358747 216.000000000000000 
89.000000000000000 36.853012193538923 105.000000000000000 
90.000000000000000 49.826729661922961 884.000000000000000 
91.000000000000000 46.284816362081990 722.000000000000000 
92.000000000000000 40.453079205404578 159.000000000000000 
93.000000000000000 39.976045066000296 245.000000000000000 
94.000000000000000 41.782501665535570 205.000000000000000 
95.000000000000000 36.239557672067399 293.000000000000000 
96.000000000000000 40.202391419843110 420.000000000000000 
97.000000000000000 26.491483847566524 36.000000000000000 
98.000000000000000 37.957244864134609 182.000000000000000 
99.000000000000000 39.375426204691848 284.000000000000000 
100.000000000000000 30.013001651840451 89.000000000000000 
101.000000000000000 38.365480363520994 201.000000000000000 
102.000000000000000 37.954611746735566 236.000000000000000 
103.000000000000000 31.133173241346501 93.000000000000000 
104.000000000000000 36.234302206365733 139.000000000000000 
105.000000000000000  0.000000000000000  0.000000000000000 
106.000000000000000  0.000000000000000  0.000000000000000 
107.000000000000000  0.000000000000000  0.000000000000000 
108.000000000000000  0.000000000000000  0.000000000000000 
109.000000000000000  0.000000000000000  0.000000000000000 
110.000000000000000  0.000000000000000  0.000000000000000 
111.000000000000000  0.000000000000000  0.000000000000000 
112.000000000000000  0.000000000000000  0.000000000000000 
113.000000000000000  0.000000000000000  0.000000000000000 
114.000000000000000  0.000000000000000  0.000000000000000 
115.000000000000000  0.000000000000000  0.000000000000000 
116.000000000000000  0.000000000000000  0.000000000000000 
117.000000000000000  0.000000000000000  0.000000000000000 
118.000000000000000  0.000000000000000  0.000000000000000 
119.000000000000000  0.000000000000000  0.000000000000000 
120.000000000000000  0.000000000000000  0.000000000000000 
121.000000000000000  0.000000000000000  0.000000000000000 
122.000000000000000  0.000000000000000  0.000000000000000 
123.000000000000000  0.000000000000000  0.000000000000000 
124.000000000000000  0.000000000000000  0.000000000000000 
125.000000000000000  0.000000000000000  0.000000000000000 
126.000000000000000  0.000000000000000  0.000000000000000 
127.000000000000000  0.000000000000000  0.000000000000000 
