 0.000000000000000 138.005815026626919 1633.000000000000000 
 1.000000000000000 126.920928331613396 1380.000000000000000 
 2.000000000000000 178.972914262516781 931.000000000000000 
 3.000000000000000 169.394499030133147 287.000000000000000 
 4.000000000000000 144.244637663294952 923.000000000000000 
 5.000000000000000 162.093413845153492 352.000000000000000 
 6.000000000000000 166.332533856247608 790.000000000000000 
 7.000000000000000 138.412053492210163 1294.000000000000000 
 8.000000000000000 168.862967764219292 649.000000000000000 
 9.000000000000000 175.854414112800782 447.000000000000000 
10.000000000000000 163.922934896443934 965.000000000000000 
11.000000000000000 148.462576966934847 200.000000000000000 
12.000000000000000 174.716215853752146 247.000000000000000 
13.000000000000000 146.493872372183063 297.000000000000000 
14.000000000000000 165.179521660447506 214.000000000000000 
15.000000000000000 149.276627858952338 279.000000000000000 
16.000000000000000 177.385180669645194 787.000000000000000 
17.000000000000000 173.852883064374197 365.000000000000000 
18.000000000000000 176.761233351041795 647.000000000000000 
19.000000000000000 145.973562899633720 204.000000000000000 
20.000000000000000 180.721773820312052 624.000000000000000 
21.000000000000000 192.882553639108636 692.000000000000000 
22.000000000000000 160.427475595943946 230.000000000000000 
23.000000000000000 128.877217237327727 1589.000000000000000 
24.000000000000000 149.224467442514111 254.000000000000000 
25.000000000000000 184.499753695041193 260.000000000000000 
26.000000000000000 172.798310754275292 1472.000000000000000 
27.000000000000000 150.341628664204620 412.000000000000000 
28.000000000000000 187.807269756798291 674.000000000000000 
29.000000000000000 183.712475948893768 459.000000000000000 
30.000000000000000 180.067205472081724 424.000000000000000 
31.000000000000000 158.750220788857348 334.000000000000000 
32.000000000000000 146.301149648222577 205.000000000000000 
33.000000000000000 142.911884317472243 145.000000000000000 
34.000000000000000 147.073025311626083 216.000000000000000 
35.000000000000000 181.132194862313725 542.000000000000000 
36.000000000000000 161.892843039533574 331.000000000000000 
37.000000000000000 154.179049357833776 366.000000000000000 
38.000000000000000 196.950238433821681 2117.000000000000000 
39.000000000000000 142.928485648497940 624.000000000000000 
40.000000000000000 201.852652319718771 498.000000000000000 
41.000000000000000 149.660255402571323 428.000000000000000 
42.000000000000000 131.758040605310072 214.000000000000000 
43.000000000000000  0.000000000000000  0.000000000000000 
44.000000000000000  0.000000000000000  0.000000000000000 
45.000000000000000  0.000000000000000  0.000000000000000 
46.000000000000000  0.000000000000000  0.000000000000000 
47.000000000000000  0.000000000000000  0.000000000000000 
48.000000000000000  0.000000000000000  0.000000000000000 
49.000000000000000  0.000000000000000  0.000000000000000 
50.000000000000000  0.000000000000000  0.000000000000000 
51.000000000000000  0.000000000000000  0.000000000000000 
52.000000000000000  0.000000000000000  0.000000000000000 
53.000000000000000  0.000000000000000  0.000000000000000 
54.000000000000000  0.000000000000000  0.000000000000000 
55.000000000000000  0.000000000000000  0.000000000000000 
56.000000000000000  0.000000000000000  0.000000000000000 
57.000000000000000  0.000000000000000  0.000000000000000 
58.000000000000000  0.000000000000000  0.000000000000000 
59.000000000000000  0.000000000000000  0.000000000000000 
60.000000000000000  0.000000000000000  0.000000000000000 
61.000000000000000  0.000000000000000  0.000000000000000 
62.000000000000000  0.000000000000000  0.000000000000000 
63.000000000000000  0.000000000000000  0.000000000000000 
64.000000000000000  0.000000000000000  0.000000000000000 
65.000000000000000  0.000000000000000  0.000000000000000 
66.000000000000000  0.000000000000000  0.000000000000000 
67.000000000000000  0.000000000000000  0.000000000000000 
68.000000000000000  0.000000000000000  0.000000000000000 
69.000000000000000  0.000000000000000  0.000000000000000 
70.000000000000000  0.000000000000000  0.000000000000000 
71.000000000000000  0.000000000000000  0.000000000000000 
72.000000000000000  0.000000000000000  0.000000000000000 
73.000000000000000  0.000000000000000  0.000000000000000 
74.000000000000000  0.000000000000000  0.000000000000000 
75.000000000000000  0.000000000000000  0.000000000000000 
76.000000000000000  0.000000000000000  0.000000000000000 
77.000000000000000  0.000000000000000  0.000000000000000 
78.000000000000000  0.000000000000000  0.000000000000000 
79.000000000000000  0.000000000000000  0.000000000000000 
80.000000000000000  0.000000000000000  0.000000000000000 
81.000000000000000  0.000000000000000  0.000000000000000 
82.000000000000000  0.000000000000000  0.000000000000000 
83.000000000000000  0.000000000000000  0.000000000000000 
84.000000000000000  0.000000000000000  0.000000000000000 
85.000000000000000  0.000000000000000  0.000000000000000 
86.000000000000000  0.000000000000000  0.000000000000000 
87.000000000000000  0.000000000000000  0.000000000000000 
88.000000000000000  0.000000000000000  0.000000000000000 
89.000000000000000  0.000000000000000  0.000000000000000 
90.000000000000000  0.000000000000000  0.000000000000000 
91.000000000000000  0.000000000000000  0.000000000000000 
92.000000000000000  0.000000000000000  0.000000000000000 
93.000000000000000  0.000000000000000  0.000000000000000 
94.000000000000000  0.000000000000000  0.000000000000000 
95.000000000000000  0.000000000000000  0.000000000000000 
96.000000000000000  0.000000000000000  0.000000000000000 
97.000000000000000  0.000000000000000  0.000000000000000 
98.000000000000000  0.000000000000000  0.000000000000000 
99.000000000000000  0.000000000000000  0.000000000000000 
100.000000000000000  0.000000000000000  0.000000000000000 
101.000000000000000  0.000000000000000  0.000000000000000 
102.000000000000000  0.000000000000000  0.000000000000000 
103.000000000000000  0.000000000000000  0.000000000000000 
104.000000000000000  0.000000000000000  0.000000000000000 
105.000000000000000  0.000000000000000  0.000000000000000 
106.000000000000000  0.000000000000000  0.000000000000000 
107.000000000000000  0.000000000000000  0.000000000000000 
108.000000000000000  0.000000000000000  0.000000000000000 
109.000000000000000  0.000000000000000  0.000000000000000 
110.000000000000000  0.000000000000000  0.000000000000000 
111.000000000000000  0.000000000000000  0.000000000000000 
112.000000000000000  0.000000000000000  0.000000000000000 
113.000000000000000  0.000000000000000  0.000000000000000 
114.000000000000000  0.000000000000000  0.000000000000000 
115.000000000000000  0.000000000000000  0.000000000000000 
116.000000000000000  0.000000000000000  0.000000000000000 
117.000000000000000  0.000000000000000  0.000000000000000 
118.000000000000000  0.000000000000000  0.000000000000000 
119.000000000000000  0.000000000000000  0.000000000000000 
120.000000000000000  0.000000000000000  0.000000000000000 
121.000000000000000  0.000000000000000  0.000000000000000 
122.000000000000000  0.000000000000000  0.000000000000000 
123.000000000000000  0.000000000000000  0.000000000000000 
124.000000000000000  0.000000000000000  0.000000000000000 
125.000000000000000  0.000000000000000  0.000000000000000 
126.000000000000000  0.000000000000000  0.000000000000000 
127.000000000000000  0.000000000000000  0.000000000000000 
