 0.000000000000000 99.526464705133250 947.000000000000000 
 1.000000000000000 82.741632651004210 728.000000000000000 
 2.000000000000000 114.956605338203900 620.000000000000000 
 3.000000000000000 106.296690415371671 195.000000000000000 
 4.000000000000000 89.664113876497808 704.000000000000000 
 5.000000000000000 92.735870756078157 232.000000000000000 
 6.000000000000000 92.607257552025644 568.000000000000000 
 7.000000000000000 95.214977623299077 862.000000000000000 
 8.000000000000000 106.869453981063160 353.000000000000000 
 9.000000000000000 84.500185899272566 184.000000000000000 
10.000000000000000 108.486005882215338 650.000000000000000 
11.000000000000000 95.894886036233828 130.000000000000000 
12.000000000000000 111.527125112666738 167.000000000000000 
13.000000000000000 91.134895527419928 191.000000000000000 
14.000000000000000 98.247496302516581 151.000000000000000 
15.000000000000000 86.661992837428130 168.000000000000000 
16.000000000000000 107.755547012917859 419.000000000000000 
17.000000000000000 83.274449073998724 317.000000000000000 
18.000000000000000 93.246774481078205 445.000000000000000 
19.000000000000000 119.626891471205795 183.000000000000000 
20.000000000000000 87.367701328929471 357.000000000000000 
21.000000000000000 105.893552798276659 434.000000000000000 
22.000000000000000 101.656887135532955 158.000000000000000 
23.000000000000000 76.805980897655516 1097.000000000000000 
24.000000000000000 79.893436878892615 180.000000000000000 
25.000000000000000 96.889281165463160 170.000000000000000 
26.000000000000000 102.082030106921778 904.000000000000000 
27.000000000000000 91.522912540755016 318.000000000000000 
28.000000000000000 101.924703310874634 427.000000000000000 
29.000000000000000 90.099182228850822 229.000000000000000 
30.000000000000000 108.527351985268524 341.000000000000000 
31.000000000000000 103.132211059409272 241.000000000000000 
32.000000000000000 93.608271229800678 145.000000000000000 
33.000000000000000 76.373066485482923 82.000000000000000 
34.000000000000000 107.106613332024452 176.000000000000000 
35.000000000000000 91.769488836299900 278.000000000000000 
36.000000000000000 107.595779528138721 246.000000000000000 
37.000000000000000 98.430019899187741 262.000000000000000 
38.000000000000000 82.849280781403337 1332.000000000000000 
39.000000000000000 108.776083807438269 649.000000000000000 
40.000000000000000 97.316885427148961 329.000000000000000 
41.000000000000000 100.374278511859714 313.000000000000000 
42.000000000000000 74.065606446043134 139.000000000000000 
43.000000000000000 85.215020550205594 297.000000000000000 
44.000000000000000 76.598645044178497 1146.000000000000000 
45.000000000000000 113.779902463483509 389.000000000000000 
46.000000000000000 88.871209647755819 428.000000000000000 
47.000000000000000 92.256264212821947 215.000000000000000 
48.000000000000000 96.059534129452402 352.000000000000000 
49.000000000000000 108.918608013336836 719.000000000000000 
50.000000000000000 90.016482607519961 1112.000000000000000 
51.000000000000000 83.387100517361120 166.000000000000000 
52.000000000000000 82.297640841429242 185.000000000000000 
53.000000000000000 76.178530184693216 161.000000000000000 
54.000000000000000 83.973626672935069 1225.000000000000000 
55.000000000000000 68.387126873923393 926.000000000000000 
56.000000000000000 87.554123049505264 216.000000000000000 
57.000000000000000 94.178679916336165 509.000000000000000 
58.000000000000000 89.017717605410127 291.000000000000000 
59.000000000000000 72.528765819294293 123.000000000000000 
60.000000000000000 72.437810958802061 252.000000000000000 
61.000000000000000 72.199124280583121 141.000000000000000 
62.000000000000000 66.877705099812616 127.000000000000000 
63.000000000000000  0.000000000000000  0.000000000000000 
64.000000000000000  0.000000000000000  0.000000000000000 
65.000000000000000  0.000000000000000  0.000000000000000 
66.000000000000000  0.000000000000000  0.000000000000000 
67.000000000000000  0.000000000000000  0.000000000000000 
68.000000000000000  0.000000000000000  0.000000000000000 
69.000000000000000  0.000000000000000  0.000000000000000 
70.000000000000000  0.000000000000000  0.000000000000000 
71.000000000000000  0.000000000000000  0.000000000000000 
72.000000000000000  0.000000000000000  0.000000000000000 
73.000000000000000  0.000000000000000  0.000000000000000 
74.000000000000000  0.000000000000000  0.000000000000000 
75.000000000000000  0.000000000000000  0.000000000000000 
76.000000000000000  0.000000000000000  0.000000000000000 
77.000000000000000  0.000000000000000  0.000000000000000 
78.000000000000000  0.000000000000000  0.000000000000000 
79.000000000000000  0.000000000000000  0.000000000000000 
80.000000000000000  0.000000000000000  0.000000000000000 
81.000000000000000  0.000000000000000  0.000000000000000 
82.000000000000000  0.000000000000000  0.000000000000000 
83.000000000000000  0.000000000000000  0.000000000000000 
84.000000000000000  0.000000000000000  0.000000000000000 
85.000000000000000  0.000000000000000  0.000000000000000 
86.000000000000000  0.000000000000000  0.000000000000000 
87.000000000000000  0.000000000000000  0.000000000000000 
88.000000000000000  0.000000000000000  0.000000000000000 
89.000000000000000  0.000000000000000  0.000000000000000 
90.000000000000000  0.000000000000000  0.000000000000000 
91.000000000000000  0.000000000000000  0.000000000000000 
92.000000000000000  0.000000000000000  0.000000000000000 
93.000000000000000  0.000000000000000  0.000000000000000 
94.000000000000000  0.000000000000000  0.000000000000000 
95.000000000000000  0.000000000000000  0.000000000000000 
96.000000000000000  0.000000000000000  0.000000000000000 
97.000000000000000  0.000000000000000  0.000000000000000 
98.000000000000000  0.000000000000000  0.000000000000000 
99.000000000000000  0.000000000000000  0.000000000000000 
100.000000000000000  0.000000000000000  0.000000000000000 
101.000000000000000  0.000000000000000  0.000000000000000 
102.000000000000000  0.000000000000000  0.000000000000000 
103.000000000000000  0.000000000000000  0.000000000000000 
104.000000000000000  0.000000000000000  0.000000000000000 
105.000000000000000  0.000000000000000  0.000000000000000 
106.000000000000000  0.000000000000000  0.000000000000000 
107.000000000000000  0.000000000000000  0.000000000000000 
108.000000000000000  0.000000000000000  0.000000000000000 
109.000000000000000  0.000000000000000  0.000000000000000 
110.000000000000000  0.000000000000000  0.000000000000000 
111.000000000000000  0.000000000000000  0.000000000000000 
112.000000000000000  0.000000000000000  0.000000000000000 
113.000000000000000  0.000000000000000  0.000000000000000 
114.000000000000000  0.000000000000000  0.000000000000000 
115.000000000000000  0.000000000000000  0.000000000000000 
116.000000000000000  0.000000000000000  0.000000000000000 
117.000000000000000  0.000000000000000  0.000000000000000 
118.000000000000000  0.000000000000000  0.000000000000000 
119.000000000000000  0.000000000000000  0.000000000000000 
120.000000000000000  0.000000000000000  0.000000000000000 
121.000000000000000  0.000000000000000  0.000000000000000 
122.000000000000000  0.000000000000000  0.000000000000000 
123.000000000000000  0.000000000000000  0.000000000000000 
124.000000000000000  0.000000000000000  0.000000000000000 
125.000000000000000  0.000000000000000  0.000000000000000 
126.000000000000000  0.000000000000000  0.000000000000000 
127.000000000000000  0.000000000000000  0.000000000000000 
