 0.000000000000000 85.901956211660305 779.000000000000000 
 1.000000000000000 78.757381452801795 673.000000000000000 
 2.000000000000000 100.028193966132605 561.000000000000000 
 3.000000000000000 70.210127312837500 218.000000000000000 
 4.000000000000000 72.320941048418291 880.000000000000000 
 5.000000000000000 83.071737321050307 247.000000000000000 
 6.000000000000000 88.021436712414172 587.000000000000000 
 7.000000000000000 81.560626336034915 665.000000000000000 
 8.000000000000000 86.926935747284261 314.000000000000000 
 9.000000000000000 79.932907236392751 180.000000000000000 
10.000000000000000 91.497391196552911 597.000000000000000 
11.000000000000000 88.957019942550005 120.000000000000000 
12.000000000000000 81.356497465697757 114.000000000000000 
13.000000000000000 85.077459775630885 180.000000000000000 
14.000000000000000 88.761399634184386 141.000000000000000 
15.000000000000000 88.487636222486174 185.000000000000000 
16.000000000000000 82.761012161743437 308.000000000000000 
17.000000000000000 79.174758202544950 306.000000000000000 
18.000000000000000 89.264116081600491 445.000000000000000 
19.000000000000000 73.756183444752622 136.000000000000000 
20.000000000000000 78.497704140055518 307.000000000000000 
21.000000000000000 76.892424606806699 369.000000000000000 
22.000000000000000 82.811611522699252 140.000000000000000 
23.000000000000000 63.516692873733660 917.000000000000000 
24.000000000000000 82.573064834236334 167.000000000000000 
25.000000000000000 75.202955569711804 141.000000000000000 
26.000000000000000 91.812744610499408 847.000000000000000 
27.000000000000000 77.050098738375766 284.000000000000000 
28.000000000000000 79.404320127490536 386.000000000000000 
29.000000000000000 80.157199108490715 222.000000000000000 
30.000000000000000 87.714349641500021 286.000000000000000 
31.000000000000000 83.229013799346490 197.000000000000000 
32.000000000000000 78.726555910790282 125.000000000000000 
33.000000000000000 75.539488464869535 82.000000000000000 
34.000000000000000 70.194552643301861 162.000000000000000 
35.000000000000000 63.678127418135126 195.000000000000000 
36.000000000000000 85.639311751107655 242.000000000000000 
37.000000000000000 94.839939964878454 240.000000000000000 
38.000000000000000 85.623681958108122 1363.000000000000000 
39.000000000000000 97.809566394802985 573.000000000000000 
40.000000000000000 83.723471688222503 303.000000000000000 
41.000000000000000 88.725285533138589 275.000000000000000 
42.000000000000000 79.175967212715307 151.000000000000000 
43.000000000000000 82.755682884551788 291.000000000000000 
44.000000000000000 82.826320256969851 1219.000000000000000 
45.000000000000000 71.605568943999103 374.000000000000000 
46.000000000000000 72.152927778884674 378.000000000000000 
47.000000000000000 78.305238458401249 234.000000000000000 
48.000000000000000 82.399247501299300 306.000000000000000 
49.000000000000000 82.498735926981595 628.000000000000000 
50.000000000000000 93.778928091671887 1146.000000000000000 
51.000000000000000 69.715807806853775 153.000000000000000 
52.000000000000000 71.433281693093662 173.000000000000000 
53.000000000000000 71.415435516887072 144.000000000000000 
54.000000000000000 82.519950284929251 1241.000000000000000 
55.000000000000000 70.767810256636764 958.000000000000000 
56.000000000000000 83.487149457298187 214.000000000000000 
57.000000000000000 71.159007283073763 438.000000000000000 
58.000000000000000 78.395675569881334 283.000000000000000 
59.000000000000000 69.077719242553158 126.000000000000000 
60.000000000000000 80.769692386176615 274.000000000000000 
61.000000000000000 72.472930834322426 142.000000000000000 
62.000000000000000 65.643821220692871 126.000000000000000 
63.000000000000000 80.369989802213482 124.000000000000000 
64.000000000000000 69.224819103508693 487.000000000000000 
65.000000000000000 95.159473794707040 296.000000000000000 
66.000000000000000 62.670568996565393 78.000000000000000 
67.000000000000000 58.536339771681604 147.000000000000000 
68.000000000000000 58.431128519159060 277.000000000000000 
69.000000000000000 69.954906227124397 134.000000000000000 
70.000000000000000  0.000000000000000  0.000000000000000 
71.000000000000000  0.000000000000000  0.000000000000000 
72.000000000000000  0.000000000000000  0.000000000000000 
73.000000000000000  0.000000000000000  0.000000000000000 
74.000000000000000  0.000000000000000  0.000000000000000 
75.000000000000000  0.000000000000000  0.000000000000000 
76.000000000000000  0.000000000000000  0.000000000000000 
77.000000000000000  0.000000000000000  0.000000000000000 
78.000000000000000  0.000000000000000  0.000000000000000 
79.000000000000000  0.000000000000000  0.000000000000000 
80.000000000000000  0.000000000000000  0.000000000000000 
81.000000000000000  0.000000000000000  0.000000000000000 
82.000000000000000  0.000000000000000  0.000000000000000 
83.000000000000000  0.000000000000000  0.000000000000000 
84.000000000000000  0.000000000000000  0.000000000000000 
85.000000000000000  0.000000000000000  0.000000000000000 
86.000000000000000  0.000000000000000  0.000000000000000 
87.000000000000000  0.000000000000000  0.000000000000000 
88.000000000000000  0.000000000000000  0.000000000000000 
89.000000000000000  0.000000000000000  0.000000000000000 
90.000000000000000  0.000000000000000  0.000000000000000 
91.000000000000000  0.000000000000000  0.000000000000000 
92.000000000000000  0.000000000000000  0.000000000000000 
93.000000000000000  0.000000000000000  0.000000000000000 
94.000000000000000  0.000000000000000  0.000000000000000 
95.000000000000000  0.000000000000000  0.000000000000000 
96.000000000000000  0.000000000000000  0.000000000000000 
97.000000000000000  0.000000000000000  0.000000000000000 
98.000000000000000  0.000000000000000  0.000000000000000 
99.000000000000000  0.000000000000000  0.000000000000000 
100.000000000000000  0.000000000000000  0.000000000000000 
101.000000000000000  0.000000000000000  0.000000000000000 
102.000000000000000  0.000000000000000  0.000000000000000 
103.000000000000000  0.000000000000000  0.000000000000000 
104.000000000000000  0.000000000000000  0.000000000000000 
105.000000000000000  0.000000000000000  0.000000000000000 
106.000000000000000  0.000000000000000  0.000000000000000 
107.000000000000000  0.000000000000000  0.000000000000000 
108.000000000000000  0.000000000000000  0.000000000000000 
109.000000000000000  0.000000000000000  0.000000000000000 
110.000000000000000  0.000000000000000  0.000000000000000 
111.000000000000000  0.000000000000000  0.000000000000000 
112.000000000000000  0.000000000000000  0.000000000000000 
113.000000000000000  0.000000000000000  0.000000000000000 
114.000000000000000  0.000000000000000  0.000000000000000 
115.000000000000000  0.000000000000000  0.000000000000000 
116.000000000000000  0.000000000000000  0.000000000000000 
117.000000000000000  0.000000000000000  0.000000000000000 
118.000000000000000  0.000000000000000  0.000000000000000 
119.000000000000000  0.000000000000000  0.000000000000000 
120.000000000000000  0.000000000000000  0.000000000000000 
121.000000000000000  0.000000000000000  0.000000000000000 
122.000000000000000  0.000000000000000  0.000000000000000 
123.000000000000000  0.000000000000000  0.000000000000000 
124.000000000000000  0.000000000000000  0.000000000000000 
125.000000000000000  0.000000000000000  0.000000000000000 
126.000000000000000  0.000000000000000  0.000000000000000 
127.000000000000000  0.000000000000000  0.000000000000000 
