 0.000000000000000 138.163656734934506 1641.000000000000000 
 1.000000000000000 126.177834461596831 1368.000000000000000 
 2.000000000000000 169.912561911103666 964.000000000000000 
 3.000000000000000 167.777810449418695 284.000000000000000 
 4.000000000000000 144.951178600925971 911.000000000000000 
 5.000000000000000 150.812670417334516 345.000000000000000 
 6.000000000000000 160.576642631598190 765.000000000000000 
 7.000000000000000 136.190548219951808 1286.000000000000000 
 8.000000000000000 153.121942082437158 533.000000000000000 
 9.000000000000000 179.998827486263139 444.000000000000000 
10.000000000000000 172.204288369796899 983.000000000000000 
11.000000000000000 150.552838762238025 200.000000000000000 
12.000000000000000 176.412189805493654 236.000000000000000 
13.000000000000000 148.503453298647202 299.000000000000000 
14.000000000000000 155.010288185222208 207.000000000000000 
15.000000000000000 149.417582331392765 276.000000000000000 
16.000000000000000 173.926222088313438 831.000000000000000 
17.000000000000000 151.265094218301726 338.000000000000000 
18.000000000000000 151.959874366767878 565.000000000000000 
19.000000000000000 149.762647909295112 209.000000000000000 
20.000000000000000 179.754284570948869 632.000000000000000 
21.000000000000000 178.200364894869779 683.000000000000000 
22.000000000000000 155.076032068304926 223.000000000000000 
23.000000000000000 127.358884320386224 1587.000000000000000 
24.000000000000000 150.272946919277672 257.000000000000000 
25.000000000000000 170.659366174542555 253.000000000000000 
26.000000000000000 164.433779040156168 1440.000000000000000 
27.000000000000000 165.374414520858807 425.000000000000000 
28.000000000000000 167.222941371029009 611.000000000000000 
29.000000000000000 183.619668144458728 452.000000000000000 
30.000000000000000 167.477282814283484 389.000000000000000 
31.000000000000000 162.781212562798345 342.000000000000000 
32.000000000000000 143.979331301921405 201.000000000000000 
33.000000000000000 149.719818479637695 151.000000000000000 
34.000000000000000 145.420498821767410 208.000000000000000 
35.000000000000000 184.250639412509827 552.000000000000000 
36.000000000000000 149.472080228809517 301.000000000000000 
37.000000000000000 161.359580818775584 377.000000000000000 
38.000000000000000 196.063963747339329 2109.000000000000000 
39.000000000000000 141.070405355866654 620.000000000000000 
40.000000000000000 136.984217561833361 474.000000000000000 
41.000000000000000 143.150207724861104 442.000000000000000 
42.000000000000000 153.013516789347705 249.000000000000000 
43.000000000000000 122.815974918473515 338.000000000000000 
44.000000000000000  0.000000000000000  0.000000000000000 
45.000000000000000  0.000000000000000  0.000000000000000 
46.000000000000000  0.000000000000000  0.000000000000000 
47.000000000000000  0.000000000000000  0.000000000000000 
48.000000000000000  0.000000000000000  0.000000000000000 
49.000000000000000  0.000000000000000  0.000000000000000 
50.000000000000000  0.000000000000000  0.000000000000000 
51.000000000000000  0.000000000000000  0.000000000000000 
52.000000000000000  0.000000000000000  0.000000000000000 
53.000000000000000  0.000000000000000  0.000000000000000 
54.000000000000000  0.000000000000000  0.000000000000000 
55.000000000000000  0.000000000000000  0.000000000000000 
56.000000000000000  0.000000000000000  0.000000000000000 
57.000000000000000  0.000000000000000  0.000000000000000 
58.000000000000000  0.000000000000000  0.000000000000000 
59.000000000000000  0.000000000000000  0.000000000000000 
60.000000000000000  0.000000000000000  0.000000000000000 
61.000000000000000  0.000000000000000  0.000000000000000 
62.000000000000000  0.000000000000000  0.000000000000000 
63.000000000000000  0.000000000000000  0.000000000000000 
64.000000000000000  0.000000000000000  0.000000000000000 
65.000000000000000  0.000000000000000  0.000000000000000 
66.000000000000000  0.000000000000000  0.000000000000000 
67.000000000000000  0.000000000000000  0.000000000000000 
68.000000000000000  0.000000000000000  0.000000000000000 
69.000000000000000  0.000000000000000  0.000000000000000 
70.000000000000000  0.000000000000000  0.000000000000000 
71.000000000000000  0.000000000000000  0.000000000000000 
72.000000000000000  0.000000000000000  0.000000000000000 
73.000000000000000  0.000000000000000  0.000000000000000 
74.000000000000000  0.000000000000000  0.000000000000000 
75.000000000000000  0.000000000000000  0.000000000000000 
76.000000000000000  0.000000000000000  0.000000000000000 
77.000000000000000  0.000000000000000  0.000000000000000 
78.000000000000000  0.000000000000000  0.000000000000000 
79.000000000000000  0.000000000000000  0.000000000000000 
80.000000000000000  0.000000000000000  0.000000000000000 
81.000000000000000  0.000000000000000  0.000000000000000 
82.000000000000000  0.000000000000000  0.000000000000000 
83.000000000000000  0.000000000000000  0.000000000000000 
84.000000000000000  0.000000000000000  0.000000000000000 
85.000000000000000  0.000000000000000  0.000000000000000 
86.000000000000000  0.000000000000000  0.000000000000000 
87.000000000000000  0.000000000000000  0.000000000000000 
88.000000000000000  0.000000000000000  0.000000000000000 
89.000000000000000  0.000000000000000  0.000000000000000 
90.000000000000000  0.000000000000000  0.000000000000000 
91.000000000000000  0.000000000000000  0.000000000000000 
92.000000000000000  0.000000000000000  0.000000000000000 
93.000000000000000  0.000000000000000  0.000000000000000 
94.000000000000000  0.000000000000000  0.000000000000000 
95.000000000000000  0.000000000000000  0.000000000000000 
96.000000000000000  0.000000000000000  0.000000000000000 
97.000000000000000  0.000000000000000  0.000000000000000 
98.000000000000000  0.000000000000000  0.000000000000000 
99.000000000000000  0.000000000000000  0.000000000000000 
100.000000000000000  0.000000000000000  0.000000000000000 
101.000000000000000  0.000000000000000  0.000000000000000 
102.000000000000000  0.000000000000000  0.000000000000000 
103.000000000000000  0.000000000000000  0.000000000000000 
104.000000000000000  0.000000000000000  0.000000000000000 
105.000000000000000  0.000000000000000  0.000000000000000 
106.000000000000000  0.000000000000000  0.000000000000000 
107.000000000000000  0.000000000000000  0.000000000000000 
108.000000000000000  0.000000000000000  0.000000000000000 
109.000000000000000  0.000000000000000  0.000000000000000 
110.000000000000000  0.000000000000000  0.000000000000000 
111.000000000000000  0.000000000000000  0.000000000000000 
112.000000000000000  0.000000000000000  0.000000000000000 
113.000000000000000  0.000000000000000  0.000000000000000 
114.000000000000000  0.000000000000000  0.000000000000000 
115.000000000000000  0.000000000000000  0.000000000000000 
116.000000000000000  0.000000000000000  0.000000000000000 
117.000000000000000  0.000000000000000  0.000000000000000 
118.000000000000000  0.000000000000000  0.000000000000000 
119.000000000000000  0.000000000000000  0.000000000000000 
120.000000000000000  0.000000000000000  0.000000000000000 
121.000000000000000  0.000000000000000  0.000000000000000 
122.000000000000000  0.000000000000000  0.000000000000000 
123.000000000000000  0.000000000000000  0.000000000000000 
124.000000000000000  0.000000000000000  0.000000000000000 
125.000000000000000  0.000000000000000  0.000000000000000 
126.000000000000000  0.000000000000000  0.000000000000000 
127.000000000000000  0.000000000000000  0.000000000000000 
