 0.000000000000000 48.357629905746201 663.000000000000000 
 1.000000000000000 49.434127607465342 443.000000000000000 
 2.000000000000000 59.786092567545673 470.000000000000000 
 3.000000000000000 51.289290485772987 207.000000000000000 
 4.000000000000000 47.811245424610696 754.000000000000000 
 5.000000000000000 58.643925199275984 193.000000000000000 
 6.000000000000000 54.045490403951796 460.000000000000000 
 7.000000000000000 46.925851864315362 340.000000000000000 
 8.000000000000000 54.399072413218249 287.000000000000000 
 9.000000000000000 51.748131861783072 127.000000000000000 
10.000000000000000 64.633946097681260 537.000000000000000 
11.000000000000000 39.341930786448465 66.000000000000000 
12.000000000000000 49.209148785165112 90.000000000000000 
13.000000000000000 46.708807433194011 108.000000000000000 
14.000000000000000 52.991962961481477 81.000000000000000 
15.000000000000000 47.570722257563375 131.000000000000000 
16.000000000000000 41.017881915712913 200.000000000000000 
17.000000000000000 48.766500405720123 225.000000000000000 
18.000000000000000 60.109709902033813 445.000000000000000 
19.000000000000000 56.894728382851035 123.000000000000000 
20.000000000000000 59.476711350344800 256.000000000000000 
21.000000000000000 46.578556109507609 207.000000000000000 
22.000000000000000 57.273624162303143 95.000000000000000 
23.000000000000000 54.239850115652864 799.000000000000000 
24.000000000000000 62.460538334479303 140.000000000000000 
25.000000000000000 54.002811132263176 124.000000000000000 
26.000000000000000 65.004592291600659 695.000000000000000 
27.000000000000000 54.979834168930502 239.000000000000000 
28.000000000000000 63.373846077800152 332.000000000000000 
29.000000000000000 67.374853940198832 198.000000000000000 
30.000000000000000 51.523756219807531 155.000000000000000 
31.000000000000000 66.176586069379269 164.000000000000000 
32.000000000000000 48.461286343715095 83.000000000000000 
33.000000000000000 60.776395205801379 74.000000000000000 
34.000000000000000 48.209534026765851 126.000000000000000 
35.000000000000000 49.199818214119325 163.000000000000000 
36.000000000000000 57.159906725036187 174.000000000000000 
37.000000000000000 46.177138173058765 108.000000000000000 
38.000000000000000 46.505296389892216 966.000000000000000 
39.000000000000000 56.845621818565320 373.000000000000000 
40.000000000000000 40.395313641293740 128.000000000000000 
41.000000000000000 57.456864133934772 231.000000000000000 
42.000000000000000 59.943058845354329 127.000000000000000 
43.000000000000000 53.878299644193611 195.000000000000000 
44.000000000000000 53.920360525836557 717.000000000000000 
45.000000000000000 52.321825935583838 313.000000000000000 
46.000000000000000 49.903755834912587 222.000000000000000 
47.000000000000000 62.216463643488467 213.000000000000000 
48.000000000000000 47.825403667375575 168.000000000000000 
49.000000000000000 56.544479469985752 551.000000000000000 
50.000000000000000 52.988418224468681 736.000000000000000 
51.000000000000000 53.350858263081420 140.000000000000000 
52.000000000000000 48.489022751135899 131.000000000000000 
53.000000000000000 49.629544768215013 160.000000000000000 
54.000000000000000 37.339912199651984 838.000000000000000 
55.000000000000000 34.710706688243150 562.000000000000000 
56.000000000000000 60.663864153569158 159.000000000000000 
57.000000000000000 53.618713294759552 298.000000000000000 
58.000000000000000 64.137388856170716 254.000000000000000 
59.000000000000000 53.361164417666657 114.000000000000000 
60.000000000000000 42.780365552604849 186.000000000000000 
61.000000000000000 64.489549525551354 135.000000000000000 
62.000000000000000 53.968468544910728 112.000000000000000 
63.000000000000000 60.434915108819290 95.000000000000000 
64.000000000000000 49.636671952468170 444.000000000000000 
65.000000000000000 44.062903043393064 171.000000000000000 
66.000000000000000 44.684824143157577 66.000000000000000 
67.000000000000000 55.917866172605997 150.000000000000000 
68.000000000000000 44.834034589124009 225.000000000000000 
69.000000000000000 54.297148992577704 172.000000000000000 
70.000000000000000 48.752692214325059 269.000000000000000 
71.000000000000000 54.776804161427016 291.000000000000000 
72.000000000000000 51.438888082888688 857.000000000000000 
73.000000000000000 51.157355000758336 374.000000000000000 
74.000000000000000 38.203854269904888 90.000000000000000 
75.000000000000000 44.115372680302919 102.000000000000000 
76.000000000000000 30.458895439342850 42.000000000000000 
77.000000000000000 55.758653245463798 399.000000000000000 
78.000000000000000 47.006374519550690 256.000000000000000 
79.000000000000000 46.532333908607328 243.000000000000000 
80.000000000000000 46.161121171913379 312.000000000000000 
81.000000000000000 55.269337884655975 134.000000000000000 
82.000000000000000 42.116834978584478 341.000000000000000 
83.000000000000000 49.045276357775158 100.000000000000000 
84.000000000000000 41.765356377742862 77.000000000000000 
85.000000000000000 37.561321996793431 116.000000000000000 
86.000000000000000 46.484092914670114 97.000000000000000 
87.000000000000000 40.815461486407017 95.000000000000000 
88.000000000000000 46.229363282749759 219.000000000000000 
89.000000000000000 36.949141252831886 108.000000000000000 
90.000000000000000 50.023570035526653 886.000000000000000 
91.000000000000000 46.075252749461711 718.000000000000000 
92.000000000000000 45.169145844087069 172.000000000000000 
93.000000000000000 45.536872144934357 269.000000000000000 
94.000000000000000  0.000000000000000  0.000000000000000 
95.000000000000000  0.000000000000000  0.000000000000000 
96.000000000000000  0.000000000000000  0.000000000000000 
97.000000000000000  0.000000000000000  0.000000000000000 
98.000000000000000  0.000000000000000  0.000000000000000 
99.000000000000000  0.000000000000000  0.000000000000000 
100.000000000000000  0.000000000000000  0.000000000000000 
101.000000000000000  0.000000000000000  0.000000000000000 
102.000000000000000  0.000000000000000  0.000000000000000 
103.000000000000000  0.000000000000000  0.000000000000000 
104.000000000000000  0.000000000000000  0.000000000000000 
105.000000000000000  0.000000000000000  0.000000000000000 
106.000000000000000  0.000000000000000  0.000000000000000 
107.000000000000000  0.000000000000000  0.000000000000000 
108.000000000000000  0.000000000000000  0.000000000000000 
109.000000000000000  0.000000000000000  0.000000000000000 
110.000000000000000  0.000000000000000  0.000000000000000 
111.000000000000000  0.000000000000000  0.000000000000000 
112.000000000000000  0.000000000000000  0.000000000000000 
113.000000000000000  0.000000000000000  0.000000000000000 
114.000000000000000  0.000000000000000  0.000000000000000 
115.000000000000000  0.000000000000000  0.000000000000000 
116.000000000000000  0.000000000000000  0.000000000000000 
117.000000000000000  0.000000000000000  0.000000000000000 
118.000000000000000  0.000000000000000  0.000000000000000 
119.000000000000000  0.000000000000000  0.000000000000000 
120.000000000000000  0.000000000000000  0.000000000000000 
121.000000000000000  0.000000000000000  0.000000000000000 
122.000000000000000  0.000000000000000  0.000000000000000 
123.000000000000000  0.000000000000000  0.000000000000000 
124.000000000000000  0.000000000000000  0.000000000000000 
125.000000000000000  0.000000000000000  0.000000000000000 
126.000000000000000  0.000000000000000  0.000000000000000 
127.000000000000000  0.000000000000000  0.000000000000000 
