 0.000000000000000 138.005815026626919 1633.000000000000000 
 1.000000000000000 126.920928331613396 1380.000000000000000 
 2.000000000000000 178.972914262516781 931.000000000000000 
 3.000000000000000 169.397363916760042 287.000000000000000 
 4.000000000000000 144.244637663294952 923.000000000000000 
 5.000000000000000 158.697366167255211 348.000000000000000 
 6.000000000000000 169.589642561478598 797.000000000000000 
 7.000000000000000 138.412053492210163 1294.000000000000000 
 8.000000000000000 167.032139665084060 650.000000000000000 
 9.000000000000000 173.761111182748920 445.000000000000000 
10.000000000000000 161.520451225715647 959.000000000000000 
11.000000000000000 163.160339598126285 224.000000000000000 
12.000000000000000 177.419504143908767 252.000000000000000 
13.000000000000000 146.232028807584584 295.000000000000000 
14.000000000000000 174.124401850562180 222.000000000000000 
15.000000000000000 145.475988477536561 277.000000000000000 
16.000000000000000 176.080217517061044 781.000000000000000 
17.000000000000000 180.357304853658235 367.000000000000000 
18.000000000000000 177.048754269092086 648.000000000000000 
19.000000000000000 141.818408828731634 201.000000000000000 
20.000000000000000 181.280546734254102 626.000000000000000 
21.000000000000000 196.550974331113792 698.000000000000000 
22.000000000000000 162.905799054130398 232.000000000000000 
23.000000000000000 128.877217237327727 1589.000000000000000 
24.000000000000000 145.366401678256437 253.000000000000000 
25.000000000000000 173.642162492599851 252.000000000000000 
26.000000000000000 173.189947592816480 1474.000000000000000 
27.000000000000000 146.933467095570705 406.000000000000000 
28.000000000000000 188.427659979048400 676.000000000000000 
29.000000000000000 185.177272698939532 458.000000000000000 
30.000000000000000 182.784270408098479 428.000000000000000 
31.000000000000000 157.538204096762115 331.000000000000000 
32.000000000000000 149.910877408356868 208.000000000000000 
33.000000000000000 147.802488496095350 149.000000000000000 
34.000000000000000 145.342616111598090 214.000000000000000 
35.000000000000000 185.027035320051141 548.000000000000000 
36.000000000000000 163.352299331611874 333.000000000000000 
37.000000000000000 150.975482238199447 364.000000000000000 
38.000000000000000 196.950238433821681 2117.000000000000000 
39.000000000000000 142.928485648497940 624.000000000000000 
40.000000000000000 203.863809719745603 501.000000000000000 
41.000000000000000 149.660255402571323 428.000000000000000 
42.000000000000000 119.437452487022043 178.000000000000000 
43.000000000000000  0.000000000000000  0.000000000000000 
44.000000000000000  0.000000000000000  0.000000000000000 
45.000000000000000  0.000000000000000  0.000000000000000 
46.000000000000000  0.000000000000000  0.000000000000000 
47.000000000000000  0.000000000000000  0.000000000000000 
48.000000000000000  0.000000000000000  0.000000000000000 
49.000000000000000  0.000000000000000  0.000000000000000 
50.000000000000000  0.000000000000000  0.000000000000000 
51.000000000000000  0.000000000000000  0.000000000000000 
52.000000000000000  0.000000000000000  0.000000000000000 
53.000000000000000  0.000000000000000  0.000000000000000 
54.000000000000000  0.000000000000000  0.000000000000000 
55.000000000000000  0.000000000000000  0.000000000000000 
56.000000000000000  0.000000000000000  0.000000000000000 
57.000000000000000  0.000000000000000  0.000000000000000 
58.000000000000000  0.000000000000000  0.000000000000000 
59.000000000000000  0.000000000000000  0.000000000000000 
60.000000000000000  0.000000000000000  0.000000000000000 
61.000000000000000  0.000000000000000  0.000000000000000 
62.000000000000000  0.000000000000000  0.000000000000000 
63.000000000000000  0.000000000000000  0.000000000000000 
64.000000000000000  0.000000000000000  0.000000000000000 
65.000000000000000  0.000000000000000  0.000000000000000 
66.000000000000000  0.000000000000000  0.000000000000000 
67.000000000000000  0.000000000000000  0.000000000000000 
68.000000000000000  0.000000000000000  0.000000000000000 
69.000000000000000  0.000000000000000  0.000000000000000 
70.000000000000000  0.000000000000000  0.000000000000000 
71.000000000000000  0.000000000000000  0.000000000000000 
72.000000000000000  0.000000000000000  0.000000000000000 
73.000000000000000  0.000000000000000  0.000000000000000 
74.000000000000000  0.000000000000000  0.000000000000000 
75.000000000000000  0.000000000000000  0.000000000000000 
76.000000000000000  0.000000000000000  0.000000000000000 
77.000000000000000  0.000000000000000  0.000000000000000 
78.000000000000000  0.000000000000000  0.000000000000000 
79.000000000000000  0.000000000000000  0.000000000000000 
80.000000000000000  0.000000000000000  0.000000000000000 
81.000000000000000  0.000000000000000  0.000000000000000 
82.000000000000000  0.000000000000000  0.000000000000000 
83.000000000000000  0.000000000000000  0.000000000000000 
84.000000000000000  0.000000000000000  0.000000000000000 
85.000000000000000  0.000000000000000  0.000000000000000 
86.000000000000000  0.000000000000000  0.000000000000000 
87.000000000000000  0.000000000000000  0.000000000000000 
88.000000000000000  0.000000000000000  0.000000000000000 
89.000000000000000  0.000000000000000  0.000000000000000 
90.000000000000000  0.000000000000000  0.000000000000000 
91.000000000000000  0.000000000000000  0.000000000000000 
92.000000000000000  0.000000000000000  0.000000000000000 
93.000000000000000  0.000000000000000  0.000000000000000 
94.000000000000000  0.000000000000000  0.000000000000000 
95.000000000000000  0.000000000000000  0.000000000000000 
96.000000000000000  0.000000000000000  0.000000000000000 
97.000000000000000  0.000000000000000  0.000000000000000 
98.000000000000000  0.000000000000000  0.000000000000000 
99.000000000000000  0.000000000000000  0.000000000000000 
100.000000000000000  0.000000000000000  0.000000000000000 
101.000000000000000  0.000000000000000  0.000000000000000 
102.000000000000000  0.000000000000000  0.000000000000000 
103.000000000000000  0.000000000000000  0.000000000000000 
104.000000000000000  0.000000000000000  0.000000000000000 
105.000000000000000  0.000000000000000  0.000000000000000 
106.000000000000000  0.000000000000000  0.000000000000000 
107.000000000000000  0.000000000000000  0.000000000000000 
108.000000000000000  0.000000000000000  0.000000000000000 
109.000000000000000  0.000000000000000  0.000000000000000 
110.000000000000000  0.000000000000000  0.000000000000000 
111.000000000000000  0.000000000000000  0.000000000000000 
112.000000000000000  0.000000000000000  0.000000000000000 
113.000000000000000  0.000000000000000  0.000000000000000 
114.000000000000000  0.000000000000000  0.000000000000000 
115.000000000000000  0.000000000000000  0.000000000000000 
116.000000000000000  0.000000000000000  0.000000000000000 
117.000000000000000  0.000000000000000  0.000000000000000 
118.000000000000000  0.000000000000000  0.000000000000000 
119.000000000000000  0.000000000000000  0.000000000000000 
120.000000000000000  0.000000000000000  0.000000000000000 
121.000000000000000  0.000000000000000  0.000000000000000 
122.000000000000000  0.000000000000000  0.000000000000000 
123.000000000000000  0.000000000000000  0.000000000000000 
124.000000000000000  0.000000000000000  0.000000000000000 
125.000000000000000  0.000000000000000  0.000000000000000 
126.000000000000000  0.000000000000000  0.000000000000000 
127.000000000000000  0.000000000000000  0.000000000000000 
