 0.000000000000000 57.848745691286865 765.000000000000000 
 1.000000000000000 60.386443869311648 589.000000000000000 
 2.000000000000000 67.858178999904723 517.000000000000000 
 3.000000000000000 52.682207264203797 212.000000000000000 
 4.000000000000000 59.365353436725336 813.000000000000000 
 5.000000000000000 58.649400776381235 194.000000000000000 
 6.000000000000000 65.868517531421588 488.000000000000000 
 7.000000000000000 54.482493481338082 404.000000000000000 
 8.000000000000000 64.555159755217389 335.000000000000000 
 9.000000000000000 60.477734281815799 144.000000000000000 
10.000000000000000 63.250514433081776 537.000000000000000 
11.000000000000000 37.282967741131245 64.000000000000000 
12.000000000000000 51.517384658197955 93.000000000000000 
13.000000000000000 59.843580398770108 126.000000000000000 
14.000000000000000 55.318766675421678 83.000000000000000 
15.000000000000000 49.053015056054022 137.000000000000000 
16.000000000000000 43.383471141025360 203.000000000000000 
17.000000000000000 52.774072470120814 237.000000000000000 
18.000000000000000 61.261989034212384 440.000000000000000 
19.000000000000000 59.607387539277781 126.000000000000000 
20.000000000000000 59.268854517912501 248.000000000000000 
21.000000000000000 48.070583653489052 206.000000000000000 
22.000000000000000 57.273624162303157 95.000000000000000 
23.000000000000000 65.687016794540085 909.000000000000000 
24.000000000000000 63.374708925576009 141.000000000000000 
25.000000000000000 59.542295013217384 135.000000000000000 
26.000000000000000 69.997492304746416 742.000000000000000 
27.000000000000000 54.778427809343327 240.000000000000000 
28.000000000000000 54.704182338749909 266.000000000000000 
29.000000000000000 66.028011677551319 196.000000000000000 
30.000000000000000 50.682519696345622 157.000000000000000 
31.000000000000000 65.050599805456500 163.000000000000000 
32.000000000000000 52.610263941991043 88.000000000000000 
33.000000000000000 63.016994415969215 78.000000000000000 
34.000000000000000 49.991574910567451 129.000000000000000 
35.000000000000000 53.405502582197705 175.000000000000000 
36.000000000000000 71.206490382105983 219.000000000000000 
37.000000000000000 51.865598180848245 120.000000000000000 
38.000000000000000 60.189084858884158 1140.000000000000000 
39.000000000000000 62.063345339722666 407.000000000000000 
40.000000000000000 40.676887143768539 137.000000000000000 
41.000000000000000 60.186742650845893 211.000000000000000 
42.000000000000000 61.969544729545440 132.000000000000000 
43.000000000000000 66.782240052990375 227.000000000000000 
44.000000000000000 59.961230328695898 945.000000000000000 
45.000000000000000 58.238929074680527 343.000000000000000 
46.000000000000000 59.087739084498821 281.000000000000000 
47.000000000000000 63.493430936492821 216.000000000000000 
48.000000000000000 63.302616330082024 235.000000000000000 
49.000000000000000 61.296884731546427 596.000000000000000 
50.000000000000000 68.951109389637267 922.000000000000000 
51.000000000000000 63.462383536116164 167.000000000000000 
52.000000000000000 50.797183302602612 132.000000000000000 
53.000000000000000 55.741149370357981 176.000000000000000 
54.000000000000000 52.711142846278946 1043.000000000000000 
55.000000000000000 55.536001498490442 781.000000000000000 
56.000000000000000 58.972083813807956 158.000000000000000 
57.000000000000000 59.995312413225008 350.000000000000000 
58.000000000000000 66.273125691382489 268.000000000000000 
59.000000000000000 53.361164417666679 114.000000000000000 
60.000000000000000 61.470164655442147 224.000000000000000 
61.000000000000000 69.206537415560433 142.000000000000000 
62.000000000000000 54.886207727771648 113.000000000000000 
63.000000000000000 62.105838620892783 97.000000000000000 
64.000000000000000 63.074076755806111 478.000000000000000 
65.000000000000000 67.355304256148074 213.000000000000000 
66.000000000000000 44.684824143157556 66.000000000000000 
67.000000000000000 57.110347614331587 155.000000000000000 
68.000000000000000 51.458881277499238 258.000000000000000 
69.000000000000000 53.926479038601485 168.000000000000000 
70.000000000000000 51.158625006587158 248.000000000000000 
71.000000000000000 55.303709545378638 288.000000000000000 
72.000000000000000 62.071642983959059 942.000000000000000 
73.000000000000000 55.056116317426095 362.000000000000000 
74.000000000000000 41.614549684111083 97.000000000000000 
75.000000000000000 44.003873759697036 101.000000000000000 
76.000000000000000 30.458895439342861 42.000000000000000 
77.000000000000000 59.734337411533325 338.000000000000000 
78.000000000000000 54.252526868377657 294.000000000000000 
79.000000000000000 53.763362493030833 260.000000000000000 
80.000000000000000 44.190095170866847 303.000000000000000 
81.000000000000000 55.269337884655961 134.000000000000000 
82.000000000000000 46.668607338431855 369.000000000000000 
83.000000000000000 48.567988648989434 99.000000000000000 
84.000000000000000 45.048238426855008 80.000000000000000 
85.000000000000000 44.075451671529038 135.000000000000000 
86.000000000000000 51.908414458493347 105.000000000000000 
87.000000000000000 41.574439752805077 95.000000000000000 
88.000000000000000  0.000000000000000  0.000000000000000 
89.000000000000000  0.000000000000000  0.000000000000000 
90.000000000000000  0.000000000000000  0.000000000000000 
91.000000000000000  0.000000000000000  0.000000000000000 
92.000000000000000  0.000000000000000  0.000000000000000 
93.000000000000000  0.000000000000000  0.000000000000000 
94.000000000000000  0.000000000000000  0.000000000000000 
95.000000000000000  0.000000000000000  0.000000000000000 
96.000000000000000  0.000000000000000  0.000000000000000 
97.000000000000000  0.000000000000000  0.000000000000000 
98.000000000000000  0.000000000000000  0.000000000000000 
99.000000000000000  0.000000000000000  0.000000000000000 
100.000000000000000  0.000000000000000  0.000000000000000 
101.000000000000000  0.000000000000000  0.000000000000000 
102.000000000000000  0.000000000000000  0.000000000000000 
103.000000000000000  0.000000000000000  0.000000000000000 
104.000000000000000  0.000000000000000  0.000000000000000 
105.000000000000000  0.000000000000000  0.000000000000000 
106.000000000000000  0.000000000000000  0.000000000000000 
107.000000000000000  0.000000000000000  0.000000000000000 
108.000000000000000  0.000000000000000  0.000000000000000 
109.000000000000000  0.000000000000000  0.000000000000000 
110.000000000000000  0.000000000000000  0.000000000000000 
111.000000000000000  0.000000000000000  0.000000000000000 
112.000000000000000  0.000000000000000  0.000000000000000 
113.000000000000000  0.000000000000000  0.000000000000000 
114.000000000000000  0.000000000000000  0.000000000000000 
115.000000000000000  0.000000000000000  0.000000000000000 
116.000000000000000  0.000000000000000  0.000000000000000 
117.000000000000000  0.000000000000000  0.000000000000000 
118.000000000000000  0.000000000000000  0.000000000000000 
119.000000000000000  0.000000000000000  0.000000000000000 
120.000000000000000  0.000000000000000  0.000000000000000 
121.000000000000000  0.000000000000000  0.000000000000000 
122.000000000000000  0.000000000000000  0.000000000000000 
123.000000000000000  0.000000000000000  0.000000000000000 
124.000000000000000  0.000000000000000  0.000000000000000 
125.000000000000000  0.000000000000000  0.000000000000000 
126.000000000000000  0.000000000000000  0.000000000000000 
127.000000000000000  0.000000000000000  0.000000000000000 
