 0.000000000000000 43.465506489081726 639.000000000000000 
 1.000000000000000 36.132256979184611 359.000000000000000 
 2.000000000000000 44.820489751037229 348.000000000000000 
 3.000000000000000 48.493106722676934 197.000000000000000 
 4.000000000000000 50.350129619493430 785.000000000000000 
 5.000000000000000 52.408676445117926 177.000000000000000 
 6.000000000000000 49.872872444231199 379.000000000000000 
 7.000000000000000 44.981364694124132 322.000000000000000 
 8.000000000000000 49.529610135839235 260.000000000000000 
 9.000000000000000 52.572381412392829 131.000000000000000 
10.000000000000000 55.073828978940554 485.000000000000000 
11.000000000000000 32.452507140818170 55.000000000000000 
12.000000000000000 48.810412968182000 90.000000000000000 
13.000000000000000 41.775883882215354 99.000000000000000 
14.000000000000000 51.909943718625001 80.000000000000000 
15.000000000000000 45.047252482279845 124.000000000000000 
16.000000000000000 34.518663670334959 167.000000000000000 
17.000000000000000 42.701333793835495 204.000000000000000 
18.000000000000000 50.694262638404922 406.000000000000000 
19.000000000000000 57.679762376762682 126.000000000000000 
20.000000000000000 47.762042423878498 216.000000000000000 
21.000000000000000 44.114319008890618 195.000000000000000 
22.000000000000000 49.083981305611303 106.000000000000000 
23.000000000000000 44.761913226809888 721.000000000000000 
24.000000000000000 52.033148430789886 119.000000000000000 
25.000000000000000 48.110724338137501 110.000000000000000 
26.000000000000000 61.030247531467246 693.000000000000000 
27.000000000000000 38.467049159026708 176.000000000000000 
28.000000000000000 56.203860104547253 317.000000000000000 
29.000000000000000 61.120049401810370 189.000000000000000 
30.000000000000000 48.542280929375693 150.000000000000000 
31.000000000000000 46.826828148411160 109.000000000000000 
32.000000000000000 45.823678601620244 81.000000000000000 
33.000000000000000 57.526778817669964 70.000000000000000 
34.000000000000000 46.957446224677419 124.000000000000000 
35.000000000000000 40.330415902567779 129.000000000000000 
36.000000000000000 50.929893169733795 152.000000000000000 
37.000000000000000 51.359565178870618 121.000000000000000 
38.000000000000000 44.209230866653407 931.000000000000000 
39.000000000000000 50.555467786447103 366.000000000000000 
40.000000000000000 37.475458089910752 121.000000000000000 
41.000000000000000 54.188870595809803 221.000000000000000 
42.000000000000000 57.144024322033914 118.000000000000000 
43.000000000000000 50.567441625878480 187.000000000000000 
44.000000000000000 52.954692237516447 699.000000000000000 
45.000000000000000 41.048367496546327 255.000000000000000 
46.000000000000000 34.097754520925768 159.000000000000000 
47.000000000000000 54.149200355368741 171.000000000000000 
48.000000000000000 43.017378721769731 148.000000000000000 
49.000000000000000 53.616112330747463 480.000000000000000 
50.000000000000000 53.103956569736106 737.000000000000000 
51.000000000000000 49.050440858153934 139.000000000000000 
52.000000000000000 43.110136606354004 122.000000000000000 
53.000000000000000 49.606840686781851 160.000000000000000 
54.000000000000000 36.748098281810996 829.000000000000000 
55.000000000000000 33.554844624520022 572.000000000000000 
56.000000000000000 56.622413770136809 151.000000000000000 
57.000000000000000 44.644755550393540 249.000000000000000 
58.000000000000000 41.911510286303830 168.000000000000000 
59.000000000000000 49.012617092764707 102.000000000000000 
60.000000000000000 38.891710257011063 172.000000000000000 
61.000000000000000 49.863499635206132 109.000000000000000 
62.000000000000000 36.107213447564099 78.000000000000000 
63.000000000000000 55.997568155538666 88.000000000000000 
64.000000000000000 42.513247839371502 419.000000000000000 
65.000000000000000 38.315884173186838 139.000000000000000 
66.000000000000000 43.330492567467687 65.000000000000000 
67.000000000000000 46.091004634023619 127.000000000000000 
68.000000000000000 36.550478264188477 189.000000000000000 
69.000000000000000 44.058396868366700 165.000000000000000 
70.000000000000000 48.528498299495048 277.000000000000000 
71.000000000000000 48.892188159614420 263.000000000000000 
72.000000000000000 51.787906438639631 857.000000000000000 
73.000000000000000 40.445543085140855 275.000000000000000 
74.000000000000000 38.957849217042508 92.000000000000000 
75.000000000000000 44.833227278749042 104.000000000000000 
76.000000000000000 31.431597698018603 43.000000000000000 
77.000000000000000 43.047670053973270 440.000000000000000 
78.000000000000000 37.969863761188577 221.000000000000000 
79.000000000000000 39.807113759831154 211.000000000000000 
80.000000000000000 42.212129570323874 294.000000000000000 
81.000000000000000 35.865321983403582 112.000000000000000 
82.000000000000000 27.187467253148117 247.000000000000000 
83.000000000000000 46.020061790750162 100.000000000000000 
84.000000000000000 40.810939374151339 76.000000000000000 
85.000000000000000 35.617501123426621 113.000000000000000 
86.000000000000000 38.219482045518518 81.000000000000000 
87.000000000000000 36.543729677539808 87.000000000000000 
88.000000000000000 40.278655835862892 208.000000000000000 
89.000000000000000 36.981219854018782 106.000000000000000 
90.000000000000000 49.826729661923039 884.000000000000000 
91.000000000000000 46.284816362081976 722.000000000000000 
92.000000000000000 40.504573355078122 156.000000000000000 
93.000000000000000 39.844184424934511 245.000000000000000 
94.000000000000000 42.259073633067601 207.000000000000000 
95.000000000000000 37.525150584630701 299.000000000000000 
96.000000000000000 40.620505034410051 421.000000000000000 
97.000000000000000 26.491483847566531 36.000000000000000 
98.000000000000000 37.859175778938457 180.000000000000000 
99.000000000000000 39.730073731348703 287.000000000000000 
100.000000000000000 31.251272423556514 92.000000000000000 
101.000000000000000 39.524373728544852 205.000000000000000 
102.000000000000000 30.693055870657378 213.000000000000000 
103.000000000000000  0.000000000000000  0.000000000000000 
104.000000000000000  0.000000000000000  0.000000000000000 
105.000000000000000  0.000000000000000  0.000000000000000 
106.000000000000000  0.000000000000000  0.000000000000000 
107.000000000000000  0.000000000000000  0.000000000000000 
108.000000000000000  0.000000000000000  0.000000000000000 
109.000000000000000  0.000000000000000  0.000000000000000 
110.000000000000000  0.000000000000000  0.000000000000000 
111.000000000000000  0.000000000000000  0.000000000000000 
112.000000000000000  0.000000000000000  0.000000000000000 
113.000000000000000  0.000000000000000  0.000000000000000 
114.000000000000000  0.000000000000000  0.000000000000000 
115.000000000000000  0.000000000000000  0.000000000000000 
116.000000000000000  0.000000000000000  0.000000000000000 
117.000000000000000  0.000000000000000  0.000000000000000 
118.000000000000000  0.000000000000000  0.000000000000000 
119.000000000000000  0.000000000000000  0.000000000000000 
120.000000000000000  0.000000000000000  0.000000000000000 
121.000000000000000  0.000000000000000  0.000000000000000 
122.000000000000000  0.000000000000000  0.000000000000000 
123.000000000000000  0.000000000000000  0.000000000000000 
124.000000000000000  0.000000000000000  0.000000000000000 
125.000000000000000  0.000000000000000  0.000000000000000 
126.000000000000000  0.000000000000000  0.000000000000000 
127.000000000000000  0.000000000000000  0.000000000000000 
