 0.000000000000000 91.801157184263573 909.000000000000000 
 1.000000000000000 106.635165871029699 1136.000000000000000 
 2.000000000000000 131.793083644306449 748.000000000000000 
 3.000000000000000 131.135538482472299 224.000000000000000 
 4.000000000000000 117.966361281354082 807.000000000000000 
 5.000000000000000 128.465876839670614 319.000000000000000 
 6.000000000000000 106.234914346671275 560.000000000000000 
 7.000000000000000 101.334451963897806 943.000000000000000 
 8.000000000000000 121.000547769614016 390.000000000000000 
 9.000000000000000 125.011201002489088 247.000000000000000 
10.000000000000000 123.393460037383036 759.000000000000000 
11.000000000000000 126.205108772570128 171.000000000000000 
12.000000000000000 137.380843166873177 198.000000000000000 
13.000000000000000 130.928435536844205 270.000000000000000 
14.000000000000000 133.332768708495166 187.000000000000000 
15.000000000000000 87.089952757584527 158.000000000000000 
16.000000000000000 110.631180521923199 434.000000000000000 
17.000000000000000 111.414533451932371 396.000000000000000 
18.000000000000000 121.900944010992575 501.000000000000000 
19.000000000000000 120.897644006897224 196.000000000000000 
20.000000000000000 137.323672637725878 552.000000000000000 
21.000000000000000 138.783512232893202 531.000000000000000 
22.000000000000000 110.991734317758343 173.000000000000000 
23.000000000000000 93.962251643958382 1344.000000000000000 
24.000000000000000 110.433581314019250 225.000000000000000 
25.000000000000000 129.945462034586910 238.000000000000000 
26.000000000000000 124.256559677795693 1164.000000000000000 
27.000000000000000 106.711582759724067 351.000000000000000 
28.000000000000000 129.452826709307089 509.000000000000000 
29.000000000000000 119.028574835438704 242.000000000000000 
30.000000000000000 129.213804431169422 381.000000000000000 
31.000000000000000 120.978550624935266 271.000000000000000 
32.000000000000000 122.744768739722005 184.000000000000000 
33.000000000000000 110.509341671485558 113.000000000000000 
34.000000000000000 111.831260309166495 179.000000000000000 
35.000000000000000 114.075775575620881 342.000000000000000 
36.000000000000000 114.240988449064801 230.000000000000000 
37.000000000000000 141.610635443820399 336.000000000000000 
38.000000000000000 114.583618902533985 1594.000000000000000 
39.000000000000000 108.704752475011119 582.000000000000000 
40.000000000000000 131.431141320617570 472.000000000000000 
41.000000000000000 116.508768192261144 354.000000000000000 
42.000000000000000 92.678570439459435 148.000000000000000 
43.000000000000000 141.418960508657648 360.000000000000000 
44.000000000000000 80.967061024245154 1120.000000000000000 
45.000000000000000 111.117713016348787 373.000000000000000 
46.000000000000000 98.038874189580312 456.000000000000000 
47.000000000000000 101.881105185143099 205.000000000000000 
48.000000000000000 110.037932012036336 408.000000000000000 
49.000000000000000 118.940280459184606 786.000000000000000 
50.000000000000000 148.669261537416929 1658.000000000000000 
51.000000000000000 95.167165588448796 182.000000000000000 
52.000000000000000 73.699772236925469 158.000000000000000 
53.000000000000000 98.975412333544341 227.000000000000000 
54.000000000000000  0.000000000000000  0.000000000000000 
55.000000000000000  0.000000000000000  0.000000000000000 
56.000000000000000  0.000000000000000  0.000000000000000 
57.000000000000000  0.000000000000000  0.000000000000000 
58.000000000000000  0.000000000000000  0.000000000000000 
59.000000000000000  0.000000000000000  0.000000000000000 
60.000000000000000  0.000000000000000  0.000000000000000 
61.000000000000000  0.000000000000000  0.000000000000000 
62.000000000000000  0.000000000000000  0.000000000000000 
63.000000000000000  0.000000000000000  0.000000000000000 
64.000000000000000  0.000000000000000  0.000000000000000 
65.000000000000000  0.000000000000000  0.000000000000000 
66.000000000000000  0.000000000000000  0.000000000000000 
67.000000000000000  0.000000000000000  0.000000000000000 
68.000000000000000  0.000000000000000  0.000000000000000 
69.000000000000000  0.000000000000000  0.000000000000000 
70.000000000000000  0.000000000000000  0.000000000000000 
71.000000000000000  0.000000000000000  0.000000000000000 
72.000000000000000  0.000000000000000  0.000000000000000 
73.000000000000000  0.000000000000000  0.000000000000000 
74.000000000000000  0.000000000000000  0.000000000000000 
75.000000000000000  0.000000000000000  0.000000000000000 
76.000000000000000  0.000000000000000  0.000000000000000 
77.000000000000000  0.000000000000000  0.000000000000000 
78.000000000000000  0.000000000000000  0.000000000000000 
79.000000000000000  0.000000000000000  0.000000000000000 
80.000000000000000  0.000000000000000  0.000000000000000 
81.000000000000000  0.000000000000000  0.000000000000000 
82.000000000000000  0.000000000000000  0.000000000000000 
83.000000000000000  0.000000000000000  0.000000000000000 
84.000000000000000  0.000000000000000  0.000000000000000 
85.000000000000000  0.000000000000000  0.000000000000000 
86.000000000000000  0.000000000000000  0.000000000000000 
87.000000000000000  0.000000000000000  0.000000000000000 
88.000000000000000  0.000000000000000  0.000000000000000 
89.000000000000000  0.000000000000000  0.000000000000000 
90.000000000000000  0.000000000000000  0.000000000000000 
91.000000000000000  0.000000000000000  0.000000000000000 
92.000000000000000  0.000000000000000  0.000000000000000 
93.000000000000000  0.000000000000000  0.000000000000000 
94.000000000000000  0.000000000000000  0.000000000000000 
95.000000000000000  0.000000000000000  0.000000000000000 
96.000000000000000  0.000000000000000  0.000000000000000 
97.000000000000000  0.000000000000000  0.000000000000000 
98.000000000000000  0.000000000000000  0.000000000000000 
99.000000000000000  0.000000000000000  0.000000000000000 
100.000000000000000  0.000000000000000  0.000000000000000 
101.000000000000000  0.000000000000000  0.000000000000000 
102.000000000000000  0.000000000000000  0.000000000000000 
103.000000000000000  0.000000000000000  0.000000000000000 
104.000000000000000  0.000000000000000  0.000000000000000 
105.000000000000000  0.000000000000000  0.000000000000000 
106.000000000000000  0.000000000000000  0.000000000000000 
107.000000000000000  0.000000000000000  0.000000000000000 
108.000000000000000  0.000000000000000  0.000000000000000 
109.000000000000000  0.000000000000000  0.000000000000000 
110.000000000000000  0.000000000000000  0.000000000000000 
111.000000000000000  0.000000000000000  0.000000000000000 
112.000000000000000  0.000000000000000  0.000000000000000 
113.000000000000000  0.000000000000000  0.000000000000000 
114.000000000000000  0.000000000000000  0.000000000000000 
115.000000000000000  0.000000000000000  0.000000000000000 
116.000000000000000  0.000000000000000  0.000000000000000 
117.000000000000000  0.000000000000000  0.000000000000000 
118.000000000000000  0.000000000000000  0.000000000000000 
119.000000000000000  0.000000000000000  0.000000000000000 
120.000000000000000  0.000000000000000  0.000000000000000 
121.000000000000000  0.000000000000000  0.000000000000000 
122.000000000000000  0.000000000000000  0.000000000000000 
123.000000000000000  0.000000000000000  0.000000000000000 
124.000000000000000  0.000000000000000  0.000000000000000 
125.000000000000000  0.000000000000000  0.000000000000000 
126.000000000000000  0.000000000000000  0.000000000000000 
127.000000000000000  0.000000000000000  0.000000000000000 
