 0.000000000000000 542.946827078289630 3569.000000000000000 
 1.000000000000000 459.917100095943681 3635.000000000000000 
 2.000000000000000 657.637055866868423 1211.000000000000000 
 3.000000000000000 586.675089011637056 836.000000000000000 
 4.000000000000000 544.537632294865944 2169.000000000000000 
 5.000000000000000 625.016842406556066 841.000000000000000 
 6.000000000000000 586.178818555608473 1116.000000000000000 
 7.000000000000000 590.617815287169719 2487.000000000000000 
 8.000000000000000 730.579899312084308 1781.000000000000000 
 9.000000000000000 536.394092205520906 818.000000000000000 
10.000000000000000 541.690791029502520 2108.000000000000000 
11.000000000000000 571.449074990894132 532.000000000000000 
12.000000000000000 631.806027553907029 690.000000000000000 
13.000000000000000 649.811883086417197 915.000000000000000 
14.000000000000000 530.723938290428919 510.000000000000000 
15.000000000000000 619.412607339334613 574.000000000000000 
16.000000000000000 625.244443857794977 1481.000000000000000 
17.000000000000000 469.459987860699300 728.000000000000000 
18.000000000000000  0.000000000000000  0.000000000000000 
19.000000000000000  0.000000000000000  0.000000000000000 
20.000000000000000  0.000000000000000  0.000000000000000 
21.000000000000000  0.000000000000000  0.000000000000000 
22.000000000000000  0.000000000000000  0.000000000000000 
23.000000000000000  0.000000000000000  0.000000000000000 
24.000000000000000  0.000000000000000  0.000000000000000 
25.000000000000000  0.000000000000000  0.000000000000000 
26.000000000000000  0.000000000000000  0.000000000000000 
27.000000000000000  0.000000000000000  0.000000000000000 
28.000000000000000  0.000000000000000  0.000000000000000 
29.000000000000000  0.000000000000000  0.000000000000000 
30.000000000000000  0.000000000000000  0.000000000000000 
31.000000000000000  0.000000000000000  0.000000000000000 
32.000000000000000  0.000000000000000  0.000000000000000 
33.000000000000000  0.000000000000000  0.000000000000000 
34.000000000000000  0.000000000000000  0.000000000000000 
35.000000000000000  0.000000000000000  0.000000000000000 
36.000000000000000  0.000000000000000  0.000000000000000 
37.000000000000000  0.000000000000000  0.000000000000000 
38.000000000000000  0.000000000000000  0.000000000000000 
39.000000000000000  0.000000000000000  0.000000000000000 
40.000000000000000  0.000000000000000  0.000000000000000 
41.000000000000000  0.000000000000000  0.000000000000000 
42.000000000000000  0.000000000000000  0.000000000000000 
43.000000000000000  0.000000000000000  0.000000000000000 
44.000000000000000  0.000000000000000  0.000000000000000 
45.000000000000000  0.000000000000000  0.000000000000000 
46.000000000000000  0.000000000000000  0.000000000000000 
47.000000000000000  0.000000000000000  0.000000000000000 
48.000000000000000  0.000000000000000  0.000000000000000 
49.000000000000000  0.000000000000000  0.000000000000000 
50.000000000000000  0.000000000000000  0.000000000000000 
51.000000000000000  0.000000000000000  0.000000000000000 
52.000000000000000  0.000000000000000  0.000000000000000 
53.000000000000000  0.000000000000000  0.000000000000000 
54.000000000000000  0.000000000000000  0.000000000000000 
55.000000000000000  0.000000000000000  0.000000000000000 
56.000000000000000  0.000000000000000  0.000000000000000 
57.000000000000000  0.000000000000000  0.000000000000000 
58.000000000000000  0.000000000000000  0.000000000000000 
59.000000000000000  0.000000000000000  0.000000000000000 
60.000000000000000  0.000000000000000  0.000000000000000 
61.000000000000000  0.000000000000000  0.000000000000000 
62.000000000000000  0.000000000000000  0.000000000000000 
63.000000000000000  0.000000000000000  0.000000000000000 
64.000000000000000  0.000000000000000  0.000000000000000 
65.000000000000000  0.000000000000000  0.000000000000000 
66.000000000000000  0.000000000000000  0.000000000000000 
67.000000000000000  0.000000000000000  0.000000000000000 
68.000000000000000  0.000000000000000  0.000000000000000 
69.000000000000000  0.000000000000000  0.000000000000000 
70.000000000000000  0.000000000000000  0.000000000000000 
71.000000000000000  0.000000000000000  0.000000000000000 
72.000000000000000  0.000000000000000  0.000000000000000 
73.000000000000000  0.000000000000000  0.000000000000000 
74.000000000000000  0.000000000000000  0.000000000000000 
75.000000000000000  0.000000000000000  0.000000000000000 
76.000000000000000  0.000000000000000  0.000000000000000 
77.000000000000000  0.000000000000000  0.000000000000000 
78.000000000000000  0.000000000000000  0.000000000000000 
79.000000000000000  0.000000000000000  0.000000000000000 
80.000000000000000  0.000000000000000  0.000000000000000 
81.000000000000000  0.000000000000000  0.000000000000000 
82.000000000000000  0.000000000000000  0.000000000000000 
83.000000000000000  0.000000000000000  0.000000000000000 
84.000000000000000  0.000000000000000  0.000000000000000 
85.000000000000000  0.000000000000000  0.000000000000000 
86.000000000000000  0.000000000000000  0.000000000000000 
87.000000000000000  0.000000000000000  0.000000000000000 
88.000000000000000  0.000000000000000  0.000000000000000 
89.000000000000000  0.000000000000000  0.000000000000000 
90.000000000000000  0.000000000000000  0.000000000000000 
91.000000000000000  0.000000000000000  0.000000000000000 
92.000000000000000  0.000000000000000  0.000000000000000 
93.000000000000000  0.000000000000000  0.000000000000000 
94.000000000000000  0.000000000000000  0.000000000000000 
95.000000000000000  0.000000000000000  0.000000000000000 
96.000000000000000  0.000000000000000  0.000000000000000 
97.000000000000000  0.000000000000000  0.000000000000000 
98.000000000000000  0.000000000000000  0.000000000000000 
99.000000000000000  0.000000000000000  0.000000000000000 
100.000000000000000  0.000000000000000  0.000000000000000 
101.000000000000000  0.000000000000000  0.000000000000000 
102.000000000000000  0.000000000000000  0.000000000000000 
103.000000000000000  0.000000000000000  0.000000000000000 
104.000000000000000  0.000000000000000  0.000000000000000 
105.000000000000000  0.000000000000000  0.000000000000000 
106.000000000000000  0.000000000000000  0.000000000000000 
107.000000000000000  0.000000000000000  0.000000000000000 
108.000000000000000  0.000000000000000  0.000000000000000 
109.000000000000000  0.000000000000000  0.000000000000000 
110.000000000000000  0.000000000000000  0.000000000000000 
111.000000000000000  0.000000000000000  0.000000000000000 
112.000000000000000  0.000000000000000  0.000000000000000 
113.000000000000000  0.000000000000000  0.000000000000000 
114.000000000000000  0.000000000000000  0.000000000000000 
115.000000000000000  0.000000000000000  0.000000000000000 
116.000000000000000  0.000000000000000  0.000000000000000 
117.000000000000000  0.000000000000000  0.000000000000000 
118.000000000000000  0.000000000000000  0.000000000000000 
119.000000000000000  0.000000000000000  0.000000000000000 
120.000000000000000  0.000000000000000  0.000000000000000 
121.000000000000000  0.000000000000000  0.000000000000000 
122.000000000000000  0.000000000000000  0.000000000000000 
123.000000000000000  0.000000000000000  0.000000000000000 
124.000000000000000  0.000000000000000  0.000000000000000 
125.000000000000000  0.000000000000000  0.000000000000000 
126.000000000000000  0.000000000000000  0.000000000000000 
127.000000000000000  0.000000000000000  0.000000000000000 
