 0.000000000000000 141.289592032608795 1661.000000000000000 
 1.000000000000000 125.939133252118822 1369.000000000000000 
 2.000000000000000 164.472530234585093 788.000000000000000 
 3.000000000000000 181.946335461909229 304.000000000000000 
 4.000000000000000 144.351289181653016 951.000000000000000 
 5.000000000000000 190.877042268211113 450.000000000000000 
 6.000000000000000 170.021240074739410 819.000000000000000 
 7.000000000000000 140.505042946533251 1286.000000000000000 
 8.000000000000000 178.203931096239415 814.000000000000000 
 9.000000000000000 186.038318145274218 459.000000000000000 
10.000000000000000 154.393373429238437 929.000000000000000 
11.000000000000000 203.671976662778746 264.000000000000000 
12.000000000000000 161.791869442891880 233.000000000000000 
13.000000000000000 159.054535224142256 307.000000000000000 
14.000000000000000 180.411119327732166 230.000000000000000 
15.000000000000000 168.422084815355419 298.000000000000000 
16.000000000000000 173.107612990676131 708.000000000000000 
17.000000000000000 190.034985292325104 379.000000000000000 
18.000000000000000 171.086293854944188 624.000000000000000 
19.000000000000000 139.149557269636801 200.000000000000000 
20.000000000000000 166.301202216434831 571.000000000000000 
21.000000000000000 200.661924134550219 711.000000000000000 
22.000000000000000 178.313571844641928 244.000000000000000 
23.000000000000000 130.105020963671564 1605.000000000000000 
24.000000000000000 162.476125278192370 264.000000000000000 
25.000000000000000 184.380053572365370 262.000000000000000 
26.000000000000000 173.375809688535213 1468.000000000000000 
27.000000000000000 161.361969494112628 426.000000000000000 
28.000000000000000 183.046082142720394 690.000000000000000 
29.000000000000000 197.562707715801395 490.000000000000000 
30.000000000000000 190.173652619179137 453.000000000000000 
31.000000000000000 168.230140611297116 345.000000000000000 
32.000000000000000 167.621923151659900 226.000000000000000 
33.000000000000000 160.797832959672547 160.000000000000000 
34.000000000000000 152.769520204246106 225.000000000000000 
35.000000000000000 183.545400504313051 548.000000000000000 
36.000000000000000 167.486260687874136 342.000000000000000 
37.000000000000000 153.216201763078942 361.000000000000000 
38.000000000000000 197.686290848511220 2123.000000000000000 
39.000000000000000 147.584509467277883 640.000000000000000 
40.000000000000000 170.732307991708581 405.000000000000000 
41.000000000000000 134.413110461906484 369.000000000000000 
42.000000000000000  0.000000000000000  0.000000000000000 
43.000000000000000  0.000000000000000  0.000000000000000 
44.000000000000000  0.000000000000000  0.000000000000000 
45.000000000000000  0.000000000000000  0.000000000000000 
46.000000000000000  0.000000000000000  0.000000000000000 
47.000000000000000  0.000000000000000  0.000000000000000 
48.000000000000000  0.000000000000000  0.000000000000000 
49.000000000000000  0.000000000000000  0.000000000000000 
50.000000000000000  0.000000000000000  0.000000000000000 
51.000000000000000  0.000000000000000  0.000000000000000 
52.000000000000000  0.000000000000000  0.000000000000000 
53.000000000000000  0.000000000000000  0.000000000000000 
54.000000000000000  0.000000000000000  0.000000000000000 
55.000000000000000  0.000000000000000  0.000000000000000 
56.000000000000000  0.000000000000000  0.000000000000000 
57.000000000000000  0.000000000000000  0.000000000000000 
58.000000000000000  0.000000000000000  0.000000000000000 
59.000000000000000  0.000000000000000  0.000000000000000 
60.000000000000000  0.000000000000000  0.000000000000000 
61.000000000000000  0.000000000000000  0.000000000000000 
62.000000000000000  0.000000000000000  0.000000000000000 
63.000000000000000  0.000000000000000  0.000000000000000 
64.000000000000000  0.000000000000000  0.000000000000000 
65.000000000000000  0.000000000000000  0.000000000000000 
66.000000000000000  0.000000000000000  0.000000000000000 
67.000000000000000  0.000000000000000  0.000000000000000 
68.000000000000000  0.000000000000000  0.000000000000000 
69.000000000000000  0.000000000000000  0.000000000000000 
70.000000000000000  0.000000000000000  0.000000000000000 
71.000000000000000  0.000000000000000  0.000000000000000 
72.000000000000000  0.000000000000000  0.000000000000000 
73.000000000000000  0.000000000000000  0.000000000000000 
74.000000000000000  0.000000000000000  0.000000000000000 
75.000000000000000  0.000000000000000  0.000000000000000 
76.000000000000000  0.000000000000000  0.000000000000000 
77.000000000000000  0.000000000000000  0.000000000000000 
78.000000000000000  0.000000000000000  0.000000000000000 
79.000000000000000  0.000000000000000  0.000000000000000 
80.000000000000000  0.000000000000000  0.000000000000000 
81.000000000000000  0.000000000000000  0.000000000000000 
82.000000000000000  0.000000000000000  0.000000000000000 
83.000000000000000  0.000000000000000  0.000000000000000 
84.000000000000000  0.000000000000000  0.000000000000000 
85.000000000000000  0.000000000000000  0.000000000000000 
86.000000000000000  0.000000000000000  0.000000000000000 
87.000000000000000  0.000000000000000  0.000000000000000 
88.000000000000000  0.000000000000000  0.000000000000000 
89.000000000000000  0.000000000000000  0.000000000000000 
90.000000000000000  0.000000000000000  0.000000000000000 
91.000000000000000  0.000000000000000  0.000000000000000 
92.000000000000000  0.000000000000000  0.000000000000000 
93.000000000000000  0.000000000000000  0.000000000000000 
94.000000000000000  0.000000000000000  0.000000000000000 
95.000000000000000  0.000000000000000  0.000000000000000 
96.000000000000000  0.000000000000000  0.000000000000000 
97.000000000000000  0.000000000000000  0.000000000000000 
98.000000000000000  0.000000000000000  0.000000000000000 
99.000000000000000  0.000000000000000  0.000000000000000 
100.000000000000000  0.000000000000000  0.000000000000000 
101.000000000000000  0.000000000000000  0.000000000000000 
102.000000000000000  0.000000000000000  0.000000000000000 
103.000000000000000  0.000000000000000  0.000000000000000 
104.000000000000000  0.000000000000000  0.000000000000000 
105.000000000000000  0.000000000000000  0.000000000000000 
106.000000000000000  0.000000000000000  0.000000000000000 
107.000000000000000  0.000000000000000  0.000000000000000 
108.000000000000000  0.000000000000000  0.000000000000000 
109.000000000000000  0.000000000000000  0.000000000000000 
110.000000000000000  0.000000000000000  0.000000000000000 
111.000000000000000  0.000000000000000  0.000000000000000 
112.000000000000000  0.000000000000000  0.000000000000000 
113.000000000000000  0.000000000000000  0.000000000000000 
114.000000000000000  0.000000000000000  0.000000000000000 
115.000000000000000  0.000000000000000  0.000000000000000 
116.000000000000000  0.000000000000000  0.000000000000000 
117.000000000000000  0.000000000000000  0.000000000000000 
118.000000000000000  0.000000000000000  0.000000000000000 
119.000000000000000  0.000000000000000  0.000000000000000 
120.000000000000000  0.000000000000000  0.000000000000000 
121.000000000000000  0.000000000000000  0.000000000000000 
122.000000000000000  0.000000000000000  0.000000000000000 
123.000000000000000  0.000000000000000  0.000000000000000 
124.000000000000000  0.000000000000000  0.000000000000000 
125.000000000000000  0.000000000000000  0.000000000000000 
126.000000000000000  0.000000000000000  0.000000000000000 
127.000000000000000  0.000000000000000  0.000000000000000 
