 0.000000000000000 92.460480043594643 879.000000000000000 
 1.000000000000000 78.902166958287239 700.000000000000000 
 2.000000000000000 98.544802492727442 563.000000000000000 
 3.000000000000000 103.274950779234601 190.000000000000000 
 4.000000000000000 72.733611107931040 769.000000000000000 
 5.000000000000000 91.795791554442616 230.000000000000000 
 6.000000000000000 94.542882884032593 592.000000000000000 
 7.000000000000000 92.344104793057667 832.000000000000000 
 8.000000000000000 105.461924091234138 349.000000000000000 
 9.000000000000000 81.856807708480801 182.000000000000000 
10.000000000000000 104.036344283999995 636.000000000000000 
11.000000000000000 95.894886036233842 130.000000000000000 
12.000000000000000 110.757286895347065 166.000000000000000 
13.000000000000000 90.762632734490765 190.000000000000000 
14.000000000000000 99.264476355131563 152.000000000000000 
15.000000000000000 88.247010357141249 171.000000000000000 
16.000000000000000 102.040088591018545 397.000000000000000 
17.000000000000000 82.530275646467487 317.000000000000000 
18.000000000000000 91.077344621544484 433.000000000000000 
19.000000000000000 80.435899525764853 153.000000000000000 
20.000000000000000 83.630221052426208 332.000000000000000 
21.000000000000000 100.607715592685679 426.000000000000000 
22.000000000000000 103.450245300323246 159.000000000000000 
23.000000000000000 66.440082274431006 1007.000000000000000 
24.000000000000000 78.616260958322982 177.000000000000000 
25.000000000000000 94.685525683369832 167.000000000000000 
26.000000000000000 98.326562671935406 887.000000000000000 
27.000000000000000 87.780530535268142 311.000000000000000 
28.000000000000000 100.363714332312725 422.000000000000000 
29.000000000000000 89.759021623690884 228.000000000000000 
30.000000000000000 100.679478281605412 314.000000000000000 
31.000000000000000 101.949096595823804 239.000000000000000 
32.000000000000000 93.608271229800721 145.000000000000000 
33.000000000000000 76.373066485482909 82.000000000000000 
34.000000000000000 106.352434756161159 175.000000000000000 
35.000000000000000 88.475935752036435 272.000000000000000 
36.000000000000000 95.561476628465940 240.000000000000000 
37.000000000000000 97.852986020795427 262.000000000000000 
38.000000000000000 79.948601012140372 1314.000000000000000 
39.000000000000000 102.177726617473610 597.000000000000000 
40.000000000000000 98.652170436064694 341.000000000000000 
41.000000000000000 85.598198420896594 254.000000000000000 
42.000000000000000 74.065606446043176 139.000000000000000 
43.000000000000000 88.333352519967022 305.000000000000000 
44.000000000000000 74.786514092830501 1134.000000000000000 
45.000000000000000 111.783122760196349 382.000000000000000 
46.000000000000000 86.747501651682597 438.000000000000000 
47.000000000000000 82.143571829945955 225.000000000000000 
48.000000000000000 93.997577941008757 347.000000000000000 
49.000000000000000 101.781576888853081 695.000000000000000 
50.000000000000000 90.146141386804445 1112.000000000000000 
51.000000000000000 79.354426484645856 180.000000000000000 
52.000000000000000 81.965133858549976 184.000000000000000 
53.000000000000000 76.178530184693159 161.000000000000000 
54.000000000000000 81.520974738445432 1213.000000000000000 
55.000000000000000 68.118247176038025 923.000000000000000 
56.000000000000000 92.621061217860259 225.000000000000000 
57.000000000000000 84.597246307986808 488.000000000000000 
58.000000000000000 88.714086734580192 293.000000000000000 
59.000000000000000 70.340900601177353 128.000000000000000 
60.000000000000000 72.025013365018296 251.000000000000000 
61.000000000000000 72.199124280583135 141.000000000000000 
62.000000000000000 65.964243354864280 126.000000000000000 
63.000000000000000 69.398689790334586 107.000000000000000 
64.000000000000000 70.667874911571687 422.000000000000000 
65.000000000000000  0.000000000000000  0.000000000000000 
66.000000000000000  0.000000000000000  0.000000000000000 
67.000000000000000  0.000000000000000  0.000000000000000 
68.000000000000000  0.000000000000000  0.000000000000000 
69.000000000000000  0.000000000000000  0.000000000000000 
70.000000000000000  0.000000000000000  0.000000000000000 
71.000000000000000  0.000000000000000  0.000000000000000 
72.000000000000000  0.000000000000000  0.000000000000000 
73.000000000000000  0.000000000000000  0.000000000000000 
74.000000000000000  0.000000000000000  0.000000000000000 
75.000000000000000  0.000000000000000  0.000000000000000 
76.000000000000000  0.000000000000000  0.000000000000000 
77.000000000000000  0.000000000000000  0.000000000000000 
78.000000000000000  0.000000000000000  0.000000000000000 
79.000000000000000  0.000000000000000  0.000000000000000 
80.000000000000000  0.000000000000000  0.000000000000000 
81.000000000000000  0.000000000000000  0.000000000000000 
82.000000000000000  0.000000000000000  0.000000000000000 
83.000000000000000  0.000000000000000  0.000000000000000 
84.000000000000000  0.000000000000000  0.000000000000000 
85.000000000000000  0.000000000000000  0.000000000000000 
86.000000000000000  0.000000000000000  0.000000000000000 
87.000000000000000  0.000000000000000  0.000000000000000 
88.000000000000000  0.000000000000000  0.000000000000000 
89.000000000000000  0.000000000000000  0.000000000000000 
90.000000000000000  0.000000000000000  0.000000000000000 
91.000000000000000  0.000000000000000  0.000000000000000 
92.000000000000000  0.000000000000000  0.000000000000000 
93.000000000000000  0.000000000000000  0.000000000000000 
94.000000000000000  0.000000000000000  0.000000000000000 
95.000000000000000  0.000000000000000  0.000000000000000 
96.000000000000000  0.000000000000000  0.000000000000000 
97.000000000000000  0.000000000000000  0.000000000000000 
98.000000000000000  0.000000000000000  0.000000000000000 
99.000000000000000  0.000000000000000  0.000000000000000 
100.000000000000000  0.000000000000000  0.000000000000000 
101.000000000000000  0.000000000000000  0.000000000000000 
102.000000000000000  0.000000000000000  0.000000000000000 
103.000000000000000  0.000000000000000  0.000000000000000 
104.000000000000000  0.000000000000000  0.000000000000000 
105.000000000000000  0.000000000000000  0.000000000000000 
106.000000000000000  0.000000000000000  0.000000000000000 
107.000000000000000  0.000000000000000  0.000000000000000 
108.000000000000000  0.000000000000000  0.000000000000000 
109.000000000000000  0.000000000000000  0.000000000000000 
110.000000000000000  0.000000000000000  0.000000000000000 
111.000000000000000  0.000000000000000  0.000000000000000 
112.000000000000000  0.000000000000000  0.000000000000000 
113.000000000000000  0.000000000000000  0.000000000000000 
114.000000000000000  0.000000000000000  0.000000000000000 
115.000000000000000  0.000000000000000  0.000000000000000 
116.000000000000000  0.000000000000000  0.000000000000000 
117.000000000000000  0.000000000000000  0.000000000000000 
118.000000000000000  0.000000000000000  0.000000000000000 
119.000000000000000  0.000000000000000  0.000000000000000 
120.000000000000000  0.000000000000000  0.000000000000000 
121.000000000000000  0.000000000000000  0.000000000000000 
122.000000000000000  0.000000000000000  0.000000000000000 
123.000000000000000  0.000000000000000  0.000000000000000 
124.000000000000000  0.000000000000000  0.000000000000000 
125.000000000000000  0.000000000000000  0.000000000000000 
126.000000000000000  0.000000000000000  0.000000000000000 
127.000000000000000  0.000000000000000  0.000000000000000 
