 0.000000000000000 88.081130136641221 829.000000000000000 
 1.000000000000000 78.520676324638387 670.000000000000000 
 2.000000000000000 103.577921814668201 578.000000000000000 
 3.000000000000000 102.766901696294113 189.000000000000000 
 4.000000000000000 72.505775509080905 842.000000000000000 
 5.000000000000000 93.198119980504160 232.000000000000000 
 6.000000000000000 95.337246489971506 606.000000000000000 
 7.000000000000000 85.373120209095759 711.000000000000000 
 8.000000000000000 104.129376861153276 345.000000000000000 
 9.000000000000000 79.996465570707045 180.000000000000000 
10.000000000000000 101.694789442739065 627.000000000000000 
11.000000000000000 95.354903840451200 129.000000000000000 
12.000000000000000 105.943092023142754 161.000000000000000 
13.000000000000000 85.101270272693128 186.000000000000000 
14.000000000000000 97.732879344688584 151.000000000000000 
15.000000000000000 87.004228369453983 169.000000000000000 
16.000000000000000 86.998683190991073 330.000000000000000 
17.000000000000000 80.394680108400209 312.000000000000000 
18.000000000000000 87.918918118608772 434.000000000000000 
19.000000000000000 88.668803664448447 149.000000000000000 
20.000000000000000 85.083997671537077 326.000000000000000 
21.000000000000000 98.046968740404594 420.000000000000000 
22.000000000000000 101.322034028114572 154.000000000000000 
23.000000000000000 67.363402823171626 961.000000000000000 
24.000000000000000 77.249367810276865 174.000000000000000 
25.000000000000000 93.164133038424282 165.000000000000000 
26.000000000000000 95.580365565738290 866.000000000000000 
27.000000000000000 86.100478302573066 306.000000000000000 
28.000000000000000 98.734679590452757 419.000000000000000 
29.000000000000000 84.016686184361589 223.000000000000000 
30.000000000000000 102.093463309609746 316.000000000000000 
31.000000000000000 95.078278303764520 230.000000000000000 
32.000000000000000 92.141756678595172 143.000000000000000 
33.000000000000000 76.373066485482909 82.000000000000000 
34.000000000000000 107.564383047058499 176.000000000000000 
35.000000000000000 80.929672653834146 262.000000000000000 
36.000000000000000 91.809691637376289 248.000000000000000 
37.000000000000000 100.100761613283268 267.000000000000000 
38.000000000000000 86.178344887676104 1371.000000000000000 
39.000000000000000 99.465852859324897 579.000000000000000 
40.000000000000000 97.553945883186074 336.000000000000000 
41.000000000000000 84.949892404939490 258.000000000000000 
42.000000000000000 74.065606446043191 139.000000000000000 
43.000000000000000 89.504252869543876 310.000000000000000 
44.000000000000000 81.572782741300983 1211.000000000000000 
45.000000000000000 77.311229553784500 332.000000000000000 
46.000000000000000 84.466744546522094 427.000000000000000 
47.000000000000000 82.676561551151309 226.000000000000000 
48.000000000000000 90.486317344656769 335.000000000000000 
49.000000000000000 98.049810361117636 673.000000000000000 
50.000000000000000 92.642583259956851 1132.000000000000000 
51.000000000000000 79.572505230596377 179.000000000000000 
52.000000000000000 81.965133858549990 184.000000000000000 
53.000000000000000 76.178530184693159 161.000000000000000 
54.000000000000000 83.231121380716417 1240.000000000000000 
55.000000000000000 71.160517040602656 962.000000000000000 
56.000000000000000 91.737483778912448 226.000000000000000 
57.000000000000000 84.246934390127947 487.000000000000000 
58.000000000000000 88.056959955996263 288.000000000000000 
59.000000000000000 69.082242919007911 127.000000000000000 
60.000000000000000 71.134429483508683 249.000000000000000 
61.000000000000000 72.199124280583106 141.000000000000000 
62.000000000000000 67.162376204222070 127.000000000000000 
63.000000000000000 75.120760664027415 124.000000000000000 
64.000000000000000 75.625177645201717 469.000000000000000 
65.000000000000000 53.644483016060946 140.000000000000000 
66.000000000000000  0.000000000000000  0.000000000000000 
67.000000000000000  0.000000000000000  0.000000000000000 
68.000000000000000  0.000000000000000  0.000000000000000 
69.000000000000000  0.000000000000000  0.000000000000000 
70.000000000000000  0.000000000000000  0.000000000000000 
71.000000000000000  0.000000000000000  0.000000000000000 
72.000000000000000  0.000000000000000  0.000000000000000 
73.000000000000000  0.000000000000000  0.000000000000000 
74.000000000000000  0.000000000000000  0.000000000000000 
75.000000000000000  0.000000000000000  0.000000000000000 
76.000000000000000  0.000000000000000  0.000000000000000 
77.000000000000000  0.000000000000000  0.000000000000000 
78.000000000000000  0.000000000000000  0.000000000000000 
79.000000000000000  0.000000000000000  0.000000000000000 
80.000000000000000  0.000000000000000  0.000000000000000 
81.000000000000000  0.000000000000000  0.000000000000000 
82.000000000000000  0.000000000000000  0.000000000000000 
83.000000000000000  0.000000000000000  0.000000000000000 
84.000000000000000  0.000000000000000  0.000000000000000 
85.000000000000000  0.000000000000000  0.000000000000000 
86.000000000000000  0.000000000000000  0.000000000000000 
87.000000000000000  0.000000000000000  0.000000000000000 
88.000000000000000  0.000000000000000  0.000000000000000 
89.000000000000000  0.000000000000000  0.000000000000000 
90.000000000000000  0.000000000000000  0.000000000000000 
91.000000000000000  0.000000000000000  0.000000000000000 
92.000000000000000  0.000000000000000  0.000000000000000 
93.000000000000000  0.000000000000000  0.000000000000000 
94.000000000000000  0.000000000000000  0.000000000000000 
95.000000000000000  0.000000000000000  0.000000000000000 
96.000000000000000  0.000000000000000  0.000000000000000 
97.000000000000000  0.000000000000000  0.000000000000000 
98.000000000000000  0.000000000000000  0.000000000000000 
99.000000000000000  0.000000000000000  0.000000000000000 
100.000000000000000  0.000000000000000  0.000000000000000 
101.000000000000000  0.000000000000000  0.000000000000000 
102.000000000000000  0.000000000000000  0.000000000000000 
103.000000000000000  0.000000000000000  0.000000000000000 
104.000000000000000  0.000000000000000  0.000000000000000 
105.000000000000000  0.000000000000000  0.000000000000000 
106.000000000000000  0.000000000000000  0.000000000000000 
107.000000000000000  0.000000000000000  0.000000000000000 
108.000000000000000  0.000000000000000  0.000000000000000 
109.000000000000000  0.000000000000000  0.000000000000000 
110.000000000000000  0.000000000000000  0.000000000000000 
111.000000000000000  0.000000000000000  0.000000000000000 
112.000000000000000  0.000000000000000  0.000000000000000 
113.000000000000000  0.000000000000000  0.000000000000000 
114.000000000000000  0.000000000000000  0.000000000000000 
115.000000000000000  0.000000000000000  0.000000000000000 
116.000000000000000  0.000000000000000  0.000000000000000 
117.000000000000000  0.000000000000000  0.000000000000000 
118.000000000000000  0.000000000000000  0.000000000000000 
119.000000000000000  0.000000000000000  0.000000000000000 
120.000000000000000  0.000000000000000  0.000000000000000 
121.000000000000000  0.000000000000000  0.000000000000000 
122.000000000000000  0.000000000000000  0.000000000000000 
123.000000000000000  0.000000000000000  0.000000000000000 
124.000000000000000  0.000000000000000  0.000000000000000 
125.000000000000000  0.000000000000000  0.000000000000000 
126.000000000000000  0.000000000000000  0.000000000000000 
127.000000000000000  0.000000000000000  0.000000000000000 
