 0.000000000000000 111.252189784973027 1324.000000000000000 
 1.000000000000000 124.518612557555713 1382.000000000000000 
 2.000000000000000 173.289842478455455 944.000000000000000 
 3.000000000000000 160.721514230612001 272.000000000000000 
 4.000000000000000 136.512127931522940 865.000000000000000 
 5.000000000000000 151.075798699373564 345.000000000000000 
 6.000000000000000 151.665242610162665 765.000000000000000 
 7.000000000000000 116.850688422784330 1124.000000000000000 
 8.000000000000000 150.624736111033542 523.000000000000000 
 9.000000000000000 174.719926361448415 437.000000000000000 
10.000000000000000 169.971333255440584 985.000000000000000 
11.000000000000000 148.986458706648421 198.000000000000000 
12.000000000000000 165.104368470709062 228.000000000000000 
13.000000000000000 148.562182898264155 300.000000000000000 
14.000000000000000 150.617766226088577 201.000000000000000 
15.000000000000000 146.567200869921663 271.000000000000000 
16.000000000000000 170.431857148146463 801.000000000000000 
17.000000000000000 142.203211996355918 327.000000000000000 
18.000000000000000 157.608765722742788 571.000000000000000 
19.000000000000000 151.719410363162780 212.000000000000000 
20.000000000000000 184.238431597480115 654.000000000000000 
21.000000000000000 174.715175483444284 662.000000000000000 
22.000000000000000 153.390403720314197 221.000000000000000 
23.000000000000000 117.207489937013762 1478.000000000000000 
24.000000000000000 148.818687963924674 256.000000000000000 
25.000000000000000 165.596882025962515 249.000000000000000 
26.000000000000000 155.019125160839536 1375.000000000000000 
27.000000000000000 169.636729917612882 421.000000000000000 
28.000000000000000 155.918721734200119 577.000000000000000 
29.000000000000000 182.704159816427222 446.000000000000000 
30.000000000000000 170.482889048858112 401.000000000000000 
31.000000000000000 164.713741770118247 347.000000000000000 
32.000000000000000 138.007833817670473 197.000000000000000 
33.000000000000000 149.719818479637723 151.000000000000000 
34.000000000000000 142.858179515715705 204.000000000000000 
35.000000000000000 189.099182742071946 560.000000000000000 
36.000000000000000 142.536795853211686 279.000000000000000 
37.000000000000000 160.199708969456879 382.000000000000000 
38.000000000000000 111.180469916691322 1482.000000000000000 
39.000000000000000 145.458607059228370 618.000000000000000 
40.000000000000000 136.215468506019249 509.000000000000000 
41.000000000000000 140.150457404891370 429.000000000000000 
42.000000000000000 151.541957990615288 247.000000000000000 
43.000000000000000 162.442400012931216 381.000000000000000 
44.000000000000000 123.942535108158950 1400.000000000000000 
45.000000000000000  0.000000000000000  0.000000000000000 
46.000000000000000  0.000000000000000  0.000000000000000 
47.000000000000000  0.000000000000000  0.000000000000000 
48.000000000000000  0.000000000000000  0.000000000000000 
49.000000000000000  0.000000000000000  0.000000000000000 
50.000000000000000  0.000000000000000  0.000000000000000 
51.000000000000000  0.000000000000000  0.000000000000000 
52.000000000000000  0.000000000000000  0.000000000000000 
53.000000000000000  0.000000000000000  0.000000000000000 
54.000000000000000  0.000000000000000  0.000000000000000 
55.000000000000000  0.000000000000000  0.000000000000000 
56.000000000000000  0.000000000000000  0.000000000000000 
57.000000000000000  0.000000000000000  0.000000000000000 
58.000000000000000  0.000000000000000  0.000000000000000 
59.000000000000000  0.000000000000000  0.000000000000000 
60.000000000000000  0.000000000000000  0.000000000000000 
61.000000000000000  0.000000000000000  0.000000000000000 
62.000000000000000  0.000000000000000  0.000000000000000 
63.000000000000000  0.000000000000000  0.000000000000000 
64.000000000000000  0.000000000000000  0.000000000000000 
65.000000000000000  0.000000000000000  0.000000000000000 
66.000000000000000  0.000000000000000  0.000000000000000 
67.000000000000000  0.000000000000000  0.000000000000000 
68.000000000000000  0.000000000000000  0.000000000000000 
69.000000000000000  0.000000000000000  0.000000000000000 
70.000000000000000  0.000000000000000  0.000000000000000 
71.000000000000000  0.000000000000000  0.000000000000000 
72.000000000000000  0.000000000000000  0.000000000000000 
73.000000000000000  0.000000000000000  0.000000000000000 
74.000000000000000  0.000000000000000  0.000000000000000 
75.000000000000000  0.000000000000000  0.000000000000000 
76.000000000000000  0.000000000000000  0.000000000000000 
77.000000000000000  0.000000000000000  0.000000000000000 
78.000000000000000  0.000000000000000  0.000000000000000 
79.000000000000000  0.000000000000000  0.000000000000000 
80.000000000000000  0.000000000000000  0.000000000000000 
81.000000000000000  0.000000000000000  0.000000000000000 
82.000000000000000  0.000000000000000  0.000000000000000 
83.000000000000000  0.000000000000000  0.000000000000000 
84.000000000000000  0.000000000000000  0.000000000000000 
85.000000000000000  0.000000000000000  0.000000000000000 
86.000000000000000  0.000000000000000  0.000000000000000 
87.000000000000000  0.000000000000000  0.000000000000000 
88.000000000000000  0.000000000000000  0.000000000000000 
89.000000000000000  0.000000000000000  0.000000000000000 
90.000000000000000  0.000000000000000  0.000000000000000 
91.000000000000000  0.000000000000000  0.000000000000000 
92.000000000000000  0.000000000000000  0.000000000000000 
93.000000000000000  0.000000000000000  0.000000000000000 
94.000000000000000  0.000000000000000  0.000000000000000 
95.000000000000000  0.000000000000000  0.000000000000000 
96.000000000000000  0.000000000000000  0.000000000000000 
97.000000000000000  0.000000000000000  0.000000000000000 
98.000000000000000  0.000000000000000  0.000000000000000 
99.000000000000000  0.000000000000000  0.000000000000000 
100.000000000000000  0.000000000000000  0.000000000000000 
101.000000000000000  0.000000000000000  0.000000000000000 
102.000000000000000  0.000000000000000  0.000000000000000 
103.000000000000000  0.000000000000000  0.000000000000000 
104.000000000000000  0.000000000000000  0.000000000000000 
105.000000000000000  0.000000000000000  0.000000000000000 
106.000000000000000  0.000000000000000  0.000000000000000 
107.000000000000000  0.000000000000000  0.000000000000000 
108.000000000000000  0.000000000000000  0.000000000000000 
109.000000000000000  0.000000000000000  0.000000000000000 
110.000000000000000  0.000000000000000  0.000000000000000 
111.000000000000000  0.000000000000000  0.000000000000000 
112.000000000000000  0.000000000000000  0.000000000000000 
113.000000000000000  0.000000000000000  0.000000000000000 
114.000000000000000  0.000000000000000  0.000000000000000 
115.000000000000000  0.000000000000000  0.000000000000000 
116.000000000000000  0.000000000000000  0.000000000000000 
117.000000000000000  0.000000000000000  0.000000000000000 
118.000000000000000  0.000000000000000  0.000000000000000 
119.000000000000000  0.000000000000000  0.000000000000000 
120.000000000000000  0.000000000000000  0.000000000000000 
121.000000000000000  0.000000000000000  0.000000000000000 
122.000000000000000  0.000000000000000  0.000000000000000 
123.000000000000000  0.000000000000000  0.000000000000000 
124.000000000000000  0.000000000000000  0.000000000000000 
125.000000000000000  0.000000000000000  0.000000000000000 
126.000000000000000  0.000000000000000  0.000000000000000 
127.000000000000000  0.000000000000000  0.000000000000000 
