 0.000000000000000 113.784453000264989 1123.000000000000000 
 1.000000000000000 128.760312460907613 1403.000000000000000 
 2.000000000000000 161.813849377326790 892.000000000000000 
 3.000000000000000 143.133360700387300 251.000000000000000 
 4.000000000000000 131.168195846921094 839.000000000000000 
 5.000000000000000 153.040679160468443 345.000000000000000 
 6.000000000000000 116.361820544453650 613.000000000000000 
 7.000000000000000 89.061418650478586 1032.000000000000000 
 8.000000000000000 132.565438523487899 467.000000000000000 
 9.000000000000000 169.019311133119658 432.000000000000000 
10.000000000000000 162.629590962250973 977.000000000000000 
11.000000000000000 128.062018616072692 171.000000000000000 
12.000000000000000 158.024439633265416 226.000000000000000 
13.000000000000000 144.224016301610476 296.000000000000000 
14.000000000000000 136.281466331309758 191.000000000000000 
15.000000000000000 134.854533537920844 251.000000000000000 
16.000000000000000 167.720403792185266 762.000000000000000 
17.000000000000000 124.020062926924737 305.000000000000000 
18.000000000000000 138.509530667001769 526.000000000000000 
19.000000000000000 127.556350789523336 194.000000000000000 
20.000000000000000 163.930165057882220 641.000000000000000 
21.000000000000000 164.788448319702212 640.000000000000000 
22.000000000000000 146.550585162542006 211.000000000000000 
23.000000000000000 116.999199938939014 1504.000000000000000 
24.000000000000000 140.397471882438197 244.000000000000000 
25.000000000000000 156.608161895510648 225.000000000000000 
26.000000000000000 138.365946209834021 1234.000000000000000 
27.000000000000000 132.763914203023035 388.000000000000000 
28.000000000000000 156.446169906401934 587.000000000000000 
29.000000000000000 145.535407677021738 335.000000000000000 
30.000000000000000 149.170363942553990 370.000000000000000 
31.000000000000000 143.830771092215855 306.000000000000000 
32.000000000000000 135.716571546252226 195.000000000000000 
33.000000000000000 142.305151399068507 145.000000000000000 
34.000000000000000 123.124044051263795 182.000000000000000 
35.000000000000000 141.241011561651248 408.000000000000000 
36.000000000000000 121.345347466021948 239.000000000000000 
37.000000000000000 154.835214636454054 370.000000000000000 
38.000000000000000 116.681310620096582 1551.000000000000000 
39.000000000000000 129.432322892392193 589.000000000000000 
40.000000000000000 121.597485359522722 482.000000000000000 
41.000000000000000 133.533164380896380 409.000000000000000 
42.000000000000000 144.020883009887399 242.000000000000000 
43.000000000000000 165.043548182987962 391.000000000000000 
44.000000000000000 167.891747059086015 1834.000000000000000 
45.000000000000000 128.037215155081668 413.000000000000000 
46.000000000000000 111.631673107004573 401.000000000000000 
47.000000000000000 86.107339918590654 169.000000000000000 
48.000000000000000  0.000000000000000  0.000000000000000 
49.000000000000000  0.000000000000000  0.000000000000000 
50.000000000000000  0.000000000000000  0.000000000000000 
51.000000000000000  0.000000000000000  0.000000000000000 
52.000000000000000  0.000000000000000  0.000000000000000 
53.000000000000000  0.000000000000000  0.000000000000000 
54.000000000000000  0.000000000000000  0.000000000000000 
55.000000000000000  0.000000000000000  0.000000000000000 
56.000000000000000  0.000000000000000  0.000000000000000 
57.000000000000000  0.000000000000000  0.000000000000000 
58.000000000000000  0.000000000000000  0.000000000000000 
59.000000000000000  0.000000000000000  0.000000000000000 
60.000000000000000  0.000000000000000  0.000000000000000 
61.000000000000000  0.000000000000000  0.000000000000000 
62.000000000000000  0.000000000000000  0.000000000000000 
63.000000000000000  0.000000000000000  0.000000000000000 
64.000000000000000  0.000000000000000  0.000000000000000 
65.000000000000000  0.000000000000000  0.000000000000000 
66.000000000000000  0.000000000000000  0.000000000000000 
67.000000000000000  0.000000000000000  0.000000000000000 
68.000000000000000  0.000000000000000  0.000000000000000 
69.000000000000000  0.000000000000000  0.000000000000000 
70.000000000000000  0.000000000000000  0.000000000000000 
71.000000000000000  0.000000000000000  0.000000000000000 
72.000000000000000  0.000000000000000  0.000000000000000 
73.000000000000000  0.000000000000000  0.000000000000000 
74.000000000000000  0.000000000000000  0.000000000000000 
75.000000000000000  0.000000000000000  0.000000000000000 
76.000000000000000  0.000000000000000  0.000000000000000 
77.000000000000000  0.000000000000000  0.000000000000000 
78.000000000000000  0.000000000000000  0.000000000000000 
79.000000000000000  0.000000000000000  0.000000000000000 
80.000000000000000  0.000000000000000  0.000000000000000 
81.000000000000000  0.000000000000000  0.000000000000000 
82.000000000000000  0.000000000000000  0.000000000000000 
83.000000000000000  0.000000000000000  0.000000000000000 
84.000000000000000  0.000000000000000  0.000000000000000 
85.000000000000000  0.000000000000000  0.000000000000000 
86.000000000000000  0.000000000000000  0.000000000000000 
87.000000000000000  0.000000000000000  0.000000000000000 
88.000000000000000  0.000000000000000  0.000000000000000 
89.000000000000000  0.000000000000000  0.000000000000000 
90.000000000000000  0.000000000000000  0.000000000000000 
91.000000000000000  0.000000000000000  0.000000000000000 
92.000000000000000  0.000000000000000  0.000000000000000 
93.000000000000000  0.000000000000000  0.000000000000000 
94.000000000000000  0.000000000000000  0.000000000000000 
95.000000000000000  0.000000000000000  0.000000000000000 
96.000000000000000  0.000000000000000  0.000000000000000 
97.000000000000000  0.000000000000000  0.000000000000000 
98.000000000000000  0.000000000000000  0.000000000000000 
99.000000000000000  0.000000000000000  0.000000000000000 
100.000000000000000  0.000000000000000  0.000000000000000 
101.000000000000000  0.000000000000000  0.000000000000000 
102.000000000000000  0.000000000000000  0.000000000000000 
103.000000000000000  0.000000000000000  0.000000000000000 
104.000000000000000  0.000000000000000  0.000000000000000 
105.000000000000000  0.000000000000000  0.000000000000000 
106.000000000000000  0.000000000000000  0.000000000000000 
107.000000000000000  0.000000000000000  0.000000000000000 
108.000000000000000  0.000000000000000  0.000000000000000 
109.000000000000000  0.000000000000000  0.000000000000000 
110.000000000000000  0.000000000000000  0.000000000000000 
111.000000000000000  0.000000000000000  0.000000000000000 
112.000000000000000  0.000000000000000  0.000000000000000 
113.000000000000000  0.000000000000000  0.000000000000000 
114.000000000000000  0.000000000000000  0.000000000000000 
115.000000000000000  0.000000000000000  0.000000000000000 
116.000000000000000  0.000000000000000  0.000000000000000 
117.000000000000000  0.000000000000000  0.000000000000000 
118.000000000000000  0.000000000000000  0.000000000000000 
119.000000000000000  0.000000000000000  0.000000000000000 
120.000000000000000  0.000000000000000  0.000000000000000 
121.000000000000000  0.000000000000000  0.000000000000000 
122.000000000000000  0.000000000000000  0.000000000000000 
123.000000000000000  0.000000000000000  0.000000000000000 
124.000000000000000  0.000000000000000  0.000000000000000 
125.000000000000000  0.000000000000000  0.000000000000000 
126.000000000000000  0.000000000000000  0.000000000000000 
127.000000000000000  0.000000000000000  0.000000000000000 
