 0.000000000000000 39.749329992029480 610.000000000000000 
 1.000000000000000 35.232575873651605 334.000000000000000 
 2.000000000000000 45.515518833217257 354.000000000000000 
 3.000000000000000 43.063692250828865 187.000000000000000 
 4.000000000000000 47.371040609089093 776.000000000000000 
 5.000000000000000 45.140427328487256 163.000000000000000 
 6.000000000000000 48.784310330682118 379.000000000000000 
 7.000000000000000 43.475780792480542 313.000000000000000 
 8.000000000000000 48.495556501993974 259.000000000000000 
 9.000000000000000 39.373453310801331 109.000000000000000 
10.000000000000000 53.044594830060355 480.000000000000000 
11.000000000000000 26.841539823025535 47.000000000000000 
12.000000000000000 31.272423409262494 74.000000000000000 
13.000000000000000 39.046263760941969 93.000000000000000 
14.000000000000000 43.135791919999988 71.000000000000000 
15.000000000000000 35.106759941928203 110.000000000000000 
16.000000000000000 35.572532498708590 172.000000000000000 
17.000000000000000 38.754624117168774 192.000000000000000 
18.000000000000000 48.018817517608355 395.000000000000000 
19.000000000000000 37.136535871873484 64.000000000000000 
20.000000000000000 41.202061910586679 207.000000000000000 
21.000000000000000 37.038429566730237 169.000000000000000 
22.000000000000000 49.817052900513772 109.000000000000000 
23.000000000000000 41.987389343386091 690.000000000000000 
24.000000000000000 47.162430390156544 115.000000000000000 
25.000000000000000 52.385623825030045 118.000000000000000 
26.000000000000000 48.414040696192885 572.000000000000000 
27.000000000000000 33.136215767385799 162.000000000000000 
28.000000000000000 51.552761021338995 303.000000000000000 
29.000000000000000 44.573274032508756 153.000000000000000 
30.000000000000000 48.334043295159489 150.000000000000000 
31.000000000000000 41.664897700153460 100.000000000000000 
32.000000000000000 42.794497509687780 75.000000000000000 
33.000000000000000 29.446724553777777 45.000000000000000 
34.000000000000000 47.071973890977425 133.000000000000000 
35.000000000000000 34.532687506976679 115.000000000000000 
36.000000000000000 48.325975782945910 143.000000000000000 
37.000000000000000 35.768487783508043 79.000000000000000 
38.000000000000000 36.058442145998974 836.000000000000000 
39.000000000000000 48.611742080223692 358.000000000000000 
40.000000000000000 37.072729033304128 121.000000000000000 
41.000000000000000 51.565557352434851 219.000000000000000 
42.000000000000000 37.684625862820511 78.000000000000000 
43.000000000000000 50.492117012702820 187.000000000000000 
44.000000000000000 43.799403718376816 697.000000000000000 
45.000000000000000 38.318509526580172 240.000000000000000 
46.000000000000000 35.887308227712758 172.000000000000000 
47.000000000000000 45.579804251076077 167.000000000000000 
48.000000000000000 35.895866902139012 114.000000000000000 
49.000000000000000 49.162860851319294 451.000000000000000 
50.000000000000000 48.561035710657528 657.000000000000000 
51.000000000000000 46.675544301646319 136.000000000000000 
52.000000000000000 46.106463381941929 124.000000000000000 
53.000000000000000 29.642698999593392 106.000000000000000 
54.000000000000000 33.010590167097092 784.000000000000000 
55.000000000000000 29.360683498617714 538.000000000000000 
56.000000000000000 46.694670616099899 116.000000000000000 
57.000000000000000 44.528033257848392 250.000000000000000 
58.000000000000000 32.305490815019290 146.000000000000000 
59.000000000000000 49.299544373234042 94.000000000000000 
60.000000000000000 30.602408590944044 143.000000000000000 
61.000000000000000 39.937640423255075 88.000000000000000 
62.000000000000000 33.334701645352119 71.000000000000000 
63.000000000000000 50.455623759632090 81.000000000000000 
64.000000000000000 45.449197341424110 455.000000000000000 
65.000000000000000 41.196180195021533 155.000000000000000 
66.000000000000000 40.737992138547533 61.000000000000000 
67.000000000000000 40.381073049956981 93.000000000000000 
68.000000000000000 36.743452626323609 189.000000000000000 
69.000000000000000 43.603128697223013 164.000000000000000 
70.000000000000000 48.752024483424179 282.000000000000000 
71.000000000000000 48.182418905490003 252.000000000000000 
72.000000000000000 36.661798303174081 573.000000000000000 
73.000000000000000 36.916083576318272 257.000000000000000 
74.000000000000000 39.636336149250248 93.000000000000000 
75.000000000000000 41.822766753292790 97.000000000000000 
76.000000000000000 27.233766013600011 38.000000000000000 
77.000000000000000 36.435279729691196 384.000000000000000 
78.000000000000000 37.061602168024727 219.000000000000000 
79.000000000000000 40.720106523924031 201.000000000000000 
80.000000000000000 42.355339049675408 298.000000000000000 
81.000000000000000 34.563098559714810 108.000000000000000 
82.000000000000000 32.763500934672471 277.000000000000000 
83.000000000000000 48.482839468316094 104.000000000000000 
84.000000000000000 39.717442925871616 74.000000000000000 
85.000000000000000 35.617501123426599 113.000000000000000 
86.000000000000000 32.217626453938578 70.000000000000000 
87.000000000000000 36.196907075834545 90.000000000000000 
88.000000000000000 40.719297997559465 214.000000000000000 
89.000000000000000 36.435513684261707 101.000000000000000 
90.000000000000000 39.853552485379581 682.000000000000000 
91.000000000000000 43.381341013695511 688.000000000000000 
92.000000000000000 39.314559550939180 158.000000000000000 
93.000000000000000 37.839169139003289 231.000000000000000 
94.000000000000000 40.835957267994125 204.000000000000000 
95.000000000000000 31.068866751905020 263.000000000000000 
96.000000000000000 39.378122107214608 415.000000000000000 
97.000000000000000 26.491483847566531 36.000000000000000 
98.000000000000000 36.262449243624467 176.000000000000000 
99.000000000000000 38.418801166127899 280.000000000000000 
100.000000000000000 31.314707006591391 93.000000000000000 
101.000000000000000 37.130675209958582 199.000000000000000 
102.000000000000000 36.423811900842267 227.000000000000000 
103.000000000000000 32.825460812785131 96.000000000000000 
104.000000000000000 35.396229753995684 139.000000000000000 
105.000000000000000 27.044080567141727 300.000000000000000 
106.000000000000000 30.381879558352939 119.000000000000000 
107.000000000000000 37.798609651043741 144.000000000000000 
108.000000000000000 26.353532198358696 46.000000000000000 
109.000000000000000 30.992776212203569 145.000000000000000 
110.000000000000000 40.497364492677185 804.000000000000000 
111.000000000000000  0.000000000000000  0.000000000000000 
112.000000000000000  0.000000000000000  0.000000000000000 
113.000000000000000  0.000000000000000  0.000000000000000 
114.000000000000000  0.000000000000000  0.000000000000000 
115.000000000000000  0.000000000000000  0.000000000000000 
116.000000000000000  0.000000000000000  0.000000000000000 
117.000000000000000  0.000000000000000  0.000000000000000 
118.000000000000000  0.000000000000000  0.000000000000000 
119.000000000000000  0.000000000000000  0.000000000000000 
120.000000000000000  0.000000000000000  0.000000000000000 
121.000000000000000  0.000000000000000  0.000000000000000 
122.000000000000000  0.000000000000000  0.000000000000000 
123.000000000000000  0.000000000000000  0.000000000000000 
124.000000000000000  0.000000000000000  0.000000000000000 
125.000000000000000  0.000000000000000  0.000000000000000 
126.000000000000000  0.000000000000000  0.000000000000000 
127.000000000000000  0.000000000000000  0.000000000000000 
