 0.000000000000000 63.716489680011534 759.000000000000000 
 1.000000000000000 61.798145817032577 602.000000000000000 
 2.000000000000000 76.117156061105021 538.000000000000000 
 3.000000000000000 76.319665998457765 233.000000000000000 
 4.000000000000000 68.501559806728352 884.000000000000000 
 5.000000000000000 83.425826435403110 249.000000000000000 
 6.000000000000000 85.109810478105203 585.000000000000000 
 7.000000000000000 72.253536938684036 486.000000000000000 
 8.000000000000000 83.545552924343468 308.000000000000000 
 9.000000000000000 70.920614936463011 165.000000000000000 
10.000000000000000 81.155484945999078 539.000000000000000 
11.000000000000000 83.283807697390642 107.000000000000000 
12.000000000000000 70.957663816351982 109.000000000000000 
13.000000000000000 72.277077097973574 155.000000000000000 
14.000000000000000 87.070569719154378 140.000000000000000 
15.000000000000000 81.485067816052592 189.000000000000000 
16.000000000000000 63.773976780852877 265.000000000000000 
17.000000000000000 73.153828996826391 300.000000000000000 
18.000000000000000 78.007160714914349 515.000000000000000 
19.000000000000000 63.783001169379048 123.000000000000000 
20.000000000000000 84.587719733178972 335.000000000000000 
21.000000000000000 70.215911695918564 337.000000000000000 
22.000000000000000 85.813351785447836 140.000000000000000 
23.000000000000000 73.579639305943076 956.000000000000000 
24.000000000000000 81.495247034963711 165.000000000000000 
25.000000000000000 71.329497473072351 135.000000000000000 
26.000000000000000 76.851987774882673 773.000000000000000 
27.000000000000000 78.875406507978568 289.000000000000000 
28.000000000000000 81.256810093629809 393.000000000000000 
29.000000000000000 77.090778553184435 217.000000000000000 
30.000000000000000 80.141777621055397 266.000000000000000 
31.000000000000000 77.525501782794990 186.000000000000000 
32.000000000000000 73.811326473834825 117.000000000000000 
33.000000000000000 78.621219612555933 84.000000000000000 
34.000000000000000 67.658231219238203 157.000000000000000 
35.000000000000000 66.103342327178112 205.000000000000000 
36.000000000000000 78.391396783794747 224.000000000000000 
37.000000000000000 82.743999410456794 206.000000000000000 
38.000000000000000 63.403170331949426 1172.000000000000000 
39.000000000000000 68.382649964642795 420.000000000000000 
40.000000000000000 67.157002836636778 204.000000000000000 
41.000000000000000 70.276888117995227 221.000000000000000 
42.000000000000000 74.127573397936160 141.000000000000000 
43.000000000000000 77.451327911559375 273.000000000000000 
44.000000000000000 62.332914801431592 961.000000000000000 
45.000000000000000 64.713929857315094 371.000000000000000 
46.000000000000000 68.695769334603298 305.000000000000000 
47.000000000000000 76.541051205085694 236.000000000000000 
48.000000000000000 70.851046381624371 267.000000000000000 
49.000000000000000 81.163750037072091 652.000000000000000 
50.000000000000000 69.421955674932860 927.000000000000000 
51.000000000000000 70.200459764418923 153.000000000000000 
52.000000000000000 63.400450235784490 159.000000000000000 
53.000000000000000 66.533882471869191 161.000000000000000 
54.000000000000000 56.965489084715763 1084.000000000000000 
55.000000000000000 55.981200457042362 782.000000000000000 
56.000000000000000 62.411718738316324 173.000000000000000 
57.000000000000000 78.535962067261707 466.000000000000000 
58.000000000000000 82.505930532865932 326.000000000000000 
59.000000000000000 66.544191777952477 128.000000000000000 
60.000000000000000 74.342408790522228 257.000000000000000 
61.000000000000000 76.342567119337758 147.000000000000000 
62.000000000000000 64.735132132641255 126.000000000000000 
63.000000000000000 72.657059750478155 110.000000000000000 
64.000000000000000 66.413834996093186 494.000000000000000 
65.000000000000000 79.393072936944279 249.000000000000000 
66.000000000000000 59.988625014402629 77.000000000000000 
67.000000000000000 61.468684101613711 154.000000000000000 
68.000000000000000 63.124031683133282 304.000000000000000 
69.000000000000000 65.792937578672152 131.000000000000000 
70.000000000000000 59.815383170049358 258.000000000000000 
71.000000000000000 71.126461410175622 298.000000000000000 
72.000000000000000 62.590385239058470 951.000000000000000 
73.000000000000000 56.686469550958627 359.000000000000000 
74.000000000000000 37.807872526659025 68.000000000000000 
75.000000000000000  0.000000000000000  0.000000000000000 
76.000000000000000  0.000000000000000  0.000000000000000 
77.000000000000000  0.000000000000000  0.000000000000000 
78.000000000000000  0.000000000000000  0.000000000000000 
79.000000000000000  0.000000000000000  0.000000000000000 
80.000000000000000  0.000000000000000  0.000000000000000 
81.000000000000000  0.000000000000000  0.000000000000000 
82.000000000000000  0.000000000000000  0.000000000000000 
83.000000000000000  0.000000000000000  0.000000000000000 
84.000000000000000  0.000000000000000  0.000000000000000 
85.000000000000000  0.000000000000000  0.000000000000000 
86.000000000000000  0.000000000000000  0.000000000000000 
87.000000000000000  0.000000000000000  0.000000000000000 
88.000000000000000  0.000000000000000  0.000000000000000 
89.000000000000000  0.000000000000000  0.000000000000000 
90.000000000000000  0.000000000000000  0.000000000000000 
91.000000000000000  0.000000000000000  0.000000000000000 
92.000000000000000  0.000000000000000  0.000000000000000 
93.000000000000000  0.000000000000000  0.000000000000000 
94.000000000000000  0.000000000000000  0.000000000000000 
95.000000000000000  0.000000000000000  0.000000000000000 
96.000000000000000  0.000000000000000  0.000000000000000 
97.000000000000000  0.000000000000000  0.000000000000000 
98.000000000000000  0.000000000000000  0.000000000000000 
99.000000000000000  0.000000000000000  0.000000000000000 
100.000000000000000  0.000000000000000  0.000000000000000 
101.000000000000000  0.000000000000000  0.000000000000000 
102.000000000000000  0.000000000000000  0.000000000000000 
103.000000000000000  0.000000000000000  0.000000000000000 
104.000000000000000  0.000000000000000  0.000000000000000 
105.000000000000000  0.000000000000000  0.000000000000000 
106.000000000000000  0.000000000000000  0.000000000000000 
107.000000000000000  0.000000000000000  0.000000000000000 
108.000000000000000  0.000000000000000  0.000000000000000 
109.000000000000000  0.000000000000000  0.000000000000000 
110.000000000000000  0.000000000000000  0.000000000000000 
111.000000000000000  0.000000000000000  0.000000000000000 
112.000000000000000  0.000000000000000  0.000000000000000 
113.000000000000000  0.000000000000000  0.000000000000000 
114.000000000000000  0.000000000000000  0.000000000000000 
115.000000000000000  0.000000000000000  0.000000000000000 
116.000000000000000  0.000000000000000  0.000000000000000 
117.000000000000000  0.000000000000000  0.000000000000000 
118.000000000000000  0.000000000000000  0.000000000000000 
119.000000000000000  0.000000000000000  0.000000000000000 
120.000000000000000  0.000000000000000  0.000000000000000 
121.000000000000000  0.000000000000000  0.000000000000000 
122.000000000000000  0.000000000000000  0.000000000000000 
123.000000000000000  0.000000000000000  0.000000000000000 
124.000000000000000  0.000000000000000  0.000000000000000 
125.000000000000000  0.000000000000000  0.000000000000000 
126.000000000000000  0.000000000000000  0.000000000000000 
127.000000000000000  0.000000000000000  0.000000000000000 
