 0.000000000000000 63.331096445217028 699.000000000000000 
 1.000000000000000 67.501576866669865 656.000000000000000 
 2.000000000000000 90.320644570462107 635.000000000000000 
 3.000000000000000 75.144145347109131 230.000000000000000 
 4.000000000000000 68.199852053192458 884.000000000000000 
 5.000000000000000 83.526657596638756 250.000000000000000 
 6.000000000000000 87.098828333547004 601.000000000000000 
 7.000000000000000 81.832832568968442 609.000000000000000 
 8.000000000000000 84.645412697385311 307.000000000000000 
 9.000000000000000 72.569592608377079 169.000000000000000 
10.000000000000000 81.970150934519552 547.000000000000000 
11.000000000000000 84.433060594124754 109.000000000000000 
12.000000000000000 87.814628234561312 131.000000000000000 
13.000000000000000 77.261584070984640 166.000000000000000 
14.000000000000000 88.685144264539034 141.000000000000000 
15.000000000000000 89.728608105670830 189.000000000000000 
16.000000000000000 70.608058752440968 270.000000000000000 
17.000000000000000 75.937561000076968 307.000000000000000 
18.000000000000000 84.161228427610155 486.000000000000000 
19.000000000000000 69.325338068443415 132.000000000000000 
20.000000000000000 84.633542630651590 339.000000000000000 
21.000000000000000 69.990813781106340 333.000000000000000 
22.000000000000000 85.813351785447864 140.000000000000000 
23.000000000000000 63.829649707763650 911.000000000000000 
24.000000000000000 82.658479540054330 167.000000000000000 
25.000000000000000 73.975590317121870 140.000000000000000 
26.000000000000000 82.029357632132275 815.000000000000000 
27.000000000000000 79.926304950600652 293.000000000000000 
28.000000000000000 82.215102532760753 397.000000000000000 
29.000000000000000 76.260579585527580 215.000000000000000 
30.000000000000000 83.975279619451953 278.000000000000000 
31.000000000000000 80.749094193009014 189.000000000000000 
32.000000000000000 78.167365614843618 124.000000000000000 
33.000000000000000 78.621219612555933 84.000000000000000 
34.000000000000000 72.451016126858462 166.000000000000000 
35.000000000000000 65.517045731159740 205.000000000000000 
36.000000000000000 77.387672824087318 226.000000000000000 
37.000000000000000 81.839734854138086 201.000000000000000 
38.000000000000000 75.130114227882117 1309.000000000000000 
39.000000000000000 71.880346233529991 431.000000000000000 
40.000000000000000 77.129105959373092 278.000000000000000 
41.000000000000000 75.764886311658273 254.000000000000000 
42.000000000000000 83.516035191409415 149.000000000000000 
43.000000000000000 68.269715061708126 257.000000000000000 
44.000000000000000 77.020231841388650 1161.000000000000000 
45.000000000000000 67.734229692035711 382.000000000000000 
46.000000000000000 77.386110026930155 391.000000000000000 
47.000000000000000 84.654791736581728 254.000000000000000 
48.000000000000000 70.245156760414957 261.000000000000000 
49.000000000000000 78.760767554757862 626.000000000000000 
50.000000000000000 92.009440559562790 1126.000000000000000 
51.000000000000000 70.525081552761719 154.000000000000000 
52.000000000000000 68.015533371223356 163.000000000000000 
53.000000000000000 75.707827604466701 159.000000000000000 
54.000000000000000 78.389654906502912 1222.000000000000000 
55.000000000000000 69.106694719443126 946.000000000000000 
56.000000000000000 74.145569860985205 199.000000000000000 
57.000000000000000 71.554902753420237 449.000000000000000 
58.000000000000000 81.581296302967530 319.000000000000000 
59.000000000000000 71.251941024485276 129.000000000000000 
60.000000000000000 80.339962725169059 271.000000000000000 
61.000000000000000 78.216608208982080 150.000000000000000 
62.000000000000000 65.325354172078718 127.000000000000000 
63.000000000000000 75.013817601844892 118.000000000000000 
64.000000000000000 65.973108134255668 511.000000000000000 
65.000000000000000 82.666172040605360 260.000000000000000 
66.000000000000000 62.670568996565393 78.000000000000000 
67.000000000000000 62.926856273713923 158.000000000000000 
68.000000000000000 63.415037597605270 303.000000000000000 
69.000000000000000 67.176273579773962 134.000000000000000 
70.000000000000000 62.162800579192151 256.000000000000000 
71.000000000000000 68.477009921498862 275.000000000000000 
72.000000000000000  0.000000000000000  0.000000000000000 
73.000000000000000  0.000000000000000  0.000000000000000 
74.000000000000000  0.000000000000000  0.000000000000000 
75.000000000000000  0.000000000000000  0.000000000000000 
76.000000000000000  0.000000000000000  0.000000000000000 
77.000000000000000  0.000000000000000  0.000000000000000 
78.000000000000000  0.000000000000000  0.000000000000000 
79.000000000000000  0.000000000000000  0.000000000000000 
80.000000000000000  0.000000000000000  0.000000000000000 
81.000000000000000  0.000000000000000  0.000000000000000 
82.000000000000000  0.000000000000000  0.000000000000000 
83.000000000000000  0.000000000000000  0.000000000000000 
84.000000000000000  0.000000000000000  0.000000000000000 
85.000000000000000  0.000000000000000  0.000000000000000 
86.000000000000000  0.000000000000000  0.000000000000000 
87.000000000000000  0.000000000000000  0.000000000000000 
88.000000000000000  0.000000000000000  0.000000000000000 
89.000000000000000  0.000000000000000  0.000000000000000 
90.000000000000000  0.000000000000000  0.000000000000000 
91.000000000000000  0.000000000000000  0.000000000000000 
92.000000000000000  0.000000000000000  0.000000000000000 
93.000000000000000  0.000000000000000  0.000000000000000 
94.000000000000000  0.000000000000000  0.000000000000000 
95.000000000000000  0.000000000000000  0.000000000000000 
96.000000000000000  0.000000000000000  0.000000000000000 
97.000000000000000  0.000000000000000  0.000000000000000 
98.000000000000000  0.000000000000000  0.000000000000000 
99.000000000000000  0.000000000000000  0.000000000000000 
100.000000000000000  0.000000000000000  0.000000000000000 
101.000000000000000  0.000000000000000  0.000000000000000 
102.000000000000000  0.000000000000000  0.000000000000000 
103.000000000000000  0.000000000000000  0.000000000000000 
104.000000000000000  0.000000000000000  0.000000000000000 
105.000000000000000  0.000000000000000  0.000000000000000 
106.000000000000000  0.000000000000000  0.000000000000000 
107.000000000000000  0.000000000000000  0.000000000000000 
108.000000000000000  0.000000000000000  0.000000000000000 
109.000000000000000  0.000000000000000  0.000000000000000 
110.000000000000000  0.000000000000000  0.000000000000000 
111.000000000000000  0.000000000000000  0.000000000000000 
112.000000000000000  0.000000000000000  0.000000000000000 
113.000000000000000  0.000000000000000  0.000000000000000 
114.000000000000000  0.000000000000000  0.000000000000000 
115.000000000000000  0.000000000000000  0.000000000000000 
116.000000000000000  0.000000000000000  0.000000000000000 
117.000000000000000  0.000000000000000  0.000000000000000 
118.000000000000000  0.000000000000000  0.000000000000000 
119.000000000000000  0.000000000000000  0.000000000000000 
120.000000000000000  0.000000000000000  0.000000000000000 
121.000000000000000  0.000000000000000  0.000000000000000 
122.000000000000000  0.000000000000000  0.000000000000000 
123.000000000000000  0.000000000000000  0.000000000000000 
124.000000000000000  0.000000000000000  0.000000000000000 
125.000000000000000  0.000000000000000  0.000000000000000 
126.000000000000000  0.000000000000000  0.000000000000000 
127.000000000000000  0.000000000000000  0.000000000000000 
