 0.000000000000000 137.938795706165621 1640.000000000000000 
 1.000000000000000 126.176519855494803 1368.000000000000000 
 2.000000000000000 172.276475208186383 974.000000000000000 
 3.000000000000000 168.742768323554003 286.000000000000000 
 4.000000000000000 144.081153973101465 911.000000000000000 
 5.000000000000000 151.196784869565619 346.000000000000000 
 6.000000000000000 160.371631991918605 762.000000000000000 
 7.000000000000000 135.132707076905064 1278.000000000000000 
 8.000000000000000 152.918172635164069 534.000000000000000 
 9.000000000000000 180.414630667012972 445.000000000000000 
10.000000000000000 172.319517454605830 981.000000000000000 
11.000000000000000 150.552838762238025 200.000000000000000 
12.000000000000000 176.887763436310451 236.000000000000000 
13.000000000000000 147.585510761714318 298.000000000000000 
14.000000000000000 155.010288185222208 207.000000000000000 
15.000000000000000 149.417582331392765 276.000000000000000 
16.000000000000000 173.741564159013450 826.000000000000000 
17.000000000000000 151.875063588373564 340.000000000000000 
18.000000000000000 151.088341530956086 568.000000000000000 
19.000000000000000 148.511997165356377 207.000000000000000 
20.000000000000000 180.672873817909846 632.000000000000000 
21.000000000000000 177.631041701714594 683.000000000000000 
22.000000000000000 155.076032068304926 223.000000000000000 
23.000000000000000 127.194470321539086 1586.000000000000000 
24.000000000000000 150.272946919277672 257.000000000000000 
25.000000000000000 170.683629379362202 253.000000000000000 
26.000000000000000 165.156374319062280 1447.000000000000000 
27.000000000000000 165.690789644830261 426.000000000000000 
28.000000000000000 169.575685271266224 617.000000000000000 
29.000000000000000 183.409518960315467 452.000000000000000 
30.000000000000000 169.862424646628426 393.000000000000000 
31.000000000000000 162.781212562798345 342.000000000000000 
32.000000000000000 143.979331301921405 201.000000000000000 
33.000000000000000 149.719818479637695 151.000000000000000 
34.000000000000000 145.420498821767410 208.000000000000000 
35.000000000000000 185.572134287566740 553.000000000000000 
36.000000000000000 155.739819622795352 317.000000000000000 
37.000000000000000 159.677453108955433 373.000000000000000 
38.000000000000000 196.063963747339329 2109.000000000000000 
39.000000000000000 140.180993095437799 619.000000000000000 
40.000000000000000 138.888616200621641 467.000000000000000 
41.000000000000000 140.416168600817883 436.000000000000000 
42.000000000000000 153.013516789347705 249.000000000000000 
43.000000000000000 115.936995845425216 324.000000000000000 
44.000000000000000  0.000000000000000  0.000000000000000 
45.000000000000000  0.000000000000000  0.000000000000000 
46.000000000000000  0.000000000000000  0.000000000000000 
47.000000000000000  0.000000000000000  0.000000000000000 
48.000000000000000  0.000000000000000  0.000000000000000 
49.000000000000000  0.000000000000000  0.000000000000000 
50.000000000000000  0.000000000000000  0.000000000000000 
51.000000000000000  0.000000000000000  0.000000000000000 
52.000000000000000  0.000000000000000  0.000000000000000 
53.000000000000000  0.000000000000000  0.000000000000000 
54.000000000000000  0.000000000000000  0.000000000000000 
55.000000000000000  0.000000000000000  0.000000000000000 
56.000000000000000  0.000000000000000  0.000000000000000 
57.000000000000000  0.000000000000000  0.000000000000000 
58.000000000000000  0.000000000000000  0.000000000000000 
59.000000000000000  0.000000000000000  0.000000000000000 
60.000000000000000  0.000000000000000  0.000000000000000 
61.000000000000000  0.000000000000000  0.000000000000000 
62.000000000000000  0.000000000000000  0.000000000000000 
63.000000000000000  0.000000000000000  0.000000000000000 
64.000000000000000  0.000000000000000  0.000000000000000 
65.000000000000000  0.000000000000000  0.000000000000000 
66.000000000000000  0.000000000000000  0.000000000000000 
67.000000000000000  0.000000000000000  0.000000000000000 
68.000000000000000  0.000000000000000  0.000000000000000 
69.000000000000000  0.000000000000000  0.000000000000000 
70.000000000000000  0.000000000000000  0.000000000000000 
71.000000000000000  0.000000000000000  0.000000000000000 
72.000000000000000  0.000000000000000  0.000000000000000 
73.000000000000000  0.000000000000000  0.000000000000000 
74.000000000000000  0.000000000000000  0.000000000000000 
75.000000000000000  0.000000000000000  0.000000000000000 
76.000000000000000  0.000000000000000  0.000000000000000 
77.000000000000000  0.000000000000000  0.000000000000000 
78.000000000000000  0.000000000000000  0.000000000000000 
79.000000000000000  0.000000000000000  0.000000000000000 
80.000000000000000  0.000000000000000  0.000000000000000 
81.000000000000000  0.000000000000000  0.000000000000000 
82.000000000000000  0.000000000000000  0.000000000000000 
83.000000000000000  0.000000000000000  0.000000000000000 
84.000000000000000  0.000000000000000  0.000000000000000 
85.000000000000000  0.000000000000000  0.000000000000000 
86.000000000000000  0.000000000000000  0.000000000000000 
87.000000000000000  0.000000000000000  0.000000000000000 
88.000000000000000  0.000000000000000  0.000000000000000 
89.000000000000000  0.000000000000000  0.000000000000000 
90.000000000000000  0.000000000000000  0.000000000000000 
91.000000000000000  0.000000000000000  0.000000000000000 
92.000000000000000  0.000000000000000  0.000000000000000 
93.000000000000000  0.000000000000000  0.000000000000000 
94.000000000000000  0.000000000000000  0.000000000000000 
95.000000000000000  0.000000000000000  0.000000000000000 
96.000000000000000  0.000000000000000  0.000000000000000 
97.000000000000000  0.000000000000000  0.000000000000000 
98.000000000000000  0.000000000000000  0.000000000000000 
99.000000000000000  0.000000000000000  0.000000000000000 
100.000000000000000  0.000000000000000  0.000000000000000 
101.000000000000000  0.000000000000000  0.000000000000000 
102.000000000000000  0.000000000000000  0.000000000000000 
103.000000000000000  0.000000000000000  0.000000000000000 
104.000000000000000  0.000000000000000  0.000000000000000 
105.000000000000000  0.000000000000000  0.000000000000000 
106.000000000000000  0.000000000000000  0.000000000000000 
107.000000000000000  0.000000000000000  0.000000000000000 
108.000000000000000  0.000000000000000  0.000000000000000 
109.000000000000000  0.000000000000000  0.000000000000000 
110.000000000000000  0.000000000000000  0.000000000000000 
111.000000000000000  0.000000000000000  0.000000000000000 
112.000000000000000  0.000000000000000  0.000000000000000 
113.000000000000000  0.000000000000000  0.000000000000000 
114.000000000000000  0.000000000000000  0.000000000000000 
115.000000000000000  0.000000000000000  0.000000000000000 
116.000000000000000  0.000000000000000  0.000000000000000 
117.000000000000000  0.000000000000000  0.000000000000000 
118.000000000000000  0.000000000000000  0.000000000000000 
119.000000000000000  0.000000000000000  0.000000000000000 
120.000000000000000  0.000000000000000  0.000000000000000 
121.000000000000000  0.000000000000000  0.000000000000000 
122.000000000000000  0.000000000000000  0.000000000000000 
123.000000000000000  0.000000000000000  0.000000000000000 
124.000000000000000  0.000000000000000  0.000000000000000 
125.000000000000000  0.000000000000000  0.000000000000000 
126.000000000000000  0.000000000000000  0.000000000000000 
127.000000000000000  0.000000000000000  0.000000000000000 
