 0.000000000000000 36.388838184228803 545.000000000000000 
 1.000000000000000 40.393154844135935 355.000000000000000 
 2.000000000000000 35.080698266020754 327.000000000000000 
 3.000000000000000 34.228832795164188 163.000000000000000 
 4.000000000000000 31.299656860528206 634.000000000000000 
 5.000000000000000 30.757130306371845 127.000000000000000 
 6.000000000000000 38.473183545036520 396.000000000000000 
 7.000000000000000 35.648910367695983 273.000000000000000 
 8.000000000000000 41.114278753765710 211.000000000000000 
 9.000000000000000 39.508957130997850 107.000000000000000 
10.000000000000000 33.921479657078407 298.000000000000000 
11.000000000000000 27.568260481764586 48.000000000000000 
12.000000000000000 29.798351482490876 74.000000000000000 
13.000000000000000 34.289818332550489 79.000000000000000 
14.000000000000000 42.096944941911758 68.000000000000000 
15.000000000000000 37.050372515005705 105.000000000000000 
16.000000000000000 33.209482665119936 138.000000000000000 
17.000000000000000 37.202375573835418 192.000000000000000 
18.000000000000000 39.225041300269766 350.000000000000000 
19.000000000000000 35.542126782849181 61.000000000000000 
20.000000000000000 34.864266126643265 176.000000000000000 
21.000000000000000 31.469441717885449 148.000000000000000 
22.000000000000000 33.772010812849274 69.000000000000000 
23.000000000000000 36.443253567428876 625.000000000000000 
24.000000000000000 38.975787710440002 110.000000000000000 
25.000000000000000 39.013457217839722 96.000000000000000 
26.000000000000000 37.444635359558298 547.000000000000000 
27.000000000000000 31.233227394539242 158.000000000000000 
28.000000000000000 34.968480759949536 195.000000000000000 
29.000000000000000 27.303896089444443 97.000000000000000 
30.000000000000000 34.692670646060158 126.000000000000000 
31.000000000000000 31.745492057555232 85.000000000000000 
32.000000000000000 28.535534493531504 57.000000000000000 
33.000000000000000 26.163764840249996 40.000000000000000 
34.000000000000000 38.185486121913044 115.000000000000000 
35.000000000000000 31.192158814035981 105.000000000000000 
36.000000000000000 32.852724922565564 95.000000000000000 
37.000000000000000 32.164150973136813 71.000000000000000 
38.000000000000000 27.274022648194677 694.000000000000000 
39.000000000000000 31.760635528457946 413.000000000000000 
40.000000000000000 27.608274004076531 115.000000000000000 
41.000000000000000 31.720158476318328 279.000000000000000 
42.000000000000000 39.437897297439015 82.000000000000000 
43.000000000000000 39.215353740400523 143.000000000000000 
44.000000000000000 24.899826802162099 569.000000000000000 
45.000000000000000 31.072260848071835 211.000000000000000 
46.000000000000000 28.838714205090483 153.000000000000000 
47.000000000000000 36.735206961677676 170.000000000000000 
48.000000000000000 37.104197144703797 116.000000000000000 
49.000000000000000 25.031114200385471 321.000000000000000 
50.000000000000000 33.050196605563784 489.000000000000000 
51.000000000000000 38.296189581238430 138.000000000000000 
52.000000000000000 28.881120920212773 94.000000000000000 
53.000000000000000 30.236994266805510 109.000000000000000 
54.000000000000000 30.854340872276946 777.000000000000000 
55.000000000000000 25.632608073919517 503.000000000000000 
56.000000000000000 39.667336714933320 100.000000000000000 
57.000000000000000 36.073147855930323 196.000000000000000 
58.000000000000000 32.540231904374807 152.000000000000000 
59.000000000000000 36.326710880740741 81.000000000000000 
60.000000000000000 30.374016208223143 147.000000000000000 
61.000000000000000 37.541034304469761 82.000000000000000 
62.000000000000000 32.178640337746479 71.000000000000000 
63.000000000000000 26.721159568400001 50.000000000000000 
64.000000000000000 32.297162169842821 466.000000000000000 
65.000000000000000 33.146825333032503 140.000000000000000 
66.000000000000000 34.527549401922222 54.000000000000000 
67.000000000000000 36.714633376313955 86.000000000000000 
68.000000000000000 30.745335163716177 158.000000000000000 
69.000000000000000 38.372946391876368 153.000000000000000 
70.000000000000000 39.448819392479145 245.000000000000000 
71.000000000000000 28.901971573254404 153.000000000000000 
72.000000000000000 29.156716044649006 407.000000000000000 
73.000000000000000 35.564935484565112 232.000000000000000 
74.000000000000000 33.237859201914382 82.000000000000000 
75.000000000000000 37.835620517153103 96.000000000000000 
76.000000000000000 27.233766013600011 38.000000000000000 
77.000000000000000 33.314448103581277 220.000000000000000 
78.000000000000000 32.469444076294053 203.000000000000000 
79.000000000000000 37.294858355951654 192.000000000000000 
80.000000000000000 36.182390316785067 286.000000000000000 
81.000000000000000 25.598968827954252 94.000000000000000 
82.000000000000000 30.764105390271165 262.000000000000000 
83.000000000000000 38.970984044674978 89.000000000000000 
84.000000000000000 38.634418586553423 73.000000000000000 
85.000000000000000 32.990015699043859 101.000000000000000 
86.000000000000000 33.070785948024707 67.000000000000000 
87.000000000000000 33.180314174216697 79.000000000000000 
88.000000000000000 32.219796636411360 177.000000000000000 
89.000000000000000 30.900444710362102 93.000000000000000 
90.000000000000000 37.970310254590302 738.000000000000000 
91.000000000000000 33.544235385818418 552.000000000000000 
92.000000000000000 32.557669236506875 148.000000000000000 
93.000000000000000 33.131468308057158 189.000000000000000 
94.000000000000000 40.928202465149440 305.000000000000000 
95.000000000000000 38.639609108540476 306.000000000000000 
96.000000000000000 39.333948860528338 444.000000000000000 
97.000000000000000 25.421942027765539 35.000000000000000 
98.000000000000000 33.285828349157576 165.000000000000000 
99.000000000000000 31.365630061599322 250.000000000000000 
100.000000000000000 32.453839801151581 95.000000000000000 
101.000000000000000 35.848453175731265 203.000000000000000 
102.000000000000000 33.743912818314875 222.000000000000000 
103.000000000000000 31.661490234636698 109.000000000000000 
104.000000000000000 32.003806730073428 128.000000000000000 
105.000000000000000 38.149086009302579 392.000000000000000 
106.000000000000000 26.849340254717269 110.000000000000000 
107.000000000000000 33.820328844761704 141.000000000000000 
108.000000000000000 26.713897528972922 48.000000000000000 
109.000000000000000 29.316588323166663 143.000000000000000 
110.000000000000000 40.614678610618220 784.000000000000000 
111.000000000000000 38.816263690459550 385.000000000000000 
112.000000000000000 28.735596234046110 105.000000000000000 
113.000000000000000 31.701662257521164 128.000000000000000 
114.000000000000000 32.479115525808695 69.000000000000000 
115.000000000000000 31.053822470500005 108.000000000000000 
116.000000000000000 23.664145035391670 62.000000000000000 
117.000000000000000 25.227151592994606 168.000000000000000 
118.000000000000000 30.420552442313976 528.000000000000000 
119.000000000000000 35.795146539373000 157.000000000000000 
120.000000000000000 24.834164655592687 64.000000000000000 
121.000000000000000 30.184984733627708 240.000000000000000 
122.000000000000000 26.039806498594405 198.000000000000000 
123.000000000000000 34.574363751430305 99.000000000000000 
124.000000000000000 25.736303680923815 216.000000000000000 
125.000000000000000  0.000000000000000  0.000000000000000 
126.000000000000000  0.000000000000000  0.000000000000000 
127.000000000000000  0.000000000000000  0.000000000000000 
