 0.000000000000000 39.710920462312131 599.000000000000000 
 1.000000000000000 34.496336554251108 332.000000000000000 
 2.000000000000000 40.620418089751219 331.000000000000000 
 3.000000000000000 43.063692250828865 187.000000000000000 
 4.000000000000000 46.668840147425811 773.000000000000000 
 5.000000000000000 45.140427328487263 163.000000000000000 
 6.000000000000000 47.899453628049258 375.000000000000000 
 7.000000000000000 39.929680266082251 287.000000000000000 
 8.000000000000000 48.326894733463085 262.000000000000000 
 9.000000000000000 39.373453310801310 109.000000000000000 
10.000000000000000 41.606754223904481 369.000000000000000 
11.000000000000000 26.841539823025528 47.000000000000000 
12.000000000000000 31.272423409262498 74.000000000000000 
13.000000000000000 39.046263760941976 93.000000000000000 
14.000000000000000 43.135791920000003 71.000000000000000 
15.000000000000000 35.106759941928182 110.000000000000000 
16.000000000000000 35.586050934153249 172.000000000000000 
17.000000000000000 38.754624117168746 192.000000000000000 
18.000000000000000 48.525098564936414 397.000000000000000 
19.000000000000000 37.136535871873484 64.000000000000000 
20.000000000000000 41.353598342091807 208.000000000000000 
21.000000000000000 37.038429566730237 169.000000000000000 
22.000000000000000 49.817052900513772 109.000000000000000 
23.000000000000000 40.980446686814673 686.000000000000000 
24.000000000000000 47.162430390156523 115.000000000000000 
25.000000000000000 52.385623825030045 118.000000000000000 
26.000000000000000 44.885292499564386 553.000000000000000 
27.000000000000000 33.136215767385778 162.000000000000000 
28.000000000000000 44.019495981951827 250.000000000000000 
29.000000000000000 44.573274032508763 153.000000000000000 
30.000000000000000 48.334043295159510 150.000000000000000 
31.000000000000000 41.664897700153418 100.000000000000000 
32.000000000000000 42.794497509687773 75.000000000000000 
33.000000000000000 29.446724553777781 45.000000000000000 
34.000000000000000 47.071973890977439 133.000000000000000 
35.000000000000000 34.124125410658735 114.000000000000000 
36.000000000000000 48.060176975520839 142.000000000000000 
37.000000000000000 35.768487783508043 79.000000000000000 
38.000000000000000 34.429650356758422 805.000000000000000 
39.000000000000000 45.567609287293983 351.000000000000000 
40.000000000000000 36.494486088565836 120.000000000000000 
41.000000000000000 51.305960241320385 218.000000000000000 
42.000000000000000 37.684625862820532 78.000000000000000 
43.000000000000000 50.583076740859823 187.000000000000000 
44.000000000000000 42.116125463900495 721.000000000000000 
45.000000000000000 37.533814151464206 237.000000000000000 
46.000000000000000 35.153074734727831 169.000000000000000 
47.000000000000000 44.892359144207362 166.000000000000000 
48.000000000000000 35.895866902139019 114.000000000000000 
49.000000000000000 40.524925783382038 389.000000000000000 
50.000000000000000 47.877326256453408 661.000000000000000 
51.000000000000000 46.675544301646312 136.000000000000000 
52.000000000000000 46.106463381941929 124.000000000000000 
53.000000000000000 29.642698999593396 106.000000000000000 
54.000000000000000 32.286280333726054 777.000000000000000 
55.000000000000000 29.935659156280167 564.000000000000000 
56.000000000000000 46.076347488829256 114.000000000000000 
57.000000000000000 44.470119053728375 250.000000000000000 
58.000000000000000 32.305490815019290 146.000000000000000 
59.000000000000000 49.299544373234049 94.000000000000000 
60.000000000000000 30.602408590944055 143.000000000000000 
61.000000000000000 39.937640423255083 88.000000000000000 
62.000000000000000 33.334701645352112 71.000000000000000 
63.000000000000000 50.455623759632090 81.000000000000000 
64.000000000000000 44.821999603032552 450.000000000000000 
65.000000000000000 41.196180195021540 155.000000000000000 
66.000000000000000 40.737992138547547 61.000000000000000 
67.000000000000000 40.381073049956996 93.000000000000000 
68.000000000000000 36.659536664214720 189.000000000000000 
69.000000000000000 43.856575447996107 165.000000000000000 
70.000000000000000 48.358306091290792 280.000000000000000 
71.000000000000000 49.016284639233440 256.000000000000000 
72.000000000000000 34.745300556822201 515.000000000000000 
73.000000000000000 36.432625658383394 253.000000000000000 
74.000000000000000 39.636336149250241 93.000000000000000 
75.000000000000000 41.822766753292775 97.000000000000000 
76.000000000000000 27.233766013600015 38.000000000000000 
77.000000000000000 35.750381405554336 368.000000000000000 
78.000000000000000 32.428662898460075 190.000000000000000 
79.000000000000000 40.969316824346627 202.000000000000000 
80.000000000000000 42.185942372353907 297.000000000000000 
81.000000000000000 34.563098559714817 108.000000000000000 
82.000000000000000 33.986024810126530 287.000000000000000 
83.000000000000000 48.482839468316087 104.000000000000000 
84.000000000000000 39.717442925871623 74.000000000000000 
85.000000000000000 36.745624930992342 115.000000000000000 
86.000000000000000 32.217626453938578 70.000000000000000 
87.000000000000000 36.196907075834531 90.000000000000000 
88.000000000000000 40.323634607889275 212.000000000000000 
89.000000000000000 36.435513684261721 101.000000000000000 
90.000000000000000 43.891832753768014 748.000000000000000 
91.000000000000000 40.644575954942546 646.000000000000000 
92.000000000000000 37.688082886308671 155.000000000000000 
93.000000000000000 36.855727189506148 227.000000000000000 
94.000000000000000 40.160591670285733 202.000000000000000 
95.000000000000000 31.513623354427505 264.000000000000000 
96.000000000000000 42.395670098582308 441.000000000000000 
97.000000000000000 26.491483847566531 36.000000000000000 
98.000000000000000 36.262449243624424 176.000000000000000 
99.000000000000000 36.184401832431909 254.000000000000000 
100.000000000000000 31.314707006591391 93.000000000000000 
101.000000000000000 37.130675209958582 199.000000000000000 
102.000000000000000 36.423811900842260 227.000000000000000 
103.000000000000000 32.825460812785124 96.000000000000000 
104.000000000000000 35.396229753995677 139.000000000000000 
105.000000000000000 26.797729739262358 308.000000000000000 
106.000000000000000 30.381879558352942 119.000000000000000 
107.000000000000000 37.798609651043762 144.000000000000000 
108.000000000000000 26.353532198358696 46.000000000000000 
109.000000000000000 30.992776212203566 145.000000000000000 
110.000000000000000 39.668896718947956 778.000000000000000 
111.000000000000000 41.414992527413965 417.000000000000000 
112.000000000000000  0.000000000000000  0.000000000000000 
113.000000000000000  0.000000000000000  0.000000000000000 
114.000000000000000  0.000000000000000  0.000000000000000 
115.000000000000000  0.000000000000000  0.000000000000000 
116.000000000000000  0.000000000000000  0.000000000000000 
117.000000000000000  0.000000000000000  0.000000000000000 
118.000000000000000  0.000000000000000  0.000000000000000 
119.000000000000000  0.000000000000000  0.000000000000000 
120.000000000000000  0.000000000000000  0.000000000000000 
121.000000000000000  0.000000000000000  0.000000000000000 
122.000000000000000  0.000000000000000  0.000000000000000 
123.000000000000000  0.000000000000000  0.000000000000000 
124.000000000000000  0.000000000000000  0.000000000000000 
125.000000000000000  0.000000000000000  0.000000000000000 
126.000000000000000  0.000000000000000  0.000000000000000 
127.000000000000000  0.000000000000000  0.000000000000000 
