 0.000000000000000 36.914904009279972 551.000000000000000 
 1.000000000000000 40.674806349394402 356.000000000000000 
 2.000000000000000 38.399966011557829 339.000000000000000 
 3.000000000000000 36.823683758102987 165.000000000000000 
 4.000000000000000 31.354075235247869 634.000000000000000 
 5.000000000000000 37.366335452451594 145.000000000000000 
 6.000000000000000 39.964229289222267 403.000000000000000 
 7.000000000000000 34.714041425138532 267.000000000000000 
 8.000000000000000 46.993177472123534 256.000000000000000 
 9.000000000000000 39.250680486574645 106.000000000000000 
10.000000000000000 38.948429201464855 325.000000000000000 
11.000000000000000 27.568260481764579 48.000000000000000 
12.000000000000000 29.799091452535031 74.000000000000000 
13.000000000000000 35.249429066926716 81.000000000000000 
14.000000000000000 43.981502646388883 72.000000000000000 
15.000000000000000 37.050372515005712 105.000000000000000 
16.000000000000000 37.322323849756920 174.000000000000000 
17.000000000000000 37.692807915961062 190.000000000000000 
18.000000000000000 39.434978967121467 351.000000000000000 
19.000000000000000 36.952754159180984 63.000000000000000 
20.000000000000000 40.648844383699000 202.000000000000000 
21.000000000000000 34.426035627646868 160.000000000000000 
22.000000000000000 39.070937397780760 78.000000000000000 
23.000000000000000 39.405885675899214 650.000000000000000 
24.000000000000000 38.402945880594487 109.000000000000000 
25.000000000000000 40.297547445810181 98.000000000000000 
26.000000000000000 37.933894925089362 549.000000000000000 
27.000000000000000 31.770910733341559 161.000000000000000 
28.000000000000000 45.166418567373569 243.000000000000000 
29.000000000000000 29.924892987842235 106.000000000000000 
30.000000000000000 33.698105080795386 116.000000000000000 
31.000000000000000 31.745492057555222 85.000000000000000 
32.000000000000000 28.535534493531514 57.000000000000000 
33.000000000000000 26.163764840250000 40.000000000000000 
34.000000000000000 40.812347413388409 121.000000000000000 
35.000000000000000 33.090399968445269 111.000000000000000 
36.000000000000000 30.815252324383000 91.000000000000000 
37.000000000000000 32.100802846012385 71.000000000000000 
38.000000000000000 27.358331517374051 697.000000000000000 
39.000000000000000 31.709489668242682 412.000000000000000 
40.000000000000000 28.602907904712769 114.000000000000000 
41.000000000000000 32.601291184869311 284.000000000000000 
42.000000000000000 40.005533805301198 83.000000000000000 
43.000000000000000 44.809327351805635 169.000000000000000 
44.000000000000000 24.957930480933218 570.000000000000000 
45.000000000000000 31.242914175941522 209.000000000000000 
46.000000000000000 28.987432544501129 150.000000000000000 
47.000000000000000 36.270330117525802 163.000000000000000 
48.000000000000000 36.492482769268982 115.000000000000000 
49.000000000000000 38.092040032756024 368.000000000000000 
50.000000000000000 33.050196605563826 489.000000000000000 
51.000000000000000 43.169187188052078 144.000000000000000 
52.000000000000000 36.542127927219298 107.000000000000000 
53.000000000000000 30.649023302363638 110.000000000000000 
54.000000000000000 31.050972674247973 779.000000000000000 
55.000000000000000 25.746728622696804 504.000000000000000 
56.000000000000000 43.288737412617465 109.000000000000000 
57.000000000000000 41.051792235114654 239.000000000000000 
58.000000000000000 31.837304491542003 155.000000000000000 
59.000000000000000 45.402569072590900 88.000000000000000 
60.000000000000000 30.705425637874999 148.000000000000000 
61.000000000000000 37.541034304469768 82.000000000000000 
62.000000000000000 30.793833231934240 67.000000000000000 
63.000000000000000 33.151113222730061 64.000000000000000 
64.000000000000000 33.082063695061194 472.000000000000000 
65.000000000000000 31.517871921407778 134.000000000000000 
66.000000000000000 34.527549401922222 54.000000000000000 
67.000000000000000 37.170123830619580 87.000000000000000 
68.000000000000000 33.069520002381395 172.000000000000000 
69.000000000000000 44.717827756062228 167.000000000000000 
70.000000000000000 41.984313921917447 263.000000000000000 
71.000000000000000 44.424914882243435 247.000000000000000 
72.000000000000000 29.232259421498213 408.000000000000000 
73.000000000000000 37.043667575830860 227.000000000000000 
74.000000000000000 33.797753619625972 85.000000000000000 
75.000000000000000 37.795495454123710 97.000000000000000 
76.000000000000000 27.233766013600000 38.000000000000000 
77.000000000000000 33.777902918433774 223.000000000000000 
78.000000000000000 34.645615596380701 206.000000000000000 
79.000000000000000 37.694743235574443 192.000000000000000 
80.000000000000000 38.815277279038433 287.000000000000000 
81.000000000000000 26.622430774418557 97.000000000000000 
82.000000000000000 35.626914268325486 294.000000000000000 
83.000000000000000 43.027634488223462 95.000000000000000 
84.000000000000000 39.923617377151324 76.000000000000000 
85.000000000000000 34.535414825442608 107.000000000000000 
86.000000000000000 33.070785948024714 67.000000000000000 
87.000000000000000 33.896523874420652 81.000000000000000 
88.000000000000000 34.167657974382074 184.000000000000000 
89.000000000000000 30.900444710362109 93.000000000000000 
90.000000000000000 37.853478952440383 736.000000000000000 
91.000000000000000 33.544235385818453 552.000000000000000 
92.000000000000000 32.557286644303638 147.000000000000000 
93.000000000000000 37.851998302654657 225.000000000000000 
94.000000000000000 40.087938064028748 288.000000000000000 
95.000000000000000 41.217217513538074 327.000000000000000 
96.000000000000000 42.147462778815054 457.000000000000000 
97.000000000000000 26.261150396705418 36.000000000000000 
98.000000000000000 32.733788288891972 162.000000000000000 
99.000000000000000 32.991606800388084 265.000000000000000 
100.000000000000000 32.964051563995824 96.000000000000000 
101.000000000000000 34.830873192957668 199.000000000000000 
102.000000000000000 31.623425737947578 209.000000000000000 
103.000000000000000 32.243045132942342 111.000000000000000 
104.000000000000000 34.669482148667946 134.000000000000000 
105.000000000000000 39.039533297264775 408.000000000000000 
106.000000000000000 27.323090381849113 112.000000000000000 
107.000000000000000 34.842556655608405 143.000000000000000 
108.000000000000000 26.713897528972918 48.000000000000000 
109.000000000000000 32.783469925140686 156.000000000000000 
110.000000000000000 40.614678610618171 784.000000000000000 
111.000000000000000 39.312160365520008 393.000000000000000 
112.000000000000000 28.407071506511741 104.000000000000000 
113.000000000000000 31.896268270588610 129.000000000000000 
114.000000000000000 31.523450442931342 67.000000000000000 
115.000000000000000 31.247447727314821 108.000000000000000 
116.000000000000000 23.664145035391673 62.000000000000000 
117.000000000000000 25.466714967479415 169.000000000000000 
118.000000000000000 30.420552442313969 528.000000000000000 
119.000000000000000 37.520370018656465 158.000000000000000 
120.000000000000000 25.193264250759309 63.000000000000000 
121.000000000000000  0.000000000000000  0.000000000000000 
122.000000000000000  0.000000000000000  0.000000000000000 
123.000000000000000  0.000000000000000  0.000000000000000 
124.000000000000000  0.000000000000000  0.000000000000000 
125.000000000000000  0.000000000000000  0.000000000000000 
126.000000000000000  0.000000000000000  0.000000000000000 
127.000000000000000  0.000000000000000  0.000000000000000 
