 0.000000000000000 29.379946123542020 413.000000000000000 
 1.000000000000000 33.366415230531445 297.000000000000000 
 2.000000000000000 35.809517290412813 329.000000000000000 
 3.000000000000000 34.553511352099967 164.000000000000000 
 4.000000000000000 29.341356487781759 592.000000000000000 
 5.000000000000000 30.259026253031813 124.000000000000000 
 6.000000000000000 39.144519178095273 395.000000000000000 
 7.000000000000000 29.090646639532366 221.000000000000000 
 8.000000000000000 39.757326816803719 205.000000000000000 
 9.000000000000000 39.409146486404389 107.000000000000000 
10.000000000000000 33.225462300925422 300.000000000000000 
11.000000000000000 27.568260481764586 48.000000000000000 
12.000000000000000 29.045808240456569 76.000000000000000 
13.000000000000000 34.289818332550496 79.000000000000000 
14.000000000000000 26.489949843773587 53.000000000000000 
15.000000000000000 37.050372515005719 105.000000000000000 
16.000000000000000 33.598866213135274 139.000000000000000 
17.000000000000000 37.202375573835425 192.000000000000000 
18.000000000000000 36.122276849645026 327.000000000000000 
19.000000000000000 35.542126782849166 61.000000000000000 
20.000000000000000 36.034160033439100 183.000000000000000 
21.000000000000000 32.413747077799833 153.000000000000000 
22.000000000000000 32.394077473704407 68.000000000000000 
23.000000000000000 34.145149983682614 579.000000000000000 
24.000000000000000 38.615145073622010 109.000000000000000 
25.000000000000000 39.013457217839729 96.000000000000000 
26.000000000000000 31.167047499802305 489.000000000000000 
27.000000000000000 30.162400995161285 155.000000000000000 
28.000000000000000 34.861949774143568 196.000000000000000 
29.000000000000000 27.235643916809099 97.000000000000000 
30.000000000000000 34.844404366185998 126.000000000000000 
31.000000000000000 31.372700348417840 84.000000000000000 
32.000000000000000 28.535534493531511 57.000000000000000 
33.000000000000000 26.163764840249993 40.000000000000000 
34.000000000000000 38.185486121913058 115.000000000000000 
35.000000000000000 30.626655818034592 103.000000000000000 
36.000000000000000 31.524609889967589 90.000000000000000 
37.000000000000000 31.640457945378333 70.000000000000000 
38.000000000000000 26.019546292641593 667.000000000000000 
39.000000000000000 32.703235150997052 430.000000000000000 
40.000000000000000 28.747889353644066 118.000000000000000 
41.000000000000000 33.506271483548474 293.000000000000000 
42.000000000000000 39.437897297439029 82.000000000000000 
43.000000000000000 40.093138750615772 147.000000000000000 
44.000000000000000 25.650354379772160 553.000000000000000 
45.000000000000000 32.845603409691449 218.000000000000000 
46.000000000000000 26.638335183321377 145.000000000000000 
47.000000000000000 36.570752357113456 171.000000000000000 
48.000000000000000 35.148057574833729 112.000000000000000 
49.000000000000000 25.649112281453476 325.000000000000000 
50.000000000000000 39.237864203219509 580.000000000000000 
51.000000000000000 38.585632959135246 139.000000000000000 
52.000000000000000 28.881120920212766 94.000000000000000 
53.000000000000000 30.236994266805510 109.000000000000000 
54.000000000000000 27.477870999971486 753.000000000000000 
55.000000000000000 24.148410197947214 488.000000000000000 
56.000000000000000 40.212613019183948 101.000000000000000 
57.000000000000000 34.937700831326303 190.000000000000000 
58.000000000000000 32.540231904374821 152.000000000000000 
59.000000000000000 30.160254730431991 75.000000000000000 
60.000000000000000 30.374016208223146 147.000000000000000 
61.000000000000000 37.541034304469775 82.000000000000000 
62.000000000000000 32.178640337746479 71.000000000000000 
63.000000000000000 26.721159568400005 50.000000000000000 
64.000000000000000 28.256991545228001 455.000000000000000 
65.000000000000000 32.606443056147363 139.000000000000000 
66.000000000000000 32.852724858339620 53.000000000000000 
67.000000000000000 37.422257029276743 86.000000000000000 
68.000000000000000 28.304994826178383 155.000000000000000 
69.000000000000000 35.695341296288333 146.000000000000000 
70.000000000000000 39.003490715275127 241.000000000000000 
71.000000000000000 29.733714123050625 148.000000000000000 
72.000000000000000 22.165592803654562 328.000000000000000 
73.000000000000000 32.390196731116738 217.000000000000000 
74.000000000000000 33.237859201914375 82.000000000000000 
75.000000000000000 37.835620517153124 96.000000000000000 
76.000000000000000 27.233766013600004 38.000000000000000 
77.000000000000000 32.186070637714103 211.000000000000000 
78.000000000000000 31.510145752988986 199.000000000000000 
79.000000000000000 37.022198054620787 193.000000000000000 
80.000000000000000 37.704355161529172 299.000000000000000 
81.000000000000000 25.166927467544092 93.000000000000000 
82.000000000000000 30.700095190874787 263.000000000000000 
83.000000000000000 38.970984044674964 89.000000000000000 
84.000000000000000 38.634418586553416 73.000000000000000 
85.000000000000000 30.323482666538720 94.000000000000000 
86.000000000000000 33.070785948024714 67.000000000000000 
87.000000000000000 31.141243426988026 70.000000000000000 
88.000000000000000 29.983700072494781 163.000000000000000 
89.000000000000000 30.900444710362112 93.000000000000000 
90.000000000000000 27.969324006611064 625.000000000000000 
91.000000000000000 31.747303357728814 545.000000000000000 
92.000000000000000 32.883842808166861 151.000000000000000 
93.000000000000000 33.555003089662016 187.000000000000000 
94.000000000000000 33.183673431353157 251.000000000000000 
95.000000000000000 33.996820208459390 265.000000000000000 
96.000000000000000 37.249753900498440 415.000000000000000 
97.000000000000000 25.421942027765542 35.000000000000000 
98.000000000000000 33.285828349157576 165.000000000000000 
99.000000000000000 30.403571299862556 243.000000000000000 
100.000000000000000 32.453839801151581 95.000000000000000 
101.000000000000000 35.397979272768168 201.000000000000000 
102.000000000000000 33.047071818906403 218.000000000000000 
103.000000000000000 32.320854509992785 111.000000000000000 
104.000000000000000 32.003806730073414 128.000000000000000 
105.000000000000000 39.552289154843081 399.000000000000000 
106.000000000000000 26.849340254717276 110.000000000000000 
107.000000000000000 33.820328844761711 141.000000000000000 
108.000000000000000 26.713897528972918 48.000000000000000 
109.000000000000000 28.904497476038308 142.000000000000000 
110.000000000000000 31.551974585398217 585.000000000000000 
111.000000000000000 34.421612866792373 359.000000000000000 
112.000000000000000 28.457388444843243 104.000000000000000 
113.000000000000000 29.599071301537986 121.000000000000000 
114.000000000000000 32.479115525808702 69.000000000000000 
115.000000000000000 30.442233777724535 106.000000000000000 
116.000000000000000 23.664145035391677 62.000000000000000 
117.000000000000000 31.218023872350543 210.000000000000000 
118.000000000000000 31.330134809281780 706.000000000000000 
119.000000000000000 33.445190649623370 146.000000000000000 
120.000000000000000 25.120460495172555 65.000000000000000 
121.000000000000000 30.154355893495012 227.000000000000000 
122.000000000000000 26.622206359028183 194.000000000000000 
123.000000000000000 34.574363751430297 99.000000000000000 
124.000000000000000 24.793900361491751 212.000000000000000 
125.000000000000000 16.127714979200000 25.000000000000000 
126.000000000000000 28.126386651200384 296.000000000000000 
127.000000000000000 26.830379650751695 520.000000000000000 
