 0.000000000000000 58.615172922531514 771.000000000000000 
 1.000000000000000 60.536156102809052 590.000000000000000 
 2.000000000000000 66.148059492947908 502.000000000000000 
 3.000000000000000 68.672769651096303 218.000000000000000 
 4.000000000000000 61.424299195392784 828.000000000000000 
 5.000000000000000 71.755676167089916 227.000000000000000 
 6.000000000000000 65.471236359774593 470.000000000000000 
 7.000000000000000 58.691389641909907 437.000000000000000 
 8.000000000000000 74.135058478442247 278.000000000000000 
 9.000000000000000 63.163768240901057 152.000000000000000 
10.000000000000000 58.102150670270547 511.000000000000000 
11.000000000000000 60.638076527118301 93.000000000000000 
12.000000000000000 64.023349850252202 103.000000000000000 
13.000000000000000 58.990805790112837 127.000000000000000 
14.000000000000000 57.287180485176457 85.000000000000000 
15.000000000000000 67.193371998764974 177.000000000000000 
16.000000000000000 59.675805237999789 228.000000000000000 
17.000000000000000 55.080825344281585 244.000000000000000 
18.000000000000000 63.505555747096082 435.000000000000000 
19.000000000000000 67.991507985485057 130.000000000000000 
20.000000000000000 60.976835525545681 247.000000000000000 
21.000000000000000 46.819095444941503 191.000000000000000 
22.000000000000000 55.883083486082114 95.000000000000000 
23.000000000000000 69.235600593728790 939.000000000000000 
24.000000000000000 67.559036719449807 150.000000000000000 
25.000000000000000 68.676507302472416 134.000000000000000 
26.000000000000000 71.635132646139084 745.000000000000000 
27.000000000000000 58.866527169154423 249.000000000000000 
28.000000000000000 58.856184246367548 283.000000000000000 
29.000000000000000 72.361294586288622 210.000000000000000 
30.000000000000000 54.403468373545117 173.000000000000000 
31.000000000000000 72.241832033095406 180.000000000000000 
32.000000000000000 53.033734906279093 92.000000000000000 
33.000000000000000 65.839599483507328 82.000000000000000 
34.000000000000000 56.491899048553194 141.000000000000000 
35.000000000000000 57.539105671215879 186.000000000000000 
36.000000000000000 74.428990061897423 221.000000000000000 
37.000000000000000 50.792193196265529 116.000000000000000 
38.000000000000000 60.999270973774969 1147.000000000000000 
39.000000000000000 62.613086941956084 414.000000000000000 
40.000000000000000 62.265286447352374 191.000000000000000 
41.000000000000000 66.314877090188631 204.000000000000000 
42.000000000000000 76.107484942094544 148.000000000000000 
43.000000000000000 75.073664991324492 256.000000000000000 
44.000000000000000 60.187832621841686 948.000000000000000 
45.000000000000000 62.978949759016061 361.000000000000000 
46.000000000000000 56.315263639214386 279.000000000000000 
47.000000000000000 71.949526518707984 232.000000000000000 
48.000000000000000 66.305534398801001 239.000000000000000 
49.000000000000000 67.282072675335968 566.000000000000000 
50.000000000000000 68.994533210417814 923.000000000000000 
51.000000000000000 67.137489923016560 159.000000000000000 
52.000000000000000 59.768010111208113 148.000000000000000 
53.000000000000000 66.437683989305484 165.000000000000000 
54.000000000000000 52.808483235618034 1042.000000000000000 
55.000000000000000 55.795139017372755 782.000000000000000 
56.000000000000000 59.608531941878418 160.000000000000000 
57.000000000000000 57.513381714534596 357.000000000000000 
58.000000000000000 72.437539723896094 276.000000000000000 
59.000000000000000 49.484712140981991 111.000000000000000 
60.000000000000000 66.760004878797758 237.000000000000000 
61.000000000000000 69.961997669934831 143.000000000000000 
62.000000000000000 55.105986308217545 114.000000000000000 
63.000000000000000 71.499923836872227 108.000000000000000 
64.000000000000000 66.184856358651359 487.000000000000000 
65.000000000000000 71.583496344830792 223.000000000000000 
66.000000000000000 55.658694687284203 76.000000000000000 
67.000000000000000 60.195945429346921 162.000000000000000 
68.000000000000000 59.950084953071567 296.000000000000000 
69.000000000000000 62.434117361444727 149.000000000000000 
70.000000000000000 55.482145845215307 255.000000000000000 
71.000000000000000 61.351603878146015 323.000000000000000 
72.000000000000000 62.071642983958988 942.000000000000000 
73.000000000000000 56.849280779214247 354.000000000000000 
74.000000000000000 42.591890775031956 83.000000000000000 
75.000000000000000 48.870025962499092 109.000000000000000 
76.000000000000000 44.921400069420699 58.000000000000000 
77.000000000000000 68.014766554433734 418.000000000000000 
78.000000000000000 52.902873383130100 284.000000000000000 
79.000000000000000 55.384248979713895 261.000000000000000 
80.000000000000000 49.753821640573328 325.000000000000000 
81.000000000000000 57.270540548921026 119.000000000000000 
82.000000000000000 41.621501994104122 327.000000000000000 
83.000000000000000  0.000000000000000  0.000000000000000 
84.000000000000000  0.000000000000000  0.000000000000000 
85.000000000000000  0.000000000000000  0.000000000000000 
86.000000000000000  0.000000000000000  0.000000000000000 
87.000000000000000  0.000000000000000  0.000000000000000 
88.000000000000000  0.000000000000000  0.000000000000000 
89.000000000000000  0.000000000000000  0.000000000000000 
90.000000000000000  0.000000000000000  0.000000000000000 
91.000000000000000  0.000000000000000  0.000000000000000 
92.000000000000000  0.000000000000000  0.000000000000000 
93.000000000000000  0.000000000000000  0.000000000000000 
94.000000000000000  0.000000000000000  0.000000000000000 
95.000000000000000  0.000000000000000  0.000000000000000 
96.000000000000000  0.000000000000000  0.000000000000000 
97.000000000000000  0.000000000000000  0.000000000000000 
98.000000000000000  0.000000000000000  0.000000000000000 
99.000000000000000  0.000000000000000  0.000000000000000 
100.000000000000000  0.000000000000000  0.000000000000000 
101.000000000000000  0.000000000000000  0.000000000000000 
102.000000000000000  0.000000000000000  0.000000000000000 
103.000000000000000  0.000000000000000  0.000000000000000 
104.000000000000000  0.000000000000000  0.000000000000000 
105.000000000000000  0.000000000000000  0.000000000000000 
106.000000000000000  0.000000000000000  0.000000000000000 
107.000000000000000  0.000000000000000  0.000000000000000 
108.000000000000000  0.000000000000000  0.000000000000000 
109.000000000000000  0.000000000000000  0.000000000000000 
110.000000000000000  0.000000000000000  0.000000000000000 
111.000000000000000  0.000000000000000  0.000000000000000 
112.000000000000000  0.000000000000000  0.000000000000000 
113.000000000000000  0.000000000000000  0.000000000000000 
114.000000000000000  0.000000000000000  0.000000000000000 
115.000000000000000  0.000000000000000  0.000000000000000 
116.000000000000000  0.000000000000000  0.000000000000000 
117.000000000000000  0.000000000000000  0.000000000000000 
118.000000000000000  0.000000000000000  0.000000000000000 
119.000000000000000  0.000000000000000  0.000000000000000 
120.000000000000000  0.000000000000000  0.000000000000000 
121.000000000000000  0.000000000000000  0.000000000000000 
122.000000000000000  0.000000000000000  0.000000000000000 
123.000000000000000  0.000000000000000  0.000000000000000 
124.000000000000000  0.000000000000000  0.000000000000000 
125.000000000000000  0.000000000000000  0.000000000000000 
126.000000000000000  0.000000000000000  0.000000000000000 
127.000000000000000  0.000000000000000  0.000000000000000 
