 0.000000000000000 86.437821326948509 798.000000000000000 
 1.000000000000000 79.411100023417532 678.000000000000000 
 2.000000000000000 102.702556175883899 568.000000000000000 
 3.000000000000000 93.351098593288583 228.000000000000000 
 4.000000000000000 71.104835675085027 858.000000000000000 
 5.000000000000000 96.196314331489702 246.000000000000000 
 6.000000000000000 92.104243657878115 596.000000000000000 
 7.000000000000000 85.466213218389910 703.000000000000000 
 8.000000000000000 100.780280281075420 337.000000000000000 
 9.000000000000000 79.220871110499274 180.000000000000000 
10.000000000000000 100.066643631248340 615.000000000000000 
11.000000000000000 95.354903840451186 129.000000000000000 
12.000000000000000 103.954167901973037 158.000000000000000 
13.000000000000000 86.528230792565921 188.000000000000000 
14.000000000000000 91.527394956138011 145.000000000000000 
15.000000000000000 86.011105117814324 167.000000000000000 
16.000000000000000 84.654732661072032 315.000000000000000 
17.000000000000000 77.902280105121221 297.000000000000000 
18.000000000000000 87.684787728689031 453.000000000000000 
19.000000000000000 91.586088298820272 148.000000000000000 
20.000000000000000 80.870538428190315 311.000000000000000 
21.000000000000000 89.434687797732195 407.000000000000000 
22.000000000000000 96.023973037296855 143.000000000000000 
23.000000000000000 62.813557551200077 913.000000000000000 
24.000000000000000 88.998287286477762 177.000000000000000 
25.000000000000000 93.760208595993262 162.000000000000000 
26.000000000000000 93.968660335503259 855.000000000000000 
27.000000000000000 93.973293955967605 321.000000000000000 
28.000000000000000 91.294510545402417 389.000000000000000 
29.000000000000000 82.297945609720642 223.000000000000000 
30.000000000000000 98.505830682881523 307.000000000000000 
31.000000000000000 92.821744865208984 224.000000000000000 
32.000000000000000 81.761150133101395 131.000000000000000 
33.000000000000000 76.373066485482894 82.000000000000000 
34.000000000000000 77.400897490650010 176.000000000000000 
35.000000000000000 79.530905922594386 258.000000000000000 
36.000000000000000 83.554035449055718 241.000000000000000 
37.000000000000000 94.921300102180879 262.000000000000000 
38.000000000000000 86.212360852468507 1371.000000000000000 
39.000000000000000 98.502243598972527 575.000000000000000 
40.000000000000000 84.425223917449344 313.000000000000000 
41.000000000000000 86.270723315764911 277.000000000000000 
42.000000000000000 73.445246261304348 138.000000000000000 
43.000000000000000 84.639177483282765 298.000000000000000 
44.000000000000000 82.920575028722766 1227.000000000000000 
45.000000000000000 75.337861991658983 375.000000000000000 
46.000000000000000 75.714932701209591 392.000000000000000 
47.000000000000000 83.485122273082439 249.000000000000000 
48.000000000000000 94.468563714412667 336.000000000000000 
49.000000000000000 95.509793090689058 665.000000000000000 
50.000000000000000 92.690921196137538 1132.000000000000000 
51.000000000000000 81.383052279602722 182.000000000000000 
52.000000000000000 79.171987037647199 178.000000000000000 
53.000000000000000 76.127516789413662 161.000000000000000 
54.000000000000000 83.680481052524243 1238.000000000000000 
55.000000000000000 71.985250682365262 974.000000000000000 
56.000000000000000 92.339900267733569 225.000000000000000 
57.000000000000000 75.343951544330039 456.000000000000000 
58.000000000000000 85.616096729377546 283.000000000000000 
59.000000000000000 67.875767441807142 126.000000000000000 
60.000000000000000 79.014350130073240 269.000000000000000 
61.000000000000000 72.770763053967187 142.000000000000000 
62.000000000000000 64.720763247115329 124.000000000000000 
63.000000000000000 77.702242507160420 124.000000000000000 
64.000000000000000 68.922741290513443 484.000000000000000 
65.000000000000000 78.061046630452665 221.000000000000000 
66.000000000000000 62.848438684682684 77.000000000000000 
67.000000000000000  0.000000000000000  0.000000000000000 
68.000000000000000  0.000000000000000  0.000000000000000 
69.000000000000000  0.000000000000000  0.000000000000000 
70.000000000000000  0.000000000000000  0.000000000000000 
71.000000000000000  0.000000000000000  0.000000000000000 
72.000000000000000  0.000000000000000  0.000000000000000 
73.000000000000000  0.000000000000000  0.000000000000000 
74.000000000000000  0.000000000000000  0.000000000000000 
75.000000000000000  0.000000000000000  0.000000000000000 
76.000000000000000  0.000000000000000  0.000000000000000 
77.000000000000000  0.000000000000000  0.000000000000000 
78.000000000000000  0.000000000000000  0.000000000000000 
79.000000000000000  0.000000000000000  0.000000000000000 
80.000000000000000  0.000000000000000  0.000000000000000 
81.000000000000000  0.000000000000000  0.000000000000000 
82.000000000000000  0.000000000000000  0.000000000000000 
83.000000000000000  0.000000000000000  0.000000000000000 
84.000000000000000  0.000000000000000  0.000000000000000 
85.000000000000000  0.000000000000000  0.000000000000000 
86.000000000000000  0.000000000000000  0.000000000000000 
87.000000000000000  0.000000000000000  0.000000000000000 
88.000000000000000  0.000000000000000  0.000000000000000 
89.000000000000000  0.000000000000000  0.000000000000000 
90.000000000000000  0.000000000000000  0.000000000000000 
91.000000000000000  0.000000000000000  0.000000000000000 
92.000000000000000  0.000000000000000  0.000000000000000 
93.000000000000000  0.000000000000000  0.000000000000000 
94.000000000000000  0.000000000000000  0.000000000000000 
95.000000000000000  0.000000000000000  0.000000000000000 
96.000000000000000  0.000000000000000  0.000000000000000 
97.000000000000000  0.000000000000000  0.000000000000000 
98.000000000000000  0.000000000000000  0.000000000000000 
99.000000000000000  0.000000000000000  0.000000000000000 
100.000000000000000  0.000000000000000  0.000000000000000 
101.000000000000000  0.000000000000000  0.000000000000000 
102.000000000000000  0.000000000000000  0.000000000000000 
103.000000000000000  0.000000000000000  0.000000000000000 
104.000000000000000  0.000000000000000  0.000000000000000 
105.000000000000000  0.000000000000000  0.000000000000000 
106.000000000000000  0.000000000000000  0.000000000000000 
107.000000000000000  0.000000000000000  0.000000000000000 
108.000000000000000  0.000000000000000  0.000000000000000 
109.000000000000000  0.000000000000000  0.000000000000000 
110.000000000000000  0.000000000000000  0.000000000000000 
111.000000000000000  0.000000000000000  0.000000000000000 
112.000000000000000  0.000000000000000  0.000000000000000 
113.000000000000000  0.000000000000000  0.000000000000000 
114.000000000000000  0.000000000000000  0.000000000000000 
115.000000000000000  0.000000000000000  0.000000000000000 
116.000000000000000  0.000000000000000  0.000000000000000 
117.000000000000000  0.000000000000000  0.000000000000000 
118.000000000000000  0.000000000000000  0.000000000000000 
119.000000000000000  0.000000000000000  0.000000000000000 
120.000000000000000  0.000000000000000  0.000000000000000 
121.000000000000000  0.000000000000000  0.000000000000000 
122.000000000000000  0.000000000000000  0.000000000000000 
123.000000000000000  0.000000000000000  0.000000000000000 
124.000000000000000  0.000000000000000  0.000000000000000 
125.000000000000000  0.000000000000000  0.000000000000000 
126.000000000000000  0.000000000000000  0.000000000000000 
127.000000000000000  0.000000000000000  0.000000000000000 
