 0.000000000000000 63.716489680011534 759.000000000000000 
 1.000000000000000 61.798145817032498 602.000000000000000 
 2.000000000000000 76.057668419479683 538.000000000000000 
 3.000000000000000 75.789683205012921 232.000000000000000 
 4.000000000000000 68.501559806728423 884.000000000000000 
 5.000000000000000 83.411876767719562 249.000000000000000 
 6.000000000000000 85.109810478105260 585.000000000000000 
 7.000000000000000 72.253536938684036 486.000000000000000 
 8.000000000000000 83.545552924343525 308.000000000000000 
 9.000000000000000 70.920614936463039 165.000000000000000 
10.000000000000000 80.877741771137238 537.000000000000000 
11.000000000000000 85.638940370455131 109.000000000000000 
12.000000000000000 69.550685102301017 107.000000000000000 
13.000000000000000 70.986625302618634 147.000000000000000 
14.000000000000000 59.380163027946011 92.000000000000000 
15.000000000000000 73.356705594135093 175.000000000000000 
16.000000000000000 63.773976780852834 265.000000000000000 
17.000000000000000 74.455975813878567 303.000000000000000 
18.000000000000000 77.719290697361032 515.000000000000000 
19.000000000000000 64.561271000586572 124.000000000000000 
20.000000000000000 84.718152214677062 336.000000000000000 
21.000000000000000 70.220453878583356 337.000000000000000 
22.000000000000000 80.952301973857431 136.000000000000000 
23.000000000000000 73.710890693863547 957.000000000000000 
24.000000000000000 75.531113840150340 160.000000000000000 
25.000000000000000 72.333133600024695 137.000000000000000 
26.000000000000000 77.036691652282272 774.000000000000000 
27.000000000000000 78.469353836623938 288.000000000000000 
28.000000000000000 80.761415317434825 392.000000000000000 
29.000000000000000 76.509673258290348 217.000000000000000 
30.000000000000000 79.887377130572389 265.000000000000000 
31.000000000000000 74.480217872234050 180.000000000000000 
32.000000000000000 67.743180187414012 106.000000000000000 
33.000000000000000 66.234792918510976 75.000000000000000 
34.000000000000000 64.190791748109987 156.000000000000000 
35.000000000000000 64.887141749032764 203.000000000000000 
36.000000000000000 78.391396783794704 224.000000000000000 
37.000000000000000 82.743999410456837 206.000000000000000 
38.000000000000000 63.403170331949433 1172.000000000000000 
39.000000000000000 68.382649964642738 420.000000000000000 
40.000000000000000 67.157002836636764 204.000000000000000 
41.000000000000000 70.276888117995213 221.000000000000000 
42.000000000000000 71.546835621066123 133.000000000000000 
43.000000000000000 77.451327911559375 273.000000000000000 
44.000000000000000 62.332914801431492 961.000000000000000 
45.000000000000000 64.490203940175149 370.000000000000000 
46.000000000000000 68.695769334603256 305.000000000000000 
47.000000000000000 78.376776174646238 242.000000000000000 
48.000000000000000 70.851046381624371 267.000000000000000 
49.000000000000000 81.026774256536669 651.000000000000000 
50.000000000000000 69.421955674932860 927.000000000000000 
51.000000000000000 70.200459764418909 153.000000000000000 
52.000000000000000 61.161989851613100 153.000000000000000 
53.000000000000000 68.427999576925217 168.000000000000000 
54.000000000000000 56.965489084715720 1084.000000000000000 
55.000000000000000 55.981200457042284 782.000000000000000 
56.000000000000000 62.411718738316317 173.000000000000000 
57.000000000000000 79.051131615415770 466.000000000000000 
58.000000000000000 83.323787256579877 328.000000000000000 
59.000000000000000 67.689753970063762 129.000000000000000 
60.000000000000000 73.220124386042443 255.000000000000000 
61.000000000000000 73.171925936240612 142.000000000000000 
62.000000000000000 57.714207568282234 119.000000000000000 
63.000000000000000 74.399915400178770 113.000000000000000 
64.000000000000000 66.885702868655798 496.000000000000000 
65.000000000000000 77.542734946888316 245.000000000000000 
66.000000000000000 58.094375473960852 76.000000000000000 
67.000000000000000 61.484040650342855 154.000000000000000 
68.000000000000000 63.124031683133289 304.000000000000000 
69.000000000000000 65.792937578672195 131.000000000000000 
70.000000000000000 59.815383170049330 258.000000000000000 
71.000000000000000 71.287791082361679 298.000000000000000 
72.000000000000000 62.590385239058548 951.000000000000000 
73.000000000000000 56.426168798700836 358.000000000000000 
74.000000000000000 43.467584050490984 84.000000000000000 
75.000000000000000 47.281055100386006 104.000000000000000 
76.000000000000000  0.000000000000000  0.000000000000000 
77.000000000000000  0.000000000000000  0.000000000000000 
78.000000000000000  0.000000000000000  0.000000000000000 
79.000000000000000  0.000000000000000  0.000000000000000 
80.000000000000000  0.000000000000000  0.000000000000000 
81.000000000000000  0.000000000000000  0.000000000000000 
82.000000000000000  0.000000000000000  0.000000000000000 
83.000000000000000  0.000000000000000  0.000000000000000 
84.000000000000000  0.000000000000000  0.000000000000000 
85.000000000000000  0.000000000000000  0.000000000000000 
86.000000000000000  0.000000000000000  0.000000000000000 
87.000000000000000  0.000000000000000  0.000000000000000 
88.000000000000000  0.000000000000000  0.000000000000000 
89.000000000000000  0.000000000000000  0.000000000000000 
90.000000000000000  0.000000000000000  0.000000000000000 
91.000000000000000  0.000000000000000  0.000000000000000 
92.000000000000000  0.000000000000000  0.000000000000000 
93.000000000000000  0.000000000000000  0.000000000000000 
94.000000000000000  0.000000000000000  0.000000000000000 
95.000000000000000  0.000000000000000  0.000000000000000 
96.000000000000000  0.000000000000000  0.000000000000000 
97.000000000000000  0.000000000000000  0.000000000000000 
98.000000000000000  0.000000000000000  0.000000000000000 
99.000000000000000  0.000000000000000  0.000000000000000 
100.000000000000000  0.000000000000000  0.000000000000000 
101.000000000000000  0.000000000000000  0.000000000000000 
102.000000000000000  0.000000000000000  0.000000000000000 
103.000000000000000  0.000000000000000  0.000000000000000 
104.000000000000000  0.000000000000000  0.000000000000000 
105.000000000000000  0.000000000000000  0.000000000000000 
106.000000000000000  0.000000000000000  0.000000000000000 
107.000000000000000  0.000000000000000  0.000000000000000 
108.000000000000000  0.000000000000000  0.000000000000000 
109.000000000000000  0.000000000000000  0.000000000000000 
110.000000000000000  0.000000000000000  0.000000000000000 
111.000000000000000  0.000000000000000  0.000000000000000 
112.000000000000000  0.000000000000000  0.000000000000000 
113.000000000000000  0.000000000000000  0.000000000000000 
114.000000000000000  0.000000000000000  0.000000000000000 
115.000000000000000  0.000000000000000  0.000000000000000 
116.000000000000000  0.000000000000000  0.000000000000000 
117.000000000000000  0.000000000000000  0.000000000000000 
118.000000000000000  0.000000000000000  0.000000000000000 
119.000000000000000  0.000000000000000  0.000000000000000 
120.000000000000000  0.000000000000000  0.000000000000000 
121.000000000000000  0.000000000000000  0.000000000000000 
122.000000000000000  0.000000000000000  0.000000000000000 
123.000000000000000  0.000000000000000  0.000000000000000 
124.000000000000000  0.000000000000000  0.000000000000000 
125.000000000000000  0.000000000000000  0.000000000000000 
126.000000000000000  0.000000000000000  0.000000000000000 
127.000000000000000  0.000000000000000  0.000000000000000 
