 0.000000000000000 90.901558438222452 921.000000000000000 
 1.000000000000000 100.458765001187373 1069.000000000000000 
 2.000000000000000 133.928926618150570 756.000000000000000 
 3.000000000000000 155.731689204934014 262.000000000000000 
 4.000000000000000 111.877164882862317 754.000000000000000 
 5.000000000000000 142.107507268619798 329.000000000000000 
 6.000000000000000 109.788426373336705 613.000000000000000 
 7.000000000000000 92.326562163501094 958.000000000000000 
 8.000000000000000 128.468074129692639 465.000000000000000 
 9.000000000000000 144.203399930528292 280.000000000000000 
10.000000000000000 135.779215034454666 839.000000000000000 
11.000000000000000 134.330620779174126 179.000000000000000 
12.000000000000000 156.295140593235999 218.000000000000000 
13.000000000000000 139.217530693449504 289.000000000000000 
14.000000000000000 135.657456734882629 189.000000000000000 
15.000000000000000 150.533583666968070 264.000000000000000 
16.000000000000000 119.288875386115137 408.000000000000000 
17.000000000000000 128.473451574691751 379.000000000000000 
18.000000000000000 123.077957816487000 506.000000000000000 
19.000000000000000 143.004703114085089 219.000000000000000 
20.000000000000000 142.281056055888001 581.000000000000000 
21.000000000000000 145.466690354991954 547.000000000000000 
22.000000000000000 127.083103759537508 189.000000000000000 
23.000000000000000 92.677242620854159 1330.000000000000000 
24.000000000000000 135.443818760026488 252.000000000000000 
25.000000000000000 123.849834179778043 224.000000000000000 
26.000000000000000 121.607850901954464 1156.000000000000000 
27.000000000000000 117.132488272898584 367.000000000000000 
28.000000000000000 137.319081898944631 522.000000000000000 
29.000000000000000 128.552584369238048 256.000000000000000 
30.000000000000000 139.775617771217298 379.000000000000000 
31.000000000000000 128.348598557299596 282.000000000000000 
32.000000000000000 126.936414714919039 188.000000000000000 
33.000000000000000 121.321499752310942 125.000000000000000 
34.000000000000000 116.840509651240637 177.000000000000000 
35.000000000000000 118.091855125691680 359.000000000000000 
36.000000000000000 123.454361257791206 239.000000000000000 
37.000000000000000 149.920075151534576 360.000000000000000 
38.000000000000000 108.846806336218634 1546.000000000000000 
39.000000000000000 123.917532937388387 607.000000000000000 
40.000000000000000 129.202470143266339 474.000000000000000 
41.000000000000000 121.892263535240033 381.000000000000000 
42.000000000000000 138.923662491138288 217.000000000000000 
43.000000000000000 148.365058844280441 377.000000000000000 
44.000000000000000 79.009781346718484 1101.000000000000000 
45.000000000000000 110.637760819113680 370.000000000000000 
46.000000000000000 107.346457817011128 413.000000000000000 
47.000000000000000 115.473786029848270 224.000000000000000 
48.000000000000000 117.476824594227907 438.000000000000000 
49.000000000000000 106.445135488618121 783.000000000000000 
50.000000000000000 146.557356610082820 1640.000000000000000 
51.000000000000000  0.000000000000000  0.000000000000000 
52.000000000000000  0.000000000000000  0.000000000000000 
53.000000000000000  0.000000000000000  0.000000000000000 
54.000000000000000  0.000000000000000  0.000000000000000 
55.000000000000000  0.000000000000000  0.000000000000000 
56.000000000000000  0.000000000000000  0.000000000000000 
57.000000000000000  0.000000000000000  0.000000000000000 
58.000000000000000  0.000000000000000  0.000000000000000 
59.000000000000000  0.000000000000000  0.000000000000000 
60.000000000000000  0.000000000000000  0.000000000000000 
61.000000000000000  0.000000000000000  0.000000000000000 
62.000000000000000  0.000000000000000  0.000000000000000 
63.000000000000000  0.000000000000000  0.000000000000000 
64.000000000000000  0.000000000000000  0.000000000000000 
65.000000000000000  0.000000000000000  0.000000000000000 
66.000000000000000  0.000000000000000  0.000000000000000 
67.000000000000000  0.000000000000000  0.000000000000000 
68.000000000000000  0.000000000000000  0.000000000000000 
69.000000000000000  0.000000000000000  0.000000000000000 
70.000000000000000  0.000000000000000  0.000000000000000 
71.000000000000000  0.000000000000000  0.000000000000000 
72.000000000000000  0.000000000000000  0.000000000000000 
73.000000000000000  0.000000000000000  0.000000000000000 
74.000000000000000  0.000000000000000  0.000000000000000 
75.000000000000000  0.000000000000000  0.000000000000000 
76.000000000000000  0.000000000000000  0.000000000000000 
77.000000000000000  0.000000000000000  0.000000000000000 
78.000000000000000  0.000000000000000  0.000000000000000 
79.000000000000000  0.000000000000000  0.000000000000000 
80.000000000000000  0.000000000000000  0.000000000000000 
81.000000000000000  0.000000000000000  0.000000000000000 
82.000000000000000  0.000000000000000  0.000000000000000 
83.000000000000000  0.000000000000000  0.000000000000000 
84.000000000000000  0.000000000000000  0.000000000000000 
85.000000000000000  0.000000000000000  0.000000000000000 
86.000000000000000  0.000000000000000  0.000000000000000 
87.000000000000000  0.000000000000000  0.000000000000000 
88.000000000000000  0.000000000000000  0.000000000000000 
89.000000000000000  0.000000000000000  0.000000000000000 
90.000000000000000  0.000000000000000  0.000000000000000 
91.000000000000000  0.000000000000000  0.000000000000000 
92.000000000000000  0.000000000000000  0.000000000000000 
93.000000000000000  0.000000000000000  0.000000000000000 
94.000000000000000  0.000000000000000  0.000000000000000 
95.000000000000000  0.000000000000000  0.000000000000000 
96.000000000000000  0.000000000000000  0.000000000000000 
97.000000000000000  0.000000000000000  0.000000000000000 
98.000000000000000  0.000000000000000  0.000000000000000 
99.000000000000000  0.000000000000000  0.000000000000000 
100.000000000000000  0.000000000000000  0.000000000000000 
101.000000000000000  0.000000000000000  0.000000000000000 
102.000000000000000  0.000000000000000  0.000000000000000 
103.000000000000000  0.000000000000000  0.000000000000000 
104.000000000000000  0.000000000000000  0.000000000000000 
105.000000000000000  0.000000000000000  0.000000000000000 
106.000000000000000  0.000000000000000  0.000000000000000 
107.000000000000000  0.000000000000000  0.000000000000000 
108.000000000000000  0.000000000000000  0.000000000000000 
109.000000000000000  0.000000000000000  0.000000000000000 
110.000000000000000  0.000000000000000  0.000000000000000 
111.000000000000000  0.000000000000000  0.000000000000000 
112.000000000000000  0.000000000000000  0.000000000000000 
113.000000000000000  0.000000000000000  0.000000000000000 
114.000000000000000  0.000000000000000  0.000000000000000 
115.000000000000000  0.000000000000000  0.000000000000000 
116.000000000000000  0.000000000000000  0.000000000000000 
117.000000000000000  0.000000000000000  0.000000000000000 
118.000000000000000  0.000000000000000  0.000000000000000 
119.000000000000000  0.000000000000000  0.000000000000000 
120.000000000000000  0.000000000000000  0.000000000000000 
121.000000000000000  0.000000000000000  0.000000000000000 
122.000000000000000  0.000000000000000  0.000000000000000 
123.000000000000000  0.000000000000000  0.000000000000000 
124.000000000000000  0.000000000000000  0.000000000000000 
125.000000000000000  0.000000000000000  0.000000000000000 
126.000000000000000  0.000000000000000  0.000000000000000 
127.000000000000000  0.000000000000000  0.000000000000000 
