 0.000000000000000 63.760165394063684 759.000000000000000 
 1.000000000000000 62.587045786450020 604.000000000000000 
 2.000000000000000 69.054799219402597 512.000000000000000 
 3.000000000000000 75.589758685288757 232.000000000000000 
 4.000000000000000 65.879469480333981 870.000000000000000 
 5.000000000000000 83.722580649616575 250.000000000000000 
 6.000000000000000 85.279479185371585 587.000000000000000 
 7.000000000000000 72.214577185368157 484.000000000000000 
 8.000000000000000 83.628985160913899 308.000000000000000 
 9.000000000000000 72.570888979716983 169.000000000000000 
10.000000000000000 80.724688632652743 546.000000000000000 
11.000000000000000 84.433060594124768 109.000000000000000 
12.000000000000000 84.771117772034458 126.000000000000000 
13.000000000000000 77.261584070984725 166.000000000000000 
14.000000000000000 88.685144264539019 141.000000000000000 
15.000000000000000 89.728608105670844 189.000000000000000 
16.000000000000000 65.952365223918804 275.000000000000000 
17.000000000000000 75.445908233589989 305.000000000000000 
18.000000000000000 80.458904566635098 509.000000000000000 
19.000000000000000 68.526058802432786 130.000000000000000 
20.000000000000000 87.787124453290986 349.000000000000000 
21.000000000000000 69.514922586967018 333.000000000000000 
22.000000000000000 85.813351785447878 140.000000000000000 
23.000000000000000 71.847672630898899 936.000000000000000 
24.000000000000000 82.670919977240942 167.000000000000000 
25.000000000000000 72.689991459166166 138.000000000000000 
26.000000000000000 70.681327333607697 750.000000000000000 
27.000000000000000 79.631969339485977 292.000000000000000 
28.000000000000000 81.229046648199997 392.000000000000000 
29.000000000000000 76.078151967112447 215.000000000000000 
30.000000000000000 80.584788675449786 268.000000000000000 
31.000000000000000 80.749094193009043 189.000000000000000 
32.000000000000000 78.167365614843632 124.000000000000000 
33.000000000000000 78.621219612555933 84.000000000000000 
34.000000000000000 72.451016126858420 166.000000000000000 
35.000000000000000 65.127028926113312 204.000000000000000 
36.000000000000000 78.913024454094327 231.000000000000000 
37.000000000000000 82.938799132965428 206.000000000000000 
38.000000000000000 63.869413781220096 1175.000000000000000 
39.000000000000000 70.546822628185083 417.000000000000000 
40.000000000000000 69.867550097680223 243.000000000000000 
41.000000000000000 78.417990974004198 256.000000000000000 
42.000000000000000 83.516035191409458 149.000000000000000 
43.000000000000000 76.839022845378054 273.000000000000000 
44.000000000000000 60.185296176741723 960.000000000000000 
45.000000000000000 66.492090229940587 377.000000000000000 
46.000000000000000 67.647915454886913 343.000000000000000 
47.000000000000000 80.403623116624630 246.000000000000000 
48.000000000000000 68.120318240600412 257.000000000000000 
49.000000000000000 80.892581744911709 651.000000000000000 
50.000000000000000 69.421955674932974 927.000000000000000 
51.000000000000000 71.374240449568845 156.000000000000000 
52.000000000000000 67.173766970242141 161.000000000000000 
53.000000000000000 76.234959076731855 160.000000000000000 
54.000000000000000 56.054616827353314 1069.000000000000000 
55.000000000000000 55.486609386781097 777.000000000000000 
56.000000000000000 65.605460372903309 178.000000000000000 
57.000000000000000 74.224300565731497 458.000000000000000 
58.000000000000000 84.418411989031398 327.000000000000000 
59.000000000000000 71.251941024485262 129.000000000000000 
60.000000000000000 80.549022079450324 272.000000000000000 
61.000000000000000 78.216608208982095 150.000000000000000 
62.000000000000000 65.325354172078704 127.000000000000000 
63.000000000000000 73.914061340272156 116.000000000000000 
64.000000000000000 62.055609950936137 506.000000000000000 
65.000000000000000 80.590215653360048 254.000000000000000 
66.000000000000000 62.670568996565393 78.000000000000000 
67.000000000000000 64.434692200459665 161.000000000000000 
68.000000000000000 63.944238168658742 309.000000000000000 
69.000000000000000 67.176273579773962 134.000000000000000 
70.000000000000000 58.228222599459841 248.000000000000000 
71.000000000000000 68.949386372197054 290.000000000000000 
72.000000000000000 62.332190612258543 946.000000000000000 
73.000000000000000 42.466060417710416 266.000000000000000 
74.000000000000000  0.000000000000000  0.000000000000000 
75.000000000000000  0.000000000000000  0.000000000000000 
76.000000000000000  0.000000000000000  0.000000000000000 
77.000000000000000  0.000000000000000  0.000000000000000 
78.000000000000000  0.000000000000000  0.000000000000000 
79.000000000000000  0.000000000000000  0.000000000000000 
80.000000000000000  0.000000000000000  0.000000000000000 
81.000000000000000  0.000000000000000  0.000000000000000 
82.000000000000000  0.000000000000000  0.000000000000000 
83.000000000000000  0.000000000000000  0.000000000000000 
84.000000000000000  0.000000000000000  0.000000000000000 
85.000000000000000  0.000000000000000  0.000000000000000 
86.000000000000000  0.000000000000000  0.000000000000000 
87.000000000000000  0.000000000000000  0.000000000000000 
88.000000000000000  0.000000000000000  0.000000000000000 
89.000000000000000  0.000000000000000  0.000000000000000 
90.000000000000000  0.000000000000000  0.000000000000000 
91.000000000000000  0.000000000000000  0.000000000000000 
92.000000000000000  0.000000000000000  0.000000000000000 
93.000000000000000  0.000000000000000  0.000000000000000 
94.000000000000000  0.000000000000000  0.000000000000000 
95.000000000000000  0.000000000000000  0.000000000000000 
96.000000000000000  0.000000000000000  0.000000000000000 
97.000000000000000  0.000000000000000  0.000000000000000 
98.000000000000000  0.000000000000000  0.000000000000000 
99.000000000000000  0.000000000000000  0.000000000000000 
100.000000000000000  0.000000000000000  0.000000000000000 
101.000000000000000  0.000000000000000  0.000000000000000 
102.000000000000000  0.000000000000000  0.000000000000000 
103.000000000000000  0.000000000000000  0.000000000000000 
104.000000000000000  0.000000000000000  0.000000000000000 
105.000000000000000  0.000000000000000  0.000000000000000 
106.000000000000000  0.000000000000000  0.000000000000000 
107.000000000000000  0.000000000000000  0.000000000000000 
108.000000000000000  0.000000000000000  0.000000000000000 
109.000000000000000  0.000000000000000  0.000000000000000 
110.000000000000000  0.000000000000000  0.000000000000000 
111.000000000000000  0.000000000000000  0.000000000000000 
112.000000000000000  0.000000000000000  0.000000000000000 
113.000000000000000  0.000000000000000  0.000000000000000 
114.000000000000000  0.000000000000000  0.000000000000000 
115.000000000000000  0.000000000000000  0.000000000000000 
116.000000000000000  0.000000000000000  0.000000000000000 
117.000000000000000  0.000000000000000  0.000000000000000 
118.000000000000000  0.000000000000000  0.000000000000000 
119.000000000000000  0.000000000000000  0.000000000000000 
120.000000000000000  0.000000000000000  0.000000000000000 
121.000000000000000  0.000000000000000  0.000000000000000 
122.000000000000000  0.000000000000000  0.000000000000000 
123.000000000000000  0.000000000000000  0.000000000000000 
124.000000000000000  0.000000000000000  0.000000000000000 
125.000000000000000  0.000000000000000  0.000000000000000 
126.000000000000000  0.000000000000000  0.000000000000000 
127.000000000000000  0.000000000000000  0.000000000000000 
