 0.000000000000000 43.320282671157514 637.000000000000000 
 1.000000000000000 36.661739265797472 361.000000000000000 
 2.000000000000000 45.489711355030792 353.000000000000000 
 3.000000000000000 43.063692250828865 187.000000000000000 
 4.000000000000000 47.857261320033508 770.000000000000000 
 5.000000000000000 45.140427328487263 163.000000000000000 
 6.000000000000000 48.884822080465455 378.000000000000000 
 7.000000000000000 43.713276841688270 315.000000000000000 
 8.000000000000000 48.495556501993988 259.000000000000000 
 9.000000000000000 39.923756620602738 110.000000000000000 
10.000000000000000 52.912241020779241 479.000000000000000 
11.000000000000000 27.748009523347921 48.000000000000000 
12.000000000000000 39.488126930517979 77.000000000000000 
13.000000000000000 39.408555493597866 93.000000000000000 
14.000000000000000 44.897078131506831 73.000000000000000 
15.000000000000000 41.548746775756776 118.000000000000000 
16.000000000000000 35.572532498708561 172.000000000000000 
17.000000000000000 37.408822840448408 188.000000000000000 
18.000000000000000 48.141428865982412 396.000000000000000 
19.000000000000000 37.344383501589107 64.000000000000000 
20.000000000000000 43.665892059903889 211.000000000000000 
21.000000000000000 37.239845797159546 170.000000000000000 
22.000000000000000 49.817052900513772 109.000000000000000 
23.000000000000000 42.951855505673983 704.000000000000000 
24.000000000000000 47.162430390156494 115.000000000000000 
25.000000000000000 53.707740842356607 121.000000000000000 
26.000000000000000 48.152074203222867 569.000000000000000 
27.000000000000000 33.462172800774233 163.000000000000000 
28.000000000000000 51.552761021339016 303.000000000000000 
29.000000000000000 45.161792398001801 155.000000000000000 
30.000000000000000 48.334043295159510 150.000000000000000 
31.000000000000000 41.664897700153432 100.000000000000000 
32.000000000000000 43.596497051081066 76.000000000000000 
33.000000000000000 55.658117712323545 68.000000000000000 
34.000000000000000 47.071973890977468 133.000000000000000 
35.000000000000000 34.532687506976664 115.000000000000000 
36.000000000000000 48.325975782945903 143.000000000000000 
37.000000000000000 46.700420795637903 110.000000000000000 
38.000000000000000 43.837820820246243 933.000000000000000 
39.000000000000000 49.595085230545607 362.000000000000000 
40.000000000000000 35.957884806718646 118.000000000000000 
41.000000000000000 52.395171343334198 214.000000000000000 
42.000000000000000 36.851814061038965 77.000000000000000 
43.000000000000000 49.274729707684557 184.000000000000000 
44.000000000000000 53.038890049036901 700.000000000000000 
45.000000000000000 38.318509526580193 240.000000000000000 
46.000000000000000 35.487704021256988 172.000000000000000 
47.000000000000000 45.579804251076084 167.000000000000000 
48.000000000000000 37.568032502583414 115.000000000000000 
49.000000000000000 49.704705701859183 455.000000000000000 
50.000000000000000 53.103956569736141 737.000000000000000 
51.000000000000000 47.302265696672983 137.000000000000000 
52.000000000000000 46.106463381941921 124.000000000000000 
53.000000000000000 31.180512850485975 107.000000000000000 
54.000000000000000 36.745539550418229 825.000000000000000 
55.000000000000000 33.359412950697951 570.000000000000000 
56.000000000000000 55.188135662768786 150.000000000000000 
57.000000000000000 47.083707518934361 259.000000000000000 
58.000000000000000 33.478968398294960 151.000000000000000 
59.000000000000000 49.299544373234049 94.000000000000000 
60.000000000000000 29.590337805216670 144.000000000000000 
61.000000000000000 44.201327113906402 96.000000000000000 
62.000000000000000 34.329734800416666 72.000000000000000 
63.000000000000000 50.455623759632097 81.000000000000000 
64.000000000000000 42.500905171650622 431.000000000000000 
65.000000000000000 43.939622353220017 163.000000000000000 
66.000000000000000 40.737992138547533 61.000000000000000 
67.000000000000000 40.895874668650904 108.000000000000000 
68.000000000000000 36.408767360222427 188.000000000000000 
69.000000000000000 43.603128697222957 164.000000000000000 
70.000000000000000 49.266050991087049 280.000000000000000 
71.000000000000000 48.523277279439888 253.000000000000000 
72.000000000000000 51.253863555579080 851.000000000000000 
73.000000000000000 37.341786650676625 259.000000000000000 
74.000000000000000 40.089592953953044 94.000000000000000 
75.000000000000000 42.745467154436724 98.000000000000000 
76.000000000000000 30.458895439342861 42.000000000000000 
77.000000000000000 36.596461611863191 386.000000000000000 
78.000000000000000 37.784681564994891 222.000000000000000 
79.000000000000000 44.521777721500399 221.000000000000000 
80.000000000000000 42.932042856425866 299.000000000000000 
81.000000000000000 34.563098559714817 108.000000000000000 
82.000000000000000 32.980219055864723 278.000000000000000 
83.000000000000000 48.482839468316079 104.000000000000000 
84.000000000000000 39.717442925871630 74.000000000000000 
85.000000000000000 35.617501123426607 113.000000000000000 
86.000000000000000 33.728599363754171 72.000000000000000 
87.000000000000000 34.779777919879038 89.000000000000000 
88.000000000000000 40.940784066698193 215.000000000000000 
89.000000000000000 36.193293503378221 101.000000000000000 
90.000000000000000 49.698742232252144 882.000000000000000 
91.000000000000000 46.284816362082033 722.000000000000000 
92.000000000000000 40.549838864046848 161.000000000000000 
93.000000000000000 37.715715993937586 231.000000000000000 
94.000000000000000 40.685054369402970 203.000000000000000 
95.000000000000000 32.889468626194876 273.000000000000000 
96.000000000000000 38.596944975531173 411.000000000000000 
97.000000000000000 26.491483847566528 36.000000000000000 
98.000000000000000 36.608807255818100 177.000000000000000 
99.000000000000000 38.646604109107457 281.000000000000000 
100.000000000000000 31.314707006591384 93.000000000000000 
101.000000000000000 36.668704471783208 195.000000000000000 
102.000000000000000 35.902900336309322 225.000000000000000 
103.000000000000000 32.825460812785110 96.000000000000000 
104.000000000000000 35.730213285884972 140.000000000000000 
105.000000000000000 27.044080567141727 300.000000000000000 
106.000000000000000 30.506839155535591 118.000000000000000 
107.000000000000000 37.450878091176222 143.000000000000000 
108.000000000000000  0.000000000000000  0.000000000000000 
109.000000000000000  0.000000000000000  0.000000000000000 
110.000000000000000  0.000000000000000  0.000000000000000 
111.000000000000000  0.000000000000000  0.000000000000000 
112.000000000000000  0.000000000000000  0.000000000000000 
113.000000000000000  0.000000000000000  0.000000000000000 
114.000000000000000  0.000000000000000  0.000000000000000 
115.000000000000000  0.000000000000000  0.000000000000000 
116.000000000000000  0.000000000000000  0.000000000000000 
117.000000000000000  0.000000000000000  0.000000000000000 
118.000000000000000  0.000000000000000  0.000000000000000 
119.000000000000000  0.000000000000000  0.000000000000000 
120.000000000000000  0.000000000000000  0.000000000000000 
121.000000000000000  0.000000000000000  0.000000000000000 
122.000000000000000  0.000000000000000  0.000000000000000 
123.000000000000000  0.000000000000000  0.000000000000000 
124.000000000000000  0.000000000000000  0.000000000000000 
125.000000000000000  0.000000000000000  0.000000000000000 
126.000000000000000  0.000000000000000  0.000000000000000 
127.000000000000000  0.000000000000000  0.000000000000000 
