 0.000000000000000 138.216398182598084 1635.000000000000000 
 1.000000000000000 126.816082018271260 1379.000000000000000 
 2.000000000000000 171.356454421404777 880.000000000000000 
 3.000000000000000 168.628787695486437 285.000000000000000 
 4.000000000000000 142.028586953013416 921.000000000000000 
 5.000000000000000 174.474558468848386 388.000000000000000 
 6.000000000000000 175.888491957304979 831.000000000000000 
 7.000000000000000 138.368919087398382 1293.000000000000000 
 8.000000000000000 170.502026265196520 682.000000000000000 
 9.000000000000000 181.642536744680370 453.000000000000000 
10.000000000000000 157.393123606902577 948.000000000000000 
11.000000000000000 203.950415017134986 264.000000000000000 
12.000000000000000 177.569686253405536 252.000000000000000 
13.000000000000000 156.558590791813515 303.000000000000000 
14.000000000000000 175.619955319412696 223.000000000000000 
15.000000000000000 168.422084815355419 298.000000000000000 
16.000000000000000 176.273469937767203 773.000000000000000 
17.000000000000000 187.283511149348669 372.000000000000000 
18.000000000000000 172.366601202099162 637.000000000000000 
19.000000000000000 141.818408828731663 201.000000000000000 
20.000000000000000 178.932367840229119 613.000000000000000 
21.000000000000000 197.225455118138456 697.000000000000000 
22.000000000000000 167.596607113946334 236.000000000000000 
23.000000000000000 128.577801592877137 1587.000000000000000 
24.000000000000000 154.187394603149414 257.000000000000000 
25.000000000000000 185.478659209971710 263.000000000000000 
26.000000000000000 172.639774871781810 1471.000000000000000 
27.000000000000000 156.779408753091417 417.000000000000000 
28.000000000000000 192.399155726451625 695.000000000000000 
29.000000000000000 190.558259646719620 464.000000000000000 
30.000000000000000 179.594146464362666 425.000000000000000 
31.000000000000000 164.106125545731061 339.000000000000000 
32.000000000000000 164.508695143063221 223.000000000000000 
33.000000000000000 160.797832959672547 160.000000000000000 
34.000000000000000 149.494060416692633 220.000000000000000 
35.000000000000000 185.738328303838756 552.000000000000000 
36.000000000000000 170.371550906270613 347.000000000000000 
37.000000000000000 158.991366655626251 371.000000000000000 
38.000000000000000 196.950238433821454 2117.000000000000000 
39.000000000000000 145.784020408629004 628.000000000000000 
40.000000000000000 193.571652135058571 475.000000000000000 
41.000000000000000 148.625025320297539 426.000000000000000 
42.000000000000000  0.000000000000000  0.000000000000000 
43.000000000000000  0.000000000000000  0.000000000000000 
44.000000000000000  0.000000000000000  0.000000000000000 
45.000000000000000  0.000000000000000  0.000000000000000 
46.000000000000000  0.000000000000000  0.000000000000000 
47.000000000000000  0.000000000000000  0.000000000000000 
48.000000000000000  0.000000000000000  0.000000000000000 
49.000000000000000  0.000000000000000  0.000000000000000 
50.000000000000000  0.000000000000000  0.000000000000000 
51.000000000000000  0.000000000000000  0.000000000000000 
52.000000000000000  0.000000000000000  0.000000000000000 
53.000000000000000  0.000000000000000  0.000000000000000 
54.000000000000000  0.000000000000000  0.000000000000000 
55.000000000000000  0.000000000000000  0.000000000000000 
56.000000000000000  0.000000000000000  0.000000000000000 
57.000000000000000  0.000000000000000  0.000000000000000 
58.000000000000000  0.000000000000000  0.000000000000000 
59.000000000000000  0.000000000000000  0.000000000000000 
60.000000000000000  0.000000000000000  0.000000000000000 
61.000000000000000  0.000000000000000  0.000000000000000 
62.000000000000000  0.000000000000000  0.000000000000000 
63.000000000000000  0.000000000000000  0.000000000000000 
64.000000000000000  0.000000000000000  0.000000000000000 
65.000000000000000  0.000000000000000  0.000000000000000 
66.000000000000000  0.000000000000000  0.000000000000000 
67.000000000000000  0.000000000000000  0.000000000000000 
68.000000000000000  0.000000000000000  0.000000000000000 
69.000000000000000  0.000000000000000  0.000000000000000 
70.000000000000000  0.000000000000000  0.000000000000000 
71.000000000000000  0.000000000000000  0.000000000000000 
72.000000000000000  0.000000000000000  0.000000000000000 
73.000000000000000  0.000000000000000  0.000000000000000 
74.000000000000000  0.000000000000000  0.000000000000000 
75.000000000000000  0.000000000000000  0.000000000000000 
76.000000000000000  0.000000000000000  0.000000000000000 
77.000000000000000  0.000000000000000  0.000000000000000 
78.000000000000000  0.000000000000000  0.000000000000000 
79.000000000000000  0.000000000000000  0.000000000000000 
80.000000000000000  0.000000000000000  0.000000000000000 
81.000000000000000  0.000000000000000  0.000000000000000 
82.000000000000000  0.000000000000000  0.000000000000000 
83.000000000000000  0.000000000000000  0.000000000000000 
84.000000000000000  0.000000000000000  0.000000000000000 
85.000000000000000  0.000000000000000  0.000000000000000 
86.000000000000000  0.000000000000000  0.000000000000000 
87.000000000000000  0.000000000000000  0.000000000000000 
88.000000000000000  0.000000000000000  0.000000000000000 
89.000000000000000  0.000000000000000  0.000000000000000 
90.000000000000000  0.000000000000000  0.000000000000000 
91.000000000000000  0.000000000000000  0.000000000000000 
92.000000000000000  0.000000000000000  0.000000000000000 
93.000000000000000  0.000000000000000  0.000000000000000 
94.000000000000000  0.000000000000000  0.000000000000000 
95.000000000000000  0.000000000000000  0.000000000000000 
96.000000000000000  0.000000000000000  0.000000000000000 
97.000000000000000  0.000000000000000  0.000000000000000 
98.000000000000000  0.000000000000000  0.000000000000000 
99.000000000000000  0.000000000000000  0.000000000000000 
100.000000000000000  0.000000000000000  0.000000000000000 
101.000000000000000  0.000000000000000  0.000000000000000 
102.000000000000000  0.000000000000000  0.000000000000000 
103.000000000000000  0.000000000000000  0.000000000000000 
104.000000000000000  0.000000000000000  0.000000000000000 
105.000000000000000  0.000000000000000  0.000000000000000 
106.000000000000000  0.000000000000000  0.000000000000000 
107.000000000000000  0.000000000000000  0.000000000000000 
108.000000000000000  0.000000000000000  0.000000000000000 
109.000000000000000  0.000000000000000  0.000000000000000 
110.000000000000000  0.000000000000000  0.000000000000000 
111.000000000000000  0.000000000000000  0.000000000000000 
112.000000000000000  0.000000000000000  0.000000000000000 
113.000000000000000  0.000000000000000  0.000000000000000 
114.000000000000000  0.000000000000000  0.000000000000000 
115.000000000000000  0.000000000000000  0.000000000000000 
116.000000000000000  0.000000000000000  0.000000000000000 
117.000000000000000  0.000000000000000  0.000000000000000 
118.000000000000000  0.000000000000000  0.000000000000000 
119.000000000000000  0.000000000000000  0.000000000000000 
120.000000000000000  0.000000000000000  0.000000000000000 
121.000000000000000  0.000000000000000  0.000000000000000 
122.000000000000000  0.000000000000000  0.000000000000000 
123.000000000000000  0.000000000000000  0.000000000000000 
124.000000000000000  0.000000000000000  0.000000000000000 
125.000000000000000  0.000000000000000  0.000000000000000 
126.000000000000000  0.000000000000000  0.000000000000000 
127.000000000000000  0.000000000000000  0.000000000000000 
