 0.000000000000000 42.962192732634811 585.000000000000000 
 1.000000000000000 37.898694589740032 341.000000000000000 
 2.000000000000000 37.838721605646761 337.000000000000000 
 3.000000000000000 37.990215125297588 168.000000000000000 
 4.000000000000000 36.151781687299120 682.000000000000000 
 5.000000000000000 37.987628301955048 146.000000000000000 
 6.000000000000000 43.902484910034765 439.000000000000000 
 7.000000000000000 34.793271912102334 266.000000000000000 
 8.000000000000000 47.081993150805026 258.000000000000000 
 9.000000000000000 39.250680486574616 106.000000000000000 
10.000000000000000 38.953514008501017 325.000000000000000 
11.000000000000000 27.568260481764579 48.000000000000000 
12.000000000000000 31.364385491105192 77.000000000000000 
13.000000000000000 35.249429066926709 81.000000000000000 
14.000000000000000 43.981502646388918 72.000000000000000 
15.000000000000000 37.050372515005719 105.000000000000000 
16.000000000000000 36.945643287987714 171.000000000000000 
17.000000000000000 37.301303057502153 188.000000000000000 
18.000000000000000 40.142447338770531 360.000000000000000 
19.000000000000000 36.952754159180969 63.000000000000000 
20.000000000000000 41.157602556944092 204.000000000000000 
21.000000000000000 34.221521185994945 159.000000000000000 
22.000000000000000 39.070937397780767 78.000000000000000 
23.000000000000000 42.997965814318519 691.000000000000000 
24.000000000000000 38.402945880594480 109.000000000000000 
25.000000000000000 40.297547445810167 98.000000000000000 
26.000000000000000 40.891408886562722 582.000000000000000 
27.000000000000000 32.390282647980349 163.000000000000000 
28.000000000000000 45.166418567373540 243.000000000000000 
29.000000000000000 30.241026341711315 107.000000000000000 
30.000000000000000 33.698105080795372 116.000000000000000 
31.000000000000000 31.745492057555239 85.000000000000000 
32.000000000000000 28.535534493531504 57.000000000000000 
33.000000000000000 26.163764840249996 40.000000000000000 
34.000000000000000 40.812347413388409 121.000000000000000 
35.000000000000000 33.090399968445261 111.000000000000000 
36.000000000000000 30.548416047538421 90.000000000000000 
37.000000000000000 32.831142335987316 71.000000000000000 
38.000000000000000 29.174149382218221 720.000000000000000 
39.000000000000000 36.607839880918625 421.000000000000000 
40.000000000000000 31.650459752618183 121.000000000000000 
41.000000000000000 47.390900093005747 222.000000000000000 
42.000000000000000 40.005533805301205 83.000000000000000 
43.000000000000000 46.292410944557290 173.000000000000000 
44.000000000000000 27.266059820112563 607.000000000000000 
45.000000000000000 34.165248573270830 220.000000000000000 
46.000000000000000 31.715512478939338 155.000000000000000 
47.000000000000000 47.242724046465952 171.000000000000000 
48.000000000000000 36.492482769268968 115.000000000000000 
49.000000000000000 39.312919952815008 384.000000000000000 
50.000000000000000 31.839801268719384 498.000000000000000 
51.000000000000000 42.856312223823757 143.000000000000000 
52.000000000000000 41.227183362621425 112.000000000000000 
53.000000000000000 30.649023302363641 110.000000000000000 
54.000000000000000 33.037204216980236 808.000000000000000 
55.000000000000000 26.475263285271016 543.000000000000000 
56.000000000000000 44.918667789869893 111.000000000000000 
57.000000000000000 43.291346429166275 249.000000000000000 
58.000000000000000 31.837304491542017 155.000000000000000 
59.000000000000000 45.402569072590921 88.000000000000000 
60.000000000000000 30.705425637874988 148.000000000000000 
61.000000000000000 37.541034304469761 82.000000000000000 
62.000000000000000 31.155695162058819 68.000000000000000 
63.000000000000000 37.466348012757358 68.000000000000000 
64.000000000000000 42.720074906108266 447.000000000000000 
65.000000000000000 31.517871921407774 134.000000000000000 
66.000000000000000 34.527549401922222 54.000000000000000 
67.000000000000000 37.462838492647670 86.000000000000000 
68.000000000000000 33.069520002381395 172.000000000000000 
69.000000000000000 44.717827756062235 167.000000000000000 
70.000000000000000 45.823141117712574 278.000000000000000 
71.000000000000000 44.916783532556259 249.000000000000000 
72.000000000000000 33.055666160643653 475.000000000000000 
73.000000000000000 37.775858504191383 248.000000000000000 
74.000000000000000 35.356919906303851 87.000000000000000 
75.000000000000000 37.795495454123703 97.000000000000000 
76.000000000000000 27.233766013600007 38.000000000000000 
77.000000000000000 37.074361529438590 252.000000000000000 
78.000000000000000 34.907821426734806 207.000000000000000 
79.000000000000000 38.043810169959634 193.000000000000000 
80.000000000000000 39.652795182887736 291.000000000000000 
81.000000000000000 26.622430774418547 97.000000000000000 
82.000000000000000 35.989370313384697 296.000000000000000 
83.000000000000000 43.316422654835627 96.000000000000000 
84.000000000000000 39.923617377151338 76.000000000000000 
85.000000000000000 35.722878145550467 111.000000000000000 
86.000000000000000 33.070785948024714 67.000000000000000 
87.000000000000000 32.942893996142196 79.000000000000000 
88.000000000000000 33.720053527481859 182.000000000000000 
89.000000000000000 30.900444710362120 93.000000000000000 
90.000000000000000 38.795682134696790 735.000000000000000 
91.000000000000000 32.244034656364619 537.000000000000000 
92.000000000000000 32.557286644303638 147.000000000000000 
93.000000000000000 36.117353251442609 218.000000000000000 
94.000000000000000 36.015896033791321 241.000000000000000 
95.000000000000000 38.490789153408627 303.000000000000000 
96.000000000000000 42.781731123008178 461.000000000000000 
97.000000000000000 26.261150396705414 36.000000000000000 
98.000000000000000 32.733788288891951 162.000000000000000 
99.000000000000000 35.326673423457343 265.000000000000000 
100.000000000000000 32.964051563995831 96.000000000000000 
101.000000000000000 34.970987130908270 199.000000000000000 
102.000000000000000 33.402875764744188 215.000000000000000 
103.000000000000000 32.243045132942349 111.000000000000000 
104.000000000000000 36.771209142216051 137.000000000000000 
105.000000000000000 38.084542333056262 419.000000000000000 
106.000000000000000 27.323090381849095 112.000000000000000 
107.000000000000000 34.842556655608426 143.000000000000000 
108.000000000000000 26.713897528972915 48.000000000000000 
109.000000000000000 33.254806153526864 157.000000000000000 
110.000000000000000 40.173771406715481 764.000000000000000 
111.000000000000000 38.544805616419097 388.000000000000000 
112.000000000000000 28.407071506511738 104.000000000000000 
113.000000000000000 36.357186676502529 136.000000000000000 
114.000000000000000 29.881609580022214 63.000000000000000 
115.000000000000000 31.247447727314825 108.000000000000000 
116.000000000000000 23.664145035391677 62.000000000000000 
117.000000000000000 25.195740233666189 168.000000000000000 
118.000000000000000 21.560786379310869 376.000000000000000 
119.000000000000000  0.000000000000000  0.000000000000000 
120.000000000000000  0.000000000000000  0.000000000000000 
121.000000000000000  0.000000000000000  0.000000000000000 
122.000000000000000  0.000000000000000  0.000000000000000 
123.000000000000000  0.000000000000000  0.000000000000000 
124.000000000000000  0.000000000000000  0.000000000000000 
125.000000000000000  0.000000000000000  0.000000000000000 
126.000000000000000  0.000000000000000  0.000000000000000 
127.000000000000000  0.000000000000000  0.000000000000000 
