 0.000000000000000 88.304575354721464 813.000000000000000 
 1.000000000000000 78.732045987919463 673.000000000000000 
 2.000000000000000 102.238673506429123 570.000000000000000 
 3.000000000000000 88.190115759313343 207.000000000000000 
 4.000000000000000 71.990622230584393 840.000000000000000 
 5.000000000000000 91.963182371913234 235.000000000000000 
 6.000000000000000 93.365958774166074 598.000000000000000 
 7.000000000000000 85.559388439314986 709.000000000000000 
 8.000000000000000 102.365651519635549 342.000000000000000 
 9.000000000000000 76.110866120951442 172.000000000000000 
10.000000000000000 101.516977053707407 619.000000000000000 
11.000000000000000 95.354903840451186 129.000000000000000 
12.000000000000000 104.200260817044835 158.000000000000000 
13.000000000000000 87.564170697952846 190.000000000000000 
14.000000000000000 91.527394956138011 145.000000000000000 
15.000000000000000 86.011105117814324 167.000000000000000 
16.000000000000000 85.367849195708416 322.000000000000000 
17.000000000000000 77.314114496003555 295.000000000000000 
18.000000000000000 86.493509153788239 446.000000000000000 
19.000000000000000 92.111251654690818 149.000000000000000 
20.000000000000000 82.538361453761354 317.000000000000000 
21.000000000000000 94.310259613854271 405.000000000000000 
22.000000000000000 95.603484741641424 142.000000000000000 
23.000000000000000 67.214259707586379 960.000000000000000 
24.000000000000000 88.998287286477762 177.000000000000000 
25.000000000000000 95.183190302000270 165.000000000000000 
26.000000000000000 95.593289896664416 867.000000000000000 
27.000000000000000 89.491168871403289 311.000000000000000 
28.000000000000000 94.107206816188665 407.000000000000000 
29.000000000000000 80.629174590723665 222.000000000000000 
30.000000000000000 97.327163703746052 307.000000000000000 
31.000000000000000 91.170476404901720 221.000000000000000 
32.000000000000000 81.761150133101395 131.000000000000000 
33.000000000000000 76.373066485482894 82.000000000000000 
34.000000000000000 75.913723969760923 174.000000000000000 
35.000000000000000 79.964915776335289 260.000000000000000 
36.000000000000000 85.522151299714054 243.000000000000000 
37.000000000000000 99.613290374673255 273.000000000000000 
38.000000000000000 86.497676226916525 1372.000000000000000 
39.000000000000000 99.134274117528193 580.000000000000000 
40.000000000000000 87.130834185132812 315.000000000000000 
41.000000000000000 79.863848800268556 261.000000000000000 
42.000000000000000 73.445246261304348 138.000000000000000 
43.000000000000000 85.440582439865395 300.000000000000000 
44.000000000000000 82.527079017521444 1224.000000000000000 
45.000000000000000 85.584963805102120 385.000000000000000 
46.000000000000000 79.488266828186497 405.000000000000000 
47.000000000000000 81.537756738784040 245.000000000000000 
48.000000000000000 91.811526625754865 331.000000000000000 
49.000000000000000 100.722906003376224 680.000000000000000 
50.000000000000000 92.879463579095400 1135.000000000000000 
51.000000000000000 83.086337878806674 185.000000000000000 
52.000000000000000 77.911469569042922 174.000000000000000 
53.000000000000000 76.164791137972685 161.000000000000000 
54.000000000000000 83.757525797904478 1238.000000000000000 
55.000000000000000 71.796315436200373 971.000000000000000 
56.000000000000000 92.699612513499503 227.000000000000000 
57.000000000000000 80.868876991365497 478.000000000000000 
58.000000000000000 84.855165044164423 277.000000000000000 
59.000000000000000 67.928993207861751 126.000000000000000 
60.000000000000000 76.473808668699746 262.000000000000000 
61.000000000000000 72.199124280583177 141.000000000000000 
62.000000000000000 62.405928686225828 120.000000000000000 
63.000000000000000 77.702242507160420 124.000000000000000 
64.000000000000000 72.824870544633214 459.000000000000000 
65.000000000000000 62.763445421665757 168.000000000000000 
66.000000000000000 60.044694851330206 76.000000000000000 
67.000000000000000  0.000000000000000  0.000000000000000 
68.000000000000000  0.000000000000000  0.000000000000000 
69.000000000000000  0.000000000000000  0.000000000000000 
70.000000000000000  0.000000000000000  0.000000000000000 
71.000000000000000  0.000000000000000  0.000000000000000 
72.000000000000000  0.000000000000000  0.000000000000000 
73.000000000000000  0.000000000000000  0.000000000000000 
74.000000000000000  0.000000000000000  0.000000000000000 
75.000000000000000  0.000000000000000  0.000000000000000 
76.000000000000000  0.000000000000000  0.000000000000000 
77.000000000000000  0.000000000000000  0.000000000000000 
78.000000000000000  0.000000000000000  0.000000000000000 
79.000000000000000  0.000000000000000  0.000000000000000 
80.000000000000000  0.000000000000000  0.000000000000000 
81.000000000000000  0.000000000000000  0.000000000000000 
82.000000000000000  0.000000000000000  0.000000000000000 
83.000000000000000  0.000000000000000  0.000000000000000 
84.000000000000000  0.000000000000000  0.000000000000000 
85.000000000000000  0.000000000000000  0.000000000000000 
86.000000000000000  0.000000000000000  0.000000000000000 
87.000000000000000  0.000000000000000  0.000000000000000 
88.000000000000000  0.000000000000000  0.000000000000000 
89.000000000000000  0.000000000000000  0.000000000000000 
90.000000000000000  0.000000000000000  0.000000000000000 
91.000000000000000  0.000000000000000  0.000000000000000 
92.000000000000000  0.000000000000000  0.000000000000000 
93.000000000000000  0.000000000000000  0.000000000000000 
94.000000000000000  0.000000000000000  0.000000000000000 
95.000000000000000  0.000000000000000  0.000000000000000 
96.000000000000000  0.000000000000000  0.000000000000000 
97.000000000000000  0.000000000000000  0.000000000000000 
98.000000000000000  0.000000000000000  0.000000000000000 
99.000000000000000  0.000000000000000  0.000000000000000 
100.000000000000000  0.000000000000000  0.000000000000000 
101.000000000000000  0.000000000000000  0.000000000000000 
102.000000000000000  0.000000000000000  0.000000000000000 
103.000000000000000  0.000000000000000  0.000000000000000 
104.000000000000000  0.000000000000000  0.000000000000000 
105.000000000000000  0.000000000000000  0.000000000000000 
106.000000000000000  0.000000000000000  0.000000000000000 
107.000000000000000  0.000000000000000  0.000000000000000 
108.000000000000000  0.000000000000000  0.000000000000000 
109.000000000000000  0.000000000000000  0.000000000000000 
110.000000000000000  0.000000000000000  0.000000000000000 
111.000000000000000  0.000000000000000  0.000000000000000 
112.000000000000000  0.000000000000000  0.000000000000000 
113.000000000000000  0.000000000000000  0.000000000000000 
114.000000000000000  0.000000000000000  0.000000000000000 
115.000000000000000  0.000000000000000  0.000000000000000 
116.000000000000000  0.000000000000000  0.000000000000000 
117.000000000000000  0.000000000000000  0.000000000000000 
118.000000000000000  0.000000000000000  0.000000000000000 
119.000000000000000  0.000000000000000  0.000000000000000 
120.000000000000000  0.000000000000000  0.000000000000000 
121.000000000000000  0.000000000000000  0.000000000000000 
122.000000000000000  0.000000000000000  0.000000000000000 
123.000000000000000  0.000000000000000  0.000000000000000 
124.000000000000000  0.000000000000000  0.000000000000000 
125.000000000000000  0.000000000000000  0.000000000000000 
126.000000000000000  0.000000000000000  0.000000000000000 
127.000000000000000  0.000000000000000  0.000000000000000 
