 0.000000000000000 92.169823109709895 922.000000000000000 
 1.000000000000000 106.213087332541846 1122.000000000000000 
 2.000000000000000 131.370321952335615 742.000000000000000 
 3.000000000000000 129.425136081138334 222.000000000000000 
 4.000000000000000 118.748384977630280 811.000000000000000 
 5.000000000000000 128.776623527449118 320.000000000000000 
 6.000000000000000 103.086438059977041 576.000000000000000 
 7.000000000000000 101.825758219720015 949.000000000000000 
 8.000000000000000 120.830501216004023 390.000000000000000 
 9.000000000000000 132.424205658112328 252.000000000000000 
10.000000000000000 122.293984810828476 759.000000000000000 
11.000000000000000 136.068155064352169 184.000000000000000 
12.000000000000000 139.487210498156429 200.000000000000000 
13.000000000000000 138.651593283162697 282.000000000000000 
14.000000000000000 135.160778386942013 188.000000000000000 
15.000000000000000 149.054612587193901 264.000000000000000 
16.000000000000000 114.181562864045262 442.000000000000000 
17.000000000000000 114.493374614163173 401.000000000000000 
18.000000000000000 122.065822470595194 501.000000000000000 
19.000000000000000 123.822225367040090 201.000000000000000 
20.000000000000000 137.064257501756629 553.000000000000000 
21.000000000000000 139.280415113930474 533.000000000000000 
22.000000000000000 110.991734317758414 173.000000000000000 
23.000000000000000 93.553015480665906 1343.000000000000000 
24.000000000000000 114.335480296970275 232.000000000000000 
25.000000000000000 128.909854061914331 238.000000000000000 
26.000000000000000 122.508444509530577 1159.000000000000000 
27.000000000000000 113.246900039859270 354.000000000000000 
28.000000000000000 131.832921848541901 516.000000000000000 
29.000000000000000 119.616950596763857 243.000000000000000 
30.000000000000000 129.770490841354587 381.000000000000000 
31.000000000000000 124.586810611163671 276.000000000000000 
32.000000000000000 127.933562588206328 191.000000000000000 
33.000000000000000 108.882619720097551 111.000000000000000 
34.000000000000000 111.550435438909446 179.000000000000000 
35.000000000000000 112.040919581387584 339.000000000000000 
36.000000000000000 118.163170070281225 237.000000000000000 
37.000000000000000 141.620494742361785 337.000000000000000 
38.000000000000000 112.803728488430636 1578.000000000000000 
39.000000000000000 112.150297636739040 582.000000000000000 
40.000000000000000 132.024667383937071 474.000000000000000 
41.000000000000000 116.232597572653532 353.000000000000000 
42.000000000000000 105.505610957627155 177.000000000000000 
43.000000000000000 140.652845801109123 359.000000000000000 
44.000000000000000 80.475404318015393 1116.000000000000000 
45.000000000000000 111.513967171905136 373.000000000000000 
46.000000000000000 96.000061988617389 444.000000000000000 
47.000000000000000 105.746215400996618 211.000000000000000 
48.000000000000000 109.661308261237991 409.000000000000000 
49.000000000000000 118.608308494645371 789.000000000000000 
50.000000000000000 148.304991057047175 1653.000000000000000 
51.000000000000000 96.037855192607807 184.000000000000000 
52.000000000000000 86.748054284665301 176.000000000000000 
53.000000000000000  0.000000000000000  0.000000000000000 
54.000000000000000  0.000000000000000  0.000000000000000 
55.000000000000000  0.000000000000000  0.000000000000000 
56.000000000000000  0.000000000000000  0.000000000000000 
57.000000000000000  0.000000000000000  0.000000000000000 
58.000000000000000  0.000000000000000  0.000000000000000 
59.000000000000000  0.000000000000000  0.000000000000000 
60.000000000000000  0.000000000000000  0.000000000000000 
61.000000000000000  0.000000000000000  0.000000000000000 
62.000000000000000  0.000000000000000  0.000000000000000 
63.000000000000000  0.000000000000000  0.000000000000000 
64.000000000000000  0.000000000000000  0.000000000000000 
65.000000000000000  0.000000000000000  0.000000000000000 
66.000000000000000  0.000000000000000  0.000000000000000 
67.000000000000000  0.000000000000000  0.000000000000000 
68.000000000000000  0.000000000000000  0.000000000000000 
69.000000000000000  0.000000000000000  0.000000000000000 
70.000000000000000  0.000000000000000  0.000000000000000 
71.000000000000000  0.000000000000000  0.000000000000000 
72.000000000000000  0.000000000000000  0.000000000000000 
73.000000000000000  0.000000000000000  0.000000000000000 
74.000000000000000  0.000000000000000  0.000000000000000 
75.000000000000000  0.000000000000000  0.000000000000000 
76.000000000000000  0.000000000000000  0.000000000000000 
77.000000000000000  0.000000000000000  0.000000000000000 
78.000000000000000  0.000000000000000  0.000000000000000 
79.000000000000000  0.000000000000000  0.000000000000000 
80.000000000000000  0.000000000000000  0.000000000000000 
81.000000000000000  0.000000000000000  0.000000000000000 
82.000000000000000  0.000000000000000  0.000000000000000 
83.000000000000000  0.000000000000000  0.000000000000000 
84.000000000000000  0.000000000000000  0.000000000000000 
85.000000000000000  0.000000000000000  0.000000000000000 
86.000000000000000  0.000000000000000  0.000000000000000 
87.000000000000000  0.000000000000000  0.000000000000000 
88.000000000000000  0.000000000000000  0.000000000000000 
89.000000000000000  0.000000000000000  0.000000000000000 
90.000000000000000  0.000000000000000  0.000000000000000 
91.000000000000000  0.000000000000000  0.000000000000000 
92.000000000000000  0.000000000000000  0.000000000000000 
93.000000000000000  0.000000000000000  0.000000000000000 
94.000000000000000  0.000000000000000  0.000000000000000 
95.000000000000000  0.000000000000000  0.000000000000000 
96.000000000000000  0.000000000000000  0.000000000000000 
97.000000000000000  0.000000000000000  0.000000000000000 
98.000000000000000  0.000000000000000  0.000000000000000 
99.000000000000000  0.000000000000000  0.000000000000000 
100.000000000000000  0.000000000000000  0.000000000000000 
101.000000000000000  0.000000000000000  0.000000000000000 
102.000000000000000  0.000000000000000  0.000000000000000 
103.000000000000000  0.000000000000000  0.000000000000000 
104.000000000000000  0.000000000000000  0.000000000000000 
105.000000000000000  0.000000000000000  0.000000000000000 
106.000000000000000  0.000000000000000  0.000000000000000 
107.000000000000000  0.000000000000000  0.000000000000000 
108.000000000000000  0.000000000000000  0.000000000000000 
109.000000000000000  0.000000000000000  0.000000000000000 
110.000000000000000  0.000000000000000  0.000000000000000 
111.000000000000000  0.000000000000000  0.000000000000000 
112.000000000000000  0.000000000000000  0.000000000000000 
113.000000000000000  0.000000000000000  0.000000000000000 
114.000000000000000  0.000000000000000  0.000000000000000 
115.000000000000000  0.000000000000000  0.000000000000000 
116.000000000000000  0.000000000000000  0.000000000000000 
117.000000000000000  0.000000000000000  0.000000000000000 
118.000000000000000  0.000000000000000  0.000000000000000 
119.000000000000000  0.000000000000000  0.000000000000000 
120.000000000000000  0.000000000000000  0.000000000000000 
121.000000000000000  0.000000000000000  0.000000000000000 
122.000000000000000  0.000000000000000  0.000000000000000 
123.000000000000000  0.000000000000000  0.000000000000000 
124.000000000000000  0.000000000000000  0.000000000000000 
125.000000000000000  0.000000000000000  0.000000000000000 
126.000000000000000  0.000000000000000  0.000000000000000 
127.000000000000000  0.000000000000000  0.000000000000000 
