 0.000000000000000 123.528450943249311 1235.000000000000000 
 1.000000000000000 131.706446309128410 1442.000000000000000 
 2.000000000000000 170.325953390829227 926.000000000000000 
 3.000000000000000 159.632407815970879 270.000000000000000 
 4.000000000000000 134.212312372397321 849.000000000000000 
 5.000000000000000 150.376775118931022 344.000000000000000 
 6.000000000000000 149.697915176679942 754.000000000000000 
 7.000000000000000 92.659726280184685 1025.000000000000000 
 8.000000000000000 149.998219503751670 521.000000000000000 
 9.000000000000000 174.719926361448415 437.000000000000000 
10.000000000000000 170.836942138505378 984.000000000000000 
11.000000000000000 148.986458706648421 198.000000000000000 
12.000000000000000 165.104368470709062 228.000000000000000 
13.000000000000000 148.562182898264155 300.000000000000000 
14.000000000000000 150.617766226088577 201.000000000000000 
15.000000000000000 146.567200869921663 271.000000000000000 
16.000000000000000 177.566648246747576 768.000000000000000 
17.000000000000000 142.203211996355918 327.000000000000000 
18.000000000000000 158.133978659337629 572.000000000000000 
19.000000000000000 151.719410363162780 212.000000000000000 
20.000000000000000 183.056852802563128 650.000000000000000 
21.000000000000000 170.991626304308738 650.000000000000000 
22.000000000000000 153.390403720314197 221.000000000000000 
23.000000000000000 114.207714658301313 1459.000000000000000 
24.000000000000000 146.746587337085401 253.000000000000000 
25.000000000000000 165.596882025962515 249.000000000000000 
26.000000000000000 143.384468953873863 1272.000000000000000 
27.000000000000000 168.142549078935843 418.000000000000000 
28.000000000000000 154.688896991177927 574.000000000000000 
29.000000000000000 184.285245543335378 448.000000000000000 
30.000000000000000 162.044625780717126 390.000000000000000 
31.000000000000000 164.713741770118247 347.000000000000000 
32.000000000000000 138.007833817670473 197.000000000000000 
33.000000000000000 149.719818479637723 151.000000000000000 
34.000000000000000 142.858179515715705 204.000000000000000 
35.000000000000000 188.660800437319040 559.000000000000000 
36.000000000000000 142.085912122665860 278.000000000000000 
37.000000000000000 160.199708969456879 382.000000000000000 
38.000000000000000 117.055120691780658 1557.000000000000000 
39.000000000000000 140.653586764518934 602.000000000000000 
40.000000000000000 135.601341832948776 507.000000000000000 
41.000000000000000 139.180665855512729 426.000000000000000 
42.000000000000000 150.924289360102364 246.000000000000000 
43.000000000000000 161.331878145013206 379.000000000000000 
44.000000000000000 156.248263278040184 1718.000000000000000 
45.000000000000000  0.000000000000000  0.000000000000000 
46.000000000000000  0.000000000000000  0.000000000000000 
47.000000000000000  0.000000000000000  0.000000000000000 
48.000000000000000  0.000000000000000  0.000000000000000 
49.000000000000000  0.000000000000000  0.000000000000000 
50.000000000000000  0.000000000000000  0.000000000000000 
51.000000000000000  0.000000000000000  0.000000000000000 
52.000000000000000  0.000000000000000  0.000000000000000 
53.000000000000000  0.000000000000000  0.000000000000000 
54.000000000000000  0.000000000000000  0.000000000000000 
55.000000000000000  0.000000000000000  0.000000000000000 
56.000000000000000  0.000000000000000  0.000000000000000 
57.000000000000000  0.000000000000000  0.000000000000000 
58.000000000000000  0.000000000000000  0.000000000000000 
59.000000000000000  0.000000000000000  0.000000000000000 
60.000000000000000  0.000000000000000  0.000000000000000 
61.000000000000000  0.000000000000000  0.000000000000000 
62.000000000000000  0.000000000000000  0.000000000000000 
63.000000000000000  0.000000000000000  0.000000000000000 
64.000000000000000  0.000000000000000  0.000000000000000 
65.000000000000000  0.000000000000000  0.000000000000000 
66.000000000000000  0.000000000000000  0.000000000000000 
67.000000000000000  0.000000000000000  0.000000000000000 
68.000000000000000  0.000000000000000  0.000000000000000 
69.000000000000000  0.000000000000000  0.000000000000000 
70.000000000000000  0.000000000000000  0.000000000000000 
71.000000000000000  0.000000000000000  0.000000000000000 
72.000000000000000  0.000000000000000  0.000000000000000 
73.000000000000000  0.000000000000000  0.000000000000000 
74.000000000000000  0.000000000000000  0.000000000000000 
75.000000000000000  0.000000000000000  0.000000000000000 
76.000000000000000  0.000000000000000  0.000000000000000 
77.000000000000000  0.000000000000000  0.000000000000000 
78.000000000000000  0.000000000000000  0.000000000000000 
79.000000000000000  0.000000000000000  0.000000000000000 
80.000000000000000  0.000000000000000  0.000000000000000 
81.000000000000000  0.000000000000000  0.000000000000000 
82.000000000000000  0.000000000000000  0.000000000000000 
83.000000000000000  0.000000000000000  0.000000000000000 
84.000000000000000  0.000000000000000  0.000000000000000 
85.000000000000000  0.000000000000000  0.000000000000000 
86.000000000000000  0.000000000000000  0.000000000000000 
87.000000000000000  0.000000000000000  0.000000000000000 
88.000000000000000  0.000000000000000  0.000000000000000 
89.000000000000000  0.000000000000000  0.000000000000000 
90.000000000000000  0.000000000000000  0.000000000000000 
91.000000000000000  0.000000000000000  0.000000000000000 
92.000000000000000  0.000000000000000  0.000000000000000 
93.000000000000000  0.000000000000000  0.000000000000000 
94.000000000000000  0.000000000000000  0.000000000000000 
95.000000000000000  0.000000000000000  0.000000000000000 
96.000000000000000  0.000000000000000  0.000000000000000 
97.000000000000000  0.000000000000000  0.000000000000000 
98.000000000000000  0.000000000000000  0.000000000000000 
99.000000000000000  0.000000000000000  0.000000000000000 
100.000000000000000  0.000000000000000  0.000000000000000 
101.000000000000000  0.000000000000000  0.000000000000000 
102.000000000000000  0.000000000000000  0.000000000000000 
103.000000000000000  0.000000000000000  0.000000000000000 
104.000000000000000  0.000000000000000  0.000000000000000 
105.000000000000000  0.000000000000000  0.000000000000000 
106.000000000000000  0.000000000000000  0.000000000000000 
107.000000000000000  0.000000000000000  0.000000000000000 
108.000000000000000  0.000000000000000  0.000000000000000 
109.000000000000000  0.000000000000000  0.000000000000000 
110.000000000000000  0.000000000000000  0.000000000000000 
111.000000000000000  0.000000000000000  0.000000000000000 
112.000000000000000  0.000000000000000  0.000000000000000 
113.000000000000000  0.000000000000000  0.000000000000000 
114.000000000000000  0.000000000000000  0.000000000000000 
115.000000000000000  0.000000000000000  0.000000000000000 
116.000000000000000  0.000000000000000  0.000000000000000 
117.000000000000000  0.000000000000000  0.000000000000000 
118.000000000000000  0.000000000000000  0.000000000000000 
119.000000000000000  0.000000000000000  0.000000000000000 
120.000000000000000  0.000000000000000  0.000000000000000 
121.000000000000000  0.000000000000000  0.000000000000000 
122.000000000000000  0.000000000000000  0.000000000000000 
123.000000000000000  0.000000000000000  0.000000000000000 
124.000000000000000  0.000000000000000  0.000000000000000 
125.000000000000000  0.000000000000000  0.000000000000000 
126.000000000000000  0.000000000000000  0.000000000000000 
127.000000000000000  0.000000000000000  0.000000000000000 
