 0.000000000000000 139.368665898035346 1673.000000000000000 
 1.000000000000000 126.433022984119873 1367.000000000000000 
 2.000000000000000 178.569339184494822 626.000000000000000 
 3.000000000000000 179.691035322607547 302.000000000000000 
 4.000000000000000 142.008186941250756 963.000000000000000 
 5.000000000000000 214.837637218878143 510.000000000000000 
 6.000000000000000 189.049134014461686 846.000000000000000 
 7.000000000000000 164.363210829909463 1331.000000000000000 
 8.000000000000000 202.232435468916606 985.000000000000000 
 9.000000000000000 184.187883072043746 451.000000000000000 
10.000000000000000 197.362786895805385 1117.000000000000000 
11.000000000000000 209.074003826696952 262.000000000000000 
12.000000000000000 176.983793478199487 258.000000000000000 
13.000000000000000 169.538822213429484 328.000000000000000 
14.000000000000000 182.190233623820689 231.000000000000000 
15.000000000000000 170.678542970598784 299.000000000000000 
16.000000000000000 186.727779919435250 706.000000000000000 
17.000000000000000 200.472624163263959 402.000000000000000 
18.000000000000000 178.302924007097289 646.000000000000000 
19.000000000000000 150.349892794683768 208.000000000000000 
20.000000000000000 168.899131578388676 612.000000000000000 
21.000000000000000 202.201128941017657 718.000000000000000 
22.000000000000000 184.268163099006188 250.000000000000000 
23.000000000000000 153.092302166452185 1656.000000000000000 
24.000000000000000 170.428235404954194 274.000000000000000 
25.000000000000000 171.975465124945316 248.000000000000000 
26.000000000000000 168.136129209972211 1461.000000000000000 
27.000000000000000 165.285208772700571 434.000000000000000 
28.000000000000000 190.693820878112746 723.000000000000000 
29.000000000000000 206.029910730400132 506.000000000000000 
30.000000000000000 204.060591073961376 489.000000000000000 
31.000000000000000 183.491234175893624 373.000000000000000 
32.000000000000000 182.019576185358432 230.000000000000000 
33.000000000000000 161.228511560042847 170.000000000000000 
34.000000000000000 154.719508434033372 228.000000000000000 
35.000000000000000 188.491030838377100 552.000000000000000 
36.000000000000000 173.667810599809258 376.000000000000000 
37.000000000000000 145.926771176272041 349.000000000000000 
38.000000000000000 200.999402406025808 2142.000000000000000 
39.000000000000000 132.349777395854687 426.000000000000000 
40.000000000000000 114.587527630527660 273.000000000000000 
41.000000000000000  0.000000000000000  0.000000000000000 
42.000000000000000  0.000000000000000  0.000000000000000 
43.000000000000000  0.000000000000000  0.000000000000000 
44.000000000000000  0.000000000000000  0.000000000000000 
45.000000000000000  0.000000000000000  0.000000000000000 
46.000000000000000  0.000000000000000  0.000000000000000 
47.000000000000000  0.000000000000000  0.000000000000000 
48.000000000000000  0.000000000000000  0.000000000000000 
49.000000000000000  0.000000000000000  0.000000000000000 
50.000000000000000  0.000000000000000  0.000000000000000 
51.000000000000000  0.000000000000000  0.000000000000000 
52.000000000000000  0.000000000000000  0.000000000000000 
53.000000000000000  0.000000000000000  0.000000000000000 
54.000000000000000  0.000000000000000  0.000000000000000 
55.000000000000000  0.000000000000000  0.000000000000000 
56.000000000000000  0.000000000000000  0.000000000000000 
57.000000000000000  0.000000000000000  0.000000000000000 
58.000000000000000  0.000000000000000  0.000000000000000 
59.000000000000000  0.000000000000000  0.000000000000000 
60.000000000000000  0.000000000000000  0.000000000000000 
61.000000000000000  0.000000000000000  0.000000000000000 
62.000000000000000  0.000000000000000  0.000000000000000 
63.000000000000000  0.000000000000000  0.000000000000000 
64.000000000000000  0.000000000000000  0.000000000000000 
65.000000000000000  0.000000000000000  0.000000000000000 
66.000000000000000  0.000000000000000  0.000000000000000 
67.000000000000000  0.000000000000000  0.000000000000000 
68.000000000000000  0.000000000000000  0.000000000000000 
69.000000000000000  0.000000000000000  0.000000000000000 
70.000000000000000  0.000000000000000  0.000000000000000 
71.000000000000000  0.000000000000000  0.000000000000000 
72.000000000000000  0.000000000000000  0.000000000000000 
73.000000000000000  0.000000000000000  0.000000000000000 
74.000000000000000  0.000000000000000  0.000000000000000 
75.000000000000000  0.000000000000000  0.000000000000000 
76.000000000000000  0.000000000000000  0.000000000000000 
77.000000000000000  0.000000000000000  0.000000000000000 
78.000000000000000  0.000000000000000  0.000000000000000 
79.000000000000000  0.000000000000000  0.000000000000000 
80.000000000000000  0.000000000000000  0.000000000000000 
81.000000000000000  0.000000000000000  0.000000000000000 
82.000000000000000  0.000000000000000  0.000000000000000 
83.000000000000000  0.000000000000000  0.000000000000000 
84.000000000000000  0.000000000000000  0.000000000000000 
85.000000000000000  0.000000000000000  0.000000000000000 
86.000000000000000  0.000000000000000  0.000000000000000 
87.000000000000000  0.000000000000000  0.000000000000000 
88.000000000000000  0.000000000000000  0.000000000000000 
89.000000000000000  0.000000000000000  0.000000000000000 
90.000000000000000  0.000000000000000  0.000000000000000 
91.000000000000000  0.000000000000000  0.000000000000000 
92.000000000000000  0.000000000000000  0.000000000000000 
93.000000000000000  0.000000000000000  0.000000000000000 
94.000000000000000  0.000000000000000  0.000000000000000 
95.000000000000000  0.000000000000000  0.000000000000000 
96.000000000000000  0.000000000000000  0.000000000000000 
97.000000000000000  0.000000000000000  0.000000000000000 
98.000000000000000  0.000000000000000  0.000000000000000 
99.000000000000000  0.000000000000000  0.000000000000000 
100.000000000000000  0.000000000000000  0.000000000000000 
101.000000000000000  0.000000000000000  0.000000000000000 
102.000000000000000  0.000000000000000  0.000000000000000 
103.000000000000000  0.000000000000000  0.000000000000000 
104.000000000000000  0.000000000000000  0.000000000000000 
105.000000000000000  0.000000000000000  0.000000000000000 
106.000000000000000  0.000000000000000  0.000000000000000 
107.000000000000000  0.000000000000000  0.000000000000000 
108.000000000000000  0.000000000000000  0.000000000000000 
109.000000000000000  0.000000000000000  0.000000000000000 
110.000000000000000  0.000000000000000  0.000000000000000 
111.000000000000000  0.000000000000000  0.000000000000000 
112.000000000000000  0.000000000000000  0.000000000000000 
113.000000000000000  0.000000000000000  0.000000000000000 
114.000000000000000  0.000000000000000  0.000000000000000 
115.000000000000000  0.000000000000000  0.000000000000000 
116.000000000000000  0.000000000000000  0.000000000000000 
117.000000000000000  0.000000000000000  0.000000000000000 
118.000000000000000  0.000000000000000  0.000000000000000 
119.000000000000000  0.000000000000000  0.000000000000000 
120.000000000000000  0.000000000000000  0.000000000000000 
121.000000000000000  0.000000000000000  0.000000000000000 
122.000000000000000  0.000000000000000  0.000000000000000 
123.000000000000000  0.000000000000000  0.000000000000000 
124.000000000000000  0.000000000000000  0.000000000000000 
125.000000000000000  0.000000000000000  0.000000000000000 
126.000000000000000  0.000000000000000  0.000000000000000 
127.000000000000000  0.000000000000000  0.000000000000000 
