 0.000000000000000 102.296380425961246 962.000000000000000 
 1.000000000000000 79.600449645275219 705.000000000000000 
 2.000000000000000 123.333271726833701 675.000000000000000 
 3.000000000000000 128.463077718181239 219.000000000000000 
 4.000000000000000 88.627176714228682 704.000000000000000 
 5.000000000000000 128.097188852094376 318.000000000000000 
 6.000000000000000 105.275695857931495 547.000000000000000 
 7.000000000000000 98.287001167799247 883.000000000000000 
 8.000000000000000 116.218240157855334 371.000000000000000 
 9.000000000000000 117.730482247806137 255.000000000000000 
10.000000000000000 119.228659982263451 719.000000000000000 
11.000000000000000 132.849199298548342 174.000000000000000 
12.000000000000000 110.944385908638608 164.000000000000000 
13.000000000000000 129.927627000020436 270.000000000000000 
14.000000000000000 134.094765524471882 188.000000000000000 
15.000000000000000 88.396616646988122 159.000000000000000 
16.000000000000000 109.141407816711265 408.000000000000000 
17.000000000000000 110.898431365995307 394.000000000000000 
18.000000000000000 103.658355488173370 473.000000000000000 
19.000000000000000 114.058593090178434 187.000000000000000 
20.000000000000000 127.704396916964740 515.000000000000000 
21.000000000000000 136.723925799100329 525.000000000000000 
22.000000000000000 110.991734317758358 173.000000000000000 
23.000000000000000 76.229010060953541 1097.000000000000000 
24.000000000000000 106.957811605759147 218.000000000000000 
25.000000000000000 114.196439781107131 210.000000000000000 
26.000000000000000 107.109577294859264 951.000000000000000 
27.000000000000000 105.550749558101344 348.000000000000000 
28.000000000000000 120.548146356209912 476.000000000000000 
29.000000000000000 116.327189445478908 239.000000000000000 
30.000000000000000 123.546764010736482 367.000000000000000 
31.000000000000000 119.523360768633410 269.000000000000000 
32.000000000000000 121.541319410871381 183.000000000000000 
33.000000000000000 112.809144003862329 116.000000000000000 
34.000000000000000 113.208892287714519 178.000000000000000 
35.000000000000000 115.730891819120046 344.000000000000000 
36.000000000000000 112.749816745577206 233.000000000000000 
37.000000000000000 130.248923363243335 325.000000000000000 
38.000000000000000 79.777667075241510 1311.000000000000000 
39.000000000000000 108.186411580868352 625.000000000000000 
40.000000000000000 122.940424550133059 446.000000000000000 
41.000000000000000 106.974333331338897 334.000000000000000 
42.000000000000000 97.687809540743260 148.000000000000000 
43.000000000000000 94.993477351446657 307.000000000000000 
44.000000000000000 75.181894299555765 1128.000000000000000 
45.000000000000000 110.408236087905564 371.000000000000000 
46.000000000000000 92.162153334469849 427.000000000000000 
47.000000000000000 103.728930327541050 208.000000000000000 
48.000000000000000 107.705958154244286 407.000000000000000 
49.000000000000000 116.770997263381162 745.000000000000000 
50.000000000000000 88.420296845063504 1092.000000000000000 
51.000000000000000 93.692007992620503 178.000000000000000 
52.000000000000000 75.204025254582490 163.000000000000000 
53.000000000000000 98.227632814292591 226.000000000000000 
54.000000000000000 81.599594369282201 1216.000000000000000 
55.000000000000000 68.479865157907000 931.000000000000000 
56.000000000000000 88.735757300459284 196.000000000000000 
57.000000000000000  0.000000000000000  0.000000000000000 
58.000000000000000  0.000000000000000  0.000000000000000 
59.000000000000000  0.000000000000000  0.000000000000000 
60.000000000000000  0.000000000000000  0.000000000000000 
61.000000000000000  0.000000000000000  0.000000000000000 
62.000000000000000  0.000000000000000  0.000000000000000 
63.000000000000000  0.000000000000000  0.000000000000000 
64.000000000000000  0.000000000000000  0.000000000000000 
65.000000000000000  0.000000000000000  0.000000000000000 
66.000000000000000  0.000000000000000  0.000000000000000 
67.000000000000000  0.000000000000000  0.000000000000000 
68.000000000000000  0.000000000000000  0.000000000000000 
69.000000000000000  0.000000000000000  0.000000000000000 
70.000000000000000  0.000000000000000  0.000000000000000 
71.000000000000000  0.000000000000000  0.000000000000000 
72.000000000000000  0.000000000000000  0.000000000000000 
73.000000000000000  0.000000000000000  0.000000000000000 
74.000000000000000  0.000000000000000  0.000000000000000 
75.000000000000000  0.000000000000000  0.000000000000000 
76.000000000000000  0.000000000000000  0.000000000000000 
77.000000000000000  0.000000000000000  0.000000000000000 
78.000000000000000  0.000000000000000  0.000000000000000 
79.000000000000000  0.000000000000000  0.000000000000000 
80.000000000000000  0.000000000000000  0.000000000000000 
81.000000000000000  0.000000000000000  0.000000000000000 
82.000000000000000  0.000000000000000  0.000000000000000 
83.000000000000000  0.000000000000000  0.000000000000000 
84.000000000000000  0.000000000000000  0.000000000000000 
85.000000000000000  0.000000000000000  0.000000000000000 
86.000000000000000  0.000000000000000  0.000000000000000 
87.000000000000000  0.000000000000000  0.000000000000000 
88.000000000000000  0.000000000000000  0.000000000000000 
89.000000000000000  0.000000000000000  0.000000000000000 
90.000000000000000  0.000000000000000  0.000000000000000 
91.000000000000000  0.000000000000000  0.000000000000000 
92.000000000000000  0.000000000000000  0.000000000000000 
93.000000000000000  0.000000000000000  0.000000000000000 
94.000000000000000  0.000000000000000  0.000000000000000 
95.000000000000000  0.000000000000000  0.000000000000000 
96.000000000000000  0.000000000000000  0.000000000000000 
97.000000000000000  0.000000000000000  0.000000000000000 
98.000000000000000  0.000000000000000  0.000000000000000 
99.000000000000000  0.000000000000000  0.000000000000000 
100.000000000000000  0.000000000000000  0.000000000000000 
101.000000000000000  0.000000000000000  0.000000000000000 
102.000000000000000  0.000000000000000  0.000000000000000 
103.000000000000000  0.000000000000000  0.000000000000000 
104.000000000000000  0.000000000000000  0.000000000000000 
105.000000000000000  0.000000000000000  0.000000000000000 
106.000000000000000  0.000000000000000  0.000000000000000 
107.000000000000000  0.000000000000000  0.000000000000000 
108.000000000000000  0.000000000000000  0.000000000000000 
109.000000000000000  0.000000000000000  0.000000000000000 
110.000000000000000  0.000000000000000  0.000000000000000 
111.000000000000000  0.000000000000000  0.000000000000000 
112.000000000000000  0.000000000000000  0.000000000000000 
113.000000000000000  0.000000000000000  0.000000000000000 
114.000000000000000  0.000000000000000  0.000000000000000 
115.000000000000000  0.000000000000000  0.000000000000000 
116.000000000000000  0.000000000000000  0.000000000000000 
117.000000000000000  0.000000000000000  0.000000000000000 
118.000000000000000  0.000000000000000  0.000000000000000 
119.000000000000000  0.000000000000000  0.000000000000000 
120.000000000000000  0.000000000000000  0.000000000000000 
121.000000000000000  0.000000000000000  0.000000000000000 
122.000000000000000  0.000000000000000  0.000000000000000 
123.000000000000000  0.000000000000000  0.000000000000000 
124.000000000000000  0.000000000000000  0.000000000000000 
125.000000000000000  0.000000000000000  0.000000000000000 
126.000000000000000  0.000000000000000  0.000000000000000 
127.000000000000000  0.000000000000000  0.000000000000000 
