 0.000000000000000 109.523951088650193 1107.000000000000000 
 1.000000000000000 125.015717745054815 1382.000000000000000 
 2.000000000000000 138.815332437895478 784.000000000000000 
 3.000000000000000 155.731689204934099 262.000000000000000 
 4.000000000000000 111.220761380438546 730.000000000000000 
 5.000000000000000 144.608772838327013 333.000000000000000 
 6.000000000000000 112.885959715377297 617.000000000000000 
 7.000000000000000 97.196312160411807 1055.000000000000000 
 8.000000000000000 132.015378944511667 482.000000000000000 
 9.000000000000000 144.203399930528320 280.000000000000000 
10.000000000000000 139.425153281575035 865.000000000000000 
11.000000000000000 134.330620779174097 179.000000000000000 
12.000000000000000 154.302965103747226 218.000000000000000 
13.000000000000000 138.827833552054955 288.000000000000000 
14.000000000000000 135.657456734882516 189.000000000000000 
15.000000000000000 150.533583666968127 264.000000000000000 
16.000000000000000 122.276203731377990 434.000000000000000 
17.000000000000000 130.211100797410126 375.000000000000000 
18.000000000000000 124.346793026934847 510.000000000000000 
19.000000000000000 144.476072134457581 221.000000000000000 
20.000000000000000 144.145581999413878 586.000000000000000 
21.000000000000000 145.381268384921270 547.000000000000000 
22.000000000000000 126.502089339745709 188.000000000000000 
23.000000000000000 117.804335678698862 1533.000000000000000 
24.000000000000000 135.443818760026517 252.000000000000000 
25.000000000000000 123.423455063532430 223.000000000000000 
26.000000000000000 125.985798162514101 1186.000000000000000 
27.000000000000000 117.132488272898613 367.000000000000000 
28.000000000000000 137.708450770956858 522.000000000000000 
29.000000000000000 128.552584369238076 256.000000000000000 
30.000000000000000 140.358782130130805 377.000000000000000 
31.000000000000000 130.046806330727833 284.000000000000000 
32.000000000000000 126.936414714919053 188.000000000000000 
33.000000000000000 121.321499752310913 125.000000000000000 
34.000000000000000 116.840509651240680 177.000000000000000 
35.000000000000000 119.684939332572483 366.000000000000000 
36.000000000000000 122.233280456069593 237.000000000000000 
37.000000000000000 150.586693562698315 362.000000000000000 
38.000000000000000 115.882322359834731 1544.000000000000000 
39.000000000000000 125.956153190598059 594.000000000000000 
40.000000000000000 130.406270054269868 481.000000000000000 
41.000000000000000 124.877335613383536 395.000000000000000 
42.000000000000000 138.394586794246266 216.000000000000000 
43.000000000000000 151.176241415224126 384.000000000000000 
44.000000000000000 163.914956712154549 1803.000000000000000 
45.000000000000000 111.049327188590993 371.000000000000000 
46.000000000000000 108.279661232450408 413.000000000000000 
47.000000000000000 113.008707463169998 221.000000000000000 
48.000000000000000 118.769540135885890 441.000000000000000 
49.000000000000000 101.907822716643921 787.000000000000000 
50.000000000000000  0.000000000000000  0.000000000000000 
51.000000000000000  0.000000000000000  0.000000000000000 
52.000000000000000  0.000000000000000  0.000000000000000 
53.000000000000000  0.000000000000000  0.000000000000000 
54.000000000000000  0.000000000000000  0.000000000000000 
55.000000000000000  0.000000000000000  0.000000000000000 
56.000000000000000  0.000000000000000  0.000000000000000 
57.000000000000000  0.000000000000000  0.000000000000000 
58.000000000000000  0.000000000000000  0.000000000000000 
59.000000000000000  0.000000000000000  0.000000000000000 
60.000000000000000  0.000000000000000  0.000000000000000 
61.000000000000000  0.000000000000000  0.000000000000000 
62.000000000000000  0.000000000000000  0.000000000000000 
63.000000000000000  0.000000000000000  0.000000000000000 
64.000000000000000  0.000000000000000  0.000000000000000 
65.000000000000000  0.000000000000000  0.000000000000000 
66.000000000000000  0.000000000000000  0.000000000000000 
67.000000000000000  0.000000000000000  0.000000000000000 
68.000000000000000  0.000000000000000  0.000000000000000 
69.000000000000000  0.000000000000000  0.000000000000000 
70.000000000000000  0.000000000000000  0.000000000000000 
71.000000000000000  0.000000000000000  0.000000000000000 
72.000000000000000  0.000000000000000  0.000000000000000 
73.000000000000000  0.000000000000000  0.000000000000000 
74.000000000000000  0.000000000000000  0.000000000000000 
75.000000000000000  0.000000000000000  0.000000000000000 
76.000000000000000  0.000000000000000  0.000000000000000 
77.000000000000000  0.000000000000000  0.000000000000000 
78.000000000000000  0.000000000000000  0.000000000000000 
79.000000000000000  0.000000000000000  0.000000000000000 
80.000000000000000  0.000000000000000  0.000000000000000 
81.000000000000000  0.000000000000000  0.000000000000000 
82.000000000000000  0.000000000000000  0.000000000000000 
83.000000000000000  0.000000000000000  0.000000000000000 
84.000000000000000  0.000000000000000  0.000000000000000 
85.000000000000000  0.000000000000000  0.000000000000000 
86.000000000000000  0.000000000000000  0.000000000000000 
87.000000000000000  0.000000000000000  0.000000000000000 
88.000000000000000  0.000000000000000  0.000000000000000 
89.000000000000000  0.000000000000000  0.000000000000000 
90.000000000000000  0.000000000000000  0.000000000000000 
91.000000000000000  0.000000000000000  0.000000000000000 
92.000000000000000  0.000000000000000  0.000000000000000 
93.000000000000000  0.000000000000000  0.000000000000000 
94.000000000000000  0.000000000000000  0.000000000000000 
95.000000000000000  0.000000000000000  0.000000000000000 
96.000000000000000  0.000000000000000  0.000000000000000 
97.000000000000000  0.000000000000000  0.000000000000000 
98.000000000000000  0.000000000000000  0.000000000000000 
99.000000000000000  0.000000000000000  0.000000000000000 
100.000000000000000  0.000000000000000  0.000000000000000 
101.000000000000000  0.000000000000000  0.000000000000000 
102.000000000000000  0.000000000000000  0.000000000000000 
103.000000000000000  0.000000000000000  0.000000000000000 
104.000000000000000  0.000000000000000  0.000000000000000 
105.000000000000000  0.000000000000000  0.000000000000000 
106.000000000000000  0.000000000000000  0.000000000000000 
107.000000000000000  0.000000000000000  0.000000000000000 
108.000000000000000  0.000000000000000  0.000000000000000 
109.000000000000000  0.000000000000000  0.000000000000000 
110.000000000000000  0.000000000000000  0.000000000000000 
111.000000000000000  0.000000000000000  0.000000000000000 
112.000000000000000  0.000000000000000  0.000000000000000 
113.000000000000000  0.000000000000000  0.000000000000000 
114.000000000000000  0.000000000000000  0.000000000000000 
115.000000000000000  0.000000000000000  0.000000000000000 
116.000000000000000  0.000000000000000  0.000000000000000 
117.000000000000000  0.000000000000000  0.000000000000000 
118.000000000000000  0.000000000000000  0.000000000000000 
119.000000000000000  0.000000000000000  0.000000000000000 
120.000000000000000  0.000000000000000  0.000000000000000 
121.000000000000000  0.000000000000000  0.000000000000000 
122.000000000000000  0.000000000000000  0.000000000000000 
123.000000000000000  0.000000000000000  0.000000000000000 
124.000000000000000  0.000000000000000  0.000000000000000 
125.000000000000000  0.000000000000000  0.000000000000000 
126.000000000000000  0.000000000000000  0.000000000000000 
127.000000000000000  0.000000000000000  0.000000000000000 
