 0.000000000000000 63.716489680011534 759.000000000000000 
 1.000000000000000 61.798145817032577 602.000000000000000 
 2.000000000000000 76.057668419479668 538.000000000000000 
 3.000000000000000 75.789683205012949 232.000000000000000 
 4.000000000000000 68.501559806728352 884.000000000000000 
 5.000000000000000 83.411876767719676 249.000000000000000 
 6.000000000000000 85.109810478105203 585.000000000000000 
 7.000000000000000 72.253536938684036 486.000000000000000 
 8.000000000000000 83.545552924343468 308.000000000000000 
 9.000000000000000 70.920614936463011 165.000000000000000 
10.000000000000000 80.877741771137224 537.000000000000000 
11.000000000000000 85.337934557611007 109.000000000000000 
12.000000000000000 69.550685102301017 107.000000000000000 
13.000000000000000 71.365234606416578 148.000000000000000 
14.000000000000000 87.192742134000014 140.000000000000000 
15.000000000000000 79.866447481001245 184.000000000000000 
16.000000000000000 63.773976780852877 265.000000000000000 
17.000000000000000 74.455975813878567 303.000000000000000 
18.000000000000000 77.719290697361117 515.000000000000000 
19.000000000000000 64.561271000586572 124.000000000000000 
20.000000000000000 84.718152214677033 336.000000000000000 
21.000000000000000 70.220453878583314 337.000000000000000 
22.000000000000000 84.866718434178438 139.000000000000000 
23.000000000000000 73.710890693863490 957.000000000000000 
24.000000000000000 79.780844604531737 162.000000000000000 
25.000000000000000 72.333133600024738 137.000000000000000 
26.000000000000000 77.036691652282329 774.000000000000000 
27.000000000000000 77.506185765668548 286.000000000000000 
28.000000000000000 80.761415317434782 392.000000000000000 
29.000000000000000 76.509673258290377 217.000000000000000 
30.000000000000000 79.887377130572347 265.000000000000000 
31.000000000000000 75.684579471289823 182.000000000000000 
32.000000000000000 73.767566739801083 113.000000000000000 
33.000000000000000 72.813909307757328 82.000000000000000 
34.000000000000000 66.475230879301947 157.000000000000000 
35.000000000000000 65.859773962647836 205.000000000000000 
36.000000000000000 78.391396783794747 224.000000000000000 
37.000000000000000 82.743999410456794 206.000000000000000 
38.000000000000000 63.403170331949426 1172.000000000000000 
39.000000000000000 68.382649964642795 420.000000000000000 
40.000000000000000 67.157002836636778 204.000000000000000 
41.000000000000000 70.276888117995227 221.000000000000000 
42.000000000000000 74.704609311468531 143.000000000000000 
43.000000000000000 77.451327911559375 273.000000000000000 
44.000000000000000 62.332914801431592 961.000000000000000 
45.000000000000000 64.490203940175178 370.000000000000000 
46.000000000000000 68.695769334603298 305.000000000000000 
47.000000000000000 78.376776174646210 242.000000000000000 
48.000000000000000 70.851046381624371 267.000000000000000 
49.000000000000000 81.026774256536697 651.000000000000000 
50.000000000000000 69.421955674932860 927.000000000000000 
51.000000000000000 70.200459764418923 153.000000000000000 
52.000000000000000 61.161989851613079 153.000000000000000 
53.000000000000000 68.930604922438391 169.000000000000000 
54.000000000000000 56.965489084715763 1084.000000000000000 
55.000000000000000 55.981200457042362 782.000000000000000 
56.000000000000000 62.411718738316324 173.000000000000000 
57.000000000000000 79.051131615415727 466.000000000000000 
58.000000000000000 83.759845636498866 329.000000000000000 
59.000000000000000 68.763829495117548 131.000000000000000 
60.000000000000000 74.148927023662850 257.000000000000000 
61.000000000000000 72.750904629659829 140.000000000000000 
62.000000000000000 62.316162298772802 125.000000000000000 
63.000000000000000 74.399915400178799 113.000000000000000 
64.000000000000000 66.885702868655770 496.000000000000000 
65.000000000000000 77.542734946888288 245.000000000000000 
66.000000000000000 62.474332778303761 80.000000000000000 
67.000000000000000 61.501019418838318 154.000000000000000 
68.000000000000000 63.124031683133282 304.000000000000000 
69.000000000000000 65.792937578672152 131.000000000000000 
70.000000000000000 59.815383170049358 258.000000000000000 
71.000000000000000 71.287791082361679 298.000000000000000 
72.000000000000000 62.590385239058470 951.000000000000000 
73.000000000000000 56.426168798700900 358.000000000000000 
74.000000000000000 45.138358955404023 84.000000000000000 
75.000000000000000  0.000000000000000  0.000000000000000 
76.000000000000000  0.000000000000000  0.000000000000000 
77.000000000000000  0.000000000000000  0.000000000000000 
78.000000000000000  0.000000000000000  0.000000000000000 
79.000000000000000  0.000000000000000  0.000000000000000 
80.000000000000000  0.000000000000000  0.000000000000000 
81.000000000000000  0.000000000000000  0.000000000000000 
82.000000000000000  0.000000000000000  0.000000000000000 
83.000000000000000  0.000000000000000  0.000000000000000 
84.000000000000000  0.000000000000000  0.000000000000000 
85.000000000000000  0.000000000000000  0.000000000000000 
86.000000000000000  0.000000000000000  0.000000000000000 
87.000000000000000  0.000000000000000  0.000000000000000 
88.000000000000000  0.000000000000000  0.000000000000000 
89.000000000000000  0.000000000000000  0.000000000000000 
90.000000000000000  0.000000000000000  0.000000000000000 
91.000000000000000  0.000000000000000  0.000000000000000 
92.000000000000000  0.000000000000000  0.000000000000000 
93.000000000000000  0.000000000000000  0.000000000000000 
94.000000000000000  0.000000000000000  0.000000000000000 
95.000000000000000  0.000000000000000  0.000000000000000 
96.000000000000000  0.000000000000000  0.000000000000000 
97.000000000000000  0.000000000000000  0.000000000000000 
98.000000000000000  0.000000000000000  0.000000000000000 
99.000000000000000  0.000000000000000  0.000000000000000 
100.000000000000000  0.000000000000000  0.000000000000000 
101.000000000000000  0.000000000000000  0.000000000000000 
102.000000000000000  0.000000000000000  0.000000000000000 
103.000000000000000  0.000000000000000  0.000000000000000 
104.000000000000000  0.000000000000000  0.000000000000000 
105.000000000000000  0.000000000000000  0.000000000000000 
106.000000000000000  0.000000000000000  0.000000000000000 
107.000000000000000  0.000000000000000  0.000000000000000 
108.000000000000000  0.000000000000000  0.000000000000000 
109.000000000000000  0.000000000000000  0.000000000000000 
110.000000000000000  0.000000000000000  0.000000000000000 
111.000000000000000  0.000000000000000  0.000000000000000 
112.000000000000000  0.000000000000000  0.000000000000000 
113.000000000000000  0.000000000000000  0.000000000000000 
114.000000000000000  0.000000000000000  0.000000000000000 
115.000000000000000  0.000000000000000  0.000000000000000 
116.000000000000000  0.000000000000000  0.000000000000000 
117.000000000000000  0.000000000000000  0.000000000000000 
118.000000000000000  0.000000000000000  0.000000000000000 
119.000000000000000  0.000000000000000  0.000000000000000 
120.000000000000000  0.000000000000000  0.000000000000000 
121.000000000000000  0.000000000000000  0.000000000000000 
122.000000000000000  0.000000000000000  0.000000000000000 
123.000000000000000  0.000000000000000  0.000000000000000 
124.000000000000000  0.000000000000000  0.000000000000000 
125.000000000000000  0.000000000000000  0.000000000000000 
126.000000000000000  0.000000000000000  0.000000000000000 
127.000000000000000  0.000000000000000  0.000000000000000 
