 0.000000000000000 99.832751793566416 952.000000000000000 
 1.000000000000000 81.743598343039324 728.000000000000000 
 2.000000000000000 118.283662075561452 644.000000000000000 
 3.000000000000000 110.868254814566995 201.000000000000000 
 4.000000000000000 90.142490935911582 704.000000000000000 
 5.000000000000000 97.364502599914516 242.000000000000000 
 6.000000000000000 105.566202737044918 554.000000000000000 
 7.000000000000000 96.391419204865286 868.000000000000000 
 8.000000000000000 109.863839425376227 357.000000000000000 
 9.000000000000000 76.002846695399228 164.000000000000000 
10.000000000000000 114.243338901841568 682.000000000000000 
11.000000000000000 96.659128028402364 133.000000000000000 
12.000000000000000 112.409778894325257 168.000000000000000 
13.000000000000000 108.902811306841670 219.000000000000000 
14.000000000000000 101.684755161184256 152.000000000000000 
15.000000000000000 88.944993741940849 164.000000000000000 
16.000000000000000 111.705267503273816 419.000000000000000 
17.000000000000000 92.907788946702340 336.000000000000000 
18.000000000000000 104.651778170595534 484.000000000000000 
19.000000000000000 105.937456722449127 171.000000000000000 
20.000000000000000 100.287826257847101 391.000000000000000 
21.000000000000000 117.273931590638426 456.000000000000000 
22.000000000000000 106.718267767473563 163.000000000000000 
23.000000000000000 77.916061834140152 1106.000000000000000 
24.000000000000000 96.875579046768223 220.000000000000000 
25.000000000000000 91.420425369283947 170.000000000000000 
26.000000000000000 109.313884741826939 945.000000000000000 
27.000000000000000 92.715289125760833 320.000000000000000 
28.000000000000000 105.206401992259785 433.000000000000000 
29.000000000000000 97.738066879487079 234.000000000000000 
30.000000000000000 118.515072946938147 357.000000000000000 
31.000000000000000 116.764221005426933 266.000000000000000 
32.000000000000000 108.011729593271269 171.000000000000000 
33.000000000000000 112.946502494972904 117.000000000000000 
34.000000000000000 103.999882370232726 171.000000000000000 
35.000000000000000 98.178137939282792 298.000000000000000 
36.000000000000000 100.098371180404214 212.000000000000000 
37.000000000000000 114.447314560620427 297.000000000000000 
38.000000000000000 82.208819262112556 1328.000000000000000 
39.000000000000000 108.587714756499764 643.000000000000000 
40.000000000000000 101.145717833934540 356.000000000000000 
41.000000000000000 104.327864228448675 319.000000000000000 
42.000000000000000 70.793934493335982 128.000000000000000 
43.000000000000000 90.824800524689792 299.000000000000000 
44.000000000000000 76.542022248203210 1145.000000000000000 
45.000000000000000 111.998947663208327 382.000000000000000 
46.000000000000000 90.503442379356855 424.000000000000000 
47.000000000000000 95.763080032931541 215.000000000000000 
48.000000000000000 98.244353040877755 356.000000000000000 
49.000000000000000 112.980177140043708 731.000000000000000 
50.000000000000000 90.016482607520004 1112.000000000000000 
51.000000000000000 89.338463692481184 175.000000000000000 
52.000000000000000 79.622034490783648 175.000000000000000 
53.000000000000000 100.991991231643553 193.000000000000000 
54.000000000000000 83.817672541492527 1223.000000000000000 
55.000000000000000 68.387126873923492 926.000000000000000 
56.000000000000000 96.469319330907894 211.000000000000000 
57.000000000000000 96.410321891508502 476.000000000000000 
58.000000000000000 81.657643306210161 295.000000000000000 
59.000000000000000 72.883553102594490 119.000000000000000 
60.000000000000000 50.385389789946331 101.000000000000000 
61.000000000000000  0.000000000000000  0.000000000000000 
62.000000000000000  0.000000000000000  0.000000000000000 
63.000000000000000  0.000000000000000  0.000000000000000 
64.000000000000000  0.000000000000000  0.000000000000000 
65.000000000000000  0.000000000000000  0.000000000000000 
66.000000000000000  0.000000000000000  0.000000000000000 
67.000000000000000  0.000000000000000  0.000000000000000 
68.000000000000000  0.000000000000000  0.000000000000000 
69.000000000000000  0.000000000000000  0.000000000000000 
70.000000000000000  0.000000000000000  0.000000000000000 
71.000000000000000  0.000000000000000  0.000000000000000 
72.000000000000000  0.000000000000000  0.000000000000000 
73.000000000000000  0.000000000000000  0.000000000000000 
74.000000000000000  0.000000000000000  0.000000000000000 
75.000000000000000  0.000000000000000  0.000000000000000 
76.000000000000000  0.000000000000000  0.000000000000000 
77.000000000000000  0.000000000000000  0.000000000000000 
78.000000000000000  0.000000000000000  0.000000000000000 
79.000000000000000  0.000000000000000  0.000000000000000 
80.000000000000000  0.000000000000000  0.000000000000000 
81.000000000000000  0.000000000000000  0.000000000000000 
82.000000000000000  0.000000000000000  0.000000000000000 
83.000000000000000  0.000000000000000  0.000000000000000 
84.000000000000000  0.000000000000000  0.000000000000000 
85.000000000000000  0.000000000000000  0.000000000000000 
86.000000000000000  0.000000000000000  0.000000000000000 
87.000000000000000  0.000000000000000  0.000000000000000 
88.000000000000000  0.000000000000000  0.000000000000000 
89.000000000000000  0.000000000000000  0.000000000000000 
90.000000000000000  0.000000000000000  0.000000000000000 
91.000000000000000  0.000000000000000  0.000000000000000 
92.000000000000000  0.000000000000000  0.000000000000000 
93.000000000000000  0.000000000000000  0.000000000000000 
94.000000000000000  0.000000000000000  0.000000000000000 
95.000000000000000  0.000000000000000  0.000000000000000 
96.000000000000000  0.000000000000000  0.000000000000000 
97.000000000000000  0.000000000000000  0.000000000000000 
98.000000000000000  0.000000000000000  0.000000000000000 
99.000000000000000  0.000000000000000  0.000000000000000 
100.000000000000000  0.000000000000000  0.000000000000000 
101.000000000000000  0.000000000000000  0.000000000000000 
102.000000000000000  0.000000000000000  0.000000000000000 
103.000000000000000  0.000000000000000  0.000000000000000 
104.000000000000000  0.000000000000000  0.000000000000000 
105.000000000000000  0.000000000000000  0.000000000000000 
106.000000000000000  0.000000000000000  0.000000000000000 
107.000000000000000  0.000000000000000  0.000000000000000 
108.000000000000000  0.000000000000000  0.000000000000000 
109.000000000000000  0.000000000000000  0.000000000000000 
110.000000000000000  0.000000000000000  0.000000000000000 
111.000000000000000  0.000000000000000  0.000000000000000 
112.000000000000000  0.000000000000000  0.000000000000000 
113.000000000000000  0.000000000000000  0.000000000000000 
114.000000000000000  0.000000000000000  0.000000000000000 
115.000000000000000  0.000000000000000  0.000000000000000 
116.000000000000000  0.000000000000000  0.000000000000000 
117.000000000000000  0.000000000000000  0.000000000000000 
118.000000000000000  0.000000000000000  0.000000000000000 
119.000000000000000  0.000000000000000  0.000000000000000 
120.000000000000000  0.000000000000000  0.000000000000000 
121.000000000000000  0.000000000000000  0.000000000000000 
122.000000000000000  0.000000000000000  0.000000000000000 
123.000000000000000  0.000000000000000  0.000000000000000 
124.000000000000000  0.000000000000000  0.000000000000000 
125.000000000000000  0.000000000000000  0.000000000000000 
126.000000000000000  0.000000000000000  0.000000000000000 
127.000000000000000  0.000000000000000  0.000000000000000 
