 0.000000000000000 77.862482288967072 739.000000000000000 
 1.000000000000000 72.133104078943063 663.000000000000000 
 2.000000000000000 83.669956579571419 604.000000000000000 
 3.000000000000000 74.893631538289071 229.000000000000000 
 4.000000000000000 68.274164895126432 882.000000000000000 
 5.000000000000000 82.806743304309038 248.000000000000000 
 6.000000000000000 86.608016302220676 579.000000000000000 
 7.000000000000000 77.922976538733536 638.000000000000000 
 8.000000000000000 85.421332107230029 310.000000000000000 
 9.000000000000000 73.829690474955498 171.000000000000000 
10.000000000000000 84.750016552549866 563.000000000000000 
11.000000000000000 84.433060594124754 109.000000000000000 
12.000000000000000 88.287996145307744 132.000000000000000 
13.000000000000000 78.207460145458953 168.000000000000000 
14.000000000000000 88.685144264539034 141.000000000000000 
15.000000000000000 90.970203147216267 191.000000000000000 
16.000000000000000 80.444369026498151 305.000000000000000 
17.000000000000000 77.760256342917700 311.000000000000000 
18.000000000000000 81.155879132280972 453.000000000000000 
19.000000000000000 71.285515332608469 136.000000000000000 
20.000000000000000 81.587086044517179 332.000000000000000 
21.000000000000000 71.474195838594696 341.000000000000000 
22.000000000000000 85.813351785447864 140.000000000000000 
23.000000000000000 57.106380162394707 863.000000000000000 
24.000000000000000 83.393063717661306 168.000000000000000 
25.000000000000000 74.465490430740203 141.000000000000000 
26.000000000000000 83.101621744300644 829.000000000000000 
27.000000000000000 80.243477158132478 293.000000000000000 
28.000000000000000 80.868367833333082 394.000000000000000 
29.000000000000000 76.305430915915622 215.000000000000000 
30.000000000000000 83.954222363554379 278.000000000000000 
31.000000000000000 81.143311578545038 190.000000000000000 
32.000000000000000 78.167365614843618 124.000000000000000 
33.000000000000000 78.621219612555933 84.000000000000000 
34.000000000000000 72.960932254978374 167.000000000000000 
35.000000000000000 63.313423621121629 200.000000000000000 
36.000000000000000 77.312556312415182 220.000000000000000 
37.000000000000000 84.442945195593737 208.000000000000000 
38.000000000000000 79.445535984570000 1332.000000000000000 
39.000000000000000 81.653081903847308 492.000000000000000 
40.000000000000000 78.088417600602469 289.000000000000000 
41.000000000000000 75.087212199595626 253.000000000000000 
42.000000000000000 83.516035191409415 149.000000000000000 
43.000000000000000 69.074753687981712 262.000000000000000 
44.000000000000000 78.072436537077593 1169.000000000000000 
45.000000000000000 68.694697585447457 384.000000000000000 
46.000000000000000 71.803714246926489 374.000000000000000 
47.000000000000000 80.726110218783830 241.000000000000000 
48.000000000000000 72.214108062830832 269.000000000000000 
49.000000000000000 75.876417799425980 599.000000000000000 
50.000000000000000 92.680060492015144 1133.000000000000000 
51.000000000000000 69.526638930294041 152.000000000000000 
52.000000000000000 68.471508840304878 164.000000000000000 
53.000000000000000 74.054501021974403 156.000000000000000 
54.000000000000000 80.332368627883852 1235.000000000000000 
55.000000000000000 71.022566439795185 959.000000000000000 
56.000000000000000 73.532095071979910 198.000000000000000 
57.000000000000000 66.259269653594941 421.000000000000000 
58.000000000000000 81.962956993199654 310.000000000000000 
59.000000000000000 69.306793791346820 126.000000000000000 
60.000000000000000 81.123452788733687 274.000000000000000 
61.000000000000000 78.216608208982080 150.000000000000000 
62.000000000000000 65.325354172078718 127.000000000000000 
63.000000000000000 75.013817601844892 118.000000000000000 
64.000000000000000 65.341662140292414 496.000000000000000 
65.000000000000000 82.383320781088102 262.000000000000000 
66.000000000000000 62.670568996565393 78.000000000000000 
67.000000000000000 60.776680898894156 154.000000000000000 
68.000000000000000 58.585831421279934 278.000000000000000 
69.000000000000000 67.176273579773962 134.000000000000000 
70.000000000000000 60.217691444389978 249.000000000000000 
71.000000000000000 63.180844345742102 255.000000000000000 
72.000000000000000  0.000000000000000  0.000000000000000 
73.000000000000000  0.000000000000000  0.000000000000000 
74.000000000000000  0.000000000000000  0.000000000000000 
75.000000000000000  0.000000000000000  0.000000000000000 
76.000000000000000  0.000000000000000  0.000000000000000 
77.000000000000000  0.000000000000000  0.000000000000000 
78.000000000000000  0.000000000000000  0.000000000000000 
79.000000000000000  0.000000000000000  0.000000000000000 
80.000000000000000  0.000000000000000  0.000000000000000 
81.000000000000000  0.000000000000000  0.000000000000000 
82.000000000000000  0.000000000000000  0.000000000000000 
83.000000000000000  0.000000000000000  0.000000000000000 
84.000000000000000  0.000000000000000  0.000000000000000 
85.000000000000000  0.000000000000000  0.000000000000000 
86.000000000000000  0.000000000000000  0.000000000000000 
87.000000000000000  0.000000000000000  0.000000000000000 
88.000000000000000  0.000000000000000  0.000000000000000 
89.000000000000000  0.000000000000000  0.000000000000000 
90.000000000000000  0.000000000000000  0.000000000000000 
91.000000000000000  0.000000000000000  0.000000000000000 
92.000000000000000  0.000000000000000  0.000000000000000 
93.000000000000000  0.000000000000000  0.000000000000000 
94.000000000000000  0.000000000000000  0.000000000000000 
95.000000000000000  0.000000000000000  0.000000000000000 
96.000000000000000  0.000000000000000  0.000000000000000 
97.000000000000000  0.000000000000000  0.000000000000000 
98.000000000000000  0.000000000000000  0.000000000000000 
99.000000000000000  0.000000000000000  0.000000000000000 
100.000000000000000  0.000000000000000  0.000000000000000 
101.000000000000000  0.000000000000000  0.000000000000000 
102.000000000000000  0.000000000000000  0.000000000000000 
103.000000000000000  0.000000000000000  0.000000000000000 
104.000000000000000  0.000000000000000  0.000000000000000 
105.000000000000000  0.000000000000000  0.000000000000000 
106.000000000000000  0.000000000000000  0.000000000000000 
107.000000000000000  0.000000000000000  0.000000000000000 
108.000000000000000  0.000000000000000  0.000000000000000 
109.000000000000000  0.000000000000000  0.000000000000000 
110.000000000000000  0.000000000000000  0.000000000000000 
111.000000000000000  0.000000000000000  0.000000000000000 
112.000000000000000  0.000000000000000  0.000000000000000 
113.000000000000000  0.000000000000000  0.000000000000000 
114.000000000000000  0.000000000000000  0.000000000000000 
115.000000000000000  0.000000000000000  0.000000000000000 
116.000000000000000  0.000000000000000  0.000000000000000 
117.000000000000000  0.000000000000000  0.000000000000000 
118.000000000000000  0.000000000000000  0.000000000000000 
119.000000000000000  0.000000000000000  0.000000000000000 
120.000000000000000  0.000000000000000  0.000000000000000 
121.000000000000000  0.000000000000000  0.000000000000000 
122.000000000000000  0.000000000000000  0.000000000000000 
123.000000000000000  0.000000000000000  0.000000000000000 
124.000000000000000  0.000000000000000  0.000000000000000 
125.000000000000000  0.000000000000000  0.000000000000000 
126.000000000000000  0.000000000000000  0.000000000000000 
127.000000000000000  0.000000000000000  0.000000000000000 
