 0.000000000000000 99.526464705133364 947.000000000000000 
 1.000000000000000 82.741632651004281 728.000000000000000 
 2.000000000000000 114.382641275502579 613.000000000000000 
 3.000000000000000 103.274950779234658 190.000000000000000 
 4.000000000000000 89.664113876497680 704.000000000000000 
 5.000000000000000 92.505571810596734 231.000000000000000 
 6.000000000000000 91.575904236139465 574.000000000000000 
 7.000000000000000 95.421521559813527 864.000000000000000 
 8.000000000000000 104.687781866456291 349.000000000000000 
 9.000000000000000 81.856807708480858 182.000000000000000 
10.000000000000000 107.971684590744374 646.000000000000000 
11.000000000000000 95.894886036233828 130.000000000000000 
12.000000000000000 111.527125112666710 167.000000000000000 
13.000000000000000 90.762632734490765 190.000000000000000 
14.000000000000000 98.247496302516566 151.000000000000000 
15.000000000000000 88.247010357141249 171.000000000000000 
16.000000000000000 107.755547012917873 419.000000000000000 
17.000000000000000 81.267164974578534 314.000000000000000 
18.000000000000000 91.973238342823407 439.000000000000000 
19.000000000000000 78.198062673360667 150.000000000000000 
20.000000000000000 86.575479269824015 351.000000000000000 
21.000000000000000 103.140072769862201 432.000000000000000 
22.000000000000000 101.656887135532926 158.000000000000000 
23.000000000000000 76.202603774983530 1093.000000000000000 
24.000000000000000 77.936435027078559 176.000000000000000 
25.000000000000000 96.889281165463146 170.000000000000000 
26.000000000000000 100.565218195680600 895.000000000000000 
27.000000000000000 87.363274209657405 310.000000000000000 
28.000000000000000 99.453394933205587 420.000000000000000 
29.000000000000000 89.759021623690856 228.000000000000000 
30.000000000000000 104.260912080293522 327.000000000000000 
31.000000000000000 102.628295663346563 240.000000000000000 
32.000000000000000 93.608271229800692 145.000000000000000 
33.000000000000000 76.373066485482923 82.000000000000000 
34.000000000000000 104.469132875463970 175.000000000000000 
35.000000000000000 91.344007785802802 279.000000000000000 
36.000000000000000 100.598863109941192 249.000000000000000 
37.000000000000000 97.012391352005039 260.000000000000000 
38.000000000000000 82.849280781403365 1332.000000000000000 
39.000000000000000 109.305870583219203 647.000000000000000 
40.000000000000000 98.483864411230158 332.000000000000000 
41.000000000000000 98.738485383516078 309.000000000000000 
42.000000000000000 74.065606446043148 139.000000000000000 
43.000000000000000 85.813567852390179 301.000000000000000 
44.000000000000000 76.598645044178568 1146.000000000000000 
45.000000000000000 113.731881266725864 389.000000000000000 
46.000000000000000 88.128927652685221 427.000000000000000 
47.000000000000000 81.839747031720989 222.000000000000000 
48.000000000000000 94.979739047548264 350.000000000000000 
49.000000000000000 106.182491790393726 714.000000000000000 
50.000000000000000 90.016482607520118 1112.000000000000000 
51.000000000000000 78.525858965141197 178.000000000000000 
52.000000000000000 82.559185407391325 185.000000000000000 
53.000000000000000 76.178530184693187 161.000000000000000 
54.000000000000000 83.973626672935069 1225.000000000000000 
55.000000000000000 68.387126873923449 926.000000000000000 
56.000000000000000 86.383337890589502 214.000000000000000 
57.000000000000000 89.048251641338823 501.000000000000000 
58.000000000000000 89.165489381707758 294.000000000000000 
59.000000000000000 71.693408689323007 124.000000000000000 
60.000000000000000 72.025013365018253 251.000000000000000 
61.000000000000000 72.199124280583135 141.000000000000000 
62.000000000000000 65.964243354864308 126.000000000000000 
63.000000000000000 67.678515931343370 106.000000000000000 
64.000000000000000  0.000000000000000  0.000000000000000 
65.000000000000000  0.000000000000000  0.000000000000000 
66.000000000000000  0.000000000000000  0.000000000000000 
67.000000000000000  0.000000000000000  0.000000000000000 
68.000000000000000  0.000000000000000  0.000000000000000 
69.000000000000000  0.000000000000000  0.000000000000000 
70.000000000000000  0.000000000000000  0.000000000000000 
71.000000000000000  0.000000000000000  0.000000000000000 
72.000000000000000  0.000000000000000  0.000000000000000 
73.000000000000000  0.000000000000000  0.000000000000000 
74.000000000000000  0.000000000000000  0.000000000000000 
75.000000000000000  0.000000000000000  0.000000000000000 
76.000000000000000  0.000000000000000  0.000000000000000 
77.000000000000000  0.000000000000000  0.000000000000000 
78.000000000000000  0.000000000000000  0.000000000000000 
79.000000000000000  0.000000000000000  0.000000000000000 
80.000000000000000  0.000000000000000  0.000000000000000 
81.000000000000000  0.000000000000000  0.000000000000000 
82.000000000000000  0.000000000000000  0.000000000000000 
83.000000000000000  0.000000000000000  0.000000000000000 
84.000000000000000  0.000000000000000  0.000000000000000 
85.000000000000000  0.000000000000000  0.000000000000000 
86.000000000000000  0.000000000000000  0.000000000000000 
87.000000000000000  0.000000000000000  0.000000000000000 
88.000000000000000  0.000000000000000  0.000000000000000 
89.000000000000000  0.000000000000000  0.000000000000000 
90.000000000000000  0.000000000000000  0.000000000000000 
91.000000000000000  0.000000000000000  0.000000000000000 
92.000000000000000  0.000000000000000  0.000000000000000 
93.000000000000000  0.000000000000000  0.000000000000000 
94.000000000000000  0.000000000000000  0.000000000000000 
95.000000000000000  0.000000000000000  0.000000000000000 
96.000000000000000  0.000000000000000  0.000000000000000 
97.000000000000000  0.000000000000000  0.000000000000000 
98.000000000000000  0.000000000000000  0.000000000000000 
99.000000000000000  0.000000000000000  0.000000000000000 
100.000000000000000  0.000000000000000  0.000000000000000 
101.000000000000000  0.000000000000000  0.000000000000000 
102.000000000000000  0.000000000000000  0.000000000000000 
103.000000000000000  0.000000000000000  0.000000000000000 
104.000000000000000  0.000000000000000  0.000000000000000 
105.000000000000000  0.000000000000000  0.000000000000000 
106.000000000000000  0.000000000000000  0.000000000000000 
107.000000000000000  0.000000000000000  0.000000000000000 
108.000000000000000  0.000000000000000  0.000000000000000 
109.000000000000000  0.000000000000000  0.000000000000000 
110.000000000000000  0.000000000000000  0.000000000000000 
111.000000000000000  0.000000000000000  0.000000000000000 
112.000000000000000  0.000000000000000  0.000000000000000 
113.000000000000000  0.000000000000000  0.000000000000000 
114.000000000000000  0.000000000000000  0.000000000000000 
115.000000000000000  0.000000000000000  0.000000000000000 
116.000000000000000  0.000000000000000  0.000000000000000 
117.000000000000000  0.000000000000000  0.000000000000000 
118.000000000000000  0.000000000000000  0.000000000000000 
119.000000000000000  0.000000000000000  0.000000000000000 
120.000000000000000  0.000000000000000  0.000000000000000 
121.000000000000000  0.000000000000000  0.000000000000000 
122.000000000000000  0.000000000000000  0.000000000000000 
123.000000000000000  0.000000000000000  0.000000000000000 
124.000000000000000  0.000000000000000  0.000000000000000 
125.000000000000000  0.000000000000000  0.000000000000000 
126.000000000000000  0.000000000000000  0.000000000000000 
127.000000000000000  0.000000000000000  0.000000000000000 
