 0.000000000000000 139.146959313895366 1647.000000000000000 
 1.000000000000000 126.177834461596831 1368.000000000000000 
 2.000000000000000 177.818050622350455 959.000000000000000 
 3.000000000000000 159.455426489486939 271.000000000000000 
 4.000000000000000 142.022729196319915 901.000000000000000 
 5.000000000000000 151.609247101306778 346.000000000000000 
 6.000000000000000 155.601283163034196 766.000000000000000 
 7.000000000000000 137.669957474919414 1297.000000000000000 
 8.000000000000000 154.331913250032926 532.000000000000000 
 9.000000000000000 177.930278883488000 442.000000000000000 
10.000000000000000 174.333684394553075 1002.000000000000000 
11.000000000000000 148.986458706648563 198.000000000000000 
12.000000000000000 166.246676112659202 228.000000000000000 
13.000000000000000 148.057309868476466 299.000000000000000 
14.000000000000000 150.617766226088548 201.000000000000000 
15.000000000000000 146.569481885756204 271.000000000000000 
16.000000000000000 174.644001165110581 840.000000000000000 
17.000000000000000 141.817128562723752 326.000000000000000 
18.000000000000000 154.958043077660562 569.000000000000000 
19.000000000000000 151.754656646964150 212.000000000000000 
20.000000000000000 182.590903579801335 649.000000000000000 
21.000000000000000 173.585018086391074 657.000000000000000 
22.000000000000000 153.390403720314197 221.000000000000000 
23.000000000000000 128.017683355881246 1588.000000000000000 
24.000000000000000 148.818687963924702 256.000000000000000 
25.000000000000000 165.603044174427623 249.000000000000000 
26.000000000000000 162.561649736612907 1429.000000000000000 
27.000000000000000 169.435846334490520 421.000000000000000 
28.000000000000000 158.619216533663547 586.000000000000000 
29.000000000000000 183.460926647575661 448.000000000000000 
30.000000000000000 167.602124167880618 393.000000000000000 
31.000000000000000 164.309437051517762 346.000000000000000 
32.000000000000000 138.007833817670502 197.000000000000000 
33.000000000000000 149.719818479637695 151.000000000000000 
34.000000000000000 142.858179515715676 204.000000000000000 
35.000000000000000 188.480646752614859 558.000000000000000 
36.000000000000000 142.135423653095984 278.000000000000000 
37.000000000000000 160.629158358729313 382.000000000000000 
38.000000000000000 196.063963747339329 2109.000000000000000 
39.000000000000000 147.731582526097696 633.000000000000000 
40.000000000000000 137.222672614999112 514.000000000000000 
41.000000000000000 142.009902698289068 435.000000000000000 
42.000000000000000 151.541957990615344 247.000000000000000 
43.000000000000000 158.600518177559167 375.000000000000000 
44.000000000000000  0.000000000000000  0.000000000000000 
45.000000000000000  0.000000000000000  0.000000000000000 
46.000000000000000  0.000000000000000  0.000000000000000 
47.000000000000000  0.000000000000000  0.000000000000000 
48.000000000000000  0.000000000000000  0.000000000000000 
49.000000000000000  0.000000000000000  0.000000000000000 
50.000000000000000  0.000000000000000  0.000000000000000 
51.000000000000000  0.000000000000000  0.000000000000000 
52.000000000000000  0.000000000000000  0.000000000000000 
53.000000000000000  0.000000000000000  0.000000000000000 
54.000000000000000  0.000000000000000  0.000000000000000 
55.000000000000000  0.000000000000000  0.000000000000000 
56.000000000000000  0.000000000000000  0.000000000000000 
57.000000000000000  0.000000000000000  0.000000000000000 
58.000000000000000  0.000000000000000  0.000000000000000 
59.000000000000000  0.000000000000000  0.000000000000000 
60.000000000000000  0.000000000000000  0.000000000000000 
61.000000000000000  0.000000000000000  0.000000000000000 
62.000000000000000  0.000000000000000  0.000000000000000 
63.000000000000000  0.000000000000000  0.000000000000000 
64.000000000000000  0.000000000000000  0.000000000000000 
65.000000000000000  0.000000000000000  0.000000000000000 
66.000000000000000  0.000000000000000  0.000000000000000 
67.000000000000000  0.000000000000000  0.000000000000000 
68.000000000000000  0.000000000000000  0.000000000000000 
69.000000000000000  0.000000000000000  0.000000000000000 
70.000000000000000  0.000000000000000  0.000000000000000 
71.000000000000000  0.000000000000000  0.000000000000000 
72.000000000000000  0.000000000000000  0.000000000000000 
73.000000000000000  0.000000000000000  0.000000000000000 
74.000000000000000  0.000000000000000  0.000000000000000 
75.000000000000000  0.000000000000000  0.000000000000000 
76.000000000000000  0.000000000000000  0.000000000000000 
77.000000000000000  0.000000000000000  0.000000000000000 
78.000000000000000  0.000000000000000  0.000000000000000 
79.000000000000000  0.000000000000000  0.000000000000000 
80.000000000000000  0.000000000000000  0.000000000000000 
81.000000000000000  0.000000000000000  0.000000000000000 
82.000000000000000  0.000000000000000  0.000000000000000 
83.000000000000000  0.000000000000000  0.000000000000000 
84.000000000000000  0.000000000000000  0.000000000000000 
85.000000000000000  0.000000000000000  0.000000000000000 
86.000000000000000  0.000000000000000  0.000000000000000 
87.000000000000000  0.000000000000000  0.000000000000000 
88.000000000000000  0.000000000000000  0.000000000000000 
89.000000000000000  0.000000000000000  0.000000000000000 
90.000000000000000  0.000000000000000  0.000000000000000 
91.000000000000000  0.000000000000000  0.000000000000000 
92.000000000000000  0.000000000000000  0.000000000000000 
93.000000000000000  0.000000000000000  0.000000000000000 
94.000000000000000  0.000000000000000  0.000000000000000 
95.000000000000000  0.000000000000000  0.000000000000000 
96.000000000000000  0.000000000000000  0.000000000000000 
97.000000000000000  0.000000000000000  0.000000000000000 
98.000000000000000  0.000000000000000  0.000000000000000 
99.000000000000000  0.000000000000000  0.000000000000000 
100.000000000000000  0.000000000000000  0.000000000000000 
101.000000000000000  0.000000000000000  0.000000000000000 
102.000000000000000  0.000000000000000  0.000000000000000 
103.000000000000000  0.000000000000000  0.000000000000000 
104.000000000000000  0.000000000000000  0.000000000000000 
105.000000000000000  0.000000000000000  0.000000000000000 
106.000000000000000  0.000000000000000  0.000000000000000 
107.000000000000000  0.000000000000000  0.000000000000000 
108.000000000000000  0.000000000000000  0.000000000000000 
109.000000000000000  0.000000000000000  0.000000000000000 
110.000000000000000  0.000000000000000  0.000000000000000 
111.000000000000000  0.000000000000000  0.000000000000000 
112.000000000000000  0.000000000000000  0.000000000000000 
113.000000000000000  0.000000000000000  0.000000000000000 
114.000000000000000  0.000000000000000  0.000000000000000 
115.000000000000000  0.000000000000000  0.000000000000000 
116.000000000000000  0.000000000000000  0.000000000000000 
117.000000000000000  0.000000000000000  0.000000000000000 
118.000000000000000  0.000000000000000  0.000000000000000 
119.000000000000000  0.000000000000000  0.000000000000000 
120.000000000000000  0.000000000000000  0.000000000000000 
121.000000000000000  0.000000000000000  0.000000000000000 
122.000000000000000  0.000000000000000  0.000000000000000 
123.000000000000000  0.000000000000000  0.000000000000000 
124.000000000000000  0.000000000000000  0.000000000000000 
125.000000000000000  0.000000000000000  0.000000000000000 
126.000000000000000  0.000000000000000  0.000000000000000 
127.000000000000000  0.000000000000000  0.000000000000000 
