 0.000000000000000 62.477754489109699 760.000000000000000 
 1.000000000000000 61.334428198935377 599.000000000000000 
 2.000000000000000 68.224278413173792 512.000000000000000 
 3.000000000000000 70.228171956997372 220.000000000000000 
 4.000000000000000 62.492995767916042 840.000000000000000 
 5.000000000000000 77.836801152531478 240.000000000000000 
 6.000000000000000 67.895165832136144 475.000000000000000 
 7.000000000000000 62.969383038821000 454.000000000000000 
 8.000000000000000 77.587307959282739 290.000000000000000 
 9.000000000000000 68.125191760504862 162.000000000000000 
10.000000000000000 56.151949162082389 467.000000000000000 
11.000000000000000 59.914666583863458 89.000000000000000 
12.000000000000000 63.701662625658692 102.000000000000000 
13.000000000000000 60.255356291055300 130.000000000000000 
14.000000000000000 58.052589344999994 86.000000000000000 
15.000000000000000 68.979186790290598 181.000000000000000 
16.000000000000000 57.513967985967582 222.000000000000000 
17.000000000000000 71.216900380612742 299.000000000000000 
18.000000000000000 66.250689111252186 457.000000000000000 
19.000000000000000 67.150804203496520 129.000000000000000 
20.000000000000000 68.675836086949573 273.000000000000000 
21.000000000000000 56.315824756704203 252.000000000000000 
22.000000000000000 78.375367772657768 135.000000000000000 
23.000000000000000 73.525036958692056 958.000000000000000 
24.000000000000000 73.356445406701212 160.000000000000000 
25.000000000000000 72.613121409994733 139.000000000000000 
26.000000000000000 74.475338462075342 763.000000000000000 
27.000000000000000 75.053704557360604 282.000000000000000 
28.000000000000000 73.913565803208158 367.000000000000000 
29.000000000000000 75.659926385169854 215.000000000000000 
30.000000000000000 80.545176745348854 270.000000000000000 
31.000000000000000 73.329860854450800 177.000000000000000 
32.000000000000000 57.170936013240841 96.000000000000000 
33.000000000000000 65.839599483507328 82.000000000000000 
34.000000000000000 64.601290608299394 158.000000000000000 
35.000000000000000 63.614453504850886 200.000000000000000 
36.000000000000000 80.102086188396456 226.000000000000000 
37.000000000000000 80.485265867309224 217.000000000000000 
38.000000000000000 62.506519048713756 1165.000000000000000 
39.000000000000000 65.210372758183397 424.000000000000000 
40.000000000000000 68.063754257214640 205.000000000000000 
41.000000000000000 64.668684837405507 199.000000000000000 
42.000000000000000 75.096987735646294 147.000000000000000 
43.000000000000000 78.223851479860429 273.000000000000000 
44.000000000000000 60.974700510451989 953.000000000000000 
45.000000000000000 61.463850794484408 361.000000000000000 
46.000000000000000 69.506475804398548 355.000000000000000 
47.000000000000000 72.901961200233629 231.000000000000000 
48.000000000000000 68.801416309715691 246.000000000000000 
49.000000000000000 69.943818201768863 572.000000000000000 
50.000000000000000 69.338022271326864 926.000000000000000 
51.000000000000000 71.886039205194763 159.000000000000000 
52.000000000000000 59.949692370533327 150.000000000000000 
53.000000000000000 66.716846421390173 163.000000000000000 
54.000000000000000 55.966138522770102 1075.000000000000000 
55.000000000000000 56.276607640908693 783.000000000000000 
56.000000000000000 61.667314561648695 171.000000000000000 
57.000000000000000 71.493222832516182 426.000000000000000 
58.000000000000000 79.001107471263026 321.000000000000000 
59.000000000000000 63.992123220959400 128.000000000000000 
60.000000000000000 67.274778957705962 241.000000000000000 
61.000000000000000 71.430898129751270 144.000000000000000 
62.000000000000000 57.396876052621181 118.000000000000000 
63.000000000000000 76.213215902797359 114.000000000000000 
64.000000000000000 66.021627135228854 487.000000000000000 
65.000000000000000 74.460401129093910 236.000000000000000 
66.000000000000000 54.652221008113166 76.000000000000000 
67.000000000000000 60.497345504279153 152.000000000000000 
68.000000000000000 66.265380808106940 323.000000000000000 
69.000000000000000 65.792937578672181 131.000000000000000 
70.000000000000000 59.223902381555291 256.000000000000000 
71.000000000000000 74.213506561769606 341.000000000000000 
72.000000000000000 62.348326061509404 947.000000000000000 
73.000000000000000 58.932651309001848 359.000000000000000 
74.000000000000000 43.984090871504584 84.000000000000000 
75.000000000000000 52.310309008366971 112.000000000000000 
76.000000000000000 45.122682656075845 58.000000000000000 
77.000000000000000 67.721950492762915 432.000000000000000 
78.000000000000000 47.060126346565184 273.000000000000000 
79.000000000000000  0.000000000000000  0.000000000000000 
80.000000000000000  0.000000000000000  0.000000000000000 
81.000000000000000  0.000000000000000  0.000000000000000 
82.000000000000000  0.000000000000000  0.000000000000000 
83.000000000000000  0.000000000000000  0.000000000000000 
84.000000000000000  0.000000000000000  0.000000000000000 
85.000000000000000  0.000000000000000  0.000000000000000 
86.000000000000000  0.000000000000000  0.000000000000000 
87.000000000000000  0.000000000000000  0.000000000000000 
88.000000000000000  0.000000000000000  0.000000000000000 
89.000000000000000  0.000000000000000  0.000000000000000 
90.000000000000000  0.000000000000000  0.000000000000000 
91.000000000000000  0.000000000000000  0.000000000000000 
92.000000000000000  0.000000000000000  0.000000000000000 
93.000000000000000  0.000000000000000  0.000000000000000 
94.000000000000000  0.000000000000000  0.000000000000000 
95.000000000000000  0.000000000000000  0.000000000000000 
96.000000000000000  0.000000000000000  0.000000000000000 
97.000000000000000  0.000000000000000  0.000000000000000 
98.000000000000000  0.000000000000000  0.000000000000000 
99.000000000000000  0.000000000000000  0.000000000000000 
100.000000000000000  0.000000000000000  0.000000000000000 
101.000000000000000  0.000000000000000  0.000000000000000 
102.000000000000000  0.000000000000000  0.000000000000000 
103.000000000000000  0.000000000000000  0.000000000000000 
104.000000000000000  0.000000000000000  0.000000000000000 
105.000000000000000  0.000000000000000  0.000000000000000 
106.000000000000000  0.000000000000000  0.000000000000000 
107.000000000000000  0.000000000000000  0.000000000000000 
108.000000000000000  0.000000000000000  0.000000000000000 
109.000000000000000  0.000000000000000  0.000000000000000 
110.000000000000000  0.000000000000000  0.000000000000000 
111.000000000000000  0.000000000000000  0.000000000000000 
112.000000000000000  0.000000000000000  0.000000000000000 
113.000000000000000  0.000000000000000  0.000000000000000 
114.000000000000000  0.000000000000000  0.000000000000000 
115.000000000000000  0.000000000000000  0.000000000000000 
116.000000000000000  0.000000000000000  0.000000000000000 
117.000000000000000  0.000000000000000  0.000000000000000 
118.000000000000000  0.000000000000000  0.000000000000000 
119.000000000000000  0.000000000000000  0.000000000000000 
120.000000000000000  0.000000000000000  0.000000000000000 
121.000000000000000  0.000000000000000  0.000000000000000 
122.000000000000000  0.000000000000000  0.000000000000000 
123.000000000000000  0.000000000000000  0.000000000000000 
124.000000000000000  0.000000000000000  0.000000000000000 
125.000000000000000  0.000000000000000  0.000000000000000 
126.000000000000000  0.000000000000000  0.000000000000000 
127.000000000000000  0.000000000000000  0.000000000000000 
