 0.000000000000000 43.465506489081754 639.000000000000000 
 1.000000000000000 36.661739265797458 361.000000000000000 
 2.000000000000000 45.609921542002667 355.000000000000000 
 3.000000000000000 50.580956805029729 199.000000000000000 
 4.000000000000000 49.523276038610028 778.000000000000000 
 5.000000000000000 51.658613890424299 173.000000000000000 
 6.000000000000000 49.634224984586041 378.000000000000000 
 7.000000000000000 44.981364694124125 322.000000000000000 
 8.000000000000000 49.529610135839256 260.000000000000000 
 9.000000000000000 40.699384695100690 115.000000000000000 
10.000000000000000 55.772653276632305 494.000000000000000 
11.000000000000000 31.753380737566662 54.000000000000000 
12.000000000000000 47.733091239899444 89.000000000000000 
13.000000000000000 40.992655775988851 97.000000000000000 
14.000000000000000 49.644616997179504 78.000000000000000 
15.000000000000000 44.108340980179015 124.000000000000000 
16.000000000000000 34.518663670334959 167.000000000000000 
17.000000000000000 40.896117791908708 191.000000000000000 
18.000000000000000 50.370242882453304 407.000000000000000 
19.000000000000000 54.457656361508342 120.000000000000000 
20.000000000000000 43.560533104825588 211.000000000000000 
21.000000000000000 39.859496905620219 184.000000000000000 
22.000000000000000 49.539735366684098 107.000000000000000 
23.000000000000000 44.761913226809867 721.000000000000000 
24.000000000000000 49.031920242270509 116.000000000000000 
25.000000000000000 47.730665023526541 109.000000000000000 
26.000000000000000 59.997481787543990 686.000000000000000 
27.000000000000000 38.370002235188629 176.000000000000000 
28.000000000000000 53.548811531023759 305.000000000000000 
29.000000000000000 42.274894805812792 160.000000000000000 
30.000000000000000 48.924581227310426 151.000000000000000 
31.000000000000000 44.001271079303223 105.000000000000000 
32.000000000000000 45.327018250350790 80.000000000000000 
33.000000000000000 55.658117712323531 68.000000000000000 
34.000000000000000 44.752485887499986 120.000000000000000 
35.000000000000000 37.826941586417291 120.000000000000000 
36.000000000000000 50.069860329072554 148.000000000000000 
37.000000000000000 47.384230689322891 115.000000000000000 
38.000000000000000 44.209230866653442 931.000000000000000 
39.000000000000000 50.555467786447082 366.000000000000000 
40.000000000000000 37.030478817635839 120.000000000000000 
41.000000000000000 53.047890675034935 217.000000000000000 
42.000000000000000 57.144024322033879 118.000000000000000 
43.000000000000000 49.559819835922497 186.000000000000000 
44.000000000000000 52.954692237516426 699.000000000000000 
45.000000000000000 38.291321733338108 245.000000000000000 
46.000000000000000 34.137795204989160 162.000000000000000 
47.000000000000000 60.292315726716225 201.000000000000000 
48.000000000000000 43.594672267560185 130.000000000000000 
49.000000000000000 53.310844961203081 478.000000000000000 
50.000000000000000 53.103956569736162 737.000000000000000 
51.000000000000000 49.050440858153976 139.000000000000000 
52.000000000000000 46.978999163510785 130.000000000000000 
53.000000000000000 51.234069903499353 161.000000000000000 
54.000000000000000 36.748098281810940 829.000000000000000 
55.000000000000000 33.554844624520030 572.000000000000000 
56.000000000000000 55.644541645405504 148.000000000000000 
57.000000000000000 48.205318059687990 259.000000000000000 
58.000000000000000 41.620345891497003 167.000000000000000 
59.000000000000000 49.297342248299991 100.000000000000000 
60.000000000000000 37.615663229328341 170.000000000000000 
61.000000000000000 48.476090746604399 106.000000000000000 
62.000000000000000 34.082063018356166 73.000000000000000 
63.000000000000000 54.892756691230268 86.000000000000000 
64.000000000000000 41.057380509722819 418.000000000000000 
65.000000000000000 41.644893548460395 162.000000000000000 
66.000000000000000 41.963399713728123 64.000000000000000 
67.000000000000000 45.603500951695239 126.000000000000000 
68.000000000000000 36.314384552073790 188.000000000000000 
69.000000000000000 43.603128697223021 164.000000000000000 
70.000000000000000 48.258475030553164 277.000000000000000 
71.000000000000000 49.405110044145495 258.000000000000000 
72.000000000000000 51.787906438639673 857.000000000000000 
73.000000000000000 38.624624523100003 270.000000000000000 
74.000000000000000 39.438453863355754 93.000000000000000 
75.000000000000000 44.833227278749042 104.000000000000000 
76.000000000000000 31.431597698018606 43.000000000000000 
77.000000000000000 43.047670053973278 440.000000000000000 
78.000000000000000 37.857816160207946 220.000000000000000 
79.000000000000000 44.048233941802160 218.000000000000000 
80.000000000000000 41.598947830054591 289.000000000000000 
81.000000000000000 34.935905100761971 108.000000000000000 
82.000000000000000 30.990241359644767 267.000000000000000 
83.000000000000000 46.020061790750155 100.000000000000000 
84.000000000000000 40.810939374151332 76.000000000000000 
85.000000000000000 35.617501123426578 113.000000000000000 
86.000000000000000 37.150741035503607 79.000000000000000 
87.000000000000000 36.543729677539829 87.000000000000000 
88.000000000000000 41.303559094136808 216.000000000000000 
89.000000000000000 37.695316830715782 108.000000000000000 
90.000000000000000 49.826729661922997 884.000000000000000 
91.000000000000000 46.284816362081969 722.000000000000000 
92.000000000000000 41.891501816747819 161.000000000000000 
93.000000000000000 40.157887671986494 246.000000000000000 
94.000000000000000 41.782501665535605 205.000000000000000 
95.000000000000000 36.239557672067406 293.000000000000000 
96.000000000000000 40.326414433095280 421.000000000000000 
97.000000000000000 26.491483847566524 36.000000000000000 
98.000000000000000 37.958745765568686 182.000000000000000 
99.000000000000000 39.973805485035122 285.000000000000000 
100.000000000000000 30.009872350302668 89.000000000000000 
101.000000000000000 38.224735097747391 200.000000000000000 
102.000000000000000 37.298945294928942 236.000000000000000 
103.000000000000000 33.297246045603956 83.000000000000000 
104.000000000000000  0.000000000000000  0.000000000000000 
105.000000000000000  0.000000000000000  0.000000000000000 
106.000000000000000  0.000000000000000  0.000000000000000 
107.000000000000000  0.000000000000000  0.000000000000000 
108.000000000000000  0.000000000000000  0.000000000000000 
109.000000000000000  0.000000000000000  0.000000000000000 
110.000000000000000  0.000000000000000  0.000000000000000 
111.000000000000000  0.000000000000000  0.000000000000000 
112.000000000000000  0.000000000000000  0.000000000000000 
113.000000000000000  0.000000000000000  0.000000000000000 
114.000000000000000  0.000000000000000  0.000000000000000 
115.000000000000000  0.000000000000000  0.000000000000000 
116.000000000000000  0.000000000000000  0.000000000000000 
117.000000000000000  0.000000000000000  0.000000000000000 
118.000000000000000  0.000000000000000  0.000000000000000 
119.000000000000000  0.000000000000000  0.000000000000000 
120.000000000000000  0.000000000000000  0.000000000000000 
121.000000000000000  0.000000000000000  0.000000000000000 
122.000000000000000  0.000000000000000  0.000000000000000 
123.000000000000000  0.000000000000000  0.000000000000000 
124.000000000000000  0.000000000000000  0.000000000000000 
125.000000000000000  0.000000000000000  0.000000000000000 
126.000000000000000  0.000000000000000  0.000000000000000 
127.000000000000000  0.000000000000000  0.000000000000000 
