 0.000000000000000 488.857153312668970 3387.000000000000000 
 1.000000000000000 435.719144760716404 3504.000000000000000 
 2.000000000000000 434.457267806104937 1058.000000000000000 
 3.000000000000000 439.068546785236947 658.000000000000000 
 4.000000000000000 439.853914673369843 2182.000000000000000 
 5.000000000000000 428.939760461505898 542.000000000000000 
 6.000000000000000 421.389023833813042 995.000000000000000 
 7.000000000000000 438.289112821161098 2191.000000000000000 
 8.000000000000000 413.507806021066642 1048.000000000000000 
 9.000000000000000 392.329553031950468 606.000000000000000 
10.000000000000000 455.494072469680759 1959.000000000000000 
11.000000000000000 502.202975885601006 480.000000000000000 
12.000000000000000 473.751683024130557 600.000000000000000 
13.000000000000000 480.466037315714516 736.000000000000000 
14.000000000000000 440.616198258516818 447.000000000000000 
15.000000000000000 498.336664297131335 494.000000000000000 
16.000000000000000 442.320838993805467 1155.000000000000000 
17.000000000000000 373.771335741581026 553.000000000000000 
18.000000000000000 418.150639304499805 1057.000000000000000 
19.000000000000000 438.892011302779906 516.000000000000000 
20.000000000000000 396.658870929131183 1061.000000000000000 
21.000000000000000 342.034690163212360 772.000000000000000 
22.000000000000000  0.000000000000000  0.000000000000000 
23.000000000000000  0.000000000000000  0.000000000000000 
24.000000000000000  0.000000000000000  0.000000000000000 
25.000000000000000  0.000000000000000  0.000000000000000 
26.000000000000000  0.000000000000000  0.000000000000000 
27.000000000000000  0.000000000000000  0.000000000000000 
28.000000000000000  0.000000000000000  0.000000000000000 
29.000000000000000  0.000000000000000  0.000000000000000 
30.000000000000000  0.000000000000000  0.000000000000000 
31.000000000000000  0.000000000000000  0.000000000000000 
32.000000000000000  0.000000000000000  0.000000000000000 
33.000000000000000  0.000000000000000  0.000000000000000 
34.000000000000000  0.000000000000000  0.000000000000000 
35.000000000000000  0.000000000000000  0.000000000000000 
36.000000000000000  0.000000000000000  0.000000000000000 
37.000000000000000  0.000000000000000  0.000000000000000 
38.000000000000000  0.000000000000000  0.000000000000000 
39.000000000000000  0.000000000000000  0.000000000000000 
40.000000000000000  0.000000000000000  0.000000000000000 
41.000000000000000  0.000000000000000  0.000000000000000 
42.000000000000000  0.000000000000000  0.000000000000000 
43.000000000000000  0.000000000000000  0.000000000000000 
44.000000000000000  0.000000000000000  0.000000000000000 
45.000000000000000  0.000000000000000  0.000000000000000 
46.000000000000000  0.000000000000000  0.000000000000000 
47.000000000000000  0.000000000000000  0.000000000000000 
48.000000000000000  0.000000000000000  0.000000000000000 
49.000000000000000  0.000000000000000  0.000000000000000 
50.000000000000000  0.000000000000000  0.000000000000000 
51.000000000000000  0.000000000000000  0.000000000000000 
52.000000000000000  0.000000000000000  0.000000000000000 
53.000000000000000  0.000000000000000  0.000000000000000 
54.000000000000000  0.000000000000000  0.000000000000000 
55.000000000000000  0.000000000000000  0.000000000000000 
56.000000000000000  0.000000000000000  0.000000000000000 
57.000000000000000  0.000000000000000  0.000000000000000 
58.000000000000000  0.000000000000000  0.000000000000000 
59.000000000000000  0.000000000000000  0.000000000000000 
60.000000000000000  0.000000000000000  0.000000000000000 
61.000000000000000  0.000000000000000  0.000000000000000 
62.000000000000000  0.000000000000000  0.000000000000000 
63.000000000000000  0.000000000000000  0.000000000000000 
64.000000000000000  0.000000000000000  0.000000000000000 
65.000000000000000  0.000000000000000  0.000000000000000 
66.000000000000000  0.000000000000000  0.000000000000000 
67.000000000000000  0.000000000000000  0.000000000000000 
68.000000000000000  0.000000000000000  0.000000000000000 
69.000000000000000  0.000000000000000  0.000000000000000 
70.000000000000000  0.000000000000000  0.000000000000000 
71.000000000000000  0.000000000000000  0.000000000000000 
72.000000000000000  0.000000000000000  0.000000000000000 
73.000000000000000  0.000000000000000  0.000000000000000 
74.000000000000000  0.000000000000000  0.000000000000000 
75.000000000000000  0.000000000000000  0.000000000000000 
76.000000000000000  0.000000000000000  0.000000000000000 
77.000000000000000  0.000000000000000  0.000000000000000 
78.000000000000000  0.000000000000000  0.000000000000000 
79.000000000000000  0.000000000000000  0.000000000000000 
80.000000000000000  0.000000000000000  0.000000000000000 
81.000000000000000  0.000000000000000  0.000000000000000 
82.000000000000000  0.000000000000000  0.000000000000000 
83.000000000000000  0.000000000000000  0.000000000000000 
84.000000000000000  0.000000000000000  0.000000000000000 
85.000000000000000  0.000000000000000  0.000000000000000 
86.000000000000000  0.000000000000000  0.000000000000000 
87.000000000000000  0.000000000000000  0.000000000000000 
88.000000000000000  0.000000000000000  0.000000000000000 
89.000000000000000  0.000000000000000  0.000000000000000 
90.000000000000000  0.000000000000000  0.000000000000000 
91.000000000000000  0.000000000000000  0.000000000000000 
92.000000000000000  0.000000000000000  0.000000000000000 
93.000000000000000  0.000000000000000  0.000000000000000 
94.000000000000000  0.000000000000000  0.000000000000000 
95.000000000000000  0.000000000000000  0.000000000000000 
96.000000000000000  0.000000000000000  0.000000000000000 
97.000000000000000  0.000000000000000  0.000000000000000 
98.000000000000000  0.000000000000000  0.000000000000000 
99.000000000000000  0.000000000000000  0.000000000000000 
100.000000000000000  0.000000000000000  0.000000000000000 
101.000000000000000  0.000000000000000  0.000000000000000 
102.000000000000000  0.000000000000000  0.000000000000000 
103.000000000000000  0.000000000000000  0.000000000000000 
104.000000000000000  0.000000000000000  0.000000000000000 
105.000000000000000  0.000000000000000  0.000000000000000 
106.000000000000000  0.000000000000000  0.000000000000000 
107.000000000000000  0.000000000000000  0.000000000000000 
108.000000000000000  0.000000000000000  0.000000000000000 
109.000000000000000  0.000000000000000  0.000000000000000 
110.000000000000000  0.000000000000000  0.000000000000000 
111.000000000000000  0.000000000000000  0.000000000000000 
112.000000000000000  0.000000000000000  0.000000000000000 
113.000000000000000  0.000000000000000  0.000000000000000 
114.000000000000000  0.000000000000000  0.000000000000000 
115.000000000000000  0.000000000000000  0.000000000000000 
116.000000000000000  0.000000000000000  0.000000000000000 
117.000000000000000  0.000000000000000  0.000000000000000 
118.000000000000000  0.000000000000000  0.000000000000000 
119.000000000000000  0.000000000000000  0.000000000000000 
120.000000000000000  0.000000000000000  0.000000000000000 
121.000000000000000  0.000000000000000  0.000000000000000 
122.000000000000000  0.000000000000000  0.000000000000000 
123.000000000000000  0.000000000000000  0.000000000000000 
124.000000000000000  0.000000000000000  0.000000000000000 
125.000000000000000  0.000000000000000  0.000000000000000 
126.000000000000000  0.000000000000000  0.000000000000000 
127.000000000000000  0.000000000000000  0.000000000000000 
