 0.000000000000000 99.526464705133250 947.000000000000000 
 1.000000000000000 80.744594911069456 727.000000000000000 
 2.000000000000000 115.639603668626648 624.000000000000000 
 3.000000000000000 107.965788556958145 199.000000000000000 
 4.000000000000000 89.502129340600987 703.000000000000000 
 5.000000000000000 93.458172584292726 234.000000000000000 
 6.000000000000000 93.050181963965002 570.000000000000000 
 7.000000000000000 95.214977623299077 862.000000000000000 
 8.000000000000000 106.850644010792635 353.000000000000000 
 9.000000000000000 83.000344489216502 182.000000000000000 
10.000000000000000 109.158655020187794 655.000000000000000 
11.000000000000000 89.834784666241163 120.000000000000000 
12.000000000000000 113.796314183019732 168.000000000000000 
13.000000000000000 96.162901727208606 201.000000000000000 
14.000000000000000 97.688060618266661 150.000000000000000 
15.000000000000000 85.891312630985141 163.000000000000000 
16.000000000000000 107.755547012917859 419.000000000000000 
17.000000000000000 87.198933599233186 327.000000000000000 
18.000000000000000 96.900550254865252 458.000000000000000 
19.000000000000000 118.855241203980810 182.000000000000000 
20.000000000000000 86.272006955690600 355.000000000000000 
21.000000000000000 106.923454070624715 439.000000000000000 
22.000000000000000 103.187985071284615 162.000000000000000 
23.000000000000000 76.805980897655516 1097.000000000000000 
24.000000000000000 79.873780072472698 180.000000000000000 
25.000000000000000 94.565699702154490 172.000000000000000 
26.000000000000000 102.394579226671894 906.000000000000000 
27.000000000000000 91.053794872519262 317.000000000000000 
28.000000000000000 102.451283542200343 427.000000000000000 
29.000000000000000 91.366629459851850 232.000000000000000 
30.000000000000000 108.535491485991685 341.000000000000000 
31.000000000000000 107.707020251925712 255.000000000000000 
32.000000000000000 97.818362952488400 152.000000000000000 
33.000000000000000 75.660841836750649 81.000000000000000 
34.000000000000000 108.173730200733146 178.000000000000000 
35.000000000000000 96.605279614725973 285.000000000000000 
36.000000000000000 107.595779528138721 246.000000000000000 
37.000000000000000 99.141388761609846 266.000000000000000 
38.000000000000000 82.849280781403337 1332.000000000000000 
39.000000000000000 108.492888693669727 648.000000000000000 
40.000000000000000 96.225614954164172 332.000000000000000 
41.000000000000000 100.776574099451906 312.000000000000000 
42.000000000000000 70.249568722272727 132.000000000000000 
43.000000000000000 78.748997874662194 275.000000000000000 
44.000000000000000 76.598645044178497 1146.000000000000000 
45.000000000000000 114.817535645899412 392.000000000000000 
46.000000000000000 88.602262647330178 427.000000000000000 
47.000000000000000 92.286198998524199 215.000000000000000 
48.000000000000000 99.037662112509523 358.000000000000000 
49.000000000000000 109.520752453833182 722.000000000000000 
50.000000000000000 90.016482607519961 1112.000000000000000 
51.000000000000000 83.387100517361120 166.000000000000000 
52.000000000000000 85.443144732041716 187.000000000000000 
53.000000000000000 82.970151583883663 174.000000000000000 
54.000000000000000 83.973626672935069 1225.000000000000000 
55.000000000000000 68.387126873923393 926.000000000000000 
56.000000000000000 88.564667650578201 215.000000000000000 
57.000000000000000 91.708490415169294 486.000000000000000 
58.000000000000000 84.454721949767332 304.000000000000000 
59.000000000000000 72.672460538574569 122.000000000000000 
60.000000000000000 69.971133135786317 211.000000000000000 
61.000000000000000 62.716184549896141 124.000000000000000 
62.000000000000000 64.241557241099173 123.000000000000000 
63.000000000000000  0.000000000000000  0.000000000000000 
64.000000000000000  0.000000000000000  0.000000000000000 
65.000000000000000  0.000000000000000  0.000000000000000 
66.000000000000000  0.000000000000000  0.000000000000000 
67.000000000000000  0.000000000000000  0.000000000000000 
68.000000000000000  0.000000000000000  0.000000000000000 
69.000000000000000  0.000000000000000  0.000000000000000 
70.000000000000000  0.000000000000000  0.000000000000000 
71.000000000000000  0.000000000000000  0.000000000000000 
72.000000000000000  0.000000000000000  0.000000000000000 
73.000000000000000  0.000000000000000  0.000000000000000 
74.000000000000000  0.000000000000000  0.000000000000000 
75.000000000000000  0.000000000000000  0.000000000000000 
76.000000000000000  0.000000000000000  0.000000000000000 
77.000000000000000  0.000000000000000  0.000000000000000 
78.000000000000000  0.000000000000000  0.000000000000000 
79.000000000000000  0.000000000000000  0.000000000000000 
80.000000000000000  0.000000000000000  0.000000000000000 
81.000000000000000  0.000000000000000  0.000000000000000 
82.000000000000000  0.000000000000000  0.000000000000000 
83.000000000000000  0.000000000000000  0.000000000000000 
84.000000000000000  0.000000000000000  0.000000000000000 
85.000000000000000  0.000000000000000  0.000000000000000 
86.000000000000000  0.000000000000000  0.000000000000000 
87.000000000000000  0.000000000000000  0.000000000000000 
88.000000000000000  0.000000000000000  0.000000000000000 
89.000000000000000  0.000000000000000  0.000000000000000 
90.000000000000000  0.000000000000000  0.000000000000000 
91.000000000000000  0.000000000000000  0.000000000000000 
92.000000000000000  0.000000000000000  0.000000000000000 
93.000000000000000  0.000000000000000  0.000000000000000 
94.000000000000000  0.000000000000000  0.000000000000000 
95.000000000000000  0.000000000000000  0.000000000000000 
96.000000000000000  0.000000000000000  0.000000000000000 
97.000000000000000  0.000000000000000  0.000000000000000 
98.000000000000000  0.000000000000000  0.000000000000000 
99.000000000000000  0.000000000000000  0.000000000000000 
100.000000000000000  0.000000000000000  0.000000000000000 
101.000000000000000  0.000000000000000  0.000000000000000 
102.000000000000000  0.000000000000000  0.000000000000000 
103.000000000000000  0.000000000000000  0.000000000000000 
104.000000000000000  0.000000000000000  0.000000000000000 
105.000000000000000  0.000000000000000  0.000000000000000 
106.000000000000000  0.000000000000000  0.000000000000000 
107.000000000000000  0.000000000000000  0.000000000000000 
108.000000000000000  0.000000000000000  0.000000000000000 
109.000000000000000  0.000000000000000  0.000000000000000 
110.000000000000000  0.000000000000000  0.000000000000000 
111.000000000000000  0.000000000000000  0.000000000000000 
112.000000000000000  0.000000000000000  0.000000000000000 
113.000000000000000  0.000000000000000  0.000000000000000 
114.000000000000000  0.000000000000000  0.000000000000000 
115.000000000000000  0.000000000000000  0.000000000000000 
116.000000000000000  0.000000000000000  0.000000000000000 
117.000000000000000  0.000000000000000  0.000000000000000 
118.000000000000000  0.000000000000000  0.000000000000000 
119.000000000000000  0.000000000000000  0.000000000000000 
120.000000000000000  0.000000000000000  0.000000000000000 
121.000000000000000  0.000000000000000  0.000000000000000 
122.000000000000000  0.000000000000000  0.000000000000000 
123.000000000000000  0.000000000000000  0.000000000000000 
124.000000000000000  0.000000000000000  0.000000000000000 
125.000000000000000  0.000000000000000  0.000000000000000 
126.000000000000000  0.000000000000000  0.000000000000000 
127.000000000000000  0.000000000000000  0.000000000000000 
