 0.000000000000000 99.526464705133250 947.000000000000000 
 1.000000000000000 80.745383109532398 727.000000000000000 
 2.000000000000000 114.779023736289062 624.000000000000000 
 3.000000000000000 108.774132394896853 200.000000000000000 
 4.000000000000000 88.824470915890657 701.000000000000000 
 5.000000000000000 94.897117634854624 237.000000000000000 
 6.000000000000000 94.134718852349792 569.000000000000000 
 7.000000000000000 95.039998608953454 861.000000000000000 
 8.000000000000000 107.594123041033825 355.000000000000000 
 9.000000000000000 82.351221910177102 181.000000000000000 
10.000000000000000 109.038251314800959 655.000000000000000 
11.000000000000000 87.993075403369517 118.000000000000000 
12.000000000000000 111.844308811243280 166.000000000000000 
13.000000000000000 94.940391525250888 200.000000000000000 
14.000000000000000 97.694291671333303 150.000000000000000 
15.000000000000000 85.891312630985141 163.000000000000000 
16.000000000000000 107.785189086022584 419.000000000000000 
17.000000000000000 86.612593156059020 326.000000000000000 
18.000000000000000 97.089459374931238 459.000000000000000 
19.000000000000000 119.258273605815759 182.000000000000000 
20.000000000000000 89.644024012642305 364.000000000000000 
21.000000000000000 111.066307242937697 446.000000000000000 
22.000000000000000 104.248298411462784 164.000000000000000 
23.000000000000000 77.282086211104286 1099.000000000000000 
24.000000000000000 79.063725792147338 178.000000000000000 
25.000000000000000 93.787341594041138 170.000000000000000 
26.000000000000000 103.065876116865098 912.000000000000000 
27.000000000000000 90.483365956862201 315.000000000000000 
28.000000000000000 103.952066695209396 428.000000000000000 
29.000000000000000 92.114827547906884 233.000000000000000 
30.000000000000000 111.242585274267569 345.000000000000000 
31.000000000000000 112.180398384454548 261.000000000000000 
32.000000000000000 98.024063671289312 153.000000000000000 
33.000000000000000 74.612996499674964 80.000000000000000 
34.000000000000000 106.245366244646377 177.000000000000000 
35.000000000000000 85.372172079280247 266.000000000000000 
36.000000000000000 105.193372292181749 240.000000000000000 
37.000000000000000 99.137396766062267 265.000000000000000 
38.000000000000000 83.041440380412453 1335.000000000000000 
39.000000000000000 108.753991800464107 647.000000000000000 
40.000000000000000 98.867589003726920 343.000000000000000 
41.000000000000000 100.787156144162694 316.000000000000000 
42.000000000000000 70.251696353111697 132.000000000000000 
43.000000000000000 84.838954259804268 285.000000000000000 
44.000000000000000 76.598645044178497 1146.000000000000000 
45.000000000000000 116.341022944243406 396.000000000000000 
46.000000000000000 91.512893348816235 426.000000000000000 
47.000000000000000 92.196113109044916 214.000000000000000 
48.000000000000000 98.416116558617460 356.000000000000000 
49.000000000000000 108.990101671941886 719.000000000000000 
50.000000000000000 90.016482607519961 1112.000000000000000 
51.000000000000000 82.479857963237933 164.000000000000000 
52.000000000000000 80.504518804635538 180.000000000000000 
53.000000000000000 83.626259553416347 175.000000000000000 
54.000000000000000 83.973626672935069 1225.000000000000000 
55.000000000000000 68.387126873923393 926.000000000000000 
56.000000000000000 90.001017747720951 213.000000000000000 
57.000000000000000 94.022323007145047 491.000000000000000 
58.000000000000000 79.644367319799173 294.000000000000000 
59.000000000000000 71.932397960515829 120.000000000000000 
60.000000000000000 71.688428154389712 212.000000000000000 
61.000000000000000 62.263696169496257 121.000000000000000 
62.000000000000000 62.930848186816128 117.000000000000000 
63.000000000000000  0.000000000000000  0.000000000000000 
64.000000000000000  0.000000000000000  0.000000000000000 
65.000000000000000  0.000000000000000  0.000000000000000 
66.000000000000000  0.000000000000000  0.000000000000000 
67.000000000000000  0.000000000000000  0.000000000000000 
68.000000000000000  0.000000000000000  0.000000000000000 
69.000000000000000  0.000000000000000  0.000000000000000 
70.000000000000000  0.000000000000000  0.000000000000000 
71.000000000000000  0.000000000000000  0.000000000000000 
72.000000000000000  0.000000000000000  0.000000000000000 
73.000000000000000  0.000000000000000  0.000000000000000 
74.000000000000000  0.000000000000000  0.000000000000000 
75.000000000000000  0.000000000000000  0.000000000000000 
76.000000000000000  0.000000000000000  0.000000000000000 
77.000000000000000  0.000000000000000  0.000000000000000 
78.000000000000000  0.000000000000000  0.000000000000000 
79.000000000000000  0.000000000000000  0.000000000000000 
80.000000000000000  0.000000000000000  0.000000000000000 
81.000000000000000  0.000000000000000  0.000000000000000 
82.000000000000000  0.000000000000000  0.000000000000000 
83.000000000000000  0.000000000000000  0.000000000000000 
84.000000000000000  0.000000000000000  0.000000000000000 
85.000000000000000  0.000000000000000  0.000000000000000 
86.000000000000000  0.000000000000000  0.000000000000000 
87.000000000000000  0.000000000000000  0.000000000000000 
88.000000000000000  0.000000000000000  0.000000000000000 
89.000000000000000  0.000000000000000  0.000000000000000 
90.000000000000000  0.000000000000000  0.000000000000000 
91.000000000000000  0.000000000000000  0.000000000000000 
92.000000000000000  0.000000000000000  0.000000000000000 
93.000000000000000  0.000000000000000  0.000000000000000 
94.000000000000000  0.000000000000000  0.000000000000000 
95.000000000000000  0.000000000000000  0.000000000000000 
96.000000000000000  0.000000000000000  0.000000000000000 
97.000000000000000  0.000000000000000  0.000000000000000 
98.000000000000000  0.000000000000000  0.000000000000000 
99.000000000000000  0.000000000000000  0.000000000000000 
100.000000000000000  0.000000000000000  0.000000000000000 
101.000000000000000  0.000000000000000  0.000000000000000 
102.000000000000000  0.000000000000000  0.000000000000000 
103.000000000000000  0.000000000000000  0.000000000000000 
104.000000000000000  0.000000000000000  0.000000000000000 
105.000000000000000  0.000000000000000  0.000000000000000 
106.000000000000000  0.000000000000000  0.000000000000000 
107.000000000000000  0.000000000000000  0.000000000000000 
108.000000000000000  0.000000000000000  0.000000000000000 
109.000000000000000  0.000000000000000  0.000000000000000 
110.000000000000000  0.000000000000000  0.000000000000000 
111.000000000000000  0.000000000000000  0.000000000000000 
112.000000000000000  0.000000000000000  0.000000000000000 
113.000000000000000  0.000000000000000  0.000000000000000 
114.000000000000000  0.000000000000000  0.000000000000000 
115.000000000000000  0.000000000000000  0.000000000000000 
116.000000000000000  0.000000000000000  0.000000000000000 
117.000000000000000  0.000000000000000  0.000000000000000 
118.000000000000000  0.000000000000000  0.000000000000000 
119.000000000000000  0.000000000000000  0.000000000000000 
120.000000000000000  0.000000000000000  0.000000000000000 
121.000000000000000  0.000000000000000  0.000000000000000 
122.000000000000000  0.000000000000000  0.000000000000000 
123.000000000000000  0.000000000000000  0.000000000000000 
124.000000000000000  0.000000000000000  0.000000000000000 
125.000000000000000  0.000000000000000  0.000000000000000 
126.000000000000000  0.000000000000000  0.000000000000000 
127.000000000000000  0.000000000000000  0.000000000000000 
