 0.000000000000000 36.388838184228788 545.000000000000000 
 1.000000000000000 40.674806349394373 356.000000000000000 
 2.000000000000000 35.707683335639913 329.000000000000000 
 3.000000000000000 37.364940658544576 166.000000000000000 
 4.000000000000000 31.299656860528202 634.000000000000000 
 5.000000000000000 31.281079890830870 129.000000000000000 
 6.000000000000000 38.845052369483355 398.000000000000000 
 7.000000000000000 35.648910367695976 273.000000000000000 
 8.000000000000000 41.269403144834499 212.000000000000000 
 9.000000000000000 39.508957130997850 107.000000000000000 
10.000000000000000 32.308419551121723 285.000000000000000 
11.000000000000000 27.568260481764579 48.000000000000000 
12.000000000000000 29.798351482490872 74.000000000000000 
13.000000000000000 34.617679246493680 80.000000000000000 
14.000000000000000 43.981502646388883 72.000000000000000 
15.000000000000000 37.050372515005726 105.000000000000000 
16.000000000000000 33.209482665119936 138.000000000000000 
17.000000000000000 37.499096230193750 192.000000000000000 
18.000000000000000 40.616459505004968 356.000000000000000 
19.000000000000000 36.952754159180984 63.000000000000000 
20.000000000000000 38.848180469905138 196.000000000000000 
21.000000000000000 32.389334315228183 152.000000000000000 
22.000000000000000 39.070937397780781 78.000000000000000 
23.000000000000000 36.443253567428826 625.000000000000000 
24.000000000000000 38.402945880594487 109.000000000000000 
25.000000000000000 39.035084519343044 96.000000000000000 
26.000000000000000 37.563802311069878 548.000000000000000 
27.000000000000000 31.470006049359380 160.000000000000000 
28.000000000000000 36.004788808168321 199.000000000000000 
29.000000000000000 29.088357528377241 103.000000000000000 
30.000000000000000 35.926251066179113 124.000000000000000 
31.000000000000000 31.745492057555225 85.000000000000000 
32.000000000000000 28.535534493531507 57.000000000000000 
33.000000000000000 26.163764840250003 40.000000000000000 
34.000000000000000 39.966167560166646 120.000000000000000 
35.000000000000000 32.626836244540726 110.000000000000000 
36.000000000000000 32.852724922565542 95.000000000000000 
37.000000000000000 32.164150973136813 71.000000000000000 
38.000000000000000 27.274022648194720 694.000000000000000 
39.000000000000000 31.760635528457922 413.000000000000000 
40.000000000000000 28.338460698472037 118.000000000000000 
41.000000000000000 32.055084404306804 281.000000000000000 
42.000000000000000 39.437897297439022 82.000000000000000 
43.000000000000000 44.164978801323791 167.000000000000000 
44.000000000000000 24.899826802162107 569.000000000000000 
45.000000000000000 30.501077388216203 208.000000000000000 
46.000000000000000 29.030035378105737 153.000000000000000 
47.000000000000000 38.965335461193504 170.000000000000000 
48.000000000000000 37.659818944933853 118.000000000000000 
49.000000000000000 25.248337554232375 323.000000000000000 
50.000000000000000 33.050196605563805 489.000000000000000 
51.000000000000000 38.993029334538129 139.000000000000000 
52.000000000000000 35.784304967685188 108.000000000000000 
53.000000000000000 30.649023302363620 110.000000000000000 
54.000000000000000 30.854340872276914 777.000000000000000 
55.000000000000000 25.632608073919506 503.000000000000000 
56.000000000000000 42.480028753780374 108.000000000000000 
57.000000000000000 40.702357984036134 238.000000000000000 
58.000000000000000 32.588146638808503 151.000000000000000 
59.000000000000000 44.885487772379300 87.000000000000000 
60.000000000000000 30.705425637875006 148.000000000000000 
61.000000000000000 37.541034304469761 82.000000000000000 
62.000000000000000 32.178640337746486 71.000000000000000 
63.000000000000000 33.811568266461528 65.000000000000000 
64.000000000000000 32.776518332875092 469.000000000000000 
65.000000000000000 31.517871921407782 134.000000000000000 
66.000000000000000 34.527549401922229 54.000000000000000 
67.000000000000000 36.714633376313955 86.000000000000000 
68.000000000000000 32.339135735193651 160.000000000000000 
69.000000000000000 38.876941859906239 155.000000000000000 
70.000000000000000 41.224733818199248 258.000000000000000 
71.000000000000000 35.271276815542684 201.000000000000000 
72.000000000000000 29.156716044649016 407.000000000000000 
73.000000000000000 36.431486298742726 229.000000000000000 
74.000000000000000 35.000073838701404 86.000000000000000 
75.000000000000000 37.795495454123696 97.000000000000000 
76.000000000000000 27.233766013600007 38.000000000000000 
77.000000000000000 33.314448103581270 220.000000000000000 
78.000000000000000 32.686950164381514 198.000000000000000 
79.000000000000000 36.773704128613268 190.000000000000000 
80.000000000000000 36.011926599943230 278.000000000000000 
81.000000000000000 26.084732058258950 95.000000000000000 
82.000000000000000 31.989241678148460 266.000000000000000 
83.000000000000000 42.030830181014288 93.000000000000000 
84.000000000000000 38.648068335260817 74.000000000000000 
85.000000000000000 32.990015699043852 101.000000000000000 
86.000000000000000 33.070785948024721 67.000000000000000 
87.000000000000000 33.482126264703076 80.000000000000000 
88.000000000000000 32.055932973744888 176.000000000000000 
89.000000000000000 30.900444710362105 93.000000000000000 
90.000000000000000 37.970310254590323 738.000000000000000 
91.000000000000000 33.544235385818382 552.000000000000000 
92.000000000000000 33.852097409617045 151.000000000000000 
93.000000000000000 33.349892983264731 190.000000000000000 
94.000000000000000 40.290320297990981 300.000000000000000 
95.000000000000000 39.908481772220185 318.000000000000000 
96.000000000000000 42.005628807873627 456.000000000000000 
97.000000000000000 26.261150396705425 36.000000000000000 
98.000000000000000 32.352657679170996 161.000000000000000 
99.000000000000000 33.458144566332628 262.000000000000000 
100.000000000000000 32.453839801151574 95.000000000000000 
101.000000000000000 36.441027757547623 205.000000000000000 
102.000000000000000 33.229624892002164 214.000000000000000 
103.000000000000000 31.966951062655458 110.000000000000000 
104.000000000000000 32.769217030594625 130.000000000000000 
105.000000000000000 38.149086009302600 392.000000000000000 
106.000000000000000 26.849340254717276 110.000000000000000 
107.000000000000000 34.842556655608405 143.000000000000000 
108.000000000000000 26.713897528972915 48.000000000000000 
109.000000000000000 32.242348582261613 154.000000000000000 
110.000000000000000 40.614678610618085 784.000000000000000 
111.000000000000000 39.084180407745649 386.000000000000000 
112.000000000000000 28.407071506511738 104.000000000000000 
113.000000000000000 31.896268270588614 129.000000000000000 
114.000000000000000 32.479115525808709 69.000000000000000 
115.000000000000000 31.247447727314817 108.000000000000000 
116.000000000000000 23.664145035391677 62.000000000000000 
117.000000000000000 25.965360213602185 174.000000000000000 
118.000000000000000 30.420552442313941 528.000000000000000 
119.000000000000000 37.520370018656479 158.000000000000000 
120.000000000000000 25.603114626104539 66.000000000000000 
121.000000000000000 29.840988231040910 238.000000000000000 
122.000000000000000 26.640115612890000 223.000000000000000 
123.000000000000000  0.000000000000000  0.000000000000000 
124.000000000000000  0.000000000000000  0.000000000000000 
125.000000000000000  0.000000000000000  0.000000000000000 
126.000000000000000  0.000000000000000  0.000000000000000 
127.000000000000000  0.000000000000000  0.000000000000000 
