 0.000000000000000 48.515387419840934 672.000000000000000 
 1.000000000000000 53.962462784289450 474.000000000000000 
 2.000000000000000 61.932902287802911 476.000000000000000 
 3.000000000000000 52.310526636702363 211.000000000000000 
 4.000000000000000 46.507826790051027 736.000000000000000 
 5.000000000000000 57.108669264212239 190.000000000000000 
 6.000000000000000 66.373480724892772 548.000000000000000 
 7.000000000000000 49.977861804355015 360.000000000000000 
 8.000000000000000 64.223279570289520 335.000000000000000 
 9.000000000000000 60.522273181613222 144.000000000000000 
10.000000000000000 61.055863123343045 523.000000000000000 
11.000000000000000 39.341930786448479 66.000000000000000 
12.000000000000000 50.170159954856501 92.000000000000000 
13.000000000000000 49.919489211295371 112.000000000000000 
14.000000000000000 55.318766675421699 83.000000000000000 
15.000000000000000 49.372268563227948 136.000000000000000 
16.000000000000000 43.367219388112929 205.000000000000000 
17.000000000000000 48.820232809349342 225.000000000000000 
18.000000000000000 59.305093101807110 437.000000000000000 
19.000000000000000 60.649119484659835 127.000000000000000 
20.000000000000000 60.948892535556993 256.000000000000000 
21.000000000000000 46.795292960491366 205.000000000000000 
22.000000000000000 57.273624162303150 95.000000000000000 
23.000000000000000 58.682268329224641 828.000000000000000 
24.000000000000000 63.889666545080615 141.000000000000000 
25.000000000000000 53.430077922389764 124.000000000000000 
26.000000000000000 64.372788660055193 692.000000000000000 
27.000000000000000 54.976259561371272 240.000000000000000 
28.000000000000000 53.875916909214347 265.000000000000000 
29.000000000000000 67.146646488302196 199.000000000000000 
30.000000000000000 52.987519274823043 163.000000000000000 
31.000000000000000 65.050599805456500 163.000000000000000 
32.000000000000000 50.992925800803846 87.000000000000000 
33.000000000000000 60.776395205801329 74.000000000000000 
34.000000000000000 49.991574910567444 129.000000000000000 
35.000000000000000 50.247501681641062 165.000000000000000 
36.000000000000000 59.454136630518747 177.000000000000000 
37.000000000000000 46.995621887436592 110.000000000000000 
38.000000000000000 45.950650721896004 951.000000000000000 
39.000000000000000 61.880815764443909 405.000000000000000 
40.000000000000000 42.207800162299236 132.000000000000000 
41.000000000000000 58.412646557897496 236.000000000000000 
42.000000000000000 60.290737752598432 127.000000000000000 
43.000000000000000 65.032390245165558 221.000000000000000 
44.000000000000000 50.578365317024236 710.000000000000000 
45.000000000000000 59.010757660042181 344.000000000000000 
46.000000000000000 48.155562802947664 233.000000000000000 
47.000000000000000 61.374735202895394 210.000000000000000 
48.000000000000000 47.929019961143787 193.000000000000000 
49.000000000000000 58.752387902691780 578.000000000000000 
50.000000000000000 48.310193921646075 671.000000000000000 
51.000000000000000 62.695071730340857 164.000000000000000 
52.000000000000000 48.888709708433318 132.000000000000000 
53.000000000000000 51.045640758260625 165.000000000000000 
54.000000000000000 38.488214395243524 875.000000000000000 
55.000000000000000 35.173610766815536 559.000000000000000 
56.000000000000000 61.567853129160682 161.000000000000000 
57.000000000000000 57.729942909065180 334.000000000000000 
58.000000000000000 67.261726256631476 267.000000000000000 
59.000000000000000 53.361164417666679 114.000000000000000 
60.000000000000000 47.254058182410127 197.000000000000000 
61.000000000000000 62.109893433068869 135.000000000000000 
62.000000000000000 54.069529692566334 113.000000000000000 
63.000000000000000 62.105838620892783 97.000000000000000 
64.000000000000000 49.787676520439021 449.000000000000000 
65.000000000000000 66.651926987982634 217.000000000000000 
66.000000000000000 44.684824143157563 66.000000000000000 
67.000000000000000 56.794502151352667 152.000000000000000 
68.000000000000000 51.039391832136971 256.000000000000000 
69.000000000000000 54.184973086254985 169.000000000000000 
70.000000000000000 48.674002569697677 268.000000000000000 
71.000000000000000 55.518824867183881 290.000000000000000 
72.000000000000000 50.010970600926115 836.000000000000000 
73.000000000000000 53.035795495341461 364.000000000000000 
74.000000000000000 38.203854269904916 90.000000000000000 
75.000000000000000 44.352231819871569 102.000000000000000 
76.000000000000000 30.458895439342857 42.000000000000000 
77.000000000000000 58.859825276179627 334.000000000000000 
78.000000000000000 52.524129746977437 284.000000000000000 
79.000000000000000 49.854718472395582 251.000000000000000 
80.000000000000000 46.015023698624944 312.000000000000000 
81.000000000000000 55.269337884655990 134.000000000000000 
82.000000000000000 45.031737161727413 360.000000000000000 
83.000000000000000 48.567988648989399 99.000000000000000 
84.000000000000000 41.765356377742854 77.000000000000000 
85.000000000000000 43.739648450487500 134.000000000000000 
86.000000000000000 49.401276965546153 104.000000000000000 
87.000000000000000 39.423547708219452 92.000000000000000 
88.000000000000000 47.946216784936716 228.000000000000000 
89.000000000000000 38.807869332465955 107.000000000000000 
90.000000000000000 49.790162712116818 873.000000000000000 
91.000000000000000 45.005264811944798 722.000000000000000 
92.000000000000000  0.000000000000000  0.000000000000000 
93.000000000000000  0.000000000000000  0.000000000000000 
94.000000000000000  0.000000000000000  0.000000000000000 
95.000000000000000  0.000000000000000  0.000000000000000 
96.000000000000000  0.000000000000000  0.000000000000000 
97.000000000000000  0.000000000000000  0.000000000000000 
98.000000000000000  0.000000000000000  0.000000000000000 
99.000000000000000  0.000000000000000  0.000000000000000 
100.000000000000000  0.000000000000000  0.000000000000000 
101.000000000000000  0.000000000000000  0.000000000000000 
102.000000000000000  0.000000000000000  0.000000000000000 
103.000000000000000  0.000000000000000  0.000000000000000 
104.000000000000000  0.000000000000000  0.000000000000000 
105.000000000000000  0.000000000000000  0.000000000000000 
106.000000000000000  0.000000000000000  0.000000000000000 
107.000000000000000  0.000000000000000  0.000000000000000 
108.000000000000000  0.000000000000000  0.000000000000000 
109.000000000000000  0.000000000000000  0.000000000000000 
110.000000000000000  0.000000000000000  0.000000000000000 
111.000000000000000  0.000000000000000  0.000000000000000 
112.000000000000000  0.000000000000000  0.000000000000000 
113.000000000000000  0.000000000000000  0.000000000000000 
114.000000000000000  0.000000000000000  0.000000000000000 
115.000000000000000  0.000000000000000  0.000000000000000 
116.000000000000000  0.000000000000000  0.000000000000000 
117.000000000000000  0.000000000000000  0.000000000000000 
118.000000000000000  0.000000000000000  0.000000000000000 
119.000000000000000  0.000000000000000  0.000000000000000 
120.000000000000000  0.000000000000000  0.000000000000000 
121.000000000000000  0.000000000000000  0.000000000000000 
122.000000000000000  0.000000000000000  0.000000000000000 
123.000000000000000  0.000000000000000  0.000000000000000 
124.000000000000000  0.000000000000000  0.000000000000000 
125.000000000000000  0.000000000000000  0.000000000000000 
126.000000000000000  0.000000000000000  0.000000000000000 
127.000000000000000  0.000000000000000  0.000000000000000 
