 0.000000000000000 173.615011884214312 1913.000000000000000 
 1.000000000000000 264.094752667479440 2503.000000000000000 
 2.000000000000000 242.853211469148533 637.000000000000000 
 3.000000000000000 232.763135072778653 339.000000000000000 
 4.000000000000000 218.011912297580892 1255.000000000000000 
 5.000000000000000 269.137338629553483 589.000000000000000 
 6.000000000000000 280.437982776632794 893.000000000000000 
 7.000000000000000 236.104388528963057 1715.000000000000000 
 8.000000000000000 240.395900353826306 1135.000000000000000 
 9.000000000000000 248.651094811236760 485.000000000000000 
10.000000000000000 251.476526138049678 1229.000000000000000 
11.000000000000000 308.462606318494409 313.000000000000000 
12.000000000000000 222.681379311769632 314.000000000000000 
13.000000000000000 246.002088138592114 535.000000000000000 
14.000000000000000 287.103641684073864 332.000000000000000 
15.000000000000000 226.331834047027911 349.000000000000000 
16.000000000000000 246.761639604574611 863.000000000000000 
17.000000000000000 200.899694336605592 377.000000000000000 
18.000000000000000 250.574716899467660 661.000000000000000 
19.000000000000000 238.708985104638344 303.000000000000000 
20.000000000000000 286.628312455706180 749.000000000000000 
21.000000000000000 222.876306880045661 721.000000000000000 
22.000000000000000 250.809181361995115 319.000000000000000 
23.000000000000000 224.798527242728341 2000.000000000000000 
24.000000000000000 205.464421697522369 333.000000000000000 
25.000000000000000 253.426837601290970 365.000000000000000 
26.000000000000000 203.493221825447790 1587.000000000000000 
27.000000000000000 211.014016349994336 542.000000000000000 
28.000000000000000 279.749427502477147 928.000000000000000 
29.000000000000000 226.784316333916962 507.000000000000000 
30.000000000000000 224.680261842401819 572.000000000000000 
31.000000000000000 200.350791809954671 387.000000000000000 
32.000000000000000 243.672304772814499 251.000000000000000 
33.000000000000000  0.000000000000000  0.000000000000000 
34.000000000000000  0.000000000000000  0.000000000000000 
35.000000000000000  0.000000000000000  0.000000000000000 
36.000000000000000  0.000000000000000  0.000000000000000 
37.000000000000000  0.000000000000000  0.000000000000000 
38.000000000000000  0.000000000000000  0.000000000000000 
39.000000000000000  0.000000000000000  0.000000000000000 
40.000000000000000  0.000000000000000  0.000000000000000 
41.000000000000000  0.000000000000000  0.000000000000000 
42.000000000000000  0.000000000000000  0.000000000000000 
43.000000000000000  0.000000000000000  0.000000000000000 
44.000000000000000  0.000000000000000  0.000000000000000 
45.000000000000000  0.000000000000000  0.000000000000000 
46.000000000000000  0.000000000000000  0.000000000000000 
47.000000000000000  0.000000000000000  0.000000000000000 
48.000000000000000  0.000000000000000  0.000000000000000 
49.000000000000000  0.000000000000000  0.000000000000000 
50.000000000000000  0.000000000000000  0.000000000000000 
51.000000000000000  0.000000000000000  0.000000000000000 
52.000000000000000  0.000000000000000  0.000000000000000 
53.000000000000000  0.000000000000000  0.000000000000000 
54.000000000000000  0.000000000000000  0.000000000000000 
55.000000000000000  0.000000000000000  0.000000000000000 
56.000000000000000  0.000000000000000  0.000000000000000 
57.000000000000000  0.000000000000000  0.000000000000000 
58.000000000000000  0.000000000000000  0.000000000000000 
59.000000000000000  0.000000000000000  0.000000000000000 
60.000000000000000  0.000000000000000  0.000000000000000 
61.000000000000000  0.000000000000000  0.000000000000000 
62.000000000000000  0.000000000000000  0.000000000000000 
63.000000000000000  0.000000000000000  0.000000000000000 
64.000000000000000  0.000000000000000  0.000000000000000 
65.000000000000000  0.000000000000000  0.000000000000000 
66.000000000000000  0.000000000000000  0.000000000000000 
67.000000000000000  0.000000000000000  0.000000000000000 
68.000000000000000  0.000000000000000  0.000000000000000 
69.000000000000000  0.000000000000000  0.000000000000000 
70.000000000000000  0.000000000000000  0.000000000000000 
71.000000000000000  0.000000000000000  0.000000000000000 
72.000000000000000  0.000000000000000  0.000000000000000 
73.000000000000000  0.000000000000000  0.000000000000000 
74.000000000000000  0.000000000000000  0.000000000000000 
75.000000000000000  0.000000000000000  0.000000000000000 
76.000000000000000  0.000000000000000  0.000000000000000 
77.000000000000000  0.000000000000000  0.000000000000000 
78.000000000000000  0.000000000000000  0.000000000000000 
79.000000000000000  0.000000000000000  0.000000000000000 
80.000000000000000  0.000000000000000  0.000000000000000 
81.000000000000000  0.000000000000000  0.000000000000000 
82.000000000000000  0.000000000000000  0.000000000000000 
83.000000000000000  0.000000000000000  0.000000000000000 
84.000000000000000  0.000000000000000  0.000000000000000 
85.000000000000000  0.000000000000000  0.000000000000000 
86.000000000000000  0.000000000000000  0.000000000000000 
87.000000000000000  0.000000000000000  0.000000000000000 
88.000000000000000  0.000000000000000  0.000000000000000 
89.000000000000000  0.000000000000000  0.000000000000000 
90.000000000000000  0.000000000000000  0.000000000000000 
91.000000000000000  0.000000000000000  0.000000000000000 
92.000000000000000  0.000000000000000  0.000000000000000 
93.000000000000000  0.000000000000000  0.000000000000000 
94.000000000000000  0.000000000000000  0.000000000000000 
95.000000000000000  0.000000000000000  0.000000000000000 
96.000000000000000  0.000000000000000  0.000000000000000 
97.000000000000000  0.000000000000000  0.000000000000000 
98.000000000000000  0.000000000000000  0.000000000000000 
99.000000000000000  0.000000000000000  0.000000000000000 
100.000000000000000  0.000000000000000  0.000000000000000 
101.000000000000000  0.000000000000000  0.000000000000000 
102.000000000000000  0.000000000000000  0.000000000000000 
103.000000000000000  0.000000000000000  0.000000000000000 
104.000000000000000  0.000000000000000  0.000000000000000 
105.000000000000000  0.000000000000000  0.000000000000000 
106.000000000000000  0.000000000000000  0.000000000000000 
107.000000000000000  0.000000000000000  0.000000000000000 
108.000000000000000  0.000000000000000  0.000000000000000 
109.000000000000000  0.000000000000000  0.000000000000000 
110.000000000000000  0.000000000000000  0.000000000000000 
111.000000000000000  0.000000000000000  0.000000000000000 
112.000000000000000  0.000000000000000  0.000000000000000 
113.000000000000000  0.000000000000000  0.000000000000000 
114.000000000000000  0.000000000000000  0.000000000000000 
115.000000000000000  0.000000000000000  0.000000000000000 
116.000000000000000  0.000000000000000  0.000000000000000 
117.000000000000000  0.000000000000000  0.000000000000000 
118.000000000000000  0.000000000000000  0.000000000000000 
119.000000000000000  0.000000000000000  0.000000000000000 
120.000000000000000  0.000000000000000  0.000000000000000 
121.000000000000000  0.000000000000000  0.000000000000000 
122.000000000000000  0.000000000000000  0.000000000000000 
123.000000000000000  0.000000000000000  0.000000000000000 
124.000000000000000  0.000000000000000  0.000000000000000 
125.000000000000000  0.000000000000000  0.000000000000000 
126.000000000000000  0.000000000000000  0.000000000000000 
127.000000000000000  0.000000000000000  0.000000000000000 
