 0.000000000000000 43.320282671157507 637.000000000000000 
 1.000000000000000 35.629885752244299 358.000000000000000 
 2.000000000000000 45.418450977722088 353.000000000000000 
 3.000000000000000 43.063692250828893 187.000000000000000 
 4.000000000000000 47.857261320033544 770.000000000000000 
 5.000000000000000 45.140427328487277 163.000000000000000 
 6.000000000000000 48.884822080465526 378.000000000000000 
 7.000000000000000 43.713276841688248 315.000000000000000 
 8.000000000000000 48.495556501993974 259.000000000000000 
 9.000000000000000 39.373453310801324 109.000000000000000 
10.000000000000000 52.912241020779270 479.000000000000000 
11.000000000000000 27.748009523347914 48.000000000000000 
12.000000000000000 35.691648461929972 75.000000000000000 
13.000000000000000 38.593461754211425 92.000000000000000 
14.000000000000000 43.135791920000017 71.000000000000000 
15.000000000000000 37.150304271210622 113.000000000000000 
16.000000000000000 35.572532498708576 172.000000000000000 
17.000000000000000 37.948237687674471 189.000000000000000 
18.000000000000000 48.141428865982419 396.000000000000000 
19.000000000000000 37.344383501589107 64.000000000000000 
20.000000000000000 40.065798979789520 204.000000000000000 
21.000000000000000 37.040098418089585 169.000000000000000 
22.000000000000000 49.817052900513772 109.000000000000000 
23.000000000000000 42.951855505673940 704.000000000000000 
24.000000000000000 47.162430390156516 115.000000000000000 
25.000000000000000 50.988278559350704 115.000000000000000 
26.000000000000000 48.152074203222831 569.000000000000000 
27.000000000000000 33.462172800774212 163.000000000000000 
28.000000000000000 51.552761021338995 303.000000000000000 
29.000000000000000 44.871821714980143 154.000000000000000 
30.000000000000000 48.334043295159510 150.000000000000000 
31.000000000000000 41.664897700153418 100.000000000000000 
32.000000000000000 42.794497509687773 75.000000000000000 
33.000000000000000 30.651455621702130 47.000000000000000 
34.000000000000000 47.071973890977425 133.000000000000000 
35.000000000000000 34.532687506976686 115.000000000000000 
36.000000000000000 48.325975782945932 143.000000000000000 
37.000000000000000 39.156383817424597 89.000000000000000 
38.000000000000000 43.837820820246264 933.000000000000000 
39.000000000000000 49.595085230545628 362.000000000000000 
40.000000000000000 35.217385724726832 118.000000000000000 
41.000000000000000 51.258542433279061 215.000000000000000 
42.000000000000000 37.684625862820518 78.000000000000000 
43.000000000000000 49.244224607616793 184.000000000000000 
44.000000000000000 53.038890049036908 700.000000000000000 
45.000000000000000 38.318509526580193 240.000000000000000 
46.000000000000000 35.487704021256960 172.000000000000000 
47.000000000000000 45.579804251076077 167.000000000000000 
48.000000000000000 37.568032502583421 115.000000000000000 
49.000000000000000 49.704705701859133 455.000000000000000 
50.000000000000000 53.103956569736205 737.000000000000000 
51.000000000000000 47.302265696672990 137.000000000000000 
52.000000000000000 46.106463381941914 124.000000000000000 
53.000000000000000 29.642698999593389 106.000000000000000 
54.000000000000000 36.745539550418258 825.000000000000000 
55.000000000000000 33.359412950697937 570.000000000000000 
56.000000000000000 47.095208424468247 118.000000000000000 
57.000000000000000 45.865780191316574 255.000000000000000 
58.000000000000000 32.450167162256527 146.000000000000000 
59.000000000000000 49.299544373234042 94.000000000000000 
60.000000000000000 30.333124251838946 146.000000000000000 
61.000000000000000 42.428140356386265 94.000000000000000 
62.000000000000000 34.329734800416652 72.000000000000000 
63.000000000000000 50.455623759632118 81.000000000000000 
64.000000000000000 42.500905171650636 431.000000000000000 
65.000000000000000 42.199333373350292 158.000000000000000 
66.000000000000000 40.737992138547547 61.000000000000000 
67.000000000000000 39.899229449434934 99.000000000000000 
68.000000000000000 36.408767360222441 188.000000000000000 
69.000000000000000 43.603128697222999 164.000000000000000 
70.000000000000000 48.174046999716033 280.000000000000000 
71.000000000000000 48.267473001009797 252.000000000000000 
72.000000000000000 51.253863555579116 851.000000000000000 
73.000000000000000 37.342120681388380 259.000000000000000 
74.000000000000000 39.636336149250234 93.000000000000000 
75.000000000000000 41.822766753292782 97.000000000000000 
76.000000000000000 27.233766013600004 38.000000000000000 
77.000000000000000 36.596461611863205 386.000000000000000 
78.000000000000000 37.141170754869542 219.000000000000000 
79.000000000000000 40.881466507210746 204.000000000000000 
80.000000000000000 42.945346149685534 300.000000000000000 
81.000000000000000 34.563098559714817 108.000000000000000 
82.000000000000000 32.540591035057986 276.000000000000000 
83.000000000000000 48.482839468316087 104.000000000000000 
84.000000000000000 39.717442925871616 74.000000000000000 
85.000000000000000 35.617501123426607 113.000000000000000 
86.000000000000000 32.217626453938593 70.000000000000000 
87.000000000000000 34.779777919879045 89.000000000000000 
88.000000000000000 40.719296934783095 214.000000000000000 
89.000000000000000 35.599291224599291 99.000000000000000 
90.000000000000000 49.698742232252179 882.000000000000000 
91.000000000000000 46.284816362081962 722.000000000000000 
92.000000000000000 39.300290183828615 158.000000000000000 
93.000000000000000 37.571075358327491 230.000000000000000 
94.000000000000000 40.685054369402970 203.000000000000000 
95.000000000000000 32.778071813904312 272.000000000000000 
96.000000000000000 38.596944975531173 411.000000000000000 
97.000000000000000 26.491483847566535 36.000000000000000 
98.000000000000000 36.608807255818107 177.000000000000000 
99.000000000000000 38.646604109107493 281.000000000000000 
100.000000000000000 31.314707006591391 93.000000000000000 
101.000000000000000 36.158675063071954 195.000000000000000 
102.000000000000000 35.594161658013405 224.000000000000000 
103.000000000000000 32.825460812785124 96.000000000000000 
104.000000000000000 34.397344745978728 136.000000000000000 
105.000000000000000 27.044080567141719 300.000000000000000 
106.000000000000000 30.506839155535612 118.000000000000000 
107.000000000000000 37.450878091176214 143.000000000000000 
108.000000000000000 24.171629160478574 42.000000000000000 
109.000000000000000 26.133788851283242 126.000000000000000 
110.000000000000000  0.000000000000000  0.000000000000000 
111.000000000000000  0.000000000000000  0.000000000000000 
112.000000000000000  0.000000000000000  0.000000000000000 
113.000000000000000  0.000000000000000  0.000000000000000 
114.000000000000000  0.000000000000000  0.000000000000000 
115.000000000000000  0.000000000000000  0.000000000000000 
116.000000000000000  0.000000000000000  0.000000000000000 
117.000000000000000  0.000000000000000  0.000000000000000 
118.000000000000000  0.000000000000000  0.000000000000000 
119.000000000000000  0.000000000000000  0.000000000000000 
120.000000000000000  0.000000000000000  0.000000000000000 
121.000000000000000  0.000000000000000  0.000000000000000 
122.000000000000000  0.000000000000000  0.000000000000000 
123.000000000000000  0.000000000000000  0.000000000000000 
124.000000000000000  0.000000000000000  0.000000000000000 
125.000000000000000  0.000000000000000  0.000000000000000 
126.000000000000000  0.000000000000000  0.000000000000000 
127.000000000000000  0.000000000000000  0.000000000000000 
