 0.000000000000000 62.579105888904252 762.000000000000000 
 1.000000000000000 61.510660121088613 600.000000000000000 
 2.000000000000000 76.056096830986220 546.000000000000000 
 3.000000000000000 70.853056471587877 222.000000000000000 
 4.000000000000000 62.474694773175628 841.000000000000000 
 5.000000000000000 77.836801152531478 240.000000000000000 
 6.000000000000000 66.664300828719959 467.000000000000000 
 7.000000000000000 63.989976453288776 457.000000000000000 
 8.000000000000000 78.402395207682275 295.000000000000000 
 9.000000000000000 68.125191760504876 162.000000000000000 
10.000000000000000 82.565396523927831 539.000000000000000 
11.000000000000000 59.914666583863465 89.000000000000000 
12.000000000000000 63.701662625658713 102.000000000000000 
13.000000000000000 60.255356291055286 130.000000000000000 
14.000000000000000 58.052589345000001 86.000000000000000 
15.000000000000000 68.979186790290626 181.000000000000000 
16.000000000000000 57.624467741144109 221.000000000000000 
17.000000000000000 71.216900380612742 299.000000000000000 
18.000000000000000 70.476019547437375 484.000000000000000 
19.000000000000000 67.150804203496520 129.000000000000000 
20.000000000000000 82.640257998232798 322.000000000000000 
21.000000000000000 58.043102792824236 259.000000000000000 
22.000000000000000 78.375367772657754 135.000000000000000 
23.000000000000000 73.727781276703482 960.000000000000000 
24.000000000000000 73.356445406701226 160.000000000000000 
25.000000000000000 71.619938313518773 138.000000000000000 
26.000000000000000 76.096738506421545 768.000000000000000 
27.000000000000000 75.303324232690471 283.000000000000000 
28.000000000000000 76.261046896957836 376.000000000000000 
29.000000000000000 75.884735755954907 216.000000000000000 
30.000000000000000 80.565198963212467 270.000000000000000 
31.000000000000000 73.329860854450800 177.000000000000000 
32.000000000000000 57.170936013240812 96.000000000000000 
33.000000000000000 65.839599483507328 82.000000000000000 
34.000000000000000 64.601290608299365 158.000000000000000 
35.000000000000000 64.428618536500764 202.000000000000000 
36.000000000000000 80.902463134890496 229.000000000000000 
37.000000000000000 80.587932842127131 214.000000000000000 
38.000000000000000 62.435568116999164 1164.000000000000000 
39.000000000000000 64.984097417124147 421.000000000000000 
40.000000000000000 68.063754257214640 205.000000000000000 
41.000000000000000 65.470158610127214 202.000000000000000 
42.000000000000000 75.096987735646223 147.000000000000000 
43.000000000000000 78.050334896777755 273.000000000000000 
44.000000000000000 61.771837259419108 958.000000000000000 
45.000000000000000 62.838422485881331 366.000000000000000 
46.000000000000000 70.594822911357099 356.000000000000000 
47.000000000000000 72.272745675730093 229.000000000000000 
48.000000000000000 68.605469603372057 245.000000000000000 
49.000000000000000 74.012428237329488 596.000000000000000 
50.000000000000000 69.338022271326849 926.000000000000000 
51.000000000000000 71.886039205194692 159.000000000000000 
52.000000000000000 59.949692370533342 150.000000000000000 
53.000000000000000 66.716846421390187 163.000000000000000 
54.000000000000000 55.966138522770102 1075.000000000000000 
55.000000000000000 55.928827546444836 781.000000000000000 
56.000000000000000 62.392128328050646 173.000000000000000 
57.000000000000000 70.235201542463955 422.000000000000000 
58.000000000000000 80.399930129832171 325.000000000000000 
59.000000000000000 63.992123220959371 128.000000000000000 
60.000000000000000 67.274778957705948 241.000000000000000 
61.000000000000000 71.430898129751299 144.000000000000000 
62.000000000000000 57.396876052621202 118.000000000000000 
63.000000000000000 76.213215902797373 114.000000000000000 
64.000000000000000 67.036569244267199 490.000000000000000 
65.000000000000000 75.409808185916788 239.000000000000000 
66.000000000000000 54.652221008113159 76.000000000000000 
67.000000000000000 61.135309624392860 154.000000000000000 
68.000000000000000 65.941411576707807 323.000000000000000 
69.000000000000000 65.792937578672166 131.000000000000000 
70.000000000000000 58.967473093665880 255.000000000000000 
71.000000000000000 72.542368265583860 333.000000000000000 
72.000000000000000 62.348326061509432 947.000000000000000 
73.000000000000000 63.176489088885631 375.000000000000000 
74.000000000000000 43.984090871504563 84.000000000000000 
75.000000000000000 52.310309008366978 112.000000000000000 
76.000000000000000 45.122682656075881 58.000000000000000 
77.000000000000000 67.369599195576498 446.000000000000000 
78.000000000000000  0.000000000000000  0.000000000000000 
79.000000000000000  0.000000000000000  0.000000000000000 
80.000000000000000  0.000000000000000  0.000000000000000 
81.000000000000000  0.000000000000000  0.000000000000000 
82.000000000000000  0.000000000000000  0.000000000000000 
83.000000000000000  0.000000000000000  0.000000000000000 
84.000000000000000  0.000000000000000  0.000000000000000 
85.000000000000000  0.000000000000000  0.000000000000000 
86.000000000000000  0.000000000000000  0.000000000000000 
87.000000000000000  0.000000000000000  0.000000000000000 
88.000000000000000  0.000000000000000  0.000000000000000 
89.000000000000000  0.000000000000000  0.000000000000000 
90.000000000000000  0.000000000000000  0.000000000000000 
91.000000000000000  0.000000000000000  0.000000000000000 
92.000000000000000  0.000000000000000  0.000000000000000 
93.000000000000000  0.000000000000000  0.000000000000000 
94.000000000000000  0.000000000000000  0.000000000000000 
95.000000000000000  0.000000000000000  0.000000000000000 
96.000000000000000  0.000000000000000  0.000000000000000 
97.000000000000000  0.000000000000000  0.000000000000000 
98.000000000000000  0.000000000000000  0.000000000000000 
99.000000000000000  0.000000000000000  0.000000000000000 
100.000000000000000  0.000000000000000  0.000000000000000 
101.000000000000000  0.000000000000000  0.000000000000000 
102.000000000000000  0.000000000000000  0.000000000000000 
103.000000000000000  0.000000000000000  0.000000000000000 
104.000000000000000  0.000000000000000  0.000000000000000 
105.000000000000000  0.000000000000000  0.000000000000000 
106.000000000000000  0.000000000000000  0.000000000000000 
107.000000000000000  0.000000000000000  0.000000000000000 
108.000000000000000  0.000000000000000  0.000000000000000 
109.000000000000000  0.000000000000000  0.000000000000000 
110.000000000000000  0.000000000000000  0.000000000000000 
111.000000000000000  0.000000000000000  0.000000000000000 
112.000000000000000  0.000000000000000  0.000000000000000 
113.000000000000000  0.000000000000000  0.000000000000000 
114.000000000000000  0.000000000000000  0.000000000000000 
115.000000000000000  0.000000000000000  0.000000000000000 
116.000000000000000  0.000000000000000  0.000000000000000 
117.000000000000000  0.000000000000000  0.000000000000000 
118.000000000000000  0.000000000000000  0.000000000000000 
119.000000000000000  0.000000000000000  0.000000000000000 
120.000000000000000  0.000000000000000  0.000000000000000 
121.000000000000000  0.000000000000000  0.000000000000000 
122.000000000000000  0.000000000000000  0.000000000000000 
123.000000000000000  0.000000000000000  0.000000000000000 
124.000000000000000  0.000000000000000  0.000000000000000 
125.000000000000000  0.000000000000000  0.000000000000000 
126.000000000000000  0.000000000000000  0.000000000000000 
127.000000000000000  0.000000000000000  0.000000000000000 
