 0.000000000000000 120.880365467695285 1185.000000000000000 
 1.000000000000000 132.413865213730134 1449.000000000000000 
 2.000000000000000 163.230179856314891 901.000000000000000 
 3.000000000000000 161.997023914356078 274.000000000000000 
 4.000000000000000 133.221794051544549 844.000000000000000 
 5.000000000000000 155.493474962683081 350.000000000000000 
 6.000000000000000 153.263313539201818 747.000000000000000 
 7.000000000000000 90.254540916322384 1013.000000000000000 
 8.000000000000000 144.214599725528529 506.000000000000000 
 9.000000000000000 173.443735609798409 437.000000000000000 
10.000000000000000 166.703635201247891 976.000000000000000 
11.000000000000000 147.664809435619901 197.000000000000000 
12.000000000000000 166.100855471448341 230.000000000000000 
13.000000000000000 151.259900331094428 303.000000000000000 
14.000000000000000 147.542831254218385 196.000000000000000 
15.000000000000000 140.548074821854328 260.000000000000000 
16.000000000000000 174.585230836491718 754.000000000000000 
17.000000000000000 137.236200508193150 315.000000000000000 
18.000000000000000 148.646389410482641 555.000000000000000 
19.000000000000000 151.764394396683599 212.000000000000000 
20.000000000000000 170.844094985122439 638.000000000000000 
21.000000000000000 170.959646492976532 659.000000000000000 
22.000000000000000 154.770901291587506 222.000000000000000 
23.000000000000000 116.097278132210846 1477.000000000000000 
24.000000000000000 140.490353063402750 243.000000000000000 
25.000000000000000 167.008604930445216 249.000000000000000 
26.000000000000000 143.245526048994662 1261.000000000000000 
27.000000000000000 165.474885183647814 409.000000000000000 
28.000000000000000 149.655452485052166 571.000000000000000 
29.000000000000000 166.661779340941564 411.000000000000000 
30.000000000000000 160.205525129435784 391.000000000000000 
31.000000000000000 157.297709942944920 340.000000000000000 
32.000000000000000 138.007833817670530 197.000000000000000 
33.000000000000000 146.626359445115781 149.000000000000000 
34.000000000000000 139.283408186522450 200.000000000000000 
35.000000000000000 133.599758625080341 441.000000000000000 
36.000000000000000 138.876069767754501 271.000000000000000 
37.000000000000000 159.524175110942451 381.000000000000000 
38.000000000000000 118.064017734550688 1561.000000000000000 
39.000000000000000 140.063130939391868 598.000000000000000 
40.000000000000000 126.738613910030196 489.000000000000000 
41.000000000000000 134.894790258993567 414.000000000000000 
42.000000000000000 149.281495011694204 244.000000000000000 
43.000000000000000 166.235910740275585 391.000000000000000 
44.000000000000000 163.821038484224289 1790.000000000000000 
45.000000000000000 92.782628859790449 300.000000000000000 
46.000000000000000  0.000000000000000  0.000000000000000 
47.000000000000000  0.000000000000000  0.000000000000000 
48.000000000000000  0.000000000000000  0.000000000000000 
49.000000000000000  0.000000000000000  0.000000000000000 
50.000000000000000  0.000000000000000  0.000000000000000 
51.000000000000000  0.000000000000000  0.000000000000000 
52.000000000000000  0.000000000000000  0.000000000000000 
53.000000000000000  0.000000000000000  0.000000000000000 
54.000000000000000  0.000000000000000  0.000000000000000 
55.000000000000000  0.000000000000000  0.000000000000000 
56.000000000000000  0.000000000000000  0.000000000000000 
57.000000000000000  0.000000000000000  0.000000000000000 
58.000000000000000  0.000000000000000  0.000000000000000 
59.000000000000000  0.000000000000000  0.000000000000000 
60.000000000000000  0.000000000000000  0.000000000000000 
61.000000000000000  0.000000000000000  0.000000000000000 
62.000000000000000  0.000000000000000  0.000000000000000 
63.000000000000000  0.000000000000000  0.000000000000000 
64.000000000000000  0.000000000000000  0.000000000000000 
65.000000000000000  0.000000000000000  0.000000000000000 
66.000000000000000  0.000000000000000  0.000000000000000 
67.000000000000000  0.000000000000000  0.000000000000000 
68.000000000000000  0.000000000000000  0.000000000000000 
69.000000000000000  0.000000000000000  0.000000000000000 
70.000000000000000  0.000000000000000  0.000000000000000 
71.000000000000000  0.000000000000000  0.000000000000000 
72.000000000000000  0.000000000000000  0.000000000000000 
73.000000000000000  0.000000000000000  0.000000000000000 
74.000000000000000  0.000000000000000  0.000000000000000 
75.000000000000000  0.000000000000000  0.000000000000000 
76.000000000000000  0.000000000000000  0.000000000000000 
77.000000000000000  0.000000000000000  0.000000000000000 
78.000000000000000  0.000000000000000  0.000000000000000 
79.000000000000000  0.000000000000000  0.000000000000000 
80.000000000000000  0.000000000000000  0.000000000000000 
81.000000000000000  0.000000000000000  0.000000000000000 
82.000000000000000  0.000000000000000  0.000000000000000 
83.000000000000000  0.000000000000000  0.000000000000000 
84.000000000000000  0.000000000000000  0.000000000000000 
85.000000000000000  0.000000000000000  0.000000000000000 
86.000000000000000  0.000000000000000  0.000000000000000 
87.000000000000000  0.000000000000000  0.000000000000000 
88.000000000000000  0.000000000000000  0.000000000000000 
89.000000000000000  0.000000000000000  0.000000000000000 
90.000000000000000  0.000000000000000  0.000000000000000 
91.000000000000000  0.000000000000000  0.000000000000000 
92.000000000000000  0.000000000000000  0.000000000000000 
93.000000000000000  0.000000000000000  0.000000000000000 
94.000000000000000  0.000000000000000  0.000000000000000 
95.000000000000000  0.000000000000000  0.000000000000000 
96.000000000000000  0.000000000000000  0.000000000000000 
97.000000000000000  0.000000000000000  0.000000000000000 
98.000000000000000  0.000000000000000  0.000000000000000 
99.000000000000000  0.000000000000000  0.000000000000000 
100.000000000000000  0.000000000000000  0.000000000000000 
101.000000000000000  0.000000000000000  0.000000000000000 
102.000000000000000  0.000000000000000  0.000000000000000 
103.000000000000000  0.000000000000000  0.000000000000000 
104.000000000000000  0.000000000000000  0.000000000000000 
105.000000000000000  0.000000000000000  0.000000000000000 
106.000000000000000  0.000000000000000  0.000000000000000 
107.000000000000000  0.000000000000000  0.000000000000000 
108.000000000000000  0.000000000000000  0.000000000000000 
109.000000000000000  0.000000000000000  0.000000000000000 
110.000000000000000  0.000000000000000  0.000000000000000 
111.000000000000000  0.000000000000000  0.000000000000000 
112.000000000000000  0.000000000000000  0.000000000000000 
113.000000000000000  0.000000000000000  0.000000000000000 
114.000000000000000  0.000000000000000  0.000000000000000 
115.000000000000000  0.000000000000000  0.000000000000000 
116.000000000000000  0.000000000000000  0.000000000000000 
117.000000000000000  0.000000000000000  0.000000000000000 
118.000000000000000  0.000000000000000  0.000000000000000 
119.000000000000000  0.000000000000000  0.000000000000000 
120.000000000000000  0.000000000000000  0.000000000000000 
121.000000000000000  0.000000000000000  0.000000000000000 
122.000000000000000  0.000000000000000  0.000000000000000 
123.000000000000000  0.000000000000000  0.000000000000000 
124.000000000000000  0.000000000000000  0.000000000000000 
125.000000000000000  0.000000000000000  0.000000000000000 
126.000000000000000  0.000000000000000  0.000000000000000 
127.000000000000000  0.000000000000000  0.000000000000000 
