 0.000000000000000 113.428927746785106 1119.000000000000000 
 1.000000000000000 127.668577820903806 1400.000000000000000 
 2.000000000000000 152.277554941106274 863.000000000000000 
 3.000000000000000 152.184139199632085 260.000000000000000 
 4.000000000000000 128.451702380745161 833.000000000000000 
 5.000000000000000 145.465700201496702 337.000000000000000 
 6.000000000000000 110.707617898441256 601.000000000000000 
 7.000000000000000 88.043511909873416 1026.000000000000000 
 8.000000000000000 133.551138818490728 470.000000000000000 
 9.000000000000000 138.883222107076165 272.000000000000000 
10.000000000000000 159.203275470491945 963.000000000000000 
11.000000000000000 119.175050638968244 154.000000000000000 
12.000000000000000 144.555287412394819 217.000000000000000 
13.000000000000000 150.092478865883663 307.000000000000000 
14.000000000000000 134.457421119554027 187.000000000000000 
15.000000000000000 143.464708992004375 259.000000000000000 
16.000000000000000 168.429182805658598 770.000000000000000 
17.000000000000000 128.745088393506421 371.000000000000000 
18.000000000000000 129.548317095079483 534.000000000000000 
19.000000000000000 143.763072873799359 220.000000000000000 
20.000000000000000 157.608286921415043 626.000000000000000 
21.000000000000000 142.709961336010508 534.000000000000000 
22.000000000000000 131.704937311235028 196.000000000000000 
23.000000000000000 115.446728142914509 1497.000000000000000 
24.000000000000000 136.045005936170554 248.000000000000000 
25.000000000000000 141.000488552665843 218.000000000000000 
26.000000000000000 136.828026531813691 1224.000000000000000 
27.000000000000000 114.014471887539472 365.000000000000000 
28.000000000000000 147.184465448255622 555.000000000000000 
29.000000000000000 127.231340589242762 258.000000000000000 
30.000000000000000 150.823731817964500 373.000000000000000 
31.000000000000000 133.684209157153418 290.000000000000000 
32.000000000000000 135.111265744273766 194.000000000000000 
33.000000000000000 125.550765377772649 130.000000000000000 
34.000000000000000 115.002987269499471 175.000000000000000 
35.000000000000000 131.992331010095057 384.000000000000000 
36.000000000000000 122.112171938798951 238.000000000000000 
37.000000000000000 153.629157002118575 368.000000000000000 
38.000000000000000 116.635386590098832 1551.000000000000000 
39.000000000000000 132.367587026060306 587.000000000000000 
40.000000000000000 131.700148392043161 488.000000000000000 
41.000000000000000 133.392901729829731 425.000000000000000 
42.000000000000000 130.622178938562428 213.000000000000000 
43.000000000000000 159.232671796605842 394.000000000000000 
44.000000000000000 167.891747059085930 1834.000000000000000 
45.000000000000000 115.754220221787421 382.000000000000000 
46.000000000000000 110.313546059374872 424.000000000000000 
47.000000000000000 108.113439026121696 215.000000000000000 
48.000000000000000 123.315760326950382 452.000000000000000 
49.000000000000000  0.000000000000000  0.000000000000000 
50.000000000000000  0.000000000000000  0.000000000000000 
51.000000000000000  0.000000000000000  0.000000000000000 
52.000000000000000  0.000000000000000  0.000000000000000 
53.000000000000000  0.000000000000000  0.000000000000000 
54.000000000000000  0.000000000000000  0.000000000000000 
55.000000000000000  0.000000000000000  0.000000000000000 
56.000000000000000  0.000000000000000  0.000000000000000 
57.000000000000000  0.000000000000000  0.000000000000000 
58.000000000000000  0.000000000000000  0.000000000000000 
59.000000000000000  0.000000000000000  0.000000000000000 
60.000000000000000  0.000000000000000  0.000000000000000 
61.000000000000000  0.000000000000000  0.000000000000000 
62.000000000000000  0.000000000000000  0.000000000000000 
63.000000000000000  0.000000000000000  0.000000000000000 
64.000000000000000  0.000000000000000  0.000000000000000 
65.000000000000000  0.000000000000000  0.000000000000000 
66.000000000000000  0.000000000000000  0.000000000000000 
67.000000000000000  0.000000000000000  0.000000000000000 
68.000000000000000  0.000000000000000  0.000000000000000 
69.000000000000000  0.000000000000000  0.000000000000000 
70.000000000000000  0.000000000000000  0.000000000000000 
71.000000000000000  0.000000000000000  0.000000000000000 
72.000000000000000  0.000000000000000  0.000000000000000 
73.000000000000000  0.000000000000000  0.000000000000000 
74.000000000000000  0.000000000000000  0.000000000000000 
75.000000000000000  0.000000000000000  0.000000000000000 
76.000000000000000  0.000000000000000  0.000000000000000 
77.000000000000000  0.000000000000000  0.000000000000000 
78.000000000000000  0.000000000000000  0.000000000000000 
79.000000000000000  0.000000000000000  0.000000000000000 
80.000000000000000  0.000000000000000  0.000000000000000 
81.000000000000000  0.000000000000000  0.000000000000000 
82.000000000000000  0.000000000000000  0.000000000000000 
83.000000000000000  0.000000000000000  0.000000000000000 
84.000000000000000  0.000000000000000  0.000000000000000 
85.000000000000000  0.000000000000000  0.000000000000000 
86.000000000000000  0.000000000000000  0.000000000000000 
87.000000000000000  0.000000000000000  0.000000000000000 
88.000000000000000  0.000000000000000  0.000000000000000 
89.000000000000000  0.000000000000000  0.000000000000000 
90.000000000000000  0.000000000000000  0.000000000000000 
91.000000000000000  0.000000000000000  0.000000000000000 
92.000000000000000  0.000000000000000  0.000000000000000 
93.000000000000000  0.000000000000000  0.000000000000000 
94.000000000000000  0.000000000000000  0.000000000000000 
95.000000000000000  0.000000000000000  0.000000000000000 
96.000000000000000  0.000000000000000  0.000000000000000 
97.000000000000000  0.000000000000000  0.000000000000000 
98.000000000000000  0.000000000000000  0.000000000000000 
99.000000000000000  0.000000000000000  0.000000000000000 
100.000000000000000  0.000000000000000  0.000000000000000 
101.000000000000000  0.000000000000000  0.000000000000000 
102.000000000000000  0.000000000000000  0.000000000000000 
103.000000000000000  0.000000000000000  0.000000000000000 
104.000000000000000  0.000000000000000  0.000000000000000 
105.000000000000000  0.000000000000000  0.000000000000000 
106.000000000000000  0.000000000000000  0.000000000000000 
107.000000000000000  0.000000000000000  0.000000000000000 
108.000000000000000  0.000000000000000  0.000000000000000 
109.000000000000000  0.000000000000000  0.000000000000000 
110.000000000000000  0.000000000000000  0.000000000000000 
111.000000000000000  0.000000000000000  0.000000000000000 
112.000000000000000  0.000000000000000  0.000000000000000 
113.000000000000000  0.000000000000000  0.000000000000000 
114.000000000000000  0.000000000000000  0.000000000000000 
115.000000000000000  0.000000000000000  0.000000000000000 
116.000000000000000  0.000000000000000  0.000000000000000 
117.000000000000000  0.000000000000000  0.000000000000000 
118.000000000000000  0.000000000000000  0.000000000000000 
119.000000000000000  0.000000000000000  0.000000000000000 
120.000000000000000  0.000000000000000  0.000000000000000 
121.000000000000000  0.000000000000000  0.000000000000000 
122.000000000000000  0.000000000000000  0.000000000000000 
123.000000000000000  0.000000000000000  0.000000000000000 
124.000000000000000  0.000000000000000  0.000000000000000 
125.000000000000000  0.000000000000000  0.000000000000000 
126.000000000000000  0.000000000000000  0.000000000000000 
127.000000000000000  0.000000000000000  0.000000000000000 
