 0.000000000000000 108.265866185834696 1116.000000000000000 
 1.000000000000000 125.579991720080756 1383.000000000000000 
 2.000000000000000 142.858980884479990 808.000000000000000 
 3.000000000000000 152.184139199632000 260.000000000000000 
 4.000000000000000 114.308246919978927 744.000000000000000 
 5.000000000000000 144.560880627545146 334.000000000000000 
 6.000000000000000 114.473056073346413 613.000000000000000 
 7.000000000000000 92.142986365106069 1045.000000000000000 
 8.000000000000000 135.956454150311401 478.000000000000000 
 9.000000000000000 144.933613114890846 281.000000000000000 
10.000000000000000 135.405192590333883 849.000000000000000 
11.000000000000000 129.053192173684096 162.000000000000000 
12.000000000000000 143.861432209764445 216.000000000000000 
13.000000000000000 149.769836213370013 303.000000000000000 
14.000000000000000 135.657456734882516 189.000000000000000 
15.000000000000000 150.616468945216809 262.000000000000000 
16.000000000000000 116.415105228761320 445.000000000000000 
17.000000000000000 128.428842235721220 371.000000000000000 
18.000000000000000 125.289386693149211 507.000000000000000 
19.000000000000000 144.478906952355430 221.000000000000000 
20.000000000000000 153.093208095377122 609.000000000000000 
21.000000000000000 145.048202755573698 545.000000000000000 
22.000000000000000 127.474977668235965 189.000000000000000 
23.000000000000000 115.389509614462000 1512.000000000000000 
24.000000000000000 133.617161488125333 249.000000000000000 
25.000000000000000 125.856462265983524 223.000000000000000 
26.000000000000000 125.662861172949363 1177.000000000000000 
27.000000000000000 115.139824158257198 365.000000000000000 
28.000000000000000 139.456165073414581 529.000000000000000 
29.000000000000000 128.915008324338913 257.000000000000000 
30.000000000000000 140.793199844200842 363.000000000000000 
31.000000000000000 130.037998817335875 284.000000000000000 
32.000000000000000 128.918225930854845 189.000000000000000 
33.000000000000000 126.363065295261308 130.000000000000000 
34.000000000000000 116.304839645147752 176.000000000000000 
35.000000000000000 120.214584269074692 366.000000000000000 
36.000000000000000 121.064197243873480 236.000000000000000 
37.000000000000000 148.772508636290524 360.000000000000000 
38.000000000000000 115.465789687971750 1539.000000000000000 
39.000000000000000 125.324855231941783 596.000000000000000 
40.000000000000000 130.884370703801210 484.000000000000000 
41.000000000000000 124.286275325674993 395.000000000000000 
42.000000000000000 144.680500699370782 227.000000000000000 
43.000000000000000 150.927769558372376 386.000000000000000 
44.000000000000000 163.696082696378483 1800.000000000000000 
45.000000000000000 113.793403429397614 374.000000000000000 
46.000000000000000 108.216708858583374 413.000000000000000 
47.000000000000000 107.949029056078302 214.000000000000000 
48.000000000000000 119.216055296860759 443.000000000000000 
49.000000000000000 102.035178549303467 784.000000000000000 
50.000000000000000  0.000000000000000  0.000000000000000 
51.000000000000000  0.000000000000000  0.000000000000000 
52.000000000000000  0.000000000000000  0.000000000000000 
53.000000000000000  0.000000000000000  0.000000000000000 
54.000000000000000  0.000000000000000  0.000000000000000 
55.000000000000000  0.000000000000000  0.000000000000000 
56.000000000000000  0.000000000000000  0.000000000000000 
57.000000000000000  0.000000000000000  0.000000000000000 
58.000000000000000  0.000000000000000  0.000000000000000 
59.000000000000000  0.000000000000000  0.000000000000000 
60.000000000000000  0.000000000000000  0.000000000000000 
61.000000000000000  0.000000000000000  0.000000000000000 
62.000000000000000  0.000000000000000  0.000000000000000 
63.000000000000000  0.000000000000000  0.000000000000000 
64.000000000000000  0.000000000000000  0.000000000000000 
65.000000000000000  0.000000000000000  0.000000000000000 
66.000000000000000  0.000000000000000  0.000000000000000 
67.000000000000000  0.000000000000000  0.000000000000000 
68.000000000000000  0.000000000000000  0.000000000000000 
69.000000000000000  0.000000000000000  0.000000000000000 
70.000000000000000  0.000000000000000  0.000000000000000 
71.000000000000000  0.000000000000000  0.000000000000000 
72.000000000000000  0.000000000000000  0.000000000000000 
73.000000000000000  0.000000000000000  0.000000000000000 
74.000000000000000  0.000000000000000  0.000000000000000 
75.000000000000000  0.000000000000000  0.000000000000000 
76.000000000000000  0.000000000000000  0.000000000000000 
77.000000000000000  0.000000000000000  0.000000000000000 
78.000000000000000  0.000000000000000  0.000000000000000 
79.000000000000000  0.000000000000000  0.000000000000000 
80.000000000000000  0.000000000000000  0.000000000000000 
81.000000000000000  0.000000000000000  0.000000000000000 
82.000000000000000  0.000000000000000  0.000000000000000 
83.000000000000000  0.000000000000000  0.000000000000000 
84.000000000000000  0.000000000000000  0.000000000000000 
85.000000000000000  0.000000000000000  0.000000000000000 
86.000000000000000  0.000000000000000  0.000000000000000 
87.000000000000000  0.000000000000000  0.000000000000000 
88.000000000000000  0.000000000000000  0.000000000000000 
89.000000000000000  0.000000000000000  0.000000000000000 
90.000000000000000  0.000000000000000  0.000000000000000 
91.000000000000000  0.000000000000000  0.000000000000000 
92.000000000000000  0.000000000000000  0.000000000000000 
93.000000000000000  0.000000000000000  0.000000000000000 
94.000000000000000  0.000000000000000  0.000000000000000 
95.000000000000000  0.000000000000000  0.000000000000000 
96.000000000000000  0.000000000000000  0.000000000000000 
97.000000000000000  0.000000000000000  0.000000000000000 
98.000000000000000  0.000000000000000  0.000000000000000 
99.000000000000000  0.000000000000000  0.000000000000000 
100.000000000000000  0.000000000000000  0.000000000000000 
101.000000000000000  0.000000000000000  0.000000000000000 
102.000000000000000  0.000000000000000  0.000000000000000 
103.000000000000000  0.000000000000000  0.000000000000000 
104.000000000000000  0.000000000000000  0.000000000000000 
105.000000000000000  0.000000000000000  0.000000000000000 
106.000000000000000  0.000000000000000  0.000000000000000 
107.000000000000000  0.000000000000000  0.000000000000000 
108.000000000000000  0.000000000000000  0.000000000000000 
109.000000000000000  0.000000000000000  0.000000000000000 
110.000000000000000  0.000000000000000  0.000000000000000 
111.000000000000000  0.000000000000000  0.000000000000000 
112.000000000000000  0.000000000000000  0.000000000000000 
113.000000000000000  0.000000000000000  0.000000000000000 
114.000000000000000  0.000000000000000  0.000000000000000 
115.000000000000000  0.000000000000000  0.000000000000000 
116.000000000000000  0.000000000000000  0.000000000000000 
117.000000000000000  0.000000000000000  0.000000000000000 
118.000000000000000  0.000000000000000  0.000000000000000 
119.000000000000000  0.000000000000000  0.000000000000000 
120.000000000000000  0.000000000000000  0.000000000000000 
121.000000000000000  0.000000000000000  0.000000000000000 
122.000000000000000  0.000000000000000  0.000000000000000 
123.000000000000000  0.000000000000000  0.000000000000000 
124.000000000000000  0.000000000000000  0.000000000000000 
125.000000000000000  0.000000000000000  0.000000000000000 
126.000000000000000  0.000000000000000  0.000000000000000 
127.000000000000000  0.000000000000000  0.000000000000000 
