 0.000000000000000 85.128565375671343 776.000000000000000 
 1.000000000000000 78.178165981715907 671.000000000000000 
 2.000000000000000 96.051735953235266 546.000000000000000 
 3.000000000000000 73.008124339097805 227.000000000000000 
 4.000000000000000 72.277784681898467 880.000000000000000 
 5.000000000000000 84.087277826374546 250.000000000000000 
 6.000000000000000 88.220374513314383 588.000000000000000 
 7.000000000000000 81.195279442716810 664.000000000000000 
 8.000000000000000 86.861246241530523 314.000000000000000 
 9.000000000000000 77.538077241343643 176.000000000000000 
10.000000000000000 92.446760473522460 606.000000000000000 
11.000000000000000 91.448152413653744 117.000000000000000 
12.000000000000000 81.320777875754416 122.000000000000000 
13.000000000000000 83.070770725301116 177.000000000000000 
14.000000000000000 89.355019883521180 142.000000000000000 
15.000000000000000 90.270584805557050 188.000000000000000 
16.000000000000000 83.256290290564479 310.000000000000000 
17.000000000000000 77.596185814809004 303.000000000000000 
18.000000000000000 89.295891591074081 448.000000000000000 
19.000000000000000 72.702130143798328 136.000000000000000 
20.000000000000000 78.064856997496193 307.000000000000000 
21.000000000000000 75.662713218618165 363.000000000000000 
22.000000000000000 86.298519060058169 141.000000000000000 
23.000000000000000 62.922962807500951 915.000000000000000 
24.000000000000000 82.573064834236334 167.000000000000000 
25.000000000000000 72.823014108009147 139.000000000000000 
26.000000000000000 91.537164952572823 853.000000000000000 
27.000000000000000 78.227037114841806 287.000000000000000 
28.000000000000000 79.920552739711141 393.000000000000000 
29.000000000000000 81.702259760866326 225.000000000000000 
30.000000000000000 89.406631084826387 291.000000000000000 
31.000000000000000 81.862265206109612 194.000000000000000 
32.000000000000000 78.726555910790282 125.000000000000000 
33.000000000000000 75.539488464869535 82.000000000000000 
34.000000000000000 71.386409656292528 164.000000000000000 
35.000000000000000 69.353258450975915 214.000000000000000 
36.000000000000000 80.915941926558261 229.000000000000000 
37.000000000000000 96.156164085980421 241.000000000000000 
38.000000000000000 85.611106698506703 1367.000000000000000 
39.000000000000000 94.964141865971655 560.000000000000000 
40.000000000000000 82.583550297703169 301.000000000000000 
41.000000000000000 87.572836626787137 270.000000000000000 
42.000000000000000 81.008585373316166 152.000000000000000 
43.000000000000000 79.775426394449454 284.000000000000000 
44.000000000000000 81.868477820494192 1207.000000000000000 
45.000000000000000 72.482494507362972 386.000000000000000 
46.000000000000000 75.101303759595353 390.000000000000000 
47.000000000000000 78.359795558246105 234.000000000000000 
48.000000000000000 76.785822692986628 284.000000000000000 
49.000000000000000 81.314767392838817 621.000000000000000 
50.000000000000000 93.523423313990818 1143.000000000000000 
51.000000000000000 71.883266330604854 157.000000000000000 
52.000000000000000 69.266408338081050 166.000000000000000 
53.000000000000000 76.271341852366930 151.000000000000000 
54.000000000000000 82.361977394924850 1238.000000000000000 
55.000000000000000 70.569793330748496 957.000000000000000 
56.000000000000000 83.213243986271394 211.000000000000000 
57.000000000000000 70.421346306291909 435.000000000000000 
58.000000000000000 78.737877703405474 290.000000000000000 
59.000000000000000 69.930108314094497 127.000000000000000 
60.000000000000000 81.622322970724966 277.000000000000000 
61.000000000000000 75.632169229660164 145.000000000000000 
62.000000000000000 64.290846808310334 126.000000000000000 
63.000000000000000 73.760179018706609 116.000000000000000 
64.000000000000000 70.064774832833919 489.000000000000000 
65.000000000000000 95.236081442570864 296.000000000000000 
66.000000000000000 62.670568996565393 78.000000000000000 
67.000000000000000 59.939402136880119 150.000000000000000 
68.000000000000000 60.400670281834302 287.000000000000000 
69.000000000000000 67.701493486805091 135.000000000000000 
70.000000000000000  0.000000000000000  0.000000000000000 
71.000000000000000  0.000000000000000  0.000000000000000 
72.000000000000000  0.000000000000000  0.000000000000000 
73.000000000000000  0.000000000000000  0.000000000000000 
74.000000000000000  0.000000000000000  0.000000000000000 
75.000000000000000  0.000000000000000  0.000000000000000 
76.000000000000000  0.000000000000000  0.000000000000000 
77.000000000000000  0.000000000000000  0.000000000000000 
78.000000000000000  0.000000000000000  0.000000000000000 
79.000000000000000  0.000000000000000  0.000000000000000 
80.000000000000000  0.000000000000000  0.000000000000000 
81.000000000000000  0.000000000000000  0.000000000000000 
82.000000000000000  0.000000000000000  0.000000000000000 
83.000000000000000  0.000000000000000  0.000000000000000 
84.000000000000000  0.000000000000000  0.000000000000000 
85.000000000000000  0.000000000000000  0.000000000000000 
86.000000000000000  0.000000000000000  0.000000000000000 
87.000000000000000  0.000000000000000  0.000000000000000 
88.000000000000000  0.000000000000000  0.000000000000000 
89.000000000000000  0.000000000000000  0.000000000000000 
90.000000000000000  0.000000000000000  0.000000000000000 
91.000000000000000  0.000000000000000  0.000000000000000 
92.000000000000000  0.000000000000000  0.000000000000000 
93.000000000000000  0.000000000000000  0.000000000000000 
94.000000000000000  0.000000000000000  0.000000000000000 
95.000000000000000  0.000000000000000  0.000000000000000 
96.000000000000000  0.000000000000000  0.000000000000000 
97.000000000000000  0.000000000000000  0.000000000000000 
98.000000000000000  0.000000000000000  0.000000000000000 
99.000000000000000  0.000000000000000  0.000000000000000 
100.000000000000000  0.000000000000000  0.000000000000000 
101.000000000000000  0.000000000000000  0.000000000000000 
102.000000000000000  0.000000000000000  0.000000000000000 
103.000000000000000  0.000000000000000  0.000000000000000 
104.000000000000000  0.000000000000000  0.000000000000000 
105.000000000000000  0.000000000000000  0.000000000000000 
106.000000000000000  0.000000000000000  0.000000000000000 
107.000000000000000  0.000000000000000  0.000000000000000 
108.000000000000000  0.000000000000000  0.000000000000000 
109.000000000000000  0.000000000000000  0.000000000000000 
110.000000000000000  0.000000000000000  0.000000000000000 
111.000000000000000  0.000000000000000  0.000000000000000 
112.000000000000000  0.000000000000000  0.000000000000000 
113.000000000000000  0.000000000000000  0.000000000000000 
114.000000000000000  0.000000000000000  0.000000000000000 
115.000000000000000  0.000000000000000  0.000000000000000 
116.000000000000000  0.000000000000000  0.000000000000000 
117.000000000000000  0.000000000000000  0.000000000000000 
118.000000000000000  0.000000000000000  0.000000000000000 
119.000000000000000  0.000000000000000  0.000000000000000 
120.000000000000000  0.000000000000000  0.000000000000000 
121.000000000000000  0.000000000000000  0.000000000000000 
122.000000000000000  0.000000000000000  0.000000000000000 
123.000000000000000  0.000000000000000  0.000000000000000 
124.000000000000000  0.000000000000000  0.000000000000000 
125.000000000000000  0.000000000000000  0.000000000000000 
126.000000000000000  0.000000000000000  0.000000000000000 
127.000000000000000  0.000000000000000  0.000000000000000 
