 0.000000000000000 107.495484557515482 1109.000000000000000 
 1.000000000000000 125.335513954562003 1382.000000000000000 
 2.000000000000000 142.087548740778658 820.000000000000000 
 3.000000000000000 152.184139199632000 260.000000000000000 
 4.000000000000000 118.134710314414477 759.000000000000000 
 5.000000000000000 142.591530445081020 331.000000000000000 
 6.000000000000000 114.667538112703681 615.000000000000000 
 7.000000000000000 90.369385017608465 1045.000000000000000 
 8.000000000000000 135.491113211581506 472.000000000000000 
 9.000000000000000 138.883222107076165 272.000000000000000 
10.000000000000000 136.553224079257603 853.000000000000000 
11.000000000000000 126.355834991787958 158.000000000000000 
12.000000000000000 144.555287412394676 217.000000000000000 
13.000000000000000 150.092478865883777 307.000000000000000 
14.000000000000000 134.457421119553914 187.000000000000000 
15.000000000000000 143.464708992004404 259.000000000000000 
16.000000000000000 115.862945540829713 443.000000000000000 
17.000000000000000 127.089776290415003 369.000000000000000 
18.000000000000000 124.537171044927234 512.000000000000000 
19.000000000000000 143.763072873799388 220.000000000000000 
20.000000000000000 152.439161423656969 607.000000000000000 
21.000000000000000 143.920752623141652 539.000000000000000 
22.000000000000000 131.685414355072965 196.000000000000000 
23.000000000000000 114.547255887873320 1502.000000000000000 
24.000000000000000 136.045005936170583 248.000000000000000 
25.000000000000000 138.411415632623488 220.000000000000000 
26.000000000000000 126.220989109695083 1174.000000000000000 
27.000000000000000 114.013425702216452 365.000000000000000 
28.000000000000000 140.411207867404755 529.000000000000000 
29.000000000000000 126.412891404450946 257.000000000000000 
30.000000000000000 140.004763423961975 361.000000000000000 
31.000000000000000 133.684209157153447 290.000000000000000 
32.000000000000000 135.111265744273709 194.000000000000000 
33.000000000000000 124.504356812219996 129.000000000000000 
34.000000000000000 115.002987269499428 175.000000000000000 
35.000000000000000 126.910433119147058 375.000000000000000 
36.000000000000000 121.892586558307869 237.000000000000000 
37.000000000000000 153.629157002118689 368.000000000000000 
38.000000000000000 115.350433398652541 1537.000000000000000 
39.000000000000000 124.161766554464194 590.000000000000000 
40.000000000000000 131.273652382946750 486.000000000000000 
41.000000000000000 126.263857215273418 402.000000000000000 
42.000000000000000 130.622178938562456 213.000000000000000 
43.000000000000000 158.877535847067179 393.000000000000000 
44.000000000000000 164.000145612387115 1802.000000000000000 
45.000000000000000 115.173576772589001 380.000000000000000 
46.000000000000000 107.687838012010104 413.000000000000000 
47.000000000000000 108.110797792381703 215.000000000000000 
48.000000000000000 118.750111184812184 443.000000000000000 
49.000000000000000 99.545263443544542 771.000000000000000 
50.000000000000000  0.000000000000000  0.000000000000000 
51.000000000000000  0.000000000000000  0.000000000000000 
52.000000000000000  0.000000000000000  0.000000000000000 
53.000000000000000  0.000000000000000  0.000000000000000 
54.000000000000000  0.000000000000000  0.000000000000000 
55.000000000000000  0.000000000000000  0.000000000000000 
56.000000000000000  0.000000000000000  0.000000000000000 
57.000000000000000  0.000000000000000  0.000000000000000 
58.000000000000000  0.000000000000000  0.000000000000000 
59.000000000000000  0.000000000000000  0.000000000000000 
60.000000000000000  0.000000000000000  0.000000000000000 
61.000000000000000  0.000000000000000  0.000000000000000 
62.000000000000000  0.000000000000000  0.000000000000000 
63.000000000000000  0.000000000000000  0.000000000000000 
64.000000000000000  0.000000000000000  0.000000000000000 
65.000000000000000  0.000000000000000  0.000000000000000 
66.000000000000000  0.000000000000000  0.000000000000000 
67.000000000000000  0.000000000000000  0.000000000000000 
68.000000000000000  0.000000000000000  0.000000000000000 
69.000000000000000  0.000000000000000  0.000000000000000 
70.000000000000000  0.000000000000000  0.000000000000000 
71.000000000000000  0.000000000000000  0.000000000000000 
72.000000000000000  0.000000000000000  0.000000000000000 
73.000000000000000  0.000000000000000  0.000000000000000 
74.000000000000000  0.000000000000000  0.000000000000000 
75.000000000000000  0.000000000000000  0.000000000000000 
76.000000000000000  0.000000000000000  0.000000000000000 
77.000000000000000  0.000000000000000  0.000000000000000 
78.000000000000000  0.000000000000000  0.000000000000000 
79.000000000000000  0.000000000000000  0.000000000000000 
80.000000000000000  0.000000000000000  0.000000000000000 
81.000000000000000  0.000000000000000  0.000000000000000 
82.000000000000000  0.000000000000000  0.000000000000000 
83.000000000000000  0.000000000000000  0.000000000000000 
84.000000000000000  0.000000000000000  0.000000000000000 
85.000000000000000  0.000000000000000  0.000000000000000 
86.000000000000000  0.000000000000000  0.000000000000000 
87.000000000000000  0.000000000000000  0.000000000000000 
88.000000000000000  0.000000000000000  0.000000000000000 
89.000000000000000  0.000000000000000  0.000000000000000 
90.000000000000000  0.000000000000000  0.000000000000000 
91.000000000000000  0.000000000000000  0.000000000000000 
92.000000000000000  0.000000000000000  0.000000000000000 
93.000000000000000  0.000000000000000  0.000000000000000 
94.000000000000000  0.000000000000000  0.000000000000000 
95.000000000000000  0.000000000000000  0.000000000000000 
96.000000000000000  0.000000000000000  0.000000000000000 
97.000000000000000  0.000000000000000  0.000000000000000 
98.000000000000000  0.000000000000000  0.000000000000000 
99.000000000000000  0.000000000000000  0.000000000000000 
100.000000000000000  0.000000000000000  0.000000000000000 
101.000000000000000  0.000000000000000  0.000000000000000 
102.000000000000000  0.000000000000000  0.000000000000000 
103.000000000000000  0.000000000000000  0.000000000000000 
104.000000000000000  0.000000000000000  0.000000000000000 
105.000000000000000  0.000000000000000  0.000000000000000 
106.000000000000000  0.000000000000000  0.000000000000000 
107.000000000000000  0.000000000000000  0.000000000000000 
108.000000000000000  0.000000000000000  0.000000000000000 
109.000000000000000  0.000000000000000  0.000000000000000 
110.000000000000000  0.000000000000000  0.000000000000000 
111.000000000000000  0.000000000000000  0.000000000000000 
112.000000000000000  0.000000000000000  0.000000000000000 
113.000000000000000  0.000000000000000  0.000000000000000 
114.000000000000000  0.000000000000000  0.000000000000000 
115.000000000000000  0.000000000000000  0.000000000000000 
116.000000000000000  0.000000000000000  0.000000000000000 
117.000000000000000  0.000000000000000  0.000000000000000 
118.000000000000000  0.000000000000000  0.000000000000000 
119.000000000000000  0.000000000000000  0.000000000000000 
120.000000000000000  0.000000000000000  0.000000000000000 
121.000000000000000  0.000000000000000  0.000000000000000 
122.000000000000000  0.000000000000000  0.000000000000000 
123.000000000000000  0.000000000000000  0.000000000000000 
124.000000000000000  0.000000000000000  0.000000000000000 
125.000000000000000  0.000000000000000  0.000000000000000 
126.000000000000000  0.000000000000000  0.000000000000000 
127.000000000000000  0.000000000000000  0.000000000000000 
