 0.000000000000000 89.615395357962214 824.000000000000000 
 1.000000000000000 78.650602703126438 672.000000000000000 
 2.000000000000000 102.142939360461028 570.000000000000000 
 3.000000000000000 94.388225658291006 196.000000000000000 
 4.000000000000000 72.741454202464141 844.000000000000000 
 5.000000000000000 88.482484186253927 233.000000000000000 
 6.000000000000000 93.818139224680579 599.000000000000000 
 7.000000000000000 86.146869626769444 713.000000000000000 
 8.000000000000000 103.140257576667409 345.000000000000000 
 9.000000000000000 75.289763399307759 170.000000000000000 
10.000000000000000 101.095691281871908 618.000000000000000 
11.000000000000000 95.354903840451186 129.000000000000000 
12.000000000000000 105.943092023142768 161.000000000000000 
13.000000000000000 87.190933579671835 189.000000000000000 
14.000000000000000 88.911702745339582 143.000000000000000 
15.000000000000000 86.011105117814324 167.000000000000000 
16.000000000000000 85.104863287642075 321.000000000000000 
17.000000000000000 73.423658409608095 290.000000000000000 
18.000000000000000 87.276260777013491 449.000000000000000 
19.000000000000000 86.831852049827106 144.000000000000000 
20.000000000000000 83.703074061893503 321.000000000000000 
21.000000000000000 95.320145511842057 403.000000000000000 
22.000000000000000 87.579548436914067 135.000000000000000 
23.000000000000000 67.416383800185258 962.000000000000000 
24.000000000000000 86.481917518648203 176.000000000000000 
25.000000000000000 94.472627870180773 164.000000000000000 
26.000000000000000 95.412010895226771 866.000000000000000 
27.000000000000000 87.141548385858258 306.000000000000000 
28.000000000000000 95.381684402684101 412.000000000000000 
29.000000000000000 80.178625787458699 222.000000000000000 
30.000000000000000 97.028399163183025 306.000000000000000 
31.000000000000000 91.179371136615615 221.000000000000000 
32.000000000000000 81.761150133101395 131.000000000000000 
33.000000000000000 76.373066485482894 82.000000000000000 
34.000000000000000 76.023789597599105 174.000000000000000 
35.000000000000000 79.964915776335289 260.000000000000000 
36.000000000000000 86.609093918397804 244.000000000000000 
37.000000000000000 100.048967180465894 274.000000000000000 
38.000000000000000 86.759172167087598 1376.000000000000000 
39.000000000000000 99.310902139940751 579.000000000000000 
40.000000000000000 92.862943471266291 323.000000000000000 
41.000000000000000 84.949892404939447 258.000000000000000 
42.000000000000000 73.445246261304348 138.000000000000000 
43.000000000000000 85.403240999763383 300.000000000000000 
44.000000000000000 81.862639403527140 1215.000000000000000 
45.000000000000000 84.447380341074293 381.000000000000000 
46.000000000000000 84.823559544747027 423.000000000000000 
47.000000000000000 79.226760672403074 237.000000000000000 
48.000000000000000 91.605114471892989 331.000000000000000 
49.000000000000000 100.467759407475171 678.000000000000000 
50.000000000000000 92.642583259956893 1132.000000000000000 
51.000000000000000 84.249010520919555 188.000000000000000 
52.000000000000000 77.292482635659582 173.000000000000000 
53.000000000000000 76.164791137972685 161.000000000000000 
54.000000000000000 83.691009763875471 1243.000000000000000 
55.000000000000000 71.217133323140757 963.000000000000000 
56.000000000000000 91.351407593681685 226.000000000000000 
57.000000000000000 80.408067562372580 477.000000000000000 
58.000000000000000 85.616796208515538 278.000000000000000 
59.000000000000000 71.176832401575183 130.000000000000000 
60.000000000000000 76.493548617487363 262.000000000000000 
61.000000000000000 72.199124280583177 141.000000000000000 
62.000000000000000 62.405928686225828 120.000000000000000 
63.000000000000000 78.405519116848950 125.000000000000000 
64.000000000000000 73.631899597084526 462.000000000000000 
65.000000000000000 62.790147462855167 168.000000000000000 
66.000000000000000 60.625967031433987 77.000000000000000 
67.000000000000000  0.000000000000000  0.000000000000000 
68.000000000000000  0.000000000000000  0.000000000000000 
69.000000000000000  0.000000000000000  0.000000000000000 
70.000000000000000  0.000000000000000  0.000000000000000 
71.000000000000000  0.000000000000000  0.000000000000000 
72.000000000000000  0.000000000000000  0.000000000000000 
73.000000000000000  0.000000000000000  0.000000000000000 
74.000000000000000  0.000000000000000  0.000000000000000 
75.000000000000000  0.000000000000000  0.000000000000000 
76.000000000000000  0.000000000000000  0.000000000000000 
77.000000000000000  0.000000000000000  0.000000000000000 
78.000000000000000  0.000000000000000  0.000000000000000 
79.000000000000000  0.000000000000000  0.000000000000000 
80.000000000000000  0.000000000000000  0.000000000000000 
81.000000000000000  0.000000000000000  0.000000000000000 
82.000000000000000  0.000000000000000  0.000000000000000 
83.000000000000000  0.000000000000000  0.000000000000000 
84.000000000000000  0.000000000000000  0.000000000000000 
85.000000000000000  0.000000000000000  0.000000000000000 
86.000000000000000  0.000000000000000  0.000000000000000 
87.000000000000000  0.000000000000000  0.000000000000000 
88.000000000000000  0.000000000000000  0.000000000000000 
89.000000000000000  0.000000000000000  0.000000000000000 
90.000000000000000  0.000000000000000  0.000000000000000 
91.000000000000000  0.000000000000000  0.000000000000000 
92.000000000000000  0.000000000000000  0.000000000000000 
93.000000000000000  0.000000000000000  0.000000000000000 
94.000000000000000  0.000000000000000  0.000000000000000 
95.000000000000000  0.000000000000000  0.000000000000000 
96.000000000000000  0.000000000000000  0.000000000000000 
97.000000000000000  0.000000000000000  0.000000000000000 
98.000000000000000  0.000000000000000  0.000000000000000 
99.000000000000000  0.000000000000000  0.000000000000000 
100.000000000000000  0.000000000000000  0.000000000000000 
101.000000000000000  0.000000000000000  0.000000000000000 
102.000000000000000  0.000000000000000  0.000000000000000 
103.000000000000000  0.000000000000000  0.000000000000000 
104.000000000000000  0.000000000000000  0.000000000000000 
105.000000000000000  0.000000000000000  0.000000000000000 
106.000000000000000  0.000000000000000  0.000000000000000 
107.000000000000000  0.000000000000000  0.000000000000000 
108.000000000000000  0.000000000000000  0.000000000000000 
109.000000000000000  0.000000000000000  0.000000000000000 
110.000000000000000  0.000000000000000  0.000000000000000 
111.000000000000000  0.000000000000000  0.000000000000000 
112.000000000000000  0.000000000000000  0.000000000000000 
113.000000000000000  0.000000000000000  0.000000000000000 
114.000000000000000  0.000000000000000  0.000000000000000 
115.000000000000000  0.000000000000000  0.000000000000000 
116.000000000000000  0.000000000000000  0.000000000000000 
117.000000000000000  0.000000000000000  0.000000000000000 
118.000000000000000  0.000000000000000  0.000000000000000 
119.000000000000000  0.000000000000000  0.000000000000000 
120.000000000000000  0.000000000000000  0.000000000000000 
121.000000000000000  0.000000000000000  0.000000000000000 
122.000000000000000  0.000000000000000  0.000000000000000 
123.000000000000000  0.000000000000000  0.000000000000000 
124.000000000000000  0.000000000000000  0.000000000000000 
125.000000000000000  0.000000000000000  0.000000000000000 
126.000000000000000  0.000000000000000  0.000000000000000 
127.000000000000000  0.000000000000000  0.000000000000000 
