 0.000000000000000 43.320282671157486 637.000000000000000 
 1.000000000000000 36.661739265797465 361.000000000000000 
 2.000000000000000 45.489711355030771 353.000000000000000 
 3.000000000000000 43.110059149306785 187.000000000000000 
 4.000000000000000 47.967680691776721 771.000000000000000 
 5.000000000000000 46.260081589068903 166.000000000000000 
 6.000000000000000 48.785845284041109 377.000000000000000 
 7.000000000000000 43.713276841688248 315.000000000000000 
 8.000000000000000 49.417136801184540 260.000000000000000 
 9.000000000000000 38.444152260269441 107.000000000000000 
10.000000000000000 52.911392655947807 479.000000000000000 
11.000000000000000 27.748009523347914 48.000000000000000 
12.000000000000000 39.488126930517979 77.000000000000000 
13.000000000000000 40.479456440269416 96.000000000000000 
14.000000000000000 44.706626863383342 71.000000000000000 
15.000000000000000 43.799679499081307 123.000000000000000 
16.000000000000000 35.572532498708590 172.000000000000000 
17.000000000000000 35.473201131525840 182.000000000000000 
18.000000000000000 48.150314861921458 396.000000000000000 
19.000000000000000 37.344383501589100 64.000000000000000 
20.000000000000000 43.665892059903889 211.000000000000000 
21.000000000000000 36.497564553681165 170.000000000000000 
22.000000000000000 49.139615190830803 108.000000000000000 
23.000000000000000 42.951855505673969 704.000000000000000 
24.000000000000000 47.668392772503253 114.000000000000000 
25.000000000000000 52.987719766685693 119.000000000000000 
26.000000000000000 48.041666966956718 568.000000000000000 
27.000000000000000 39.066081836792250 177.000000000000000 
28.000000000000000 51.765413228239353 304.000000000000000 
29.000000000000000 45.684356513547463 156.000000000000000 
30.000000000000000 48.334043295159489 150.000000000000000 
31.000000000000000 42.026401101103701 101.000000000000000 
32.000000000000000 46.828496075299270 81.000000000000000 
33.000000000000000 55.658117712323531 68.000000000000000 
34.000000000000000 45.970693036368800 131.000000000000000 
35.000000000000000 37.042258393030238 118.000000000000000 
36.000000000000000 48.538487115862502 144.000000000000000 
37.000000000000000 46.411537433220573 109.000000000000000 
38.000000000000000 43.837820820246243 933.000000000000000 
39.000000000000000 49.595085230545671 362.000000000000000 
40.000000000000000 36.451256513660503 119.000000000000000 
41.000000000000000 52.395171343334184 214.000000000000000 
42.000000000000000 56.252306778620678 116.000000000000000 
43.000000000000000 49.504094979141080 185.000000000000000 
44.000000000000000 53.038890049036929 700.000000000000000 
45.000000000000000 37.832031056284379 239.000000000000000 
46.000000000000000 36.081926191504500 173.000000000000000 
47.000000000000000 45.434767066899447 165.000000000000000 
48.000000000000000 37.766419574502066 116.000000000000000 
49.000000000000000 49.708321567518468 455.000000000000000 
50.000000000000000 53.103956569736134 737.000000000000000 
51.000000000000000 47.302265696673011 137.000000000000000 
52.000000000000000 46.692560085122970 126.000000000000000 
53.000000000000000 48.807127612591692 156.000000000000000 
54.000000000000000 36.745539550418243 825.000000000000000 
55.000000000000000 33.359412950697937 570.000000000000000 
56.000000000000000 55.199393285245748 150.000000000000000 
57.000000000000000 47.844484273992293 260.000000000000000 
58.000000000000000 34.285194872002258 152.000000000000000 
59.000000000000000 50.465212103236389 96.000000000000000 
60.000000000000000 28.869608167535443 141.000000000000000 
61.000000000000000 48.939299746325112 107.000000000000000 
62.000000000000000 33.452783619861108 72.000000000000000 
63.000000000000000 51.838253847741818 83.000000000000000 
64.000000000000000 42.500905171650601 431.000000000000000 
65.000000000000000 44.162348405409872 164.000000000000000 
66.000000000000000 41.085753071050789 63.000000000000000 
67.000000000000000 41.247895492693587 109.000000000000000 
68.000000000000000 36.408767360222420 188.000000000000000 
69.000000000000000 43.603128697222992 164.000000000000000 
70.000000000000000 48.613599207200572 278.000000000000000 
71.000000000000000 48.735585160396795 254.000000000000000 
72.000000000000000 51.253863555579080 851.000000000000000 
73.000000000000000 37.164994330710456 260.000000000000000 
74.000000000000000 38.895993294581579 92.000000000000000 
75.000000000000000 44.918936474733272 104.000000000000000 
76.000000000000000 31.431597698018614 43.000000000000000 
77.000000000000000 36.698913183277142 387.000000000000000 
78.000000000000000 37.784681564994891 222.000000000000000 
79.000000000000000 44.521777721500378 221.000000000000000 
80.000000000000000 42.915748455013102 298.000000000000000 
81.000000000000000 34.203486248016397 106.000000000000000 
82.000000000000000 32.390964338727748 275.000000000000000 
83.000000000000000 48.491969984615444 104.000000000000000 
84.000000000000000 41.557002099363643 77.000000000000000 
85.000000000000000 35.617501123426592 113.000000000000000 
86.000000000000000 35.561509877263155 76.000000000000000 
87.000000000000000 34.237378745512146 88.000000000000000 
88.000000000000000 40.723205501472975 214.000000000000000 
89.000000000000000 36.853012193538923 105.000000000000000 
90.000000000000000 49.698742232252108 882.000000000000000 
91.000000000000000 46.284816362082005 722.000000000000000 
92.000000000000000 40.453079205404563 159.000000000000000 
93.000000000000000 37.889955887517438 232.000000000000000 
94.000000000000000 40.154514528023114 201.000000000000000 
95.000000000000000 32.823713965544030 272.000000000000000 
96.000000000000000 38.596944975531144 411.000000000000000 
97.000000000000000 26.491483847566535 36.000000000000000 
98.000000000000000 38.240402816678504 183.000000000000000 
99.000000000000000 38.534997678458573 280.000000000000000 
100.000000000000000 29.180194820068184 88.000000000000000 
101.000000000000000 38.365480363521002 201.000000000000000 
102.000000000000000 36.547612520933114 229.000000000000000 
103.000000000000000 31.750580365402172 95.000000000000000 
104.000000000000000 38.156748265887487 144.000000000000000 
105.000000000000000 27.044080567141723 300.000000000000000 
106.000000000000000 29.994823095407433 115.000000000000000 
107.000000000000000  0.000000000000000  0.000000000000000 
108.000000000000000  0.000000000000000  0.000000000000000 
109.000000000000000  0.000000000000000  0.000000000000000 
110.000000000000000  0.000000000000000  0.000000000000000 
111.000000000000000  0.000000000000000  0.000000000000000 
112.000000000000000  0.000000000000000  0.000000000000000 
113.000000000000000  0.000000000000000  0.000000000000000 
114.000000000000000  0.000000000000000  0.000000000000000 
115.000000000000000  0.000000000000000  0.000000000000000 
116.000000000000000  0.000000000000000  0.000000000000000 
117.000000000000000  0.000000000000000  0.000000000000000 
118.000000000000000  0.000000000000000  0.000000000000000 
119.000000000000000  0.000000000000000  0.000000000000000 
120.000000000000000  0.000000000000000  0.000000000000000 
121.000000000000000  0.000000000000000  0.000000000000000 
122.000000000000000  0.000000000000000  0.000000000000000 
123.000000000000000  0.000000000000000  0.000000000000000 
124.000000000000000  0.000000000000000  0.000000000000000 
125.000000000000000  0.000000000000000  0.000000000000000 
126.000000000000000  0.000000000000000  0.000000000000000 
127.000000000000000  0.000000000000000  0.000000000000000 
