 0.000000000000000 137.625699930265483 1635.000000000000000 
 1.000000000000000 126.511577868501348 1372.000000000000000 
 2.000000000000000 174.968811074380966 983.000000000000000 
 3.000000000000000 168.742768323554003 286.000000000000000 
 4.000000000000000 143.105293790909315 911.000000000000000 
 5.000000000000000 151.196784869565619 346.000000000000000 
 6.000000000000000 161.100122232329880 757.000000000000000 
 7.000000000000000 133.904985597717086 1272.000000000000000 
 8.000000000000000 153.006635293050266 536.000000000000000 
 9.000000000000000 178.495816272207122 443.000000000000000 
10.000000000000000 170.380841259775110 974.000000000000000 
11.000000000000000 149.966476570428426 199.000000000000000 
12.000000000000000 177.417962141644381 237.000000000000000 
13.000000000000000 146.459145770380047 296.000000000000000 
14.000000000000000 155.010288185222208 207.000000000000000 
15.000000000000000 149.417582331392765 276.000000000000000 
16.000000000000000 174.052776292388700 819.000000000000000 
17.000000000000000 153.331169723572856 343.000000000000000 
18.000000000000000 153.779049921115586 578.000000000000000 
19.000000000000000 145.762459427799371 206.000000000000000 
20.000000000000000 182.568925502431796 637.000000000000000 
21.000000000000000 182.381370898556668 695.000000000000000 
22.000000000000000 155.076032068304926 223.000000000000000 
23.000000000000000 126.863909346695067 1584.000000000000000 
24.000000000000000 150.289866466053354 257.000000000000000 
25.000000000000000 173.298890946883063 255.000000000000000 
26.000000000000000 165.456417890738692 1450.000000000000000 
27.000000000000000 165.691843474389145 426.000000000000000 
28.000000000000000 169.645038221037225 617.000000000000000 
29.000000000000000 184.853583358104743 455.000000000000000 
30.000000000000000 170.236363190481569 394.000000000000000 
31.000000000000000 162.781212562798345 342.000000000000000 
32.000000000000000 143.979331301921405 201.000000000000000 
33.000000000000000 149.719818479637695 151.000000000000000 
34.000000000000000 145.420498821767410 208.000000000000000 
35.000000000000000 186.097117092349123 554.000000000000000 
36.000000000000000 157.092267058226895 322.000000000000000 
37.000000000000000 155.921874519841197 366.000000000000000 
38.000000000000000 196.259161243972699 2111.000000000000000 
39.000000000000000 139.247807357917907 620.000000000000000 
40.000000000000000 134.230061285824064 444.000000000000000 
41.000000000000000 138.980594122860879 426.000000000000000 
42.000000000000000 153.013516789347705 249.000000000000000 
43.000000000000000 117.988275874850899 338.000000000000000 
44.000000000000000  0.000000000000000  0.000000000000000 
45.000000000000000  0.000000000000000  0.000000000000000 
46.000000000000000  0.000000000000000  0.000000000000000 
47.000000000000000  0.000000000000000  0.000000000000000 
48.000000000000000  0.000000000000000  0.000000000000000 
49.000000000000000  0.000000000000000  0.000000000000000 
50.000000000000000  0.000000000000000  0.000000000000000 
51.000000000000000  0.000000000000000  0.000000000000000 
52.000000000000000  0.000000000000000  0.000000000000000 
53.000000000000000  0.000000000000000  0.000000000000000 
54.000000000000000  0.000000000000000  0.000000000000000 
55.000000000000000  0.000000000000000  0.000000000000000 
56.000000000000000  0.000000000000000  0.000000000000000 
57.000000000000000  0.000000000000000  0.000000000000000 
58.000000000000000  0.000000000000000  0.000000000000000 
59.000000000000000  0.000000000000000  0.000000000000000 
60.000000000000000  0.000000000000000  0.000000000000000 
61.000000000000000  0.000000000000000  0.000000000000000 
62.000000000000000  0.000000000000000  0.000000000000000 
63.000000000000000  0.000000000000000  0.000000000000000 
64.000000000000000  0.000000000000000  0.000000000000000 
65.000000000000000  0.000000000000000  0.000000000000000 
66.000000000000000  0.000000000000000  0.000000000000000 
67.000000000000000  0.000000000000000  0.000000000000000 
68.000000000000000  0.000000000000000  0.000000000000000 
69.000000000000000  0.000000000000000  0.000000000000000 
70.000000000000000  0.000000000000000  0.000000000000000 
71.000000000000000  0.000000000000000  0.000000000000000 
72.000000000000000  0.000000000000000  0.000000000000000 
73.000000000000000  0.000000000000000  0.000000000000000 
74.000000000000000  0.000000000000000  0.000000000000000 
75.000000000000000  0.000000000000000  0.000000000000000 
76.000000000000000  0.000000000000000  0.000000000000000 
77.000000000000000  0.000000000000000  0.000000000000000 
78.000000000000000  0.000000000000000  0.000000000000000 
79.000000000000000  0.000000000000000  0.000000000000000 
80.000000000000000  0.000000000000000  0.000000000000000 
81.000000000000000  0.000000000000000  0.000000000000000 
82.000000000000000  0.000000000000000  0.000000000000000 
83.000000000000000  0.000000000000000  0.000000000000000 
84.000000000000000  0.000000000000000  0.000000000000000 
85.000000000000000  0.000000000000000  0.000000000000000 
86.000000000000000  0.000000000000000  0.000000000000000 
87.000000000000000  0.000000000000000  0.000000000000000 
88.000000000000000  0.000000000000000  0.000000000000000 
89.000000000000000  0.000000000000000  0.000000000000000 
90.000000000000000  0.000000000000000  0.000000000000000 
91.000000000000000  0.000000000000000  0.000000000000000 
92.000000000000000  0.000000000000000  0.000000000000000 
93.000000000000000  0.000000000000000  0.000000000000000 
94.000000000000000  0.000000000000000  0.000000000000000 
95.000000000000000  0.000000000000000  0.000000000000000 
96.000000000000000  0.000000000000000  0.000000000000000 
97.000000000000000  0.000000000000000  0.000000000000000 
98.000000000000000  0.000000000000000  0.000000000000000 
99.000000000000000  0.000000000000000  0.000000000000000 
100.000000000000000  0.000000000000000  0.000000000000000 
101.000000000000000  0.000000000000000  0.000000000000000 
102.000000000000000  0.000000000000000  0.000000000000000 
103.000000000000000  0.000000000000000  0.000000000000000 
104.000000000000000  0.000000000000000  0.000000000000000 
105.000000000000000  0.000000000000000  0.000000000000000 
106.000000000000000  0.000000000000000  0.000000000000000 
107.000000000000000  0.000000000000000  0.000000000000000 
108.000000000000000  0.000000000000000  0.000000000000000 
109.000000000000000  0.000000000000000  0.000000000000000 
110.000000000000000  0.000000000000000  0.000000000000000 
111.000000000000000  0.000000000000000  0.000000000000000 
112.000000000000000  0.000000000000000  0.000000000000000 
113.000000000000000  0.000000000000000  0.000000000000000 
114.000000000000000  0.000000000000000  0.000000000000000 
115.000000000000000  0.000000000000000  0.000000000000000 
116.000000000000000  0.000000000000000  0.000000000000000 
117.000000000000000  0.000000000000000  0.000000000000000 
118.000000000000000  0.000000000000000  0.000000000000000 
119.000000000000000  0.000000000000000  0.000000000000000 
120.000000000000000  0.000000000000000  0.000000000000000 
121.000000000000000  0.000000000000000  0.000000000000000 
122.000000000000000  0.000000000000000  0.000000000000000 
123.000000000000000  0.000000000000000  0.000000000000000 
124.000000000000000  0.000000000000000  0.000000000000000 
125.000000000000000  0.000000000000000  0.000000000000000 
126.000000000000000  0.000000000000000  0.000000000000000 
127.000000000000000  0.000000000000000  0.000000000000000 
