 0.000000000000000 187.196235584233023 1828.000000000000000 
 1.000000000000000 322.902471840284306 2958.000000000000000 
 2.000000000000000 288.673075621832538 722.000000000000000 
 3.000000000000000 295.849576366858855 456.000000000000000 
 4.000000000000000 306.366670044922103 1684.000000000000000 
 5.000000000000000 278.288058495996211 591.000000000000000 
 6.000000000000000 328.960523080316136 875.000000000000000 
 7.000000000000000 295.876641294183742 1856.000000000000000 
 8.000000000000000 293.163843932825046 1141.000000000000000 
 9.000000000000000 299.634384591277353 606.000000000000000 
10.000000000000000 273.027825625307344 1273.000000000000000 
11.000000000000000 282.375637985418166 274.000000000000000 
12.000000000000000 265.268002634736263 377.000000000000000 
13.000000000000000 275.750759338871376 487.000000000000000 
14.000000000000000 320.595933805291622 373.000000000000000 
15.000000000000000 289.424781084829760 296.000000000000000 
16.000000000000000 307.871032583751571 806.000000000000000 
17.000000000000000 250.302376614384997 386.000000000000000 
18.000000000000000 308.934976805854944 763.000000000000000 
19.000000000000000 250.036592479152489 305.000000000000000 
20.000000000000000 291.544680807015880 756.000000000000000 
21.000000000000000 246.724771380279577 677.000000000000000 
22.000000000000000 274.848508099471360 328.000000000000000 
23.000000000000000 251.038506781459972 2097.000000000000000 
24.000000000000000 257.144837489891813 366.000000000000000 
25.000000000000000 309.823275669687234 449.000000000000000 
26.000000000000000 231.338136035532017 1471.000000000000000 
27.000000000000000 208.953435363071804 493.000000000000000 
28.000000000000000 293.107534174516957 854.000000000000000 
29.000000000000000 234.932346274168594 453.000000000000000 
30.000000000000000  0.000000000000000  0.000000000000000 
31.000000000000000  0.000000000000000  0.000000000000000 
32.000000000000000  0.000000000000000  0.000000000000000 
33.000000000000000  0.000000000000000  0.000000000000000 
34.000000000000000  0.000000000000000  0.000000000000000 
35.000000000000000  0.000000000000000  0.000000000000000 
36.000000000000000  0.000000000000000  0.000000000000000 
37.000000000000000  0.000000000000000  0.000000000000000 
38.000000000000000  0.000000000000000  0.000000000000000 
39.000000000000000  0.000000000000000  0.000000000000000 
40.000000000000000  0.000000000000000  0.000000000000000 
41.000000000000000  0.000000000000000  0.000000000000000 
42.000000000000000  0.000000000000000  0.000000000000000 
43.000000000000000  0.000000000000000  0.000000000000000 
44.000000000000000  0.000000000000000  0.000000000000000 
45.000000000000000  0.000000000000000  0.000000000000000 
46.000000000000000  0.000000000000000  0.000000000000000 
47.000000000000000  0.000000000000000  0.000000000000000 
48.000000000000000  0.000000000000000  0.000000000000000 
49.000000000000000  0.000000000000000  0.000000000000000 
50.000000000000000  0.000000000000000  0.000000000000000 
51.000000000000000  0.000000000000000  0.000000000000000 
52.000000000000000  0.000000000000000  0.000000000000000 
53.000000000000000  0.000000000000000  0.000000000000000 
54.000000000000000  0.000000000000000  0.000000000000000 
55.000000000000000  0.000000000000000  0.000000000000000 
56.000000000000000  0.000000000000000  0.000000000000000 
57.000000000000000  0.000000000000000  0.000000000000000 
58.000000000000000  0.000000000000000  0.000000000000000 
59.000000000000000  0.000000000000000  0.000000000000000 
60.000000000000000  0.000000000000000  0.000000000000000 
61.000000000000000  0.000000000000000  0.000000000000000 
62.000000000000000  0.000000000000000  0.000000000000000 
63.000000000000000  0.000000000000000  0.000000000000000 
64.000000000000000  0.000000000000000  0.000000000000000 
65.000000000000000  0.000000000000000  0.000000000000000 
66.000000000000000  0.000000000000000  0.000000000000000 
67.000000000000000  0.000000000000000  0.000000000000000 
68.000000000000000  0.000000000000000  0.000000000000000 
69.000000000000000  0.000000000000000  0.000000000000000 
70.000000000000000  0.000000000000000  0.000000000000000 
71.000000000000000  0.000000000000000  0.000000000000000 
72.000000000000000  0.000000000000000  0.000000000000000 
73.000000000000000  0.000000000000000  0.000000000000000 
74.000000000000000  0.000000000000000  0.000000000000000 
75.000000000000000  0.000000000000000  0.000000000000000 
76.000000000000000  0.000000000000000  0.000000000000000 
77.000000000000000  0.000000000000000  0.000000000000000 
78.000000000000000  0.000000000000000  0.000000000000000 
79.000000000000000  0.000000000000000  0.000000000000000 
80.000000000000000  0.000000000000000  0.000000000000000 
81.000000000000000  0.000000000000000  0.000000000000000 
82.000000000000000  0.000000000000000  0.000000000000000 
83.000000000000000  0.000000000000000  0.000000000000000 
84.000000000000000  0.000000000000000  0.000000000000000 
85.000000000000000  0.000000000000000  0.000000000000000 
86.000000000000000  0.000000000000000  0.000000000000000 
87.000000000000000  0.000000000000000  0.000000000000000 
88.000000000000000  0.000000000000000  0.000000000000000 
89.000000000000000  0.000000000000000  0.000000000000000 
90.000000000000000  0.000000000000000  0.000000000000000 
91.000000000000000  0.000000000000000  0.000000000000000 
92.000000000000000  0.000000000000000  0.000000000000000 
93.000000000000000  0.000000000000000  0.000000000000000 
94.000000000000000  0.000000000000000  0.000000000000000 
95.000000000000000  0.000000000000000  0.000000000000000 
96.000000000000000  0.000000000000000  0.000000000000000 
97.000000000000000  0.000000000000000  0.000000000000000 
98.000000000000000  0.000000000000000  0.000000000000000 
99.000000000000000  0.000000000000000  0.000000000000000 
100.000000000000000  0.000000000000000  0.000000000000000 
101.000000000000000  0.000000000000000  0.000000000000000 
102.000000000000000  0.000000000000000  0.000000000000000 
103.000000000000000  0.000000000000000  0.000000000000000 
104.000000000000000  0.000000000000000  0.000000000000000 
105.000000000000000  0.000000000000000  0.000000000000000 
106.000000000000000  0.000000000000000  0.000000000000000 
107.000000000000000  0.000000000000000  0.000000000000000 
108.000000000000000  0.000000000000000  0.000000000000000 
109.000000000000000  0.000000000000000  0.000000000000000 
110.000000000000000  0.000000000000000  0.000000000000000 
111.000000000000000  0.000000000000000  0.000000000000000 
112.000000000000000  0.000000000000000  0.000000000000000 
113.000000000000000  0.000000000000000  0.000000000000000 
114.000000000000000  0.000000000000000  0.000000000000000 
115.000000000000000  0.000000000000000  0.000000000000000 
116.000000000000000  0.000000000000000  0.000000000000000 
117.000000000000000  0.000000000000000  0.000000000000000 
118.000000000000000  0.000000000000000  0.000000000000000 
119.000000000000000  0.000000000000000  0.000000000000000 
120.000000000000000  0.000000000000000  0.000000000000000 
121.000000000000000  0.000000000000000  0.000000000000000 
122.000000000000000  0.000000000000000  0.000000000000000 
123.000000000000000  0.000000000000000  0.000000000000000 
124.000000000000000  0.000000000000000  0.000000000000000 
125.000000000000000  0.000000000000000  0.000000000000000 
126.000000000000000  0.000000000000000  0.000000000000000 
127.000000000000000  0.000000000000000  0.000000000000000 
