 0.000000000000000 74.781046472154074 730.000000000000000 
 1.000000000000000 71.296250101548921 662.000000000000000 
 2.000000000000000 85.949904943842483 614.000000000000000 
 3.000000000000000 74.893631538289071 229.000000000000000 
 4.000000000000000 69.209728743120479 888.000000000000000 
 5.000000000000000 82.806743304309038 248.000000000000000 
 6.000000000000000 86.601137730909798 585.000000000000000 
 7.000000000000000 78.654354518035149 642.000000000000000 
 8.000000000000000 85.421332107230029 310.000000000000000 
 9.000000000000000 73.829690474955498 171.000000000000000 
10.000000000000000 84.665764046762419 561.000000000000000 
11.000000000000000 84.433060594124754 109.000000000000000 
12.000000000000000 88.287996145307744 132.000000000000000 
13.000000000000000 78.207460145458953 168.000000000000000 
14.000000000000000 88.685144264539034 141.000000000000000 
15.000000000000000 90.970203147216267 191.000000000000000 
16.000000000000000 78.760811183174525 300.000000000000000 
17.000000000000000 77.999988877561705 312.000000000000000 
18.000000000000000 81.089600719370324 451.000000000000000 
19.000000000000000 71.285515332608469 136.000000000000000 
20.000000000000000 82.233638168433998 333.000000000000000 
21.000000000000000 71.200898742793797 339.000000000000000 
22.000000000000000 85.813351785447864 140.000000000000000 
23.000000000000000 57.148710134588036 861.000000000000000 
24.000000000000000 83.393063717661306 168.000000000000000 
25.000000000000000 74.471764100872107 141.000000000000000 
26.000000000000000 81.433690531341639 818.000000000000000 
27.000000000000000 79.800969184729013 292.000000000000000 
28.000000000000000 80.236150773441267 392.000000000000000 
29.000000000000000 75.488614343451289 214.000000000000000 
30.000000000000000 83.939834276006124 278.000000000000000 
31.000000000000000 80.749094193009014 189.000000000000000 
32.000000000000000 78.167365614843618 124.000000000000000 
33.000000000000000 78.621219612555933 84.000000000000000 
34.000000000000000 72.960932254978374 167.000000000000000 
35.000000000000000 63.313423621121629 200.000000000000000 
36.000000000000000 77.890517988820420 222.000000000000000 
37.000000000000000 84.442945195593737 208.000000000000000 
38.000000000000000 78.544457979485699 1329.000000000000000 
39.000000000000000 79.585591567834413 474.000000000000000 
40.000000000000000 77.533984958083664 288.000000000000000 
41.000000000000000 75.084410371256936 253.000000000000000 
42.000000000000000 83.516035191409415 149.000000000000000 
43.000000000000000 68.621819925384713 260.000000000000000 
44.000000000000000 77.921537664650373 1167.000000000000000 
45.000000000000000 68.895683545604868 385.000000000000000 
46.000000000000000 73.927933449863630 383.000000000000000 
47.000000000000000 81.980174893687845 246.000000000000000 
48.000000000000000 71.761516935623334 267.000000000000000 
49.000000000000000 75.915974746061721 600.000000000000000 
50.000000000000000 92.680060492015144 1133.000000000000000 
51.000000000000000 69.822318959588600 153.000000000000000 
52.000000000000000 67.965442906128587 163.000000000000000 
53.000000000000000 74.054501021974403 156.000000000000000 
54.000000000000000 79.632550286369749 1232.000000000000000 
55.000000000000000 70.904441156666579 957.000000000000000 
56.000000000000000 73.555211481314117 198.000000000000000 
57.000000000000000 68.160595707347298 432.000000000000000 
58.000000000000000 82.449392020159365 313.000000000000000 
59.000000000000000 70.122125487748008 127.000000000000000 
60.000000000000000 81.610667525211070 275.000000000000000 
61.000000000000000 78.216608208982080 150.000000000000000 
62.000000000000000 65.325354172078718 127.000000000000000 
63.000000000000000 75.013817601844892 118.000000000000000 
64.000000000000000 66.025919450598806 503.000000000000000 
65.000000000000000 81.118337015837568 257.000000000000000 
66.000000000000000 62.670568996565393 78.000000000000000 
67.000000000000000 60.776680898894156 154.000000000000000 
68.000000000000000 59.526866687881608 283.000000000000000 
69.000000000000000 67.176273579773962 134.000000000000000 
70.000000000000000 60.214334377076078 249.000000000000000 
71.000000000000000 64.001720667219175 258.000000000000000 
72.000000000000000  0.000000000000000  0.000000000000000 
73.000000000000000  0.000000000000000  0.000000000000000 
74.000000000000000  0.000000000000000  0.000000000000000 
75.000000000000000  0.000000000000000  0.000000000000000 
76.000000000000000  0.000000000000000  0.000000000000000 
77.000000000000000  0.000000000000000  0.000000000000000 
78.000000000000000  0.000000000000000  0.000000000000000 
79.000000000000000  0.000000000000000  0.000000000000000 
80.000000000000000  0.000000000000000  0.000000000000000 
81.000000000000000  0.000000000000000  0.000000000000000 
82.000000000000000  0.000000000000000  0.000000000000000 
83.000000000000000  0.000000000000000  0.000000000000000 
84.000000000000000  0.000000000000000  0.000000000000000 
85.000000000000000  0.000000000000000  0.000000000000000 
86.000000000000000  0.000000000000000  0.000000000000000 
87.000000000000000  0.000000000000000  0.000000000000000 
88.000000000000000  0.000000000000000  0.000000000000000 
89.000000000000000  0.000000000000000  0.000000000000000 
90.000000000000000  0.000000000000000  0.000000000000000 
91.000000000000000  0.000000000000000  0.000000000000000 
92.000000000000000  0.000000000000000  0.000000000000000 
93.000000000000000  0.000000000000000  0.000000000000000 
94.000000000000000  0.000000000000000  0.000000000000000 
95.000000000000000  0.000000000000000  0.000000000000000 
96.000000000000000  0.000000000000000  0.000000000000000 
97.000000000000000  0.000000000000000  0.000000000000000 
98.000000000000000  0.000000000000000  0.000000000000000 
99.000000000000000  0.000000000000000  0.000000000000000 
100.000000000000000  0.000000000000000  0.000000000000000 
101.000000000000000  0.000000000000000  0.000000000000000 
102.000000000000000  0.000000000000000  0.000000000000000 
103.000000000000000  0.000000000000000  0.000000000000000 
104.000000000000000  0.000000000000000  0.000000000000000 
105.000000000000000  0.000000000000000  0.000000000000000 
106.000000000000000  0.000000000000000  0.000000000000000 
107.000000000000000  0.000000000000000  0.000000000000000 
108.000000000000000  0.000000000000000  0.000000000000000 
109.000000000000000  0.000000000000000  0.000000000000000 
110.000000000000000  0.000000000000000  0.000000000000000 
111.000000000000000  0.000000000000000  0.000000000000000 
112.000000000000000  0.000000000000000  0.000000000000000 
113.000000000000000  0.000000000000000  0.000000000000000 
114.000000000000000  0.000000000000000  0.000000000000000 
115.000000000000000  0.000000000000000  0.000000000000000 
116.000000000000000  0.000000000000000  0.000000000000000 
117.000000000000000  0.000000000000000  0.000000000000000 
118.000000000000000  0.000000000000000  0.000000000000000 
119.000000000000000  0.000000000000000  0.000000000000000 
120.000000000000000  0.000000000000000  0.000000000000000 
121.000000000000000  0.000000000000000  0.000000000000000 
122.000000000000000  0.000000000000000  0.000000000000000 
123.000000000000000  0.000000000000000  0.000000000000000 
124.000000000000000  0.000000000000000  0.000000000000000 
125.000000000000000  0.000000000000000  0.000000000000000 
126.000000000000000  0.000000000000000  0.000000000000000 
127.000000000000000  0.000000000000000  0.000000000000000 
