 0.000000000000000 99.526464705133250 947.000000000000000 
 1.000000000000000 82.749184569507605 728.000000000000000 
 2.000000000000000 115.169096475514650 621.000000000000000 
 3.000000000000000 107.965788556958145 199.000000000000000 
 4.000000000000000 89.664113876497808 704.000000000000000 
 5.000000000000000 93.458172584292726 234.000000000000000 
 6.000000000000000 92.829355631583581 569.000000000000000 
 7.000000000000000 95.214977623299077 862.000000000000000 
 8.000000000000000 106.869453981063160 353.000000000000000 
 9.000000000000000 84.688883261946401 184.000000000000000 
10.000000000000000 108.483706596937395 650.000000000000000 
11.000000000000000 92.509751272973375 124.000000000000000 
12.000000000000000 111.527125112666738 167.000000000000000 
13.000000000000000 92.173265789065880 194.000000000000000 
14.000000000000000 97.688060618266661 150.000000000000000 
15.000000000000000 86.655157094369599 167.000000000000000 
16.000000000000000 107.755547012917859 419.000000000000000 
17.000000000000000 85.187972469540327 322.000000000000000 
18.000000000000000 93.743048995646944 447.000000000000000 
19.000000000000000 118.855241203980810 182.000000000000000 
20.000000000000000 88.722634084793981 361.000000000000000 
21.000000000000000 106.331274391373611 437.000000000000000 
22.000000000000000 102.111027675396912 160.000000000000000 
23.000000000000000 76.805980897655516 1097.000000000000000 
24.000000000000000 81.209972725214058 183.000000000000000 
25.000000000000000 101.518025794514514 179.000000000000000 
26.000000000000000 102.082030106921778 904.000000000000000 
27.000000000000000 90.621447485203120 317.000000000000000 
28.000000000000000 102.211162890527277 428.000000000000000 
29.000000000000000 89.183172971425421 227.000000000000000 
30.000000000000000 108.527351985268524 341.000000000000000 
31.000000000000000 102.647330706575417 242.000000000000000 
32.000000000000000 97.818362952488400 152.000000000000000 
33.000000000000000 76.373066485482923 82.000000000000000 
34.000000000000000 107.106613332024452 176.000000000000000 
35.000000000000000 89.053473696476615 270.000000000000000 
36.000000000000000 107.595779528138721 246.000000000000000 
37.000000000000000 97.847844877553797 262.000000000000000 
38.000000000000000 82.849280781403337 1332.000000000000000 
39.000000000000000 108.492888693669727 648.000000000000000 
40.000000000000000 96.347493198075043 327.000000000000000 
41.000000000000000 100.670172367208821 314.000000000000000 
42.000000000000000 71.143134854776108 134.000000000000000 
43.000000000000000 85.716206792935409 298.000000000000000 
44.000000000000000 76.598645044178497 1146.000000000000000 
45.000000000000000 112.904049737851579 387.000000000000000 
46.000000000000000 88.602262647330178 427.000000000000000 
47.000000000000000 91.750054075634083 214.000000000000000 
48.000000000000000 96.320969404581746 353.000000000000000 
49.000000000000000 108.918608013336836 719.000000000000000 
50.000000000000000 90.016482607519961 1112.000000000000000 
51.000000000000000 83.387100517361120 166.000000000000000 
52.000000000000000 83.419448361511343 185.000000000000000 
53.000000000000000 81.151326532042631 169.000000000000000 
54.000000000000000 83.973626672935069 1225.000000000000000 
55.000000000000000 68.387126873923393 926.000000000000000 
56.000000000000000 88.244687899042802 216.000000000000000 
57.000000000000000 91.753956728514652 497.000000000000000 
58.000000000000000 87.528963521462217 295.000000000000000 
59.000000000000000 72.672460538574569 122.000000000000000 
60.000000000000000 69.792583948643340 240.000000000000000 
61.000000000000000 69.224087985716395 135.000000000000000 
62.000000000000000 66.877705099812616 127.000000000000000 
63.000000000000000  0.000000000000000  0.000000000000000 
64.000000000000000  0.000000000000000  0.000000000000000 
65.000000000000000  0.000000000000000  0.000000000000000 
66.000000000000000  0.000000000000000  0.000000000000000 
67.000000000000000  0.000000000000000  0.000000000000000 
68.000000000000000  0.000000000000000  0.000000000000000 
69.000000000000000  0.000000000000000  0.000000000000000 
70.000000000000000  0.000000000000000  0.000000000000000 
71.000000000000000  0.000000000000000  0.000000000000000 
72.000000000000000  0.000000000000000  0.000000000000000 
73.000000000000000  0.000000000000000  0.000000000000000 
74.000000000000000  0.000000000000000  0.000000000000000 
75.000000000000000  0.000000000000000  0.000000000000000 
76.000000000000000  0.000000000000000  0.000000000000000 
77.000000000000000  0.000000000000000  0.000000000000000 
78.000000000000000  0.000000000000000  0.000000000000000 
79.000000000000000  0.000000000000000  0.000000000000000 
80.000000000000000  0.000000000000000  0.000000000000000 
81.000000000000000  0.000000000000000  0.000000000000000 
82.000000000000000  0.000000000000000  0.000000000000000 
83.000000000000000  0.000000000000000  0.000000000000000 
84.000000000000000  0.000000000000000  0.000000000000000 
85.000000000000000  0.000000000000000  0.000000000000000 
86.000000000000000  0.000000000000000  0.000000000000000 
87.000000000000000  0.000000000000000  0.000000000000000 
88.000000000000000  0.000000000000000  0.000000000000000 
89.000000000000000  0.000000000000000  0.000000000000000 
90.000000000000000  0.000000000000000  0.000000000000000 
91.000000000000000  0.000000000000000  0.000000000000000 
92.000000000000000  0.000000000000000  0.000000000000000 
93.000000000000000  0.000000000000000  0.000000000000000 
94.000000000000000  0.000000000000000  0.000000000000000 
95.000000000000000  0.000000000000000  0.000000000000000 
96.000000000000000  0.000000000000000  0.000000000000000 
97.000000000000000  0.000000000000000  0.000000000000000 
98.000000000000000  0.000000000000000  0.000000000000000 
99.000000000000000  0.000000000000000  0.000000000000000 
100.000000000000000  0.000000000000000  0.000000000000000 
101.000000000000000  0.000000000000000  0.000000000000000 
102.000000000000000  0.000000000000000  0.000000000000000 
103.000000000000000  0.000000000000000  0.000000000000000 
104.000000000000000  0.000000000000000  0.000000000000000 
105.000000000000000  0.000000000000000  0.000000000000000 
106.000000000000000  0.000000000000000  0.000000000000000 
107.000000000000000  0.000000000000000  0.000000000000000 
108.000000000000000  0.000000000000000  0.000000000000000 
109.000000000000000  0.000000000000000  0.000000000000000 
110.000000000000000  0.000000000000000  0.000000000000000 
111.000000000000000  0.000000000000000  0.000000000000000 
112.000000000000000  0.000000000000000  0.000000000000000 
113.000000000000000  0.000000000000000  0.000000000000000 
114.000000000000000  0.000000000000000  0.000000000000000 
115.000000000000000  0.000000000000000  0.000000000000000 
116.000000000000000  0.000000000000000  0.000000000000000 
117.000000000000000  0.000000000000000  0.000000000000000 
118.000000000000000  0.000000000000000  0.000000000000000 
119.000000000000000  0.000000000000000  0.000000000000000 
120.000000000000000  0.000000000000000  0.000000000000000 
121.000000000000000  0.000000000000000  0.000000000000000 
122.000000000000000  0.000000000000000  0.000000000000000 
123.000000000000000  0.000000000000000  0.000000000000000 
124.000000000000000  0.000000000000000  0.000000000000000 
125.000000000000000  0.000000000000000  0.000000000000000 
126.000000000000000  0.000000000000000  0.000000000000000 
127.000000000000000  0.000000000000000  0.000000000000000 
