 0.000000000000000 102.232322138900912 961.000000000000000 
 1.000000000000000 77.994647121796405 707.000000000000000 
 2.000000000000000 123.449552334055994 670.000000000000000 
 3.000000000000000 128.463077718181239 219.000000000000000 
 4.000000000000000 87.725911646231054 701.000000000000000 
 5.000000000000000 128.076739626572504 318.000000000000000 
 6.000000000000000 104.832374155259203 548.000000000000000 
 7.000000000000000 98.744635193514981 887.000000000000000 
 8.000000000000000 116.224266600352564 371.000000000000000 
 9.000000000000000 114.437984063411946 249.000000000000000 
10.000000000000000 117.793840783756622 712.000000000000000 
11.000000000000000 132.875280398462905 174.000000000000000 
12.000000000000000 110.877604560485892 164.000000000000000 
13.000000000000000 129.902399181636895 270.000000000000000 
14.000000000000000 134.094765524471882 188.000000000000000 
15.000000000000000 88.396616646988122 159.000000000000000 
16.000000000000000 111.917853740349003 416.000000000000000 
17.000000000000000 110.623628067157554 393.000000000000000 
18.000000000000000 105.568966684886121 479.000000000000000 
19.000000000000000 111.973744370961199 183.000000000000000 
20.000000000000000 126.790914075942922 515.000000000000000 
21.000000000000000 135.789770365321459 522.000000000000000 
22.000000000000000 110.991734317758358 173.000000000000000 
23.000000000000000 76.467823040077135 1096.000000000000000 
24.000000000000000 106.956965293134417 218.000000000000000 
25.000000000000000 114.238295197515953 210.000000000000000 
26.000000000000000 108.837384541666083 955.000000000000000 
27.000000000000000 105.552663912365432 348.000000000000000 
28.000000000000000 118.852057428468683 471.000000000000000 
29.000000000000000 116.327189445478908 239.000000000000000 
30.000000000000000 123.811282891292208 368.000000000000000 
31.000000000000000 119.523360768633410 269.000000000000000 
32.000000000000000 121.541319410871381 183.000000000000000 
33.000000000000000 112.809144003862329 116.000000000000000 
34.000000000000000 114.412824552430223 180.000000000000000 
35.000000000000000 116.538319300995695 345.000000000000000 
36.000000000000000 112.730103536214600 233.000000000000000 
37.000000000000000 130.236334309834632 325.000000000000000 
38.000000000000000 79.907326445278684 1314.000000000000000 
39.000000000000000 108.672049900006442 629.000000000000000 
40.000000000000000 125.665847373276677 449.000000000000000 
41.000000000000000 104.856691521779624 324.000000000000000 
42.000000000000000 97.687809540743260 148.000000000000000 
43.000000000000000 96.066038458488578 310.000000000000000 
44.000000000000000 75.149111765492719 1128.000000000000000 
45.000000000000000 110.084562187941472 371.000000000000000 
46.000000000000000 90.682295449810866 422.000000000000000 
47.000000000000000 103.738862603452901 208.000000000000000 
48.000000000000000 107.700780453370257 407.000000000000000 
49.000000000000000 115.729191286448668 739.000000000000000 
50.000000000000000 89.667456586184741 1108.000000000000000 
51.000000000000000 94.015403827168640 179.000000000000000 
52.000000000000000 77.971197118589416 169.000000000000000 
53.000000000000000 97.789513476960067 225.000000000000000 
54.000000000000000 81.724244468092280 1216.000000000000000 
55.000000000000000 67.867245330718731 922.000000000000000 
56.000000000000000 89.415225282566325 198.000000000000000 
57.000000000000000  0.000000000000000  0.000000000000000 
58.000000000000000  0.000000000000000  0.000000000000000 
59.000000000000000  0.000000000000000  0.000000000000000 
60.000000000000000  0.000000000000000  0.000000000000000 
61.000000000000000  0.000000000000000  0.000000000000000 
62.000000000000000  0.000000000000000  0.000000000000000 
63.000000000000000  0.000000000000000  0.000000000000000 
64.000000000000000  0.000000000000000  0.000000000000000 
65.000000000000000  0.000000000000000  0.000000000000000 
66.000000000000000  0.000000000000000  0.000000000000000 
67.000000000000000  0.000000000000000  0.000000000000000 
68.000000000000000  0.000000000000000  0.000000000000000 
69.000000000000000  0.000000000000000  0.000000000000000 
70.000000000000000  0.000000000000000  0.000000000000000 
71.000000000000000  0.000000000000000  0.000000000000000 
72.000000000000000  0.000000000000000  0.000000000000000 
73.000000000000000  0.000000000000000  0.000000000000000 
74.000000000000000  0.000000000000000  0.000000000000000 
75.000000000000000  0.000000000000000  0.000000000000000 
76.000000000000000  0.000000000000000  0.000000000000000 
77.000000000000000  0.000000000000000  0.000000000000000 
78.000000000000000  0.000000000000000  0.000000000000000 
79.000000000000000  0.000000000000000  0.000000000000000 
80.000000000000000  0.000000000000000  0.000000000000000 
81.000000000000000  0.000000000000000  0.000000000000000 
82.000000000000000  0.000000000000000  0.000000000000000 
83.000000000000000  0.000000000000000  0.000000000000000 
84.000000000000000  0.000000000000000  0.000000000000000 
85.000000000000000  0.000000000000000  0.000000000000000 
86.000000000000000  0.000000000000000  0.000000000000000 
87.000000000000000  0.000000000000000  0.000000000000000 
88.000000000000000  0.000000000000000  0.000000000000000 
89.000000000000000  0.000000000000000  0.000000000000000 
90.000000000000000  0.000000000000000  0.000000000000000 
91.000000000000000  0.000000000000000  0.000000000000000 
92.000000000000000  0.000000000000000  0.000000000000000 
93.000000000000000  0.000000000000000  0.000000000000000 
94.000000000000000  0.000000000000000  0.000000000000000 
95.000000000000000  0.000000000000000  0.000000000000000 
96.000000000000000  0.000000000000000  0.000000000000000 
97.000000000000000  0.000000000000000  0.000000000000000 
98.000000000000000  0.000000000000000  0.000000000000000 
99.000000000000000  0.000000000000000  0.000000000000000 
100.000000000000000  0.000000000000000  0.000000000000000 
101.000000000000000  0.000000000000000  0.000000000000000 
102.000000000000000  0.000000000000000  0.000000000000000 
103.000000000000000  0.000000000000000  0.000000000000000 
104.000000000000000  0.000000000000000  0.000000000000000 
105.000000000000000  0.000000000000000  0.000000000000000 
106.000000000000000  0.000000000000000  0.000000000000000 
107.000000000000000  0.000000000000000  0.000000000000000 
108.000000000000000  0.000000000000000  0.000000000000000 
109.000000000000000  0.000000000000000  0.000000000000000 
110.000000000000000  0.000000000000000  0.000000000000000 
111.000000000000000  0.000000000000000  0.000000000000000 
112.000000000000000  0.000000000000000  0.000000000000000 
113.000000000000000  0.000000000000000  0.000000000000000 
114.000000000000000  0.000000000000000  0.000000000000000 
115.000000000000000  0.000000000000000  0.000000000000000 
116.000000000000000  0.000000000000000  0.000000000000000 
117.000000000000000  0.000000000000000  0.000000000000000 
118.000000000000000  0.000000000000000  0.000000000000000 
119.000000000000000  0.000000000000000  0.000000000000000 
120.000000000000000  0.000000000000000  0.000000000000000 
121.000000000000000  0.000000000000000  0.000000000000000 
122.000000000000000  0.000000000000000  0.000000000000000 
123.000000000000000  0.000000000000000  0.000000000000000 
124.000000000000000  0.000000000000000  0.000000000000000 
125.000000000000000  0.000000000000000  0.000000000000000 
126.000000000000000  0.000000000000000  0.000000000000000 
127.000000000000000  0.000000000000000  0.000000000000000 
