 0.000000000000000 138.005815026626806 1633.000000000000000 
 1.000000000000000 126.920928331613666 1380.000000000000000 
 2.000000000000000 152.129046273388667 877.000000000000000 
 3.000000000000000 169.727860369873554 288.000000000000000 
 4.000000000000000 141.712191501211976 924.000000000000000 
 5.000000000000000 163.978368085375394 356.000000000000000 
 6.000000000000000 161.174527351377463 772.000000000000000 
 7.000000000000000 137.811765502628191 1290.000000000000000 
 8.000000000000000 164.913032327912703 635.000000000000000 
 9.000000000000000 176.028385558171607 448.000000000000000 
10.000000000000000 160.217441534961239 942.000000000000000 
11.000000000000000 152.848652416632234 205.000000000000000 
12.000000000000000 165.702104342374668 233.000000000000000 
13.000000000000000 146.165699755481796 297.000000000000000 
14.000000000000000 155.816810727822940 208.000000000000000 
15.000000000000000 151.628551548774965 280.000000000000000 
16.000000000000000 178.214395454429877 795.000000000000000 
17.000000000000000 156.215566382422196 347.000000000000000 
18.000000000000000 169.349283524201269 629.000000000000000 
19.000000000000000 146.637470628737077 207.000000000000000 
20.000000000000000 175.619012441638745 619.000000000000000 
21.000000000000000 185.302686613663894 703.000000000000000 
22.000000000000000 155.760657467719170 224.000000000000000 
23.000000000000000 128.599720620651681 1587.000000000000000 
24.000000000000000 153.051009242773006 257.000000000000000 
25.000000000000000 178.172575381202648 255.000000000000000 
26.000000000000000 168.884815769309711 1454.000000000000000 
27.000000000000000 167.561808507217791 431.000000000000000 
28.000000000000000 180.794039256018948 650.000000000000000 
29.000000000000000 182.740372358980522 453.000000000000000 
30.000000000000000 175.769752639163784 411.000000000000000 
31.000000000000000 164.587365519421496 346.000000000000000 
32.000000000000000 145.184103352371437 203.000000000000000 
33.000000000000000 148.027771752457056 150.000000000000000 
34.000000000000000 149.652198581521759 217.000000000000000 
35.000000000000000 183.084858213737704 547.000000000000000 
36.000000000000000 160.637996740715806 328.000000000000000 
37.000000000000000 150.910847687236270 360.000000000000000 
38.000000000000000 196.950238433821255 2117.000000000000000 
39.000000000000000 141.372373589422438 620.000000000000000 
40.000000000000000 156.845269714807529 416.000000000000000 
41.000000000000000 133.735255675138802 392.000000000000000 
42.000000000000000 148.659910344223249 242.000000000000000 
43.000000000000000 76.510392552513650 273.000000000000000 
44.000000000000000  0.000000000000000  0.000000000000000 
45.000000000000000  0.000000000000000  0.000000000000000 
46.000000000000000  0.000000000000000  0.000000000000000 
47.000000000000000  0.000000000000000  0.000000000000000 
48.000000000000000  0.000000000000000  0.000000000000000 
49.000000000000000  0.000000000000000  0.000000000000000 
50.000000000000000  0.000000000000000  0.000000000000000 
51.000000000000000  0.000000000000000  0.000000000000000 
52.000000000000000  0.000000000000000  0.000000000000000 
53.000000000000000  0.000000000000000  0.000000000000000 
54.000000000000000  0.000000000000000  0.000000000000000 
55.000000000000000  0.000000000000000  0.000000000000000 
56.000000000000000  0.000000000000000  0.000000000000000 
57.000000000000000  0.000000000000000  0.000000000000000 
58.000000000000000  0.000000000000000  0.000000000000000 
59.000000000000000  0.000000000000000  0.000000000000000 
60.000000000000000  0.000000000000000  0.000000000000000 
61.000000000000000  0.000000000000000  0.000000000000000 
62.000000000000000  0.000000000000000  0.000000000000000 
63.000000000000000  0.000000000000000  0.000000000000000 
64.000000000000000  0.000000000000000  0.000000000000000 
65.000000000000000  0.000000000000000  0.000000000000000 
66.000000000000000  0.000000000000000  0.000000000000000 
67.000000000000000  0.000000000000000  0.000000000000000 
68.000000000000000  0.000000000000000  0.000000000000000 
69.000000000000000  0.000000000000000  0.000000000000000 
70.000000000000000  0.000000000000000  0.000000000000000 
71.000000000000000  0.000000000000000  0.000000000000000 
72.000000000000000  0.000000000000000  0.000000000000000 
73.000000000000000  0.000000000000000  0.000000000000000 
74.000000000000000  0.000000000000000  0.000000000000000 
75.000000000000000  0.000000000000000  0.000000000000000 
76.000000000000000  0.000000000000000  0.000000000000000 
77.000000000000000  0.000000000000000  0.000000000000000 
78.000000000000000  0.000000000000000  0.000000000000000 
79.000000000000000  0.000000000000000  0.000000000000000 
80.000000000000000  0.000000000000000  0.000000000000000 
81.000000000000000  0.000000000000000  0.000000000000000 
82.000000000000000  0.000000000000000  0.000000000000000 
83.000000000000000  0.000000000000000  0.000000000000000 
84.000000000000000  0.000000000000000  0.000000000000000 
85.000000000000000  0.000000000000000  0.000000000000000 
86.000000000000000  0.000000000000000  0.000000000000000 
87.000000000000000  0.000000000000000  0.000000000000000 
88.000000000000000  0.000000000000000  0.000000000000000 
89.000000000000000  0.000000000000000  0.000000000000000 
90.000000000000000  0.000000000000000  0.000000000000000 
91.000000000000000  0.000000000000000  0.000000000000000 
92.000000000000000  0.000000000000000  0.000000000000000 
93.000000000000000  0.000000000000000  0.000000000000000 
94.000000000000000  0.000000000000000  0.000000000000000 
95.000000000000000  0.000000000000000  0.000000000000000 
96.000000000000000  0.000000000000000  0.000000000000000 
97.000000000000000  0.000000000000000  0.000000000000000 
98.000000000000000  0.000000000000000  0.000000000000000 
99.000000000000000  0.000000000000000  0.000000000000000 
100.000000000000000  0.000000000000000  0.000000000000000 
101.000000000000000  0.000000000000000  0.000000000000000 
102.000000000000000  0.000000000000000  0.000000000000000 
103.000000000000000  0.000000000000000  0.000000000000000 
104.000000000000000  0.000000000000000  0.000000000000000 
105.000000000000000  0.000000000000000  0.000000000000000 
106.000000000000000  0.000000000000000  0.000000000000000 
107.000000000000000  0.000000000000000  0.000000000000000 
108.000000000000000  0.000000000000000  0.000000000000000 
109.000000000000000  0.000000000000000  0.000000000000000 
110.000000000000000  0.000000000000000  0.000000000000000 
111.000000000000000  0.000000000000000  0.000000000000000 
112.000000000000000  0.000000000000000  0.000000000000000 
113.000000000000000  0.000000000000000  0.000000000000000 
114.000000000000000  0.000000000000000  0.000000000000000 
115.000000000000000  0.000000000000000  0.000000000000000 
116.000000000000000  0.000000000000000  0.000000000000000 
117.000000000000000  0.000000000000000  0.000000000000000 
118.000000000000000  0.000000000000000  0.000000000000000 
119.000000000000000  0.000000000000000  0.000000000000000 
120.000000000000000  0.000000000000000  0.000000000000000 
121.000000000000000  0.000000000000000  0.000000000000000 
122.000000000000000  0.000000000000000  0.000000000000000 
123.000000000000000  0.000000000000000  0.000000000000000 
124.000000000000000  0.000000000000000  0.000000000000000 
125.000000000000000  0.000000000000000  0.000000000000000 
126.000000000000000  0.000000000000000  0.000000000000000 
127.000000000000000  0.000000000000000  0.000000000000000 
