 0.000000000000000 58.615172922531592 771.000000000000000 
 1.000000000000000 60.536156102809159 590.000000000000000 
 2.000000000000000 66.562272179065502 504.000000000000000 
 3.000000000000000 68.672681683487525 218.000000000000000 
 4.000000000000000 61.584817883277431 830.000000000000000 
 5.000000000000000 74.353689377038094 234.000000000000000 
 6.000000000000000 65.471236359774551 470.000000000000000 
 7.000000000000000 58.691389641909936 437.000000000000000 
 8.000000000000000 74.414020766015000 279.000000000000000 
 9.000000000000000 63.163768240901057 152.000000000000000 
10.000000000000000 64.372518739182738 546.000000000000000 
11.000000000000000 60.638076527118287 93.000000000000000 
12.000000000000000 64.023349850252188 103.000000000000000 
13.000000000000000 58.990805790112802 127.000000000000000 
14.000000000000000 57.308712599088203 85.000000000000000 
15.000000000000000 67.193371998764931 177.000000000000000 
16.000000000000000 59.675805237999803 228.000000000000000 
17.000000000000000 55.080825344281578 244.000000000000000 
18.000000000000000 63.474865444040645 435.000000000000000 
19.000000000000000 67.981108420245349 130.000000000000000 
20.000000000000000 61.426854815482933 249.000000000000000 
21.000000000000000 46.957649917853701 191.000000000000000 
22.000000000000000 54.784716136261871 93.000000000000000 
23.000000000000000 69.235600593728734 939.000000000000000 
24.000000000000000 67.550306661179761 150.000000000000000 
25.000000000000000 68.676507302472402 134.000000000000000 
26.000000000000000 74.460460063967787 761.000000000000000 
27.000000000000000 58.958730443277162 250.000000000000000 
28.000000000000000 76.794339561595223 388.000000000000000 
29.000000000000000 72.892618758229361 211.000000000000000 
30.000000000000000 54.702839192853169 174.000000000000000 
31.000000000000000 69.998057813688590 174.000000000000000 
32.000000000000000 54.492523960806672 94.000000000000000 
33.000000000000000 65.839599483507314 82.000000000000000 
34.000000000000000 56.491899048553201 141.000000000000000 
35.000000000000000 60.264162344624609 191.000000000000000 
36.000000000000000 74.425151199432406 221.000000000000000 
37.000000000000000 50.792193196265515 116.000000000000000 
38.000000000000000 60.999270973774877 1147.000000000000000 
39.000000000000000 62.613086941956063 414.000000000000000 
40.000000000000000 64.110681699947961 196.000000000000000 
41.000000000000000 66.314877090188617 204.000000000000000 
42.000000000000000 76.751737327266198 149.000000000000000 
43.000000000000000 75.984684168168187 260.000000000000000 
44.000000000000000 60.187832621841650 948.000000000000000 
45.000000000000000 63.552710087319632 363.000000000000000 
46.000000000000000 57.584905207877476 289.000000000000000 
47.000000000000000 72.079632331066847 231.000000000000000 
48.000000000000000 66.305534398800987 239.000000000000000 
49.000000000000000 70.816864343249250 586.000000000000000 
50.000000000000000 68.994533210417757 923.000000000000000 
51.000000000000000 67.092236228264866 159.000000000000000 
52.000000000000000 59.144326257684099 147.000000000000000 
53.000000000000000 66.437683989305455 165.000000000000000 
54.000000000000000 52.808483235618013 1042.000000000000000 
55.000000000000000 55.795139017372762 782.000000000000000 
56.000000000000000 60.376085636165080 162.000000000000000 
57.000000000000000 64.858719676421288 404.000000000000000 
58.000000000000000 72.191388773450754 275.000000000000000 
59.000000000000000 49.061850266661125 110.000000000000000 
60.000000000000000 66.760004878797744 237.000000000000000 
61.000000000000000 69.961997669934817 143.000000000000000 
62.000000000000000 55.105986308217574 114.000000000000000 
63.000000000000000 71.499923836872213 108.000000000000000 
64.000000000000000 67.036823527336210 490.000000000000000 
65.000000000000000 73.926485079138203 228.000000000000000 
66.000000000000000 55.689078760546117 76.000000000000000 
67.000000000000000 60.195945429346928 162.000000000000000 
68.000000000000000 60.443288991086760 291.000000000000000 
69.000000000000000 62.467075105948176 149.000000000000000 
70.000000000000000 57.407373137250794 261.000000000000000 
71.000000000000000 62.872006223485599 331.000000000000000 
72.000000000000000 62.071642983959023 942.000000000000000 
73.000000000000000 58.091721461530284 359.000000000000000 
74.000000000000000 42.591890775031956 83.000000000000000 
75.000000000000000 48.081424273845435 108.000000000000000 
76.000000000000000 44.921400069420699 58.000000000000000 
77.000000000000000 69.000054781964309 421.000000000000000 
78.000000000000000 59.073324080428620 319.000000000000000 
79.000000000000000 55.384248979713881 261.000000000000000 
80.000000000000000 51.256493634315582 333.000000000000000 
81.000000000000000 57.193083716807365 120.000000000000000 
82.000000000000000  0.000000000000000  0.000000000000000 
83.000000000000000  0.000000000000000  0.000000000000000 
84.000000000000000  0.000000000000000  0.000000000000000 
85.000000000000000  0.000000000000000  0.000000000000000 
86.000000000000000  0.000000000000000  0.000000000000000 
87.000000000000000  0.000000000000000  0.000000000000000 
88.000000000000000  0.000000000000000  0.000000000000000 
89.000000000000000  0.000000000000000  0.000000000000000 
90.000000000000000  0.000000000000000  0.000000000000000 
91.000000000000000  0.000000000000000  0.000000000000000 
92.000000000000000  0.000000000000000  0.000000000000000 
93.000000000000000  0.000000000000000  0.000000000000000 
94.000000000000000  0.000000000000000  0.000000000000000 
95.000000000000000  0.000000000000000  0.000000000000000 
96.000000000000000  0.000000000000000  0.000000000000000 
97.000000000000000  0.000000000000000  0.000000000000000 
98.000000000000000  0.000000000000000  0.000000000000000 
99.000000000000000  0.000000000000000  0.000000000000000 
100.000000000000000  0.000000000000000  0.000000000000000 
101.000000000000000  0.000000000000000  0.000000000000000 
102.000000000000000  0.000000000000000  0.000000000000000 
103.000000000000000  0.000000000000000  0.000000000000000 
104.000000000000000  0.000000000000000  0.000000000000000 
105.000000000000000  0.000000000000000  0.000000000000000 
106.000000000000000  0.000000000000000  0.000000000000000 
107.000000000000000  0.000000000000000  0.000000000000000 
108.000000000000000  0.000000000000000  0.000000000000000 
109.000000000000000  0.000000000000000  0.000000000000000 
110.000000000000000  0.000000000000000  0.000000000000000 
111.000000000000000  0.000000000000000  0.000000000000000 
112.000000000000000  0.000000000000000  0.000000000000000 
113.000000000000000  0.000000000000000  0.000000000000000 
114.000000000000000  0.000000000000000  0.000000000000000 
115.000000000000000  0.000000000000000  0.000000000000000 
116.000000000000000  0.000000000000000  0.000000000000000 
117.000000000000000  0.000000000000000  0.000000000000000 
118.000000000000000  0.000000000000000  0.000000000000000 
119.000000000000000  0.000000000000000  0.000000000000000 
120.000000000000000  0.000000000000000  0.000000000000000 
121.000000000000000  0.000000000000000  0.000000000000000 
122.000000000000000  0.000000000000000  0.000000000000000 
123.000000000000000  0.000000000000000  0.000000000000000 
124.000000000000000  0.000000000000000  0.000000000000000 
125.000000000000000  0.000000000000000  0.000000000000000 
126.000000000000000  0.000000000000000  0.000000000000000 
127.000000000000000  0.000000000000000  0.000000000000000 
