 0.000000000000000 90.708020664113604 922.000000000000000 
 1.000000000000000 102.775332630349610 1091.000000000000000 
 2.000000000000000 136.018712581836922 763.000000000000000 
 3.000000000000000 114.044941481112133 193.000000000000000 
 4.000000000000000 110.921555231145561 754.000000000000000 
 5.000000000000000 138.642199151556213 331.000000000000000 
 6.000000000000000 104.050241604302485 593.000000000000000 
 7.000000000000000 92.842297035434427 949.000000000000000 
 8.000000000000000 125.100835281311163 453.000000000000000 
 9.000000000000000 144.203399930528178 280.000000000000000 
10.000000000000000 133.632616785969589 830.000000000000000 
11.000000000000000 134.330620779174183 179.000000000000000 
12.000000000000000 153.679009977213781 216.000000000000000 
13.000000000000000 139.217530693449504 289.000000000000000 
14.000000000000000 135.657456734882487 189.000000000000000 
15.000000000000000 150.533583666968099 264.000000000000000 
16.000000000000000 122.296459115698269 406.000000000000000 
17.000000000000000 127.318099986122888 379.000000000000000 
18.000000000000000 120.932420615042972 499.000000000000000 
19.000000000000000 120.098361787853619 192.000000000000000 
20.000000000000000 140.160797896284350 573.000000000000000 
21.000000000000000 141.245681888973252 540.000000000000000 
22.000000000000000 116.539503501096434 180.000000000000000 
23.000000000000000 92.371523619440225 1325.000000000000000 
24.000000000000000 135.443818760026488 252.000000000000000 
25.000000000000000 123.206493470321476 223.000000000000000 
26.000000000000000 122.591806642851779 1163.000000000000000 
27.000000000000000 118.209422865451685 369.000000000000000 
28.000000000000000 129.561963900472364 503.000000000000000 
29.000000000000000 124.511830477907964 250.000000000000000 
30.000000000000000 137.972548474669480 386.000000000000000 
31.000000000000000 127.306347579377913 280.000000000000000 
32.000000000000000 126.936414714919053 188.000000000000000 
33.000000000000000 121.321499752310928 125.000000000000000 
34.000000000000000 118.234152524843878 181.000000000000000 
35.000000000000000 117.423820039300708 357.000000000000000 
36.000000000000000 121.467355828478560 239.000000000000000 
37.000000000000000 149.253646530139207 358.000000000000000 
38.000000000000000 108.764211577515127 1547.000000000000000 
39.000000000000000 123.259520051586591 608.000000000000000 
40.000000000000000 127.647334888309587 472.000000000000000 
41.000000000000000 126.547103713672698 379.000000000000000 
42.000000000000000 138.148679934912820 216.000000000000000 
43.000000000000000 146.275024397688583 373.000000000000000 
44.000000000000000 78.845889182700176 1101.000000000000000 
45.000000000000000 110.637760819113879 370.000000000000000 
46.000000000000000 95.200712895733574 415.000000000000000 
47.000000000000000 115.692955450416378 224.000000000000000 
48.000000000000000 113.950344392707834 430.000000000000000 
49.000000000000000 105.835494334222915 772.000000000000000 
50.000000000000000 148.097145841293980 1650.000000000000000 
51.000000000000000 84.015494586530878 180.000000000000000 
52.000000000000000  0.000000000000000  0.000000000000000 
53.000000000000000  0.000000000000000  0.000000000000000 
54.000000000000000  0.000000000000000  0.000000000000000 
55.000000000000000  0.000000000000000  0.000000000000000 
56.000000000000000  0.000000000000000  0.000000000000000 
57.000000000000000  0.000000000000000  0.000000000000000 
58.000000000000000  0.000000000000000  0.000000000000000 
59.000000000000000  0.000000000000000  0.000000000000000 
60.000000000000000  0.000000000000000  0.000000000000000 
61.000000000000000  0.000000000000000  0.000000000000000 
62.000000000000000  0.000000000000000  0.000000000000000 
63.000000000000000  0.000000000000000  0.000000000000000 
64.000000000000000  0.000000000000000  0.000000000000000 
65.000000000000000  0.000000000000000  0.000000000000000 
66.000000000000000  0.000000000000000  0.000000000000000 
67.000000000000000  0.000000000000000  0.000000000000000 
68.000000000000000  0.000000000000000  0.000000000000000 
69.000000000000000  0.000000000000000  0.000000000000000 
70.000000000000000  0.000000000000000  0.000000000000000 
71.000000000000000  0.000000000000000  0.000000000000000 
72.000000000000000  0.000000000000000  0.000000000000000 
73.000000000000000  0.000000000000000  0.000000000000000 
74.000000000000000  0.000000000000000  0.000000000000000 
75.000000000000000  0.000000000000000  0.000000000000000 
76.000000000000000  0.000000000000000  0.000000000000000 
77.000000000000000  0.000000000000000  0.000000000000000 
78.000000000000000  0.000000000000000  0.000000000000000 
79.000000000000000  0.000000000000000  0.000000000000000 
80.000000000000000  0.000000000000000  0.000000000000000 
81.000000000000000  0.000000000000000  0.000000000000000 
82.000000000000000  0.000000000000000  0.000000000000000 
83.000000000000000  0.000000000000000  0.000000000000000 
84.000000000000000  0.000000000000000  0.000000000000000 
85.000000000000000  0.000000000000000  0.000000000000000 
86.000000000000000  0.000000000000000  0.000000000000000 
87.000000000000000  0.000000000000000  0.000000000000000 
88.000000000000000  0.000000000000000  0.000000000000000 
89.000000000000000  0.000000000000000  0.000000000000000 
90.000000000000000  0.000000000000000  0.000000000000000 
91.000000000000000  0.000000000000000  0.000000000000000 
92.000000000000000  0.000000000000000  0.000000000000000 
93.000000000000000  0.000000000000000  0.000000000000000 
94.000000000000000  0.000000000000000  0.000000000000000 
95.000000000000000  0.000000000000000  0.000000000000000 
96.000000000000000  0.000000000000000  0.000000000000000 
97.000000000000000  0.000000000000000  0.000000000000000 
98.000000000000000  0.000000000000000  0.000000000000000 
99.000000000000000  0.000000000000000  0.000000000000000 
100.000000000000000  0.000000000000000  0.000000000000000 
101.000000000000000  0.000000000000000  0.000000000000000 
102.000000000000000  0.000000000000000  0.000000000000000 
103.000000000000000  0.000000000000000  0.000000000000000 
104.000000000000000  0.000000000000000  0.000000000000000 
105.000000000000000  0.000000000000000  0.000000000000000 
106.000000000000000  0.000000000000000  0.000000000000000 
107.000000000000000  0.000000000000000  0.000000000000000 
108.000000000000000  0.000000000000000  0.000000000000000 
109.000000000000000  0.000000000000000  0.000000000000000 
110.000000000000000  0.000000000000000  0.000000000000000 
111.000000000000000  0.000000000000000  0.000000000000000 
112.000000000000000  0.000000000000000  0.000000000000000 
113.000000000000000  0.000000000000000  0.000000000000000 
114.000000000000000  0.000000000000000  0.000000000000000 
115.000000000000000  0.000000000000000  0.000000000000000 
116.000000000000000  0.000000000000000  0.000000000000000 
117.000000000000000  0.000000000000000  0.000000000000000 
118.000000000000000  0.000000000000000  0.000000000000000 
119.000000000000000  0.000000000000000  0.000000000000000 
120.000000000000000  0.000000000000000  0.000000000000000 
121.000000000000000  0.000000000000000  0.000000000000000 
122.000000000000000  0.000000000000000  0.000000000000000 
123.000000000000000  0.000000000000000  0.000000000000000 
124.000000000000000  0.000000000000000  0.000000000000000 
125.000000000000000  0.000000000000000  0.000000000000000 
126.000000000000000  0.000000000000000  0.000000000000000 
127.000000000000000  0.000000000000000  0.000000000000000 
