 0.000000000000000 138.772013334978993 1639.000000000000000 
 1.000000000000000 126.816082018271260 1379.000000000000000 
 2.000000000000000 168.202602924737221 863.000000000000000 
 3.000000000000000 174.320718873921180 294.000000000000000 
 4.000000000000000 142.504036759985894 927.000000000000000 
 5.000000000000000 174.761184918268953 397.000000000000000 
 6.000000000000000 174.004447683771559 831.000000000000000 
 7.000000000000000 138.085640260741883 1294.000000000000000 
 8.000000000000000 170.403996229624340 728.000000000000000 
 9.000000000000000 184.281332662780358 455.000000000000000 
10.000000000000000 153.552541828090540 919.000000000000000 
11.000000000000000 204.613692410574998 265.000000000000000 
12.000000000000000 176.915663126900199 251.000000000000000 
13.000000000000000 156.951633470080367 304.000000000000000 
14.000000000000000 177.743531505219437 226.000000000000000 
15.000000000000000 168.422084815355419 298.000000000000000 
16.000000000000000 171.317257470228242 728.000000000000000 
17.000000000000000 188.439398833320070 377.000000000000000 
18.000000000000000 170.589691897569878 628.000000000000000 
19.000000000000000 141.818408828731663 201.000000000000000 
20.000000000000000 175.952189818988899 589.000000000000000 
21.000000000000000 198.118522281106152 700.000000000000000 
22.000000000000000 168.706034497187062 237.000000000000000 
23.000000000000000 128.543599574203682 1587.000000000000000 
24.000000000000000 154.677556831185228 257.000000000000000 
25.000000000000000 185.478659209971710 263.000000000000000 
26.000000000000000 173.931753677075392 1478.000000000000000 
27.000000000000000 164.333532543114103 428.000000000000000 
28.000000000000000 190.397707837891772 700.000000000000000 
29.000000000000000 194.289209488407806 477.000000000000000 
30.000000000000000 185.638361835757081 442.000000000000000 
31.000000000000000 166.840988173932942 344.000000000000000 
32.000000000000000 167.020072433852761 225.000000000000000 
33.000000000000000 160.797832959672547 160.000000000000000 
34.000000000000000 150.258100242442595 221.000000000000000 
35.000000000000000 188.401224123104896 559.000000000000000 
36.000000000000000 169.137944809596291 346.000000000000000 
37.000000000000000 156.443068669736562 367.000000000000000 
38.000000000000000 196.950238433821454 2117.000000000000000 
39.000000000000000 145.601824298398810 632.000000000000000 
40.000000000000000 179.289010109692441 445.000000000000000 
41.000000000000000 147.842102430927781 423.000000000000000 
42.000000000000000  0.000000000000000  0.000000000000000 
43.000000000000000  0.000000000000000  0.000000000000000 
44.000000000000000  0.000000000000000  0.000000000000000 
45.000000000000000  0.000000000000000  0.000000000000000 
46.000000000000000  0.000000000000000  0.000000000000000 
47.000000000000000  0.000000000000000  0.000000000000000 
48.000000000000000  0.000000000000000  0.000000000000000 
49.000000000000000  0.000000000000000  0.000000000000000 
50.000000000000000  0.000000000000000  0.000000000000000 
51.000000000000000  0.000000000000000  0.000000000000000 
52.000000000000000  0.000000000000000  0.000000000000000 
53.000000000000000  0.000000000000000  0.000000000000000 
54.000000000000000  0.000000000000000  0.000000000000000 
55.000000000000000  0.000000000000000  0.000000000000000 
56.000000000000000  0.000000000000000  0.000000000000000 
57.000000000000000  0.000000000000000  0.000000000000000 
58.000000000000000  0.000000000000000  0.000000000000000 
59.000000000000000  0.000000000000000  0.000000000000000 
60.000000000000000  0.000000000000000  0.000000000000000 
61.000000000000000  0.000000000000000  0.000000000000000 
62.000000000000000  0.000000000000000  0.000000000000000 
63.000000000000000  0.000000000000000  0.000000000000000 
64.000000000000000  0.000000000000000  0.000000000000000 
65.000000000000000  0.000000000000000  0.000000000000000 
66.000000000000000  0.000000000000000  0.000000000000000 
67.000000000000000  0.000000000000000  0.000000000000000 
68.000000000000000  0.000000000000000  0.000000000000000 
69.000000000000000  0.000000000000000  0.000000000000000 
70.000000000000000  0.000000000000000  0.000000000000000 
71.000000000000000  0.000000000000000  0.000000000000000 
72.000000000000000  0.000000000000000  0.000000000000000 
73.000000000000000  0.000000000000000  0.000000000000000 
74.000000000000000  0.000000000000000  0.000000000000000 
75.000000000000000  0.000000000000000  0.000000000000000 
76.000000000000000  0.000000000000000  0.000000000000000 
77.000000000000000  0.000000000000000  0.000000000000000 
78.000000000000000  0.000000000000000  0.000000000000000 
79.000000000000000  0.000000000000000  0.000000000000000 
80.000000000000000  0.000000000000000  0.000000000000000 
81.000000000000000  0.000000000000000  0.000000000000000 
82.000000000000000  0.000000000000000  0.000000000000000 
83.000000000000000  0.000000000000000  0.000000000000000 
84.000000000000000  0.000000000000000  0.000000000000000 
85.000000000000000  0.000000000000000  0.000000000000000 
86.000000000000000  0.000000000000000  0.000000000000000 
87.000000000000000  0.000000000000000  0.000000000000000 
88.000000000000000  0.000000000000000  0.000000000000000 
89.000000000000000  0.000000000000000  0.000000000000000 
90.000000000000000  0.000000000000000  0.000000000000000 
91.000000000000000  0.000000000000000  0.000000000000000 
92.000000000000000  0.000000000000000  0.000000000000000 
93.000000000000000  0.000000000000000  0.000000000000000 
94.000000000000000  0.000000000000000  0.000000000000000 
95.000000000000000  0.000000000000000  0.000000000000000 
96.000000000000000  0.000000000000000  0.000000000000000 
97.000000000000000  0.000000000000000  0.000000000000000 
98.000000000000000  0.000000000000000  0.000000000000000 
99.000000000000000  0.000000000000000  0.000000000000000 
100.000000000000000  0.000000000000000  0.000000000000000 
101.000000000000000  0.000000000000000  0.000000000000000 
102.000000000000000  0.000000000000000  0.000000000000000 
103.000000000000000  0.000000000000000  0.000000000000000 
104.000000000000000  0.000000000000000  0.000000000000000 
105.000000000000000  0.000000000000000  0.000000000000000 
106.000000000000000  0.000000000000000  0.000000000000000 
107.000000000000000  0.000000000000000  0.000000000000000 
108.000000000000000  0.000000000000000  0.000000000000000 
109.000000000000000  0.000000000000000  0.000000000000000 
110.000000000000000  0.000000000000000  0.000000000000000 
111.000000000000000  0.000000000000000  0.000000000000000 
112.000000000000000  0.000000000000000  0.000000000000000 
113.000000000000000  0.000000000000000  0.000000000000000 
114.000000000000000  0.000000000000000  0.000000000000000 
115.000000000000000  0.000000000000000  0.000000000000000 
116.000000000000000  0.000000000000000  0.000000000000000 
117.000000000000000  0.000000000000000  0.000000000000000 
118.000000000000000  0.000000000000000  0.000000000000000 
119.000000000000000  0.000000000000000  0.000000000000000 
120.000000000000000  0.000000000000000  0.000000000000000 
121.000000000000000  0.000000000000000  0.000000000000000 
122.000000000000000  0.000000000000000  0.000000000000000 
123.000000000000000  0.000000000000000  0.000000000000000 
124.000000000000000  0.000000000000000  0.000000000000000 
125.000000000000000  0.000000000000000  0.000000000000000 
126.000000000000000  0.000000000000000  0.000000000000000 
127.000000000000000  0.000000000000000  0.000000000000000 
