 0.000000000000000 56.242623874413809 743.000000000000000 
 1.000000000000000 58.117679456353109 562.000000000000000 
 2.000000000000000 66.709002214130422 508.000000000000000 
 3.000000000000000 52.310526636702363 211.000000000000000 
 4.000000000000000 45.545326987637281 724.000000000000000 
 5.000000000000000 57.108669264212253 190.000000000000000 
 6.000000000000000 67.156929297485931 538.000000000000000 
 7.000000000000000 50.909032508571123 369.000000000000000 
 8.000000000000000 65.041310716499979 337.000000000000000 
 9.000000000000000 60.522273181613230 144.000000000000000 
10.000000000000000 62.581576927748578 533.000000000000000 
11.000000000000000 39.341930786448501 66.000000000000000 
12.000000000000000 51.494585006407611 93.000000000000000 
13.000000000000000 49.919489211295371 112.000000000000000 
14.000000000000000 55.318766675421685 83.000000000000000 
15.000000000000000 49.372268563227927 136.000000000000000 
16.000000000000000 43.476911612392286 205.000000000000000 
17.000000000000000 49.165442883941594 226.000000000000000 
18.000000000000000 60.871860662600149 449.000000000000000 
19.000000000000000 60.184768386157131 126.000000000000000 
20.000000000000000 58.695928054676976 246.000000000000000 
21.000000000000000 47.393692705071288 205.000000000000000 
22.000000000000000 57.273624162303179 95.000000000000000 
23.000000000000000 60.406909559001662 848.000000000000000 
24.000000000000000 63.889666545080594 141.000000000000000 
25.000000000000000 52.792200362052505 123.000000000000000 
26.000000000000000 66.294715391057295 714.000000000000000 
27.000000000000000 54.976259561371272 240.000000000000000 
28.000000000000000 53.992095408113599 265.000000000000000 
29.000000000000000 67.146646488302167 199.000000000000000 
30.000000000000000 52.590399116781086 162.000000000000000 
31.000000000000000 65.050599805456500 163.000000000000000 
32.000000000000000 50.992925800803853 87.000000000000000 
33.000000000000000 60.776395205801371 74.000000000000000 
34.000000000000000 49.991574910567451 129.000000000000000 
35.000000000000000 50.247501681641076 165.000000000000000 
36.000000000000000 56.629695301692806 169.000000000000000 
37.000000000000000 45.572859661899706 108.000000000000000 
38.000000000000000 52.868428986284179 1035.000000000000000 
39.000000000000000 62.353199873723455 407.000000000000000 
40.000000000000000 41.055067423960871 138.000000000000000 
41.000000000000000 60.728463563542242 239.000000000000000 
42.000000000000000 60.290737752598432 127.000000000000000 
43.000000000000000 63.484657068803791 215.000000000000000 
44.000000000000000 52.442403815472069 744.000000000000000 
45.000000000000000 58.738778711543162 343.000000000000000 
46.000000000000000 49.507710097342596 237.000000000000000 
47.000000000000000 61.374735202895423 210.000000000000000 
48.000000000000000 47.963538111130873 193.000000000000000 
49.000000000000000 60.027989756253277 587.000000000000000 
50.000000000000000 67.565467591488812 894.000000000000000 
51.000000000000000 63.135909426260611 165.000000000000000 
52.000000000000000 49.923668306763894 133.000000000000000 
53.000000000000000 51.045640758260603 165.000000000000000 
54.000000000000000 45.367225070817589 993.000000000000000 
55.000000000000000 43.665850556574760 642.000000000000000 
56.000000000000000 59.920807522254307 160.000000000000000 
57.000000000000000 58.622545591061083 345.000000000000000 
58.000000000000000 67.258428502694883 267.000000000000000 
59.000000000000000 53.361164417666657 114.000000000000000 
60.000000000000000 47.244416448924845 197.000000000000000 
61.000000000000000 62.109893433068848 135.000000000000000 
62.000000000000000 54.069529692566356 113.000000000000000 
63.000000000000000 62.105838620892776 97.000000000000000 
64.000000000000000 53.245322066917154 468.000000000000000 
65.000000000000000 66.651926987982591 217.000000000000000 
66.000000000000000 44.684824143157577 66.000000000000000 
67.000000000000000 56.794502151352667 152.000000000000000 
68.000000000000000 51.698131700780742 259.000000000000000 
69.000000000000000 54.184973086254928 169.000000000000000 
70.000000000000000 50.139998778459201 247.000000000000000 
71.000000000000000 55.521469362834459 290.000000000000000 
72.000000000000000 54.559835580428313 884.000000000000000 
73.000000000000000 53.391697995168222 360.000000000000000 
74.000000000000000 38.203854269904916 90.000000000000000 
75.000000000000000 44.352231819871569 102.000000000000000 
76.000000000000000 30.458895439342854 42.000000000000000 
77.000000000000000 58.198141538182426 333.000000000000000 
78.000000000000000 54.817010891866630 296.000000000000000 
79.000000000000000 50.770355514272623 254.000000000000000 
80.000000000000000 45.520938223030072 310.000000000000000 
81.000000000000000 55.269337884655997 134.000000000000000 
82.000000000000000 45.233399581759784 361.000000000000000 
83.000000000000000 48.567988648989420 99.000000000000000 
84.000000000000000 41.765356377742862 77.000000000000000 
85.000000000000000 44.075451671529052 135.000000000000000 
86.000000000000000 49.401276965546160 104.000000000000000 
87.000000000000000 42.484130090132467 97.000000000000000 
88.000000000000000 46.669249038338215 227.000000000000000 
89.000000000000000 38.807869332465962 107.000000000000000 
90.000000000000000 42.002940766787610 738.000000000000000 
91.000000000000000  0.000000000000000  0.000000000000000 
92.000000000000000  0.000000000000000  0.000000000000000 
93.000000000000000  0.000000000000000  0.000000000000000 
94.000000000000000  0.000000000000000  0.000000000000000 
95.000000000000000  0.000000000000000  0.000000000000000 
96.000000000000000  0.000000000000000  0.000000000000000 
97.000000000000000  0.000000000000000  0.000000000000000 
98.000000000000000  0.000000000000000  0.000000000000000 
99.000000000000000  0.000000000000000  0.000000000000000 
100.000000000000000  0.000000000000000  0.000000000000000 
101.000000000000000  0.000000000000000  0.000000000000000 
102.000000000000000  0.000000000000000  0.000000000000000 
103.000000000000000  0.000000000000000  0.000000000000000 
104.000000000000000  0.000000000000000  0.000000000000000 
105.000000000000000  0.000000000000000  0.000000000000000 
106.000000000000000  0.000000000000000  0.000000000000000 
107.000000000000000  0.000000000000000  0.000000000000000 
108.000000000000000  0.000000000000000  0.000000000000000 
109.000000000000000  0.000000000000000  0.000000000000000 
110.000000000000000  0.000000000000000  0.000000000000000 
111.000000000000000  0.000000000000000  0.000000000000000 
112.000000000000000  0.000000000000000  0.000000000000000 
113.000000000000000  0.000000000000000  0.000000000000000 
114.000000000000000  0.000000000000000  0.000000000000000 
115.000000000000000  0.000000000000000  0.000000000000000 
116.000000000000000  0.000000000000000  0.000000000000000 
117.000000000000000  0.000000000000000  0.000000000000000 
118.000000000000000  0.000000000000000  0.000000000000000 
119.000000000000000  0.000000000000000  0.000000000000000 
120.000000000000000  0.000000000000000  0.000000000000000 
121.000000000000000  0.000000000000000  0.000000000000000 
122.000000000000000  0.000000000000000  0.000000000000000 
123.000000000000000  0.000000000000000  0.000000000000000 
124.000000000000000  0.000000000000000  0.000000000000000 
125.000000000000000  0.000000000000000  0.000000000000000 
126.000000000000000  0.000000000000000  0.000000000000000 
127.000000000000000  0.000000000000000  0.000000000000000 
