 0.000000000000000 99.832751793566402 952.000000000000000 
 1.000000000000000 81.491184716860744 726.000000000000000 
 2.000000000000000 119.272797384421679 645.000000000000000 
 3.000000000000000 123.019708546170165 208.000000000000000 
 4.000000000000000 91.236846182157507 709.000000000000000 
 5.000000000000000 109.592289289243524 272.000000000000000 
 6.000000000000000 105.224044696392809 553.000000000000000 
 7.000000000000000 96.470365119898275 867.000000000000000 
 8.000000000000000 112.393540490494672 362.000000000000000 
 9.000000000000000 114.833125873505153 246.000000000000000 
10.000000000000000 110.443922476425954 678.000000000000000 
11.000000000000000 130.965386190864649 172.000000000000000 
12.000000000000000 113.967059134047460 165.000000000000000 
13.000000000000000 133.920194910523350 275.000000000000000 
14.000000000000000 134.094765524471853 188.000000000000000 
15.000000000000000 90.188173911338637 161.000000000000000 
16.000000000000000 111.271118132625105 418.000000000000000 
17.000000000000000 109.061465123044258 388.000000000000000 
18.000000000000000 104.144156693890750 482.000000000000000 
19.000000000000000 107.234999782877580 174.000000000000000 
20.000000000000000 105.094794609080012 409.000000000000000 
21.000000000000000 120.814947721875896 470.000000000000000 
22.000000000000000 113.588364515640791 175.000000000000000 
23.000000000000000 78.442886046117735 1108.000000000000000 
24.000000000000000 103.512403592797213 215.000000000000000 
25.000000000000000 110.291189890646592 205.000000000000000 
26.000000000000000 110.124233013161103 947.000000000000000 
27.000000000000000 102.278163708520879 339.000000000000000 
28.000000000000000 108.989769609125929 442.000000000000000 
29.000000000000000 111.555841465279329 236.000000000000000 
30.000000000000000 118.622383981653854 355.000000000000000 
31.000000000000000 121.285969070374378 272.000000000000000 
32.000000000000000 118.878766701337824 180.000000000000000 
33.000000000000000 111.447386350156989 115.000000000000000 
34.000000000000000 114.436902053151840 180.000000000000000 
35.000000000000000 115.065700065783602 354.000000000000000 
36.000000000000000 109.604533111648180 223.000000000000000 
37.000000000000000 124.399693720547944 314.000000000000000 
38.000000000000000 82.208855253671331 1327.000000000000000 
39.000000000000000 106.092890126553598 629.000000000000000 
40.000000000000000 102.312254472252633 365.000000000000000 
41.000000000000000 102.724107807929641 319.000000000000000 
42.000000000000000 95.728219588843558 147.000000000000000 
43.000000000000000 87.391152116121461 289.000000000000000 
44.000000000000000 76.515115788436034 1146.000000000000000 
45.000000000000000 114.439067620219376 382.000000000000000 
46.000000000000000 89.477417266718575 418.000000000000000 
47.000000000000000 107.707204408463738 215.000000000000000 
48.000000000000000 105.867993615605073 379.000000000000000 
49.000000000000000 112.554875980247061 727.000000000000000 
50.000000000000000 89.849652224025292 1110.000000000000000 
51.000000000000000 90.720709534720115 176.000000000000000 
52.000000000000000 80.127449536558970 172.000000000000000 
53.000000000000000 97.932843207351041 225.000000000000000 
54.000000000000000 83.817672541492698 1223.000000000000000 
55.000000000000000 68.059918491553631 924.000000000000000 
56.000000000000000 93.328971184912490 215.000000000000000 
57.000000000000000 88.044292455252759 433.000000000000000 
58.000000000000000  0.000000000000000  0.000000000000000 
59.000000000000000  0.000000000000000  0.000000000000000 
60.000000000000000  0.000000000000000  0.000000000000000 
61.000000000000000  0.000000000000000  0.000000000000000 
62.000000000000000  0.000000000000000  0.000000000000000 
63.000000000000000  0.000000000000000  0.000000000000000 
64.000000000000000  0.000000000000000  0.000000000000000 
65.000000000000000  0.000000000000000  0.000000000000000 
66.000000000000000  0.000000000000000  0.000000000000000 
67.000000000000000  0.000000000000000  0.000000000000000 
68.000000000000000  0.000000000000000  0.000000000000000 
69.000000000000000  0.000000000000000  0.000000000000000 
70.000000000000000  0.000000000000000  0.000000000000000 
71.000000000000000  0.000000000000000  0.000000000000000 
72.000000000000000  0.000000000000000  0.000000000000000 
73.000000000000000  0.000000000000000  0.000000000000000 
74.000000000000000  0.000000000000000  0.000000000000000 
75.000000000000000  0.000000000000000  0.000000000000000 
76.000000000000000  0.000000000000000  0.000000000000000 
77.000000000000000  0.000000000000000  0.000000000000000 
78.000000000000000  0.000000000000000  0.000000000000000 
79.000000000000000  0.000000000000000  0.000000000000000 
80.000000000000000  0.000000000000000  0.000000000000000 
81.000000000000000  0.000000000000000  0.000000000000000 
82.000000000000000  0.000000000000000  0.000000000000000 
83.000000000000000  0.000000000000000  0.000000000000000 
84.000000000000000  0.000000000000000  0.000000000000000 
85.000000000000000  0.000000000000000  0.000000000000000 
86.000000000000000  0.000000000000000  0.000000000000000 
87.000000000000000  0.000000000000000  0.000000000000000 
88.000000000000000  0.000000000000000  0.000000000000000 
89.000000000000000  0.000000000000000  0.000000000000000 
90.000000000000000  0.000000000000000  0.000000000000000 
91.000000000000000  0.000000000000000  0.000000000000000 
92.000000000000000  0.000000000000000  0.000000000000000 
93.000000000000000  0.000000000000000  0.000000000000000 
94.000000000000000  0.000000000000000  0.000000000000000 
95.000000000000000  0.000000000000000  0.000000000000000 
96.000000000000000  0.000000000000000  0.000000000000000 
97.000000000000000  0.000000000000000  0.000000000000000 
98.000000000000000  0.000000000000000  0.000000000000000 
99.000000000000000  0.000000000000000  0.000000000000000 
100.000000000000000  0.000000000000000  0.000000000000000 
101.000000000000000  0.000000000000000  0.000000000000000 
102.000000000000000  0.000000000000000  0.000000000000000 
103.000000000000000  0.000000000000000  0.000000000000000 
104.000000000000000  0.000000000000000  0.000000000000000 
105.000000000000000  0.000000000000000  0.000000000000000 
106.000000000000000  0.000000000000000  0.000000000000000 
107.000000000000000  0.000000000000000  0.000000000000000 
108.000000000000000  0.000000000000000  0.000000000000000 
109.000000000000000  0.000000000000000  0.000000000000000 
110.000000000000000  0.000000000000000  0.000000000000000 
111.000000000000000  0.000000000000000  0.000000000000000 
112.000000000000000  0.000000000000000  0.000000000000000 
113.000000000000000  0.000000000000000  0.000000000000000 
114.000000000000000  0.000000000000000  0.000000000000000 
115.000000000000000  0.000000000000000  0.000000000000000 
116.000000000000000  0.000000000000000  0.000000000000000 
117.000000000000000  0.000000000000000  0.000000000000000 
118.000000000000000  0.000000000000000  0.000000000000000 
119.000000000000000  0.000000000000000  0.000000000000000 
120.000000000000000  0.000000000000000  0.000000000000000 
121.000000000000000  0.000000000000000  0.000000000000000 
122.000000000000000  0.000000000000000  0.000000000000000 
123.000000000000000  0.000000000000000  0.000000000000000 
124.000000000000000  0.000000000000000  0.000000000000000 
125.000000000000000  0.000000000000000  0.000000000000000 
126.000000000000000  0.000000000000000  0.000000000000000 
127.000000000000000  0.000000000000000  0.000000000000000 
