 0.000000000000000 99.815765856714364 951.000000000000000 
 1.000000000000000 81.491184716860744 726.000000000000000 
 2.000000000000000 119.095577449297977 644.000000000000000 
 3.000000000000000 125.947989240576916 214.000000000000000 
 4.000000000000000 90.405136929996360 708.000000000000000 
 5.000000000000000 117.668525776728430 292.000000000000000 
 6.000000000000000 103.949483207152440 547.000000000000000 
 7.000000000000000 96.602807043383791 868.000000000000000 
 8.000000000000000 113.860748288228734 365.000000000000000 
 9.000000000000000 116.874264716447058 249.000000000000000 
10.000000000000000 100.126374428346509 640.000000000000000 
11.000000000000000 130.965386190864649 172.000000000000000 
12.000000000000000 114.775693520851547 167.000000000000000 
13.000000000000000 130.267332220451692 271.000000000000000 
14.000000000000000 134.094765524471853 188.000000000000000 
15.000000000000000 89.569291040175898 160.000000000000000 
16.000000000000000 112.438306503653124 419.000000000000000 
17.000000000000000 112.433748009383024 397.000000000000000 
18.000000000000000 105.480460516094865 483.000000000000000 
19.000000000000000 108.972816399844419 177.000000000000000 
20.000000000000000 114.078320344701680 465.000000000000000 
21.000000000000000 119.423857215980959 470.000000000000000 
22.000000000000000 110.991734317758429 173.000000000000000 
23.000000000000000 78.442886046117735 1108.000000000000000 
24.000000000000000 103.512403592797213 215.000000000000000 
25.000000000000000 113.692116326272611 209.000000000000000 
26.000000000000000 109.197519105359135 943.000000000000000 
27.000000000000000 103.383986650525543 342.000000000000000 
28.000000000000000 112.417743127365782 450.000000000000000 
29.000000000000000 114.352778253226205 237.000000000000000 
30.000000000000000 122.088582497138063 362.000000000000000 
31.000000000000000 120.370869212776256 271.000000000000000 
32.000000000000000 121.541319410871381 183.000000000000000 
33.000000000000000 112.809144003862343 116.000000000000000 
34.000000000000000 115.125831790077342 181.000000000000000 
35.000000000000000 113.895447640802232 343.000000000000000 
36.000000000000000 109.768214355326094 224.000000000000000 
37.000000000000000 128.215020720359036 323.000000000000000 
38.000000000000000 82.208855253671331 1327.000000000000000 
39.000000000000000 107.712277708540157 630.000000000000000 
40.000000000000000 102.520590866347959 374.000000000000000 
41.000000000000000 103.324087976861307 320.000000000000000 
42.000000000000000 95.728219588843558 147.000000000000000 
43.000000000000000 87.157979109259699 278.000000000000000 
44.000000000000000 76.515115788436034 1146.000000000000000 
45.000000000000000 110.460024172207000 372.000000000000000 
46.000000000000000 83.856604701227795 402.000000000000000 
47.000000000000000 105.294336320415027 211.000000000000000 
48.000000000000000 105.096197334339237 397.000000000000000 
49.000000000000000 112.834144735230993 729.000000000000000 
50.000000000000000 89.849652224025292 1110.000000000000000 
51.000000000000000 90.210499315972129 175.000000000000000 
52.000000000000000 78.908833653844738 170.000000000000000 
53.000000000000000 97.261579824823471 224.000000000000000 
54.000000000000000 83.817672541492698 1223.000000000000000 
55.000000000000000 68.059918491553631 924.000000000000000 
56.000000000000000 96.794942219847030 223.000000000000000 
57.000000000000000 74.930297369191820 366.000000000000000 
58.000000000000000  0.000000000000000  0.000000000000000 
59.000000000000000  0.000000000000000  0.000000000000000 
60.000000000000000  0.000000000000000  0.000000000000000 
61.000000000000000  0.000000000000000  0.000000000000000 
62.000000000000000  0.000000000000000  0.000000000000000 
63.000000000000000  0.000000000000000  0.000000000000000 
64.000000000000000  0.000000000000000  0.000000000000000 
65.000000000000000  0.000000000000000  0.000000000000000 
66.000000000000000  0.000000000000000  0.000000000000000 
67.000000000000000  0.000000000000000  0.000000000000000 
68.000000000000000  0.000000000000000  0.000000000000000 
69.000000000000000  0.000000000000000  0.000000000000000 
70.000000000000000  0.000000000000000  0.000000000000000 
71.000000000000000  0.000000000000000  0.000000000000000 
72.000000000000000  0.000000000000000  0.000000000000000 
73.000000000000000  0.000000000000000  0.000000000000000 
74.000000000000000  0.000000000000000  0.000000000000000 
75.000000000000000  0.000000000000000  0.000000000000000 
76.000000000000000  0.000000000000000  0.000000000000000 
77.000000000000000  0.000000000000000  0.000000000000000 
78.000000000000000  0.000000000000000  0.000000000000000 
79.000000000000000  0.000000000000000  0.000000000000000 
80.000000000000000  0.000000000000000  0.000000000000000 
81.000000000000000  0.000000000000000  0.000000000000000 
82.000000000000000  0.000000000000000  0.000000000000000 
83.000000000000000  0.000000000000000  0.000000000000000 
84.000000000000000  0.000000000000000  0.000000000000000 
85.000000000000000  0.000000000000000  0.000000000000000 
86.000000000000000  0.000000000000000  0.000000000000000 
87.000000000000000  0.000000000000000  0.000000000000000 
88.000000000000000  0.000000000000000  0.000000000000000 
89.000000000000000  0.000000000000000  0.000000000000000 
90.000000000000000  0.000000000000000  0.000000000000000 
91.000000000000000  0.000000000000000  0.000000000000000 
92.000000000000000  0.000000000000000  0.000000000000000 
93.000000000000000  0.000000000000000  0.000000000000000 
94.000000000000000  0.000000000000000  0.000000000000000 
95.000000000000000  0.000000000000000  0.000000000000000 
96.000000000000000  0.000000000000000  0.000000000000000 
97.000000000000000  0.000000000000000  0.000000000000000 
98.000000000000000  0.000000000000000  0.000000000000000 
99.000000000000000  0.000000000000000  0.000000000000000 
100.000000000000000  0.000000000000000  0.000000000000000 
101.000000000000000  0.000000000000000  0.000000000000000 
102.000000000000000  0.000000000000000  0.000000000000000 
103.000000000000000  0.000000000000000  0.000000000000000 
104.000000000000000  0.000000000000000  0.000000000000000 
105.000000000000000  0.000000000000000  0.000000000000000 
106.000000000000000  0.000000000000000  0.000000000000000 
107.000000000000000  0.000000000000000  0.000000000000000 
108.000000000000000  0.000000000000000  0.000000000000000 
109.000000000000000  0.000000000000000  0.000000000000000 
110.000000000000000  0.000000000000000  0.000000000000000 
111.000000000000000  0.000000000000000  0.000000000000000 
112.000000000000000  0.000000000000000  0.000000000000000 
113.000000000000000  0.000000000000000  0.000000000000000 
114.000000000000000  0.000000000000000  0.000000000000000 
115.000000000000000  0.000000000000000  0.000000000000000 
116.000000000000000  0.000000000000000  0.000000000000000 
117.000000000000000  0.000000000000000  0.000000000000000 
118.000000000000000  0.000000000000000  0.000000000000000 
119.000000000000000  0.000000000000000  0.000000000000000 
120.000000000000000  0.000000000000000  0.000000000000000 
121.000000000000000  0.000000000000000  0.000000000000000 
122.000000000000000  0.000000000000000  0.000000000000000 
123.000000000000000  0.000000000000000  0.000000000000000 
124.000000000000000  0.000000000000000  0.000000000000000 
125.000000000000000  0.000000000000000  0.000000000000000 
126.000000000000000  0.000000000000000  0.000000000000000 
127.000000000000000  0.000000000000000  0.000000000000000 
