 0.000000000000000 86.838264979123565 782.000000000000000 
 1.000000000000000 79.081528444928622 676.000000000000000 
 2.000000000000000 101.103656528855993 564.000000000000000 
 3.000000000000000 96.123668443718429 234.000000000000000 
 4.000000000000000 72.900511366764604 887.000000000000000 
 5.000000000000000 99.997563276788981 257.000000000000000 
 6.000000000000000 91.692143334894538 594.000000000000000 
 7.000000000000000 82.310731845842241 681.000000000000000 
 8.000000000000000 99.182352380969363 331.000000000000000 
 9.000000000000000 82.058819417661908 185.000000000000000 
10.000000000000000 99.732592275217144 614.000000000000000 
11.000000000000000 95.163880461714186 129.000000000000000 
12.000000000000000 81.908970027952890 116.000000000000000 
13.000000000000000 86.076941663361538 185.000000000000000 
14.000000000000000 91.527394956137954 145.000000000000000 
15.000000000000000 85.393576691156682 166.000000000000000 
16.000000000000000 82.468017292998866 310.000000000000000 
17.000000000000000 71.733761443302896 285.000000000000000 
18.000000000000000 88.794823160922419 448.000000000000000 
19.000000000000000 90.457724765964045 146.000000000000000 
20.000000000000000 79.430751408257564 309.000000000000000 
21.000000000000000 74.031792795609931 362.000000000000000 
22.000000000000000 97.654012238672621 146.000000000000000 
23.000000000000000 64.513359182275352 922.000000000000000 
24.000000000000000 87.955309099707264 175.000000000000000 
25.000000000000000 80.393458693137163 147.000000000000000 
26.000000000000000 95.348067448493026 865.000000000000000 
27.000000000000000 88.437413773483556 308.000000000000000 
28.000000000000000 91.947296228544886 378.000000000000000 
29.000000000000000 86.218138024046752 233.000000000000000 
30.000000000000000 103.979666937829478 321.000000000000000 
31.000000000000000 94.983173810887095 229.000000000000000 
32.000000000000000 81.761150133101353 131.000000000000000 
33.000000000000000 76.373066485482937 82.000000000000000 
34.000000000000000 76.228171241063563 175.000000000000000 
35.000000000000000 77.001551467315281 245.000000000000000 
36.000000000000000 83.783117168299881 240.000000000000000 
37.000000000000000 82.081213800288410 202.000000000000000 
38.000000000000000 85.578072497373782 1364.000000000000000 
39.000000000000000 97.738550425163211 570.000000000000000 
40.000000000000000 82.613608753337502 312.000000000000000 
41.000000000000000 86.265572432942221 276.000000000000000 
42.000000000000000 73.445246261304376 138.000000000000000 
43.000000000000000 85.717869106214195 302.000000000000000 
44.000000000000000 82.826320256969879 1219.000000000000000 
45.000000000000000 72.327117043024899 382.000000000000000 
46.000000000000000 72.561292981942486 383.000000000000000 
47.000000000000000 81.274623944009349 241.000000000000000 
48.000000000000000 89.008672419598014 324.000000000000000 
49.000000000000000 93.177252230683635 657.000000000000000 
50.000000000000000 93.778928091672000 1146.000000000000000 
51.000000000000000 81.383052279602737 182.000000000000000 
52.000000000000000 76.275455109717996 174.000000000000000 
53.000000000000000 76.127516789413704 161.000000000000000 
54.000000000000000 82.935266131208891 1245.000000000000000 
55.000000000000000 70.767810256636679 958.000000000000000 
56.000000000000000 83.035537901980462 204.000000000000000 
57.000000000000000 75.700524164699658 459.000000000000000 
58.000000000000000 81.662363950497337 278.000000000000000 
59.000000000000000 67.875767441807113 126.000000000000000 
60.000000000000000 79.281846229208057 273.000000000000000 
61.000000000000000 72.770763053967229 142.000000000000000 
62.000000000000000 63.668492959383606 122.000000000000000 
63.000000000000000 77.702242507160406 124.000000000000000 
64.000000000000000 70.561299644102959 494.000000000000000 
65.000000000000000 92.237646183628499 296.000000000000000 
66.000000000000000 63.488947177076938 78.000000000000000 
67.000000000000000 49.088645886631134 166.000000000000000 
68.000000000000000  0.000000000000000  0.000000000000000 
69.000000000000000  0.000000000000000  0.000000000000000 
70.000000000000000  0.000000000000000  0.000000000000000 
71.000000000000000  0.000000000000000  0.000000000000000 
72.000000000000000  0.000000000000000  0.000000000000000 
73.000000000000000  0.000000000000000  0.000000000000000 
74.000000000000000  0.000000000000000  0.000000000000000 
75.000000000000000  0.000000000000000  0.000000000000000 
76.000000000000000  0.000000000000000  0.000000000000000 
77.000000000000000  0.000000000000000  0.000000000000000 
78.000000000000000  0.000000000000000  0.000000000000000 
79.000000000000000  0.000000000000000  0.000000000000000 
80.000000000000000  0.000000000000000  0.000000000000000 
81.000000000000000  0.000000000000000  0.000000000000000 
82.000000000000000  0.000000000000000  0.000000000000000 
83.000000000000000  0.000000000000000  0.000000000000000 
84.000000000000000  0.000000000000000  0.000000000000000 
85.000000000000000  0.000000000000000  0.000000000000000 
86.000000000000000  0.000000000000000  0.000000000000000 
87.000000000000000  0.000000000000000  0.000000000000000 
88.000000000000000  0.000000000000000  0.000000000000000 
89.000000000000000  0.000000000000000  0.000000000000000 
90.000000000000000  0.000000000000000  0.000000000000000 
91.000000000000000  0.000000000000000  0.000000000000000 
92.000000000000000  0.000000000000000  0.000000000000000 
93.000000000000000  0.000000000000000  0.000000000000000 
94.000000000000000  0.000000000000000  0.000000000000000 
95.000000000000000  0.000000000000000  0.000000000000000 
96.000000000000000  0.000000000000000  0.000000000000000 
97.000000000000000  0.000000000000000  0.000000000000000 
98.000000000000000  0.000000000000000  0.000000000000000 
99.000000000000000  0.000000000000000  0.000000000000000 
100.000000000000000  0.000000000000000  0.000000000000000 
101.000000000000000  0.000000000000000  0.000000000000000 
102.000000000000000  0.000000000000000  0.000000000000000 
103.000000000000000  0.000000000000000  0.000000000000000 
104.000000000000000  0.000000000000000  0.000000000000000 
105.000000000000000  0.000000000000000  0.000000000000000 
106.000000000000000  0.000000000000000  0.000000000000000 
107.000000000000000  0.000000000000000  0.000000000000000 
108.000000000000000  0.000000000000000  0.000000000000000 
109.000000000000000  0.000000000000000  0.000000000000000 
110.000000000000000  0.000000000000000  0.000000000000000 
111.000000000000000  0.000000000000000  0.000000000000000 
112.000000000000000  0.000000000000000  0.000000000000000 
113.000000000000000  0.000000000000000  0.000000000000000 
114.000000000000000  0.000000000000000  0.000000000000000 
115.000000000000000  0.000000000000000  0.000000000000000 
116.000000000000000  0.000000000000000  0.000000000000000 
117.000000000000000  0.000000000000000  0.000000000000000 
118.000000000000000  0.000000000000000  0.000000000000000 
119.000000000000000  0.000000000000000  0.000000000000000 
120.000000000000000  0.000000000000000  0.000000000000000 
121.000000000000000  0.000000000000000  0.000000000000000 
122.000000000000000  0.000000000000000  0.000000000000000 
123.000000000000000  0.000000000000000  0.000000000000000 
124.000000000000000  0.000000000000000  0.000000000000000 
125.000000000000000  0.000000000000000  0.000000000000000 
126.000000000000000  0.000000000000000  0.000000000000000 
127.000000000000000  0.000000000000000  0.000000000000000 
