 0.000000000000000 90.337512831921515 916.000000000000000 
 1.000000000000000 99.601969765739184 1062.000000000000000 
 2.000000000000000 133.107484618053093 756.000000000000000 
 3.000000000000000 155.731689204934014 262.000000000000000 
 4.000000000000000 110.760718528209921 748.000000000000000 
 5.000000000000000 143.460264852928788 331.000000000000000 
 6.000000000000000 109.354083910940801 611.000000000000000 
 7.000000000000000 93.018117730410552 963.000000000000000 
 8.000000000000000 128.931090711112290 472.000000000000000 
 9.000000000000000 144.203399930528292 280.000000000000000 
10.000000000000000 136.170650300883921 841.000000000000000 
11.000000000000000 134.330620779174126 179.000000000000000 
12.000000000000000 156.295140593235999 218.000000000000000 
13.000000000000000 139.217530693449504 289.000000000000000 
14.000000000000000 135.657456734882629 189.000000000000000 
15.000000000000000 150.533583666968070 264.000000000000000 
16.000000000000000 119.288875386115137 408.000000000000000 
17.000000000000000 128.473451574691751 379.000000000000000 
18.000000000000000 123.607697502170012 507.000000000000000 
19.000000000000000 143.004703114085089 219.000000000000000 
20.000000000000000 142.817249325581884 582.000000000000000 
21.000000000000000 145.685360465941983 548.000000000000000 
22.000000000000000 127.083103759537508 189.000000000000000 
23.000000000000000 92.606002730889315 1331.000000000000000 
24.000000000000000 135.443818760026488 252.000000000000000 
25.000000000000000 123.849834179778043 224.000000000000000 
26.000000000000000 121.283673108799988 1152.000000000000000 
27.000000000000000 117.132488272898584 367.000000000000000 
28.000000000000000 137.462318151373353 522.000000000000000 
29.000000000000000 128.552584369238048 256.000000000000000 
30.000000000000000 141.773955986077823 381.000000000000000 
31.000000000000000 128.348598557299596 282.000000000000000 
32.000000000000000 126.936414714919039 188.000000000000000 
33.000000000000000 121.321499752310942 125.000000000000000 
34.000000000000000 116.840509651240637 177.000000000000000 
35.000000000000000 118.091855125691680 359.000000000000000 
36.000000000000000 122.233280456069650 237.000000000000000 
37.000000000000000 149.920075151534576 360.000000000000000 
38.000000000000000 108.845394884305762 1546.000000000000000 
39.000000000000000 123.459572464462241 604.000000000000000 
40.000000000000000 129.202470143266339 474.000000000000000 
41.000000000000000 121.172034404207793 381.000000000000000 
42.000000000000000 138.923662491138288 217.000000000000000 
43.000000000000000 148.766282106068132 378.000000000000000 
44.000000000000000 79.126174633874029 1102.000000000000000 
45.000000000000000 110.637760819113680 370.000000000000000 
46.000000000000000 107.012631232640175 412.000000000000000 
47.000000000000000 115.473786029848270 224.000000000000000 
48.000000000000000 117.545211976378482 438.000000000000000 
49.000000000000000 106.710335468518366 790.000000000000000 
50.000000000000000 146.444494831837659 1639.000000000000000 
51.000000000000000  0.000000000000000  0.000000000000000 
52.000000000000000  0.000000000000000  0.000000000000000 
53.000000000000000  0.000000000000000  0.000000000000000 
54.000000000000000  0.000000000000000  0.000000000000000 
55.000000000000000  0.000000000000000  0.000000000000000 
56.000000000000000  0.000000000000000  0.000000000000000 
57.000000000000000  0.000000000000000  0.000000000000000 
58.000000000000000  0.000000000000000  0.000000000000000 
59.000000000000000  0.000000000000000  0.000000000000000 
60.000000000000000  0.000000000000000  0.000000000000000 
61.000000000000000  0.000000000000000  0.000000000000000 
62.000000000000000  0.000000000000000  0.000000000000000 
63.000000000000000  0.000000000000000  0.000000000000000 
64.000000000000000  0.000000000000000  0.000000000000000 
65.000000000000000  0.000000000000000  0.000000000000000 
66.000000000000000  0.000000000000000  0.000000000000000 
67.000000000000000  0.000000000000000  0.000000000000000 
68.000000000000000  0.000000000000000  0.000000000000000 
69.000000000000000  0.000000000000000  0.000000000000000 
70.000000000000000  0.000000000000000  0.000000000000000 
71.000000000000000  0.000000000000000  0.000000000000000 
72.000000000000000  0.000000000000000  0.000000000000000 
73.000000000000000  0.000000000000000  0.000000000000000 
74.000000000000000  0.000000000000000  0.000000000000000 
75.000000000000000  0.000000000000000  0.000000000000000 
76.000000000000000  0.000000000000000  0.000000000000000 
77.000000000000000  0.000000000000000  0.000000000000000 
78.000000000000000  0.000000000000000  0.000000000000000 
79.000000000000000  0.000000000000000  0.000000000000000 
80.000000000000000  0.000000000000000  0.000000000000000 
81.000000000000000  0.000000000000000  0.000000000000000 
82.000000000000000  0.000000000000000  0.000000000000000 
83.000000000000000  0.000000000000000  0.000000000000000 
84.000000000000000  0.000000000000000  0.000000000000000 
85.000000000000000  0.000000000000000  0.000000000000000 
86.000000000000000  0.000000000000000  0.000000000000000 
87.000000000000000  0.000000000000000  0.000000000000000 
88.000000000000000  0.000000000000000  0.000000000000000 
89.000000000000000  0.000000000000000  0.000000000000000 
90.000000000000000  0.000000000000000  0.000000000000000 
91.000000000000000  0.000000000000000  0.000000000000000 
92.000000000000000  0.000000000000000  0.000000000000000 
93.000000000000000  0.000000000000000  0.000000000000000 
94.000000000000000  0.000000000000000  0.000000000000000 
95.000000000000000  0.000000000000000  0.000000000000000 
96.000000000000000  0.000000000000000  0.000000000000000 
97.000000000000000  0.000000000000000  0.000000000000000 
98.000000000000000  0.000000000000000  0.000000000000000 
99.000000000000000  0.000000000000000  0.000000000000000 
100.000000000000000  0.000000000000000  0.000000000000000 
101.000000000000000  0.000000000000000  0.000000000000000 
102.000000000000000  0.000000000000000  0.000000000000000 
103.000000000000000  0.000000000000000  0.000000000000000 
104.000000000000000  0.000000000000000  0.000000000000000 
105.000000000000000  0.000000000000000  0.000000000000000 
106.000000000000000  0.000000000000000  0.000000000000000 
107.000000000000000  0.000000000000000  0.000000000000000 
108.000000000000000  0.000000000000000  0.000000000000000 
109.000000000000000  0.000000000000000  0.000000000000000 
110.000000000000000  0.000000000000000  0.000000000000000 
111.000000000000000  0.000000000000000  0.000000000000000 
112.000000000000000  0.000000000000000  0.000000000000000 
113.000000000000000  0.000000000000000  0.000000000000000 
114.000000000000000  0.000000000000000  0.000000000000000 
115.000000000000000  0.000000000000000  0.000000000000000 
116.000000000000000  0.000000000000000  0.000000000000000 
117.000000000000000  0.000000000000000  0.000000000000000 
118.000000000000000  0.000000000000000  0.000000000000000 
119.000000000000000  0.000000000000000  0.000000000000000 
120.000000000000000  0.000000000000000  0.000000000000000 
121.000000000000000  0.000000000000000  0.000000000000000 
122.000000000000000  0.000000000000000  0.000000000000000 
123.000000000000000  0.000000000000000  0.000000000000000 
124.000000000000000  0.000000000000000  0.000000000000000 
125.000000000000000  0.000000000000000  0.000000000000000 
126.000000000000000  0.000000000000000  0.000000000000000 
127.000000000000000  0.000000000000000  0.000000000000000 
