 0.000000000000000 102.125656061287643 960.000000000000000 
 1.000000000000000 77.828460347505683 706.000000000000000 
 2.000000000000000 123.124095460900037 671.000000000000000 
 3.000000000000000 128.463077718181239 219.000000000000000 
 4.000000000000000 87.859003052491758 702.000000000000000 
 5.000000000000000 128.076739626572504 318.000000000000000 
 6.000000000000000 104.944445384028072 548.000000000000000 
 7.000000000000000 98.115208154743655 882.000000000000000 
 8.000000000000000 116.218240157855334 371.000000000000000 
 9.000000000000000 114.966300147430303 250.000000000000000 
10.000000000000000 118.425053097152826 715.000000000000000 
11.000000000000000 132.875280398462905 174.000000000000000 
12.000000000000000 110.877604560485892 164.000000000000000 
13.000000000000000 129.902399181636895 270.000000000000000 
14.000000000000000 134.094765524471882 188.000000000000000 
15.000000000000000 88.396616646988122 159.000000000000000 
16.000000000000000 110.194053789271152 410.000000000000000 
17.000000000000000 110.974844605456965 394.000000000000000 
18.000000000000000 103.564209924318732 474.000000000000000 
19.000000000000000 113.012146597778141 185.000000000000000 
20.000000000000000 127.557108247330561 515.000000000000000 
21.000000000000000 135.783416518304989 522.000000000000000 
22.000000000000000 110.991734317758358 173.000000000000000 
23.000000000000000 76.866884498147755 1100.000000000000000 
24.000000000000000 106.956965293134417 218.000000000000000 
25.000000000000000 114.238295197515953 210.000000000000000 
26.000000000000000 107.744696373938353 953.000000000000000 
27.000000000000000 105.552663912365432 348.000000000000000 
28.000000000000000 119.970058174524510 474.000000000000000 
29.000000000000000 116.327189445478908 239.000000000000000 
30.000000000000000 123.546764010736482 367.000000000000000 
31.000000000000000 119.523360768633410 269.000000000000000 
32.000000000000000 121.541319410871381 183.000000000000000 
33.000000000000000 112.809144003862329 116.000000000000000 
34.000000000000000 113.816140254769749 179.000000000000000 
35.000000000000000 115.743455602422429 344.000000000000000 
36.000000000000000 112.730103536214600 233.000000000000000 
37.000000000000000 130.236334309834632 325.000000000000000 
38.000000000000000 79.722609390612888 1311.000000000000000 
39.000000000000000 108.495800959333906 627.000000000000000 
40.000000000000000 124.308842683617939 449.000000000000000 
41.000000000000000 108.414030457445620 334.000000000000000 
42.000000000000000 97.687809540743260 148.000000000000000 
43.000000000000000 96.191710884182058 310.000000000000000 
44.000000000000000 75.481093479736629 1131.000000000000000 
45.000000000000000 110.758204960302152 372.000000000000000 
46.000000000000000 91.502249061476221 424.000000000000000 
47.000000000000000 103.738862603452901 208.000000000000000 
48.000000000000000 107.996026568752782 408.000000000000000 
49.000000000000000 116.342788141177564 742.000000000000000 
50.000000000000000 88.862792907287158 1098.000000000000000 
51.000000000000000 94.031803908678398 179.000000000000000 
52.000000000000000 77.177083322064917 167.000000000000000 
53.000000000000000 98.227632814292591 226.000000000000000 
54.000000000000000 81.529143107730874 1215.000000000000000 
55.000000000000000 68.277048838823674 928.000000000000000 
56.000000000000000 88.612433734464034 196.000000000000000 
57.000000000000000  0.000000000000000  0.000000000000000 
58.000000000000000  0.000000000000000  0.000000000000000 
59.000000000000000  0.000000000000000  0.000000000000000 
60.000000000000000  0.000000000000000  0.000000000000000 
61.000000000000000  0.000000000000000  0.000000000000000 
62.000000000000000  0.000000000000000  0.000000000000000 
63.000000000000000  0.000000000000000  0.000000000000000 
64.000000000000000  0.000000000000000  0.000000000000000 
65.000000000000000  0.000000000000000  0.000000000000000 
66.000000000000000  0.000000000000000  0.000000000000000 
67.000000000000000  0.000000000000000  0.000000000000000 
68.000000000000000  0.000000000000000  0.000000000000000 
69.000000000000000  0.000000000000000  0.000000000000000 
70.000000000000000  0.000000000000000  0.000000000000000 
71.000000000000000  0.000000000000000  0.000000000000000 
72.000000000000000  0.000000000000000  0.000000000000000 
73.000000000000000  0.000000000000000  0.000000000000000 
74.000000000000000  0.000000000000000  0.000000000000000 
75.000000000000000  0.000000000000000  0.000000000000000 
76.000000000000000  0.000000000000000  0.000000000000000 
77.000000000000000  0.000000000000000  0.000000000000000 
78.000000000000000  0.000000000000000  0.000000000000000 
79.000000000000000  0.000000000000000  0.000000000000000 
80.000000000000000  0.000000000000000  0.000000000000000 
81.000000000000000  0.000000000000000  0.000000000000000 
82.000000000000000  0.000000000000000  0.000000000000000 
83.000000000000000  0.000000000000000  0.000000000000000 
84.000000000000000  0.000000000000000  0.000000000000000 
85.000000000000000  0.000000000000000  0.000000000000000 
86.000000000000000  0.000000000000000  0.000000000000000 
87.000000000000000  0.000000000000000  0.000000000000000 
88.000000000000000  0.000000000000000  0.000000000000000 
89.000000000000000  0.000000000000000  0.000000000000000 
90.000000000000000  0.000000000000000  0.000000000000000 
91.000000000000000  0.000000000000000  0.000000000000000 
92.000000000000000  0.000000000000000  0.000000000000000 
93.000000000000000  0.000000000000000  0.000000000000000 
94.000000000000000  0.000000000000000  0.000000000000000 
95.000000000000000  0.000000000000000  0.000000000000000 
96.000000000000000  0.000000000000000  0.000000000000000 
97.000000000000000  0.000000000000000  0.000000000000000 
98.000000000000000  0.000000000000000  0.000000000000000 
99.000000000000000  0.000000000000000  0.000000000000000 
100.000000000000000  0.000000000000000  0.000000000000000 
101.000000000000000  0.000000000000000  0.000000000000000 
102.000000000000000  0.000000000000000  0.000000000000000 
103.000000000000000  0.000000000000000  0.000000000000000 
104.000000000000000  0.000000000000000  0.000000000000000 
105.000000000000000  0.000000000000000  0.000000000000000 
106.000000000000000  0.000000000000000  0.000000000000000 
107.000000000000000  0.000000000000000  0.000000000000000 
108.000000000000000  0.000000000000000  0.000000000000000 
109.000000000000000  0.000000000000000  0.000000000000000 
110.000000000000000  0.000000000000000  0.000000000000000 
111.000000000000000  0.000000000000000  0.000000000000000 
112.000000000000000  0.000000000000000  0.000000000000000 
113.000000000000000  0.000000000000000  0.000000000000000 
114.000000000000000  0.000000000000000  0.000000000000000 
115.000000000000000  0.000000000000000  0.000000000000000 
116.000000000000000  0.000000000000000  0.000000000000000 
117.000000000000000  0.000000000000000  0.000000000000000 
118.000000000000000  0.000000000000000  0.000000000000000 
119.000000000000000  0.000000000000000  0.000000000000000 
120.000000000000000  0.000000000000000  0.000000000000000 
121.000000000000000  0.000000000000000  0.000000000000000 
122.000000000000000  0.000000000000000  0.000000000000000 
123.000000000000000  0.000000000000000  0.000000000000000 
124.000000000000000  0.000000000000000  0.000000000000000 
125.000000000000000  0.000000000000000  0.000000000000000 
126.000000000000000  0.000000000000000  0.000000000000000 
127.000000000000000  0.000000000000000  0.000000000000000 
