 0.000000000000000 48.238590530657255 663.000000000000000 
 1.000000000000000 53.374422971455516 468.000000000000000 
 2.000000000000000 61.102910257448031 472.000000000000000 
 3.000000000000000 51.085324184880328 208.000000000000000 
 4.000000000000000 46.583960463806619 736.000000000000000 
 5.000000000000000 55.877837248905024 188.000000000000000 
 6.000000000000000 65.046423632780062 544.000000000000000 
 7.000000000000000 48.935664154644542 357.000000000000000 
 8.000000000000000 66.333945497118847 338.000000000000000 
 9.000000000000000 58.253771938661664 138.000000000000000 
10.000000000000000 62.100137746378984 530.000000000000000 
11.000000000000000 39.341930786448486 66.000000000000000 
12.000000000000000 49.250120409709552 90.000000000000000 
13.000000000000000 46.708807433193996 108.000000000000000 
14.000000000000000 52.991962961481477 81.000000000000000 
15.000000000000000 47.570722257563332 131.000000000000000 
16.000000000000000 43.109748058440076 204.000000000000000 
17.000000000000000 46.700490259605509 218.000000000000000 
18.000000000000000 59.169970013121620 432.000000000000000 
19.000000000000000 60.649119484659806 127.000000000000000 
20.000000000000000 59.718868823789251 257.000000000000000 
21.000000000000000 45.211001360230497 198.000000000000000 
22.000000000000000 57.273624162303157 95.000000000000000 
23.000000000000000 58.535778889223266 826.000000000000000 
24.000000000000000 62.460538334479303 140.000000000000000 
25.000000000000000 54.002811132263169 124.000000000000000 
26.000000000000000 64.898141992073818 693.000000000000000 
27.000000000000000 54.718849386671117 239.000000000000000 
28.000000000000000 57.977349155097286 298.000000000000000 
29.000000000000000 63.592363386522422 192.000000000000000 
30.000000000000000 52.702008540165970 159.000000000000000 
31.000000000000000 66.176586069379297 164.000000000000000 
32.000000000000000 48.461286343715081 83.000000000000000 
33.000000000000000 60.776395205801364 74.000000000000000 
34.000000000000000 49.080902085518836 127.000000000000000 
35.000000000000000 49.937653656338597 165.000000000000000 
36.000000000000000 57.451279757058792 173.000000000000000 
37.000000000000000 46.578842967858797 109.000000000000000 
38.000000000000000 46.920271571962473 968.000000000000000 
39.000000000000000 61.652097591154430 389.000000000000000 
40.000000000000000 41.840392075128250 131.000000000000000 
41.000000000000000 58.412646557897510 236.000000000000000 
42.000000000000000 60.290737752598432 127.000000000000000 
43.000000000000000 63.420524846594951 216.000000000000000 
44.000000000000000 51.195912760626953 704.000000000000000 
45.000000000000000 60.393864052797504 350.000000000000000 
46.000000000000000 47.026856566941525 227.000000000000000 
47.000000000000000 61.268009541003643 210.000000000000000 
48.000000000000000 45.996883534263397 189.000000000000000 
49.000000000000000 58.943366563290581 579.000000000000000 
50.000000000000000 52.988418224468631 736.000000000000000 
51.000000000000000 62.695071730340871 164.000000000000000 
52.000000000000000 48.489022751135899 131.000000000000000 
53.000000000000000 49.623004472562869 160.000000000000000 
54.000000000000000 36.449066224888107 826.000000000000000 
55.000000000000000 34.863734787841956 562.000000000000000 
56.000000000000000 60.575574789057683 159.000000000000000 
57.000000000000000 53.348623965087818 309.000000000000000 
58.000000000000000 65.287260315641745 260.000000000000000 
59.000000000000000 53.361164417666664 114.000000000000000 
60.000000000000000 43.630457707572674 188.000000000000000 
61.000000000000000 64.873365255512326 136.000000000000000 
62.000000000000000 53.525204043750030 112.000000000000000 
63.000000000000000 62.105838620892783 97.000000000000000 
64.000000000000000 49.675365766976732 448.000000000000000 
65.000000000000000 45.343087893737533 177.000000000000000 
66.000000000000000 44.684824143157563 66.000000000000000 
67.000000000000000 55.831572714933309 150.000000000000000 
68.000000000000000 41.516878791352106 223.000000000000000 
69.000000000000000 54.533810600649204 170.000000000000000 
70.000000000000000 48.912934297635431 269.000000000000000 
71.000000000000000 53.726650192138692 288.000000000000000 
72.000000000000000 51.096978227542600 855.000000000000000 
73.000000000000000 52.719072183845711 364.000000000000000 
74.000000000000000 38.203854269904909 90.000000000000000 
75.000000000000000 44.115372680302947 102.000000000000000 
76.000000000000000 30.458895439342861 42.000000000000000 
77.000000000000000 57.292638239136558 330.000000000000000 
78.000000000000000 51.804919318702431 281.000000000000000 
79.000000000000000 48.420281238050777 247.000000000000000 
80.000000000000000 45.320064361885670 311.000000000000000 
81.000000000000000 55.269337884655961 134.000000000000000 
82.000000000000000 43.754712531405737 355.000000000000000 
83.000000000000000 48.567988648989413 99.000000000000000 
84.000000000000000 41.765356377742840 77.000000000000000 
85.000000000000000 43.595467862413734 134.000000000000000 
86.000000000000000 46.969076153429612 98.000000000000000 
87.000000000000000 40.209492207188319 93.000000000000000 
88.000000000000000 47.224632155547781 225.000000000000000 
89.000000000000000 36.514417055333396 107.000000000000000 
90.000000000000000 50.073873669819569 887.000000000000000 
91.000000000000000 45.932451961349003 716.000000000000000 
92.000000000000000 44.179259187595349 168.000000000000000 
93.000000000000000  0.000000000000000  0.000000000000000 
94.000000000000000  0.000000000000000  0.000000000000000 
95.000000000000000  0.000000000000000  0.000000000000000 
96.000000000000000  0.000000000000000  0.000000000000000 
97.000000000000000  0.000000000000000  0.000000000000000 
98.000000000000000  0.000000000000000  0.000000000000000 
99.000000000000000  0.000000000000000  0.000000000000000 
100.000000000000000  0.000000000000000  0.000000000000000 
101.000000000000000  0.000000000000000  0.000000000000000 
102.000000000000000  0.000000000000000  0.000000000000000 
103.000000000000000  0.000000000000000  0.000000000000000 
104.000000000000000  0.000000000000000  0.000000000000000 
105.000000000000000  0.000000000000000  0.000000000000000 
106.000000000000000  0.000000000000000  0.000000000000000 
107.000000000000000  0.000000000000000  0.000000000000000 
108.000000000000000  0.000000000000000  0.000000000000000 
109.000000000000000  0.000000000000000  0.000000000000000 
110.000000000000000  0.000000000000000  0.000000000000000 
111.000000000000000  0.000000000000000  0.000000000000000 
112.000000000000000  0.000000000000000  0.000000000000000 
113.000000000000000  0.000000000000000  0.000000000000000 
114.000000000000000  0.000000000000000  0.000000000000000 
115.000000000000000  0.000000000000000  0.000000000000000 
116.000000000000000  0.000000000000000  0.000000000000000 
117.000000000000000  0.000000000000000  0.000000000000000 
118.000000000000000  0.000000000000000  0.000000000000000 
119.000000000000000  0.000000000000000  0.000000000000000 
120.000000000000000  0.000000000000000  0.000000000000000 
121.000000000000000  0.000000000000000  0.000000000000000 
122.000000000000000  0.000000000000000  0.000000000000000 
123.000000000000000  0.000000000000000  0.000000000000000 
124.000000000000000  0.000000000000000  0.000000000000000 
125.000000000000000  0.000000000000000  0.000000000000000 
126.000000000000000  0.000000000000000  0.000000000000000 
127.000000000000000  0.000000000000000  0.000000000000000 
