 0.000000000000000 58.742966955728846 771.000000000000000 
 1.000000000000000 60.454680587561803 589.000000000000000 
 2.000000000000000 68.912360059869926 519.000000000000000 
 3.000000000000000 68.672769651096303 218.000000000000000 
 4.000000000000000 60.104399334271612 815.000000000000000 
 5.000000000000000 70.421741765110497 224.000000000000000 
 6.000000000000000 66.042244977854807 468.000000000000000 
 7.000000000000000 58.185181491197049 434.000000000000000 
 8.000000000000000 75.655281635763657 280.000000000000000 
 9.000000000000000 63.163768240901057 152.000000000000000 
10.000000000000000 60.681866348478302 530.000000000000000 
11.000000000000000 60.638076527118301 93.000000000000000 
12.000000000000000 64.023349850252202 103.000000000000000 
13.000000000000000 58.990805790112837 127.000000000000000 
14.000000000000000 57.287180485176457 85.000000000000000 
15.000000000000000 67.193371998764974 177.000000000000000 
16.000000000000000 59.333920005464208 227.000000000000000 
17.000000000000000 55.080825344281585 244.000000000000000 
18.000000000000000 63.110837215367269 436.000000000000000 
19.000000000000000 67.991507985485057 130.000000000000000 
20.000000000000000 61.177585066637342 248.000000000000000 
21.000000000000000 47.715734456235388 195.000000000000000 
22.000000000000000 55.883083486082114 95.000000000000000 
23.000000000000000 67.804026079133067 930.000000000000000 
24.000000000000000 67.559036719449807 150.000000000000000 
25.000000000000000 68.676507302472416 134.000000000000000 
26.000000000000000 70.481514371713530 746.000000000000000 
27.000000000000000 58.869154084334937 249.000000000000000 
28.000000000000000 61.155954867732241 285.000000000000000 
29.000000000000000 72.361294586288622 210.000000000000000 
30.000000000000000 50.324732815192128 158.000000000000000 
31.000000000000000 72.241832033095406 180.000000000000000 
32.000000000000000 53.033734906279093 92.000000000000000 
33.000000000000000 65.839599483507328 82.000000000000000 
34.000000000000000 56.491899048553194 141.000000000000000 
35.000000000000000 57.280774588220055 185.000000000000000 
36.000000000000000 73.372567508644934 220.000000000000000 
37.000000000000000 50.792193196265529 116.000000000000000 
38.000000000000000 60.999270973774969 1147.000000000000000 
39.000000000000000 61.925373490715124 413.000000000000000 
40.000000000000000 61.368654148471265 188.000000000000000 
41.000000000000000 65.834939908500985 202.000000000000000 
42.000000000000000 76.107484942094544 148.000000000000000 
43.000000000000000 71.551941607895174 242.000000000000000 
44.000000000000000 59.894759338485059 944.000000000000000 
45.000000000000000 63.013032050019852 360.000000000000000 
46.000000000000000 55.751141518586891 275.000000000000000 
47.000000000000000 72.351421610111302 233.000000000000000 
48.000000000000000 66.529222701430939 240.000000000000000 
49.000000000000000 68.071382774320895 570.000000000000000 
50.000000000000000 68.994533210417814 923.000000000000000 
51.000000000000000 68.061006918672931 162.000000000000000 
52.000000000000000 59.841707739856759 148.000000000000000 
53.000000000000000 66.437683989305484 165.000000000000000 
54.000000000000000 52.912395388421885 1045.000000000000000 
55.000000000000000 55.649522307123931 781.000000000000000 
56.000000000000000 59.283444016501292 159.000000000000000 
57.000000000000000 54.562327064536866 340.000000000000000 
58.000000000000000 71.868492678898519 275.000000000000000 
59.000000000000000 49.484712140981991 111.000000000000000 
60.000000000000000 66.760004878797758 237.000000000000000 
61.000000000000000 69.961997669934831 143.000000000000000 
62.000000000000000 54.622216681470796 113.000000000000000 
63.000000000000000 71.499923836872227 108.000000000000000 
64.000000000000000 66.582543927530949 490.000000000000000 
65.000000000000000 70.203119153323712 220.000000000000000 
66.000000000000000 55.658694687284203 76.000000000000000 
67.000000000000000 60.195945429346921 162.000000000000000 
68.000000000000000 61.923221201335323 306.000000000000000 
69.000000000000000 62.721714485282732 150.000000000000000 
70.000000000000000 55.168845319523832 255.000000000000000 
71.000000000000000 58.567155164371378 297.000000000000000 
72.000000000000000 62.071642983958988 942.000000000000000 
73.000000000000000 56.625423229295052 353.000000000000000 
74.000000000000000 42.591890775031956 83.000000000000000 
75.000000000000000 48.870025962499092 109.000000000000000 
76.000000000000000 44.921400069420699 58.000000000000000 
77.000000000000000 66.919904909333070 411.000000000000000 
78.000000000000000 56.220697946426895 301.000000000000000 
79.000000000000000 54.958847465110111 263.000000000000000 
80.000000000000000 50.434335548048502 325.000000000000000 
81.000000000000000 57.270540548921026 119.000000000000000 
82.000000000000000 48.231687495785678 371.000000000000000 
83.000000000000000  0.000000000000000  0.000000000000000 
84.000000000000000  0.000000000000000  0.000000000000000 
85.000000000000000  0.000000000000000  0.000000000000000 
86.000000000000000  0.000000000000000  0.000000000000000 
87.000000000000000  0.000000000000000  0.000000000000000 
88.000000000000000  0.000000000000000  0.000000000000000 
89.000000000000000  0.000000000000000  0.000000000000000 
90.000000000000000  0.000000000000000  0.000000000000000 
91.000000000000000  0.000000000000000  0.000000000000000 
92.000000000000000  0.000000000000000  0.000000000000000 
93.000000000000000  0.000000000000000  0.000000000000000 
94.000000000000000  0.000000000000000  0.000000000000000 
95.000000000000000  0.000000000000000  0.000000000000000 
96.000000000000000  0.000000000000000  0.000000000000000 
97.000000000000000  0.000000000000000  0.000000000000000 
98.000000000000000  0.000000000000000  0.000000000000000 
99.000000000000000  0.000000000000000  0.000000000000000 
100.000000000000000  0.000000000000000  0.000000000000000 
101.000000000000000  0.000000000000000  0.000000000000000 
102.000000000000000  0.000000000000000  0.000000000000000 
103.000000000000000  0.000000000000000  0.000000000000000 
104.000000000000000  0.000000000000000  0.000000000000000 
105.000000000000000  0.000000000000000  0.000000000000000 
106.000000000000000  0.000000000000000  0.000000000000000 
107.000000000000000  0.000000000000000  0.000000000000000 
108.000000000000000  0.000000000000000  0.000000000000000 
109.000000000000000  0.000000000000000  0.000000000000000 
110.000000000000000  0.000000000000000  0.000000000000000 
111.000000000000000  0.000000000000000  0.000000000000000 
112.000000000000000  0.000000000000000  0.000000000000000 
113.000000000000000  0.000000000000000  0.000000000000000 
114.000000000000000  0.000000000000000  0.000000000000000 
115.000000000000000  0.000000000000000  0.000000000000000 
116.000000000000000  0.000000000000000  0.000000000000000 
117.000000000000000  0.000000000000000  0.000000000000000 
118.000000000000000  0.000000000000000  0.000000000000000 
119.000000000000000  0.000000000000000  0.000000000000000 
120.000000000000000  0.000000000000000  0.000000000000000 
121.000000000000000  0.000000000000000  0.000000000000000 
122.000000000000000  0.000000000000000  0.000000000000000 
123.000000000000000  0.000000000000000  0.000000000000000 
124.000000000000000  0.000000000000000  0.000000000000000 
125.000000000000000  0.000000000000000  0.000000000000000 
126.000000000000000  0.000000000000000  0.000000000000000 
127.000000000000000  0.000000000000000  0.000000000000000 
