 0.000000000000000 89.747015867201796 829.000000000000000 
 1.000000000000000 78.585152899151936 671.000000000000000 
 2.000000000000000 102.142939360461028 570.000000000000000 
 3.000000000000000 94.379568525643265 196.000000000000000 
 4.000000000000000 72.741454202464141 844.000000000000000 
 5.000000000000000 88.469432105893574 233.000000000000000 
 6.000000000000000 94.456515517566345 601.000000000000000 
 7.000000000000000 85.684220974688330 712.000000000000000 
 8.000000000000000 103.112242779785333 345.000000000000000 
 9.000000000000000 75.370250263345753 170.000000000000000 
10.000000000000000 101.095691281871908 618.000000000000000 
11.000000000000000 95.354903840451186 129.000000000000000 
12.000000000000000 105.943092023142768 161.000000000000000 
13.000000000000000 87.190933579671835 189.000000000000000 
14.000000000000000 87.593690060788305 142.000000000000000 
15.000000000000000 86.011105117814324 167.000000000000000 
16.000000000000000 86.419131635458101 325.000000000000000 
17.000000000000000 73.871219449492173 291.000000000000000 
18.000000000000000 87.622289625221825 450.000000000000000 
19.000000000000000 86.831852049827106 144.000000000000000 
20.000000000000000 83.711401327150000 321.000000000000000 
21.000000000000000 94.660523672866773 401.000000000000000 
22.000000000000000 87.579548436914067 135.000000000000000 
23.000000000000000 67.475491580237460 962.000000000000000 
24.000000000000000 86.481917518648203 176.000000000000000 
25.000000000000000 94.472627870180773 164.000000000000000 
26.000000000000000 95.412010895226771 866.000000000000000 
27.000000000000000 86.530661638085604 305.000000000000000 
28.000000000000000 95.688231238214172 413.000000000000000 
29.000000000000000 81.611962367147029 225.000000000000000 
30.000000000000000 96.376838341563243 304.000000000000000 
31.000000000000000 91.615506275656912 222.000000000000000 
32.000000000000000 81.761150133101395 131.000000000000000 
33.000000000000000 76.373066485482894 82.000000000000000 
34.000000000000000 80.242660876585930 175.000000000000000 
35.000000000000000 79.964915776335289 260.000000000000000 
36.000000000000000 85.552778812064858 241.000000000000000 
37.000000000000000 100.058690457559663 274.000000000000000 
38.000000000000000 86.782135676418918 1377.000000000000000 
39.000000000000000 99.076323031262035 578.000000000000000 
40.000000000000000 92.862943471266291 323.000000000000000 
41.000000000000000 84.949892404939447 258.000000000000000 
42.000000000000000 73.445246261304348 138.000000000000000 
43.000000000000000 85.804278492289441 301.000000000000000 
44.000000000000000 81.572782741300927 1211.000000000000000 
45.000000000000000 85.114807999844189 383.000000000000000 
46.000000000000000 84.820081881458535 423.000000000000000 
47.000000000000000 79.228557778258718 237.000000000000000 
48.000000000000000 89.974776099378445 327.000000000000000 
49.000000000000000 101.260024829605243 680.000000000000000 
50.000000000000000 92.642583259956893 1132.000000000000000 
51.000000000000000 84.628451221892206 188.000000000000000 
52.000000000000000 77.720401442779746 174.000000000000000 
53.000000000000000 76.142434510738866 161.000000000000000 
54.000000000000000 83.337663541537751 1241.000000000000000 
55.000000000000000 71.160517040602656 962.000000000000000 
56.000000000000000 91.351407593681685 226.000000000000000 
57.000000000000000 80.945545361132218 479.000000000000000 
58.000000000000000 85.616796208515538 278.000000000000000 
59.000000000000000 71.884969237153456 131.000000000000000 
60.000000000000000 76.493548617487363 262.000000000000000 
61.000000000000000 72.199124280583177 141.000000000000000 
62.000000000000000 62.405928686225828 120.000000000000000 
63.000000000000000 75.683012086277841 124.000000000000000 
64.000000000000000 73.631899597084526 462.000000000000000 
65.000000000000000 62.188110175667269 166.000000000000000 
66.000000000000000 58.862013110178438 74.000000000000000 
67.000000000000000  0.000000000000000  0.000000000000000 
68.000000000000000  0.000000000000000  0.000000000000000 
69.000000000000000  0.000000000000000  0.000000000000000 
70.000000000000000  0.000000000000000  0.000000000000000 
71.000000000000000  0.000000000000000  0.000000000000000 
72.000000000000000  0.000000000000000  0.000000000000000 
73.000000000000000  0.000000000000000  0.000000000000000 
74.000000000000000  0.000000000000000  0.000000000000000 
75.000000000000000  0.000000000000000  0.000000000000000 
76.000000000000000  0.000000000000000  0.000000000000000 
77.000000000000000  0.000000000000000  0.000000000000000 
78.000000000000000  0.000000000000000  0.000000000000000 
79.000000000000000  0.000000000000000  0.000000000000000 
80.000000000000000  0.000000000000000  0.000000000000000 
81.000000000000000  0.000000000000000  0.000000000000000 
82.000000000000000  0.000000000000000  0.000000000000000 
83.000000000000000  0.000000000000000  0.000000000000000 
84.000000000000000  0.000000000000000  0.000000000000000 
85.000000000000000  0.000000000000000  0.000000000000000 
86.000000000000000  0.000000000000000  0.000000000000000 
87.000000000000000  0.000000000000000  0.000000000000000 
88.000000000000000  0.000000000000000  0.000000000000000 
89.000000000000000  0.000000000000000  0.000000000000000 
90.000000000000000  0.000000000000000  0.000000000000000 
91.000000000000000  0.000000000000000  0.000000000000000 
92.000000000000000  0.000000000000000  0.000000000000000 
93.000000000000000  0.000000000000000  0.000000000000000 
94.000000000000000  0.000000000000000  0.000000000000000 
95.000000000000000  0.000000000000000  0.000000000000000 
96.000000000000000  0.000000000000000  0.000000000000000 
97.000000000000000  0.000000000000000  0.000000000000000 
98.000000000000000  0.000000000000000  0.000000000000000 
99.000000000000000  0.000000000000000  0.000000000000000 
100.000000000000000  0.000000000000000  0.000000000000000 
101.000000000000000  0.000000000000000  0.000000000000000 
102.000000000000000  0.000000000000000  0.000000000000000 
103.000000000000000  0.000000000000000  0.000000000000000 
104.000000000000000  0.000000000000000  0.000000000000000 
105.000000000000000  0.000000000000000  0.000000000000000 
106.000000000000000  0.000000000000000  0.000000000000000 
107.000000000000000  0.000000000000000  0.000000000000000 
108.000000000000000  0.000000000000000  0.000000000000000 
109.000000000000000  0.000000000000000  0.000000000000000 
110.000000000000000  0.000000000000000  0.000000000000000 
111.000000000000000  0.000000000000000  0.000000000000000 
112.000000000000000  0.000000000000000  0.000000000000000 
113.000000000000000  0.000000000000000  0.000000000000000 
114.000000000000000  0.000000000000000  0.000000000000000 
115.000000000000000  0.000000000000000  0.000000000000000 
116.000000000000000  0.000000000000000  0.000000000000000 
117.000000000000000  0.000000000000000  0.000000000000000 
118.000000000000000  0.000000000000000  0.000000000000000 
119.000000000000000  0.000000000000000  0.000000000000000 
120.000000000000000  0.000000000000000  0.000000000000000 
121.000000000000000  0.000000000000000  0.000000000000000 
122.000000000000000  0.000000000000000  0.000000000000000 
123.000000000000000  0.000000000000000  0.000000000000000 
124.000000000000000  0.000000000000000  0.000000000000000 
125.000000000000000  0.000000000000000  0.000000000000000 
126.000000000000000  0.000000000000000  0.000000000000000 
127.000000000000000  0.000000000000000  0.000000000000000 
