 0.000000000000000 48.238590530657255 663.000000000000000 
 1.000000000000000 53.374422971455516 468.000000000000000 
 2.000000000000000 61.226294199402737 472.000000000000000 
 3.000000000000000 51.085324184880328 208.000000000000000 
 4.000000000000000 46.680649135499095 737.000000000000000 
 5.000000000000000 56.250641570763037 189.000000000000000 
 6.000000000000000 65.046423632780062 544.000000000000000 
 7.000000000000000 48.935664154644542 357.000000000000000 
 8.000000000000000 66.725509472236183 340.000000000000000 
 9.000000000000000 58.253771938661664 138.000000000000000 
10.000000000000000 61.950707014703383 528.000000000000000 
11.000000000000000 39.341930786448486 66.000000000000000 
12.000000000000000 49.250120409709552 90.000000000000000 
13.000000000000000 46.708807433193996 108.000000000000000 
14.000000000000000 52.991962961481477 81.000000000000000 
15.000000000000000 47.570722257563332 131.000000000000000 
16.000000000000000 43.109748058440076 204.000000000000000 
17.000000000000000 46.487206560695341 217.000000000000000 
18.000000000000000 58.568777099640272 430.000000000000000 
19.000000000000000 60.649119484659806 127.000000000000000 
20.000000000000000 59.723556084867120 257.000000000000000 
21.000000000000000 45.203177170427992 198.000000000000000 
22.000000000000000 57.273624162303157 95.000000000000000 
23.000000000000000 58.643485225670247 827.000000000000000 
24.000000000000000 62.460538334479303 140.000000000000000 
25.000000000000000 54.002811132263169 124.000000000000000 
26.000000000000000 65.271245204813297 695.000000000000000 
27.000000000000000 54.718849386671117 239.000000000000000 
28.000000000000000 58.083879886598332 300.000000000000000 
29.000000000000000 63.218578516247604 191.000000000000000 
30.000000000000000 52.702997136993666 159.000000000000000 
31.000000000000000 66.176586069379297 164.000000000000000 
32.000000000000000 48.461286343715081 83.000000000000000 
33.000000000000000 60.776395205801364 74.000000000000000 
34.000000000000000 49.101734175538567 127.000000000000000 
35.000000000000000 50.241871345050704 166.000000000000000 
36.000000000000000 57.451279757058792 173.000000000000000 
37.000000000000000 46.174588313844900 108.000000000000000 
38.000000000000000 46.920271571962473 968.000000000000000 
39.000000000000000 61.652097591154430 389.000000000000000 
40.000000000000000 41.840392075128250 131.000000000000000 
41.000000000000000 58.412646557897510 236.000000000000000 
42.000000000000000 60.671918660643001 128.000000000000000 
43.000000000000000 63.144329515879072 215.000000000000000 
44.000000000000000 51.195912760626953 704.000000000000000 
45.000000000000000 60.393864052797504 350.000000000000000 
46.000000000000000 47.020968904663413 227.000000000000000 
47.000000000000000 61.257033644699206 210.000000000000000 
48.000000000000000 45.917625790957345 189.000000000000000 
49.000000000000000 58.943366563290581 579.000000000000000 
50.000000000000000 52.988418224468631 736.000000000000000 
51.000000000000000 62.695071730340871 164.000000000000000 
52.000000000000000 48.489022751135899 131.000000000000000 
53.000000000000000 49.629544768215020 160.000000000000000 
54.000000000000000 36.449066224888107 826.000000000000000 
55.000000000000000 34.863734787841956 562.000000000000000 
56.000000000000000 60.575574789057683 159.000000000000000 
57.000000000000000 52.968239740541435 307.000000000000000 
58.000000000000000 65.286404263510491 260.000000000000000 
59.000000000000000 53.361164417666664 114.000000000000000 
60.000000000000000 43.626974746282450 188.000000000000000 
61.000000000000000 64.494311762838407 135.000000000000000 
62.000000000000000 53.525204043750030 112.000000000000000 
63.000000000000000 62.105838620892783 97.000000000000000 
64.000000000000000 49.675365766976732 448.000000000000000 
65.000000000000000 45.341191358138182 177.000000000000000 
66.000000000000000 44.684824143157563 66.000000000000000 
67.000000000000000 55.831572714933309 150.000000000000000 
68.000000000000000 40.294619415430184 217.000000000000000 
69.000000000000000 54.533810600649204 170.000000000000000 
70.000000000000000 48.912934297635431 269.000000000000000 
71.000000000000000 54.483864645504305 291.000000000000000 
72.000000000000000 51.096978227542600 855.000000000000000 
73.000000000000000 52.715098292514512 364.000000000000000 
74.000000000000000 38.203854269904909 90.000000000000000 
75.000000000000000 44.115372680302947 102.000000000000000 
76.000000000000000 30.458895439342861 42.000000000000000 
77.000000000000000 57.292638239136558 330.000000000000000 
78.000000000000000 51.751483666086358 282.000000000000000 
79.000000000000000 48.420281238050777 247.000000000000000 
80.000000000000000 45.314566373724098 311.000000000000000 
81.000000000000000 55.269337884655961 134.000000000000000 
82.000000000000000 43.429159078573441 353.000000000000000 
83.000000000000000 48.567988648989413 99.000000000000000 
84.000000000000000 41.765356377742840 77.000000000000000 
85.000000000000000 43.891862476871367 135.000000000000000 
86.000000000000000 46.466529131788008 97.000000000000000 
87.000000000000000 40.209492207188319 93.000000000000000 
88.000000000000000 47.224632155547781 225.000000000000000 
89.000000000000000 37.404744795589778 109.000000000000000 
90.000000000000000 50.073873669819569 887.000000000000000 
91.000000000000000 45.932451961349003 716.000000000000000 
92.000000000000000 44.656218972227030 170.000000000000000 
93.000000000000000  0.000000000000000  0.000000000000000 
94.000000000000000  0.000000000000000  0.000000000000000 
95.000000000000000  0.000000000000000  0.000000000000000 
96.000000000000000  0.000000000000000  0.000000000000000 
97.000000000000000  0.000000000000000  0.000000000000000 
98.000000000000000  0.000000000000000  0.000000000000000 
99.000000000000000  0.000000000000000  0.000000000000000 
100.000000000000000  0.000000000000000  0.000000000000000 
101.000000000000000  0.000000000000000  0.000000000000000 
102.000000000000000  0.000000000000000  0.000000000000000 
103.000000000000000  0.000000000000000  0.000000000000000 
104.000000000000000  0.000000000000000  0.000000000000000 
105.000000000000000  0.000000000000000  0.000000000000000 
106.000000000000000  0.000000000000000  0.000000000000000 
107.000000000000000  0.000000000000000  0.000000000000000 
108.000000000000000  0.000000000000000  0.000000000000000 
109.000000000000000  0.000000000000000  0.000000000000000 
110.000000000000000  0.000000000000000  0.000000000000000 
111.000000000000000  0.000000000000000  0.000000000000000 
112.000000000000000  0.000000000000000  0.000000000000000 
113.000000000000000  0.000000000000000  0.000000000000000 
114.000000000000000  0.000000000000000  0.000000000000000 
115.000000000000000  0.000000000000000  0.000000000000000 
116.000000000000000  0.000000000000000  0.000000000000000 
117.000000000000000  0.000000000000000  0.000000000000000 
118.000000000000000  0.000000000000000  0.000000000000000 
119.000000000000000  0.000000000000000  0.000000000000000 
120.000000000000000  0.000000000000000  0.000000000000000 
121.000000000000000  0.000000000000000  0.000000000000000 
122.000000000000000  0.000000000000000  0.000000000000000 
123.000000000000000  0.000000000000000  0.000000000000000 
124.000000000000000  0.000000000000000  0.000000000000000 
125.000000000000000  0.000000000000000  0.000000000000000 
126.000000000000000  0.000000000000000  0.000000000000000 
127.000000000000000  0.000000000000000  0.000000000000000 
