 0.000000000000000 138.220344625344467 1664.000000000000000 
 1.000000000000000 125.816618856844300 1361.000000000000000 
 2.000000000000000 182.144119740920075 686.000000000000000 
 3.000000000000000 180.351928297714210 303.000000000000000 
 4.000000000000000 142.512464358299411 986.000000000000000 
 5.000000000000000 205.343032034370822 492.000000000000000 
 6.000000000000000 189.069202875860043 846.000000000000000 
 7.000000000000000 163.550560504366302 1326.000000000000000 
 8.000000000000000 195.178369893149409 936.000000000000000 
 9.000000000000000 188.355794091147828 465.000000000000000 
10.000000000000000 182.315184150212815 1077.000000000000000 
11.000000000000000 204.357679846620357 265.000000000000000 
12.000000000000000 161.151233753653543 231.000000000000000 
13.000000000000000 162.417923106421398 314.000000000000000 
14.000000000000000 180.411119327732138 230.000000000000000 
15.000000000000000 168.422084815355447 298.000000000000000 
16.000000000000000 182.403174741700667 695.000000000000000 
17.000000000000000 192.230125914769985 383.000000000000000 
18.000000000000000 179.872932895980256 656.000000000000000 
19.000000000000000 146.673513335536256 204.000000000000000 
20.000000000000000 184.245809289622173 632.000000000000000 
21.000000000000000 205.031481916311122 727.000000000000000 
22.000000000000000 184.971244650272212 250.000000000000000 
23.000000000000000 150.408072431599919 1650.000000000000000 
24.000000000000000 163.756616611880986 266.000000000000000 
25.000000000000000 183.024811254740200 261.000000000000000 
26.000000000000000 167.252497551106728 1450.000000000000000 
27.000000000000000 163.382297918045111 430.000000000000000 
28.000000000000000 185.234584223573052 704.000000000000000 
29.000000000000000 203.473939009599576 499.000000000000000 
30.000000000000000 198.686019047730127 478.000000000000000 
31.000000000000000 169.048169088071120 347.000000000000000 
32.000000000000000 168.261274421010256 227.000000000000000 
33.000000000000000 160.797832959672576 160.000000000000000 
34.000000000000000 154.024082421481182 227.000000000000000 
35.000000000000000 184.785178345473611 551.000000000000000 
36.000000000000000 179.251782444216104 373.000000000000000 
37.000000000000000 156.174732155485401 365.000000000000000 
38.000000000000000 200.391829542826969 2137.000000000000000 
39.000000000000000 146.533841715150885 475.000000000000000 
40.000000000000000 169.449326229346809 374.000000000000000 
41.000000000000000  0.000000000000000  0.000000000000000 
42.000000000000000  0.000000000000000  0.000000000000000 
43.000000000000000  0.000000000000000  0.000000000000000 
44.000000000000000  0.000000000000000  0.000000000000000 
45.000000000000000  0.000000000000000  0.000000000000000 
46.000000000000000  0.000000000000000  0.000000000000000 
47.000000000000000  0.000000000000000  0.000000000000000 
48.000000000000000  0.000000000000000  0.000000000000000 
49.000000000000000  0.000000000000000  0.000000000000000 
50.000000000000000  0.000000000000000  0.000000000000000 
51.000000000000000  0.000000000000000  0.000000000000000 
52.000000000000000  0.000000000000000  0.000000000000000 
53.000000000000000  0.000000000000000  0.000000000000000 
54.000000000000000  0.000000000000000  0.000000000000000 
55.000000000000000  0.000000000000000  0.000000000000000 
56.000000000000000  0.000000000000000  0.000000000000000 
57.000000000000000  0.000000000000000  0.000000000000000 
58.000000000000000  0.000000000000000  0.000000000000000 
59.000000000000000  0.000000000000000  0.000000000000000 
60.000000000000000  0.000000000000000  0.000000000000000 
61.000000000000000  0.000000000000000  0.000000000000000 
62.000000000000000  0.000000000000000  0.000000000000000 
63.000000000000000  0.000000000000000  0.000000000000000 
64.000000000000000  0.000000000000000  0.000000000000000 
65.000000000000000  0.000000000000000  0.000000000000000 
66.000000000000000  0.000000000000000  0.000000000000000 
67.000000000000000  0.000000000000000  0.000000000000000 
68.000000000000000  0.000000000000000  0.000000000000000 
69.000000000000000  0.000000000000000  0.000000000000000 
70.000000000000000  0.000000000000000  0.000000000000000 
71.000000000000000  0.000000000000000  0.000000000000000 
72.000000000000000  0.000000000000000  0.000000000000000 
73.000000000000000  0.000000000000000  0.000000000000000 
74.000000000000000  0.000000000000000  0.000000000000000 
75.000000000000000  0.000000000000000  0.000000000000000 
76.000000000000000  0.000000000000000  0.000000000000000 
77.000000000000000  0.000000000000000  0.000000000000000 
78.000000000000000  0.000000000000000  0.000000000000000 
79.000000000000000  0.000000000000000  0.000000000000000 
80.000000000000000  0.000000000000000  0.000000000000000 
81.000000000000000  0.000000000000000  0.000000000000000 
82.000000000000000  0.000000000000000  0.000000000000000 
83.000000000000000  0.000000000000000  0.000000000000000 
84.000000000000000  0.000000000000000  0.000000000000000 
85.000000000000000  0.000000000000000  0.000000000000000 
86.000000000000000  0.000000000000000  0.000000000000000 
87.000000000000000  0.000000000000000  0.000000000000000 
88.000000000000000  0.000000000000000  0.000000000000000 
89.000000000000000  0.000000000000000  0.000000000000000 
90.000000000000000  0.000000000000000  0.000000000000000 
91.000000000000000  0.000000000000000  0.000000000000000 
92.000000000000000  0.000000000000000  0.000000000000000 
93.000000000000000  0.000000000000000  0.000000000000000 
94.000000000000000  0.000000000000000  0.000000000000000 
95.000000000000000  0.000000000000000  0.000000000000000 
96.000000000000000  0.000000000000000  0.000000000000000 
97.000000000000000  0.000000000000000  0.000000000000000 
98.000000000000000  0.000000000000000  0.000000000000000 
99.000000000000000  0.000000000000000  0.000000000000000 
100.000000000000000  0.000000000000000  0.000000000000000 
101.000000000000000  0.000000000000000  0.000000000000000 
102.000000000000000  0.000000000000000  0.000000000000000 
103.000000000000000  0.000000000000000  0.000000000000000 
104.000000000000000  0.000000000000000  0.000000000000000 
105.000000000000000  0.000000000000000  0.000000000000000 
106.000000000000000  0.000000000000000  0.000000000000000 
107.000000000000000  0.000000000000000  0.000000000000000 
108.000000000000000  0.000000000000000  0.000000000000000 
109.000000000000000  0.000000000000000  0.000000000000000 
110.000000000000000  0.000000000000000  0.000000000000000 
111.000000000000000  0.000000000000000  0.000000000000000 
112.000000000000000  0.000000000000000  0.000000000000000 
113.000000000000000  0.000000000000000  0.000000000000000 
114.000000000000000  0.000000000000000  0.000000000000000 
115.000000000000000  0.000000000000000  0.000000000000000 
116.000000000000000  0.000000000000000  0.000000000000000 
117.000000000000000  0.000000000000000  0.000000000000000 
118.000000000000000  0.000000000000000  0.000000000000000 
119.000000000000000  0.000000000000000  0.000000000000000 
120.000000000000000  0.000000000000000  0.000000000000000 
121.000000000000000  0.000000000000000  0.000000000000000 
122.000000000000000  0.000000000000000  0.000000000000000 
123.000000000000000  0.000000000000000  0.000000000000000 
124.000000000000000  0.000000000000000  0.000000000000000 
125.000000000000000  0.000000000000000  0.000000000000000 
126.000000000000000  0.000000000000000  0.000000000000000 
127.000000000000000  0.000000000000000  0.000000000000000 
