 0.000000000000000 100.102572644773431 953.000000000000000 
 1.000000000000000 80.794018602170567 727.000000000000000 
 2.000000000000000 120.604755714857035 649.000000000000000 
 3.000000000000000 110.896846001605681 203.000000000000000 
 4.000000000000000 90.199761078805977 704.000000000000000 
 5.000000000000000 96.046540906290801 240.000000000000000 
 6.000000000000000 102.355146171814553 554.000000000000000 
 7.000000000000000 95.393767126470692 863.000000000000000 
 8.000000000000000 109.119987132546015 356.000000000000000 
 9.000000000000000 78.237354530791450 175.000000000000000 
10.000000000000000 113.214330255982418 678.000000000000000 
11.000000000000000 85.069040923354237 114.000000000000000 
12.000000000000000 108.518538008205155 162.000000000000000 
13.000000000000000 93.139970835958479 199.000000000000000 
14.000000000000000 99.717478763529414 153.000000000000000 
15.000000000000000 85.284692817886437 161.000000000000000 
16.000000000000000 107.819808840395723 418.000000000000000 
17.000000000000000 85.225739057218433 323.000000000000000 
18.000000000000000 102.917714935941873 477.000000000000000 
19.000000000000000 108.702437393474924 174.000000000000000 
20.000000000000000 94.383628055967549 379.000000000000000 
21.000000000000000 111.746852272309795 449.000000000000000 
22.000000000000000 102.973561281159846 163.000000000000000 
23.000000000000000 77.713671397213517 1104.000000000000000 
24.000000000000000 77.560880799524782 179.000000000000000 
25.000000000000000 94.985607088329729 173.000000000000000 
26.000000000000000 108.821668368981094 943.000000000000000 
27.000000000000000 91.478437415922428 317.000000000000000 
28.000000000000000 104.408802669897028 430.000000000000000 
29.000000000000000 88.247192437835011 224.000000000000000 
30.000000000000000 111.990701172554395 345.000000000000000 
31.000000000000000 112.180398384454548 261.000000000000000 
32.000000000000000 97.766705866139588 153.000000000000000 
33.000000000000000 85.137186392076686 90.000000000000000 
34.000000000000000 103.863634123448804 174.000000000000000 
35.000000000000000 94.243395844936813 290.000000000000000 
36.000000000000000 102.028225532653536 210.000000000000000 
37.000000000000000 102.055961126260939 273.000000000000000 
38.000000000000000 82.208819262112570 1328.000000000000000 
39.000000000000000 108.037630670101763 644.000000000000000 
40.000000000000000 101.472215987546775 356.000000000000000 
41.000000000000000 102.518234736076025 317.000000000000000 
42.000000000000000 64.659379457581935 128.000000000000000 
43.000000000000000 79.752946065998387 271.000000000000000 
44.000000000000000 76.542022248203267 1145.000000000000000 
45.000000000000000 114.275676296834376 389.000000000000000 
46.000000000000000 91.474093916305449 424.000000000000000 
47.000000000000000 87.314328864089688 203.000000000000000 
48.000000000000000 95.889451314820860 351.000000000000000 
49.000000000000000 112.533576537885324 730.000000000000000 
50.000000000000000 90.016482607519961 1112.000000000000000 
51.000000000000000 86.071392546374966 170.000000000000000 
52.000000000000000 80.586737696444743 179.000000000000000 
53.000000000000000 82.149520470611648 172.000000000000000 
54.000000000000000 83.817672541492612 1223.000000000000000 
55.000000000000000 68.387126873923393 926.000000000000000 
56.000000000000000 86.306988058935204 209.000000000000000 
57.000000000000000 93.647846970836554 472.000000000000000 
58.000000000000000 75.037310907165875 280.000000000000000 
59.000000000000000 69.513407899622038 116.000000000000000 
60.000000000000000 75.589029915247636 202.000000000000000 
61.000000000000000 61.682001969283192 109.000000000000000 
62.000000000000000 58.379269707809769 105.000000000000000 
63.000000000000000  0.000000000000000  0.000000000000000 
64.000000000000000  0.000000000000000  0.000000000000000 
65.000000000000000  0.000000000000000  0.000000000000000 
66.000000000000000  0.000000000000000  0.000000000000000 
67.000000000000000  0.000000000000000  0.000000000000000 
68.000000000000000  0.000000000000000  0.000000000000000 
69.000000000000000  0.000000000000000  0.000000000000000 
70.000000000000000  0.000000000000000  0.000000000000000 
71.000000000000000  0.000000000000000  0.000000000000000 
72.000000000000000  0.000000000000000  0.000000000000000 
73.000000000000000  0.000000000000000  0.000000000000000 
74.000000000000000  0.000000000000000  0.000000000000000 
75.000000000000000  0.000000000000000  0.000000000000000 
76.000000000000000  0.000000000000000  0.000000000000000 
77.000000000000000  0.000000000000000  0.000000000000000 
78.000000000000000  0.000000000000000  0.000000000000000 
79.000000000000000  0.000000000000000  0.000000000000000 
80.000000000000000  0.000000000000000  0.000000000000000 
81.000000000000000  0.000000000000000  0.000000000000000 
82.000000000000000  0.000000000000000  0.000000000000000 
83.000000000000000  0.000000000000000  0.000000000000000 
84.000000000000000  0.000000000000000  0.000000000000000 
85.000000000000000  0.000000000000000  0.000000000000000 
86.000000000000000  0.000000000000000  0.000000000000000 
87.000000000000000  0.000000000000000  0.000000000000000 
88.000000000000000  0.000000000000000  0.000000000000000 
89.000000000000000  0.000000000000000  0.000000000000000 
90.000000000000000  0.000000000000000  0.000000000000000 
91.000000000000000  0.000000000000000  0.000000000000000 
92.000000000000000  0.000000000000000  0.000000000000000 
93.000000000000000  0.000000000000000  0.000000000000000 
94.000000000000000  0.000000000000000  0.000000000000000 
95.000000000000000  0.000000000000000  0.000000000000000 
96.000000000000000  0.000000000000000  0.000000000000000 
97.000000000000000  0.000000000000000  0.000000000000000 
98.000000000000000  0.000000000000000  0.000000000000000 
99.000000000000000  0.000000000000000  0.000000000000000 
100.000000000000000  0.000000000000000  0.000000000000000 
101.000000000000000  0.000000000000000  0.000000000000000 
102.000000000000000  0.000000000000000  0.000000000000000 
103.000000000000000  0.000000000000000  0.000000000000000 
104.000000000000000  0.000000000000000  0.000000000000000 
105.000000000000000  0.000000000000000  0.000000000000000 
106.000000000000000  0.000000000000000  0.000000000000000 
107.000000000000000  0.000000000000000  0.000000000000000 
108.000000000000000  0.000000000000000  0.000000000000000 
109.000000000000000  0.000000000000000  0.000000000000000 
110.000000000000000  0.000000000000000  0.000000000000000 
111.000000000000000  0.000000000000000  0.000000000000000 
112.000000000000000  0.000000000000000  0.000000000000000 
113.000000000000000  0.000000000000000  0.000000000000000 
114.000000000000000  0.000000000000000  0.000000000000000 
115.000000000000000  0.000000000000000  0.000000000000000 
116.000000000000000  0.000000000000000  0.000000000000000 
117.000000000000000  0.000000000000000  0.000000000000000 
118.000000000000000  0.000000000000000  0.000000000000000 
119.000000000000000  0.000000000000000  0.000000000000000 
120.000000000000000  0.000000000000000  0.000000000000000 
121.000000000000000  0.000000000000000  0.000000000000000 
122.000000000000000  0.000000000000000  0.000000000000000 
123.000000000000000  0.000000000000000  0.000000000000000 
124.000000000000000  0.000000000000000  0.000000000000000 
125.000000000000000  0.000000000000000  0.000000000000000 
126.000000000000000  0.000000000000000  0.000000000000000 
127.000000000000000  0.000000000000000  0.000000000000000 
