 0.000000000000000 62.572170702589972 759.000000000000000 
 1.000000000000000 61.334703915089442 599.000000000000000 
 2.000000000000000 76.332538255084700 547.000000000000000 
 3.000000000000000 71.420195578236772 223.000000000000000 
 4.000000000000000 62.759845257574014 842.000000000000000 
 5.000000000000000 80.002269409073790 245.000000000000000 
 6.000000000000000 65.968956842404765 466.000000000000000 
 7.000000000000000 63.624826396825767 455.000000000000000 
 8.000000000000000 79.728172549517652 300.000000000000000 
 9.000000000000000 71.491464624318738 166.000000000000000 
10.000000000000000 80.926380910569065 529.000000000000000 
11.000000000000000 59.914666583863465 89.000000000000000 
12.000000000000000 63.701662625658713 102.000000000000000 
13.000000000000000 60.255356291055286 130.000000000000000 
14.000000000000000 58.052589345000001 86.000000000000000 
15.000000000000000 68.979186790290626 181.000000000000000 
16.000000000000000 57.940826757545125 220.000000000000000 
17.000000000000000 74.423621882869483 305.000000000000000 
18.000000000000000 74.675213294112595 500.000000000000000 
19.000000000000000 65.112934177758675 125.000000000000000 
20.000000000000000 81.944928313689843 326.000000000000000 
21.000000000000000 60.947779638090751 280.000000000000000 
22.000000000000000 78.375367772657754 135.000000000000000 
23.000000000000000 74.219422474067684 962.000000000000000 
24.000000000000000 73.356445406701226 160.000000000000000 
25.000000000000000 71.619938313518773 138.000000000000000 
26.000000000000000 77.346290327599434 774.000000000000000 
27.000000000000000 75.303324232690471 283.000000000000000 
28.000000000000000 76.876783289693080 382.000000000000000 
29.000000000000000 76.403143222079080 217.000000000000000 
30.000000000000000 78.936397846296302 265.000000000000000 
31.000000000000000 73.329860854450800 177.000000000000000 
32.000000000000000 57.170936013240812 96.000000000000000 
33.000000000000000 65.839599483507328 82.000000000000000 
34.000000000000000 64.601290608299365 158.000000000000000 
35.000000000000000 64.906075785800283 203.000000000000000 
36.000000000000000 79.534648067516798 226.000000000000000 
37.000000000000000 77.901332532652901 208.000000000000000 
38.000000000000000 62.435568116999164 1164.000000000000000 
39.000000000000000 64.984097417124147 421.000000000000000 
40.000000000000000 67.318069792794105 203.000000000000000 
41.000000000000000 65.470158610127214 202.000000000000000 
42.000000000000000 75.096987735646223 147.000000000000000 
43.000000000000000 76.685464431432536 270.000000000000000 
44.000000000000000 61.762620127293978 958.000000000000000 
45.000000000000000 65.963884785915468 380.000000000000000 
46.000000000000000 63.293238782794397 303.000000000000000 
47.000000000000000 75.254923316341163 240.000000000000000 
48.000000000000000 67.040761144130556 249.000000000000000 
49.000000000000000 72.924788562102009 596.000000000000000 
50.000000000000000 69.421955674932917 927.000000000000000 
51.000000000000000 71.553993472744978 157.000000000000000 
52.000000000000000 59.949692370533342 150.000000000000000 
53.000000000000000 66.716846421390187 163.000000000000000 
54.000000000000000 56.136233307619243 1075.000000000000000 
55.000000000000000 55.981200457042341 782.000000000000000 
56.000000000000000 62.411718738316353 173.000000000000000 
57.000000000000000 73.343392696715242 447.000000000000000 
58.000000000000000 83.203278729943477 327.000000000000000 
59.000000000000000 63.992123220959371 128.000000000000000 
60.000000000000000 67.572242950003954 242.000000000000000 
61.000000000000000 71.430898129751299 144.000000000000000 
62.000000000000000 57.396876052621202 118.000000000000000 
63.000000000000000 75.770540387871918 114.000000000000000 
64.000000000000000 67.036569244267199 490.000000000000000 
65.000000000000000 76.554088595734981 242.000000000000000 
66.000000000000000 54.652221008113159 76.000000000000000 
67.000000000000000 60.358337163384221 152.000000000000000 
68.000000000000000 62.560178100292433 305.000000000000000 
69.000000000000000 65.792937578672166 131.000000000000000 
70.000000000000000 59.268566973090273 256.000000000000000 
71.000000000000000 69.410743447912751 300.000000000000000 
72.000000000000000 62.590385239058556 951.000000000000000 
73.000000000000000 61.280967178435866 373.000000000000000 
74.000000000000000 43.984090871504563 84.000000000000000 
75.000000000000000 52.310309008366978 112.000000000000000 
76.000000000000000 45.122682656075881 58.000000000000000 
77.000000000000000 66.206845699791941 450.000000000000000 
78.000000000000000  0.000000000000000  0.000000000000000 
79.000000000000000  0.000000000000000  0.000000000000000 
80.000000000000000  0.000000000000000  0.000000000000000 
81.000000000000000  0.000000000000000  0.000000000000000 
82.000000000000000  0.000000000000000  0.000000000000000 
83.000000000000000  0.000000000000000  0.000000000000000 
84.000000000000000  0.000000000000000  0.000000000000000 
85.000000000000000  0.000000000000000  0.000000000000000 
86.000000000000000  0.000000000000000  0.000000000000000 
87.000000000000000  0.000000000000000  0.000000000000000 
88.000000000000000  0.000000000000000  0.000000000000000 
89.000000000000000  0.000000000000000  0.000000000000000 
90.000000000000000  0.000000000000000  0.000000000000000 
91.000000000000000  0.000000000000000  0.000000000000000 
92.000000000000000  0.000000000000000  0.000000000000000 
93.000000000000000  0.000000000000000  0.000000000000000 
94.000000000000000  0.000000000000000  0.000000000000000 
95.000000000000000  0.000000000000000  0.000000000000000 
96.000000000000000  0.000000000000000  0.000000000000000 
97.000000000000000  0.000000000000000  0.000000000000000 
98.000000000000000  0.000000000000000  0.000000000000000 
99.000000000000000  0.000000000000000  0.000000000000000 
100.000000000000000  0.000000000000000  0.000000000000000 
101.000000000000000  0.000000000000000  0.000000000000000 
102.000000000000000  0.000000000000000  0.000000000000000 
103.000000000000000  0.000000000000000  0.000000000000000 
104.000000000000000  0.000000000000000  0.000000000000000 
105.000000000000000  0.000000000000000  0.000000000000000 
106.000000000000000  0.000000000000000  0.000000000000000 
107.000000000000000  0.000000000000000  0.000000000000000 
108.000000000000000  0.000000000000000  0.000000000000000 
109.000000000000000  0.000000000000000  0.000000000000000 
110.000000000000000  0.000000000000000  0.000000000000000 
111.000000000000000  0.000000000000000  0.000000000000000 
112.000000000000000  0.000000000000000  0.000000000000000 
113.000000000000000  0.000000000000000  0.000000000000000 
114.000000000000000  0.000000000000000  0.000000000000000 
115.000000000000000  0.000000000000000  0.000000000000000 
116.000000000000000  0.000000000000000  0.000000000000000 
117.000000000000000  0.000000000000000  0.000000000000000 
118.000000000000000  0.000000000000000  0.000000000000000 
119.000000000000000  0.000000000000000  0.000000000000000 
120.000000000000000  0.000000000000000  0.000000000000000 
121.000000000000000  0.000000000000000  0.000000000000000 
122.000000000000000  0.000000000000000  0.000000000000000 
123.000000000000000  0.000000000000000  0.000000000000000 
124.000000000000000  0.000000000000000  0.000000000000000 
125.000000000000000  0.000000000000000  0.000000000000000 
126.000000000000000  0.000000000000000  0.000000000000000 
127.000000000000000  0.000000000000000  0.000000000000000 
