 0.000000000000000 58.890874557911438 772.000000000000000 
 1.000000000000000 60.683365996632205 591.000000000000000 
 2.000000000000000 67.407054352953097 508.000000000000000 
 3.000000000000000 69.691892833793602 218.000000000000000 
 4.000000000000000 61.746748600953900 832.000000000000000 
 5.000000000000000 77.836801152531478 240.000000000000000 
 6.000000000000000 67.285810821632325 477.000000000000000 
 7.000000000000000 59.111095328666956 434.000000000000000 
 8.000000000000000 76.969019092288264 288.000000000000000 
 9.000000000000000 67.948134415359064 158.000000000000000 
10.000000000000000 64.583159670627083 540.000000000000000 
11.000000000000000 60.471526826832935 90.000000000000000 
12.000000000000000 62.616152210790595 101.000000000000000 
13.000000000000000 60.723464489809579 131.000000000000000 
14.000000000000000 58.052589344999994 86.000000000000000 
15.000000000000000 68.979186790290598 181.000000000000000 
16.000000000000000 57.840270561968545 223.000000000000000 
17.000000000000000 68.078249353300961 293.000000000000000 
18.000000000000000 64.879207458692662 444.000000000000000 
19.000000000000000 67.609022050985871 130.000000000000000 
20.000000000000000 61.873721582350349 259.000000000000000 
21.000000000000000 55.581037787213091 245.000000000000000 
22.000000000000000 78.375367772657768 135.000000000000000 
23.000000000000000 70.257088796903673 946.000000000000000 
24.000000000000000 73.356445406701212 160.000000000000000 
25.000000000000000 75.284941777863082 138.000000000000000 
26.000000000000000 74.561711303392158 762.000000000000000 
27.000000000000000 75.306388540982937 282.000000000000000 
28.000000000000000 77.808343246995989 386.000000000000000 
29.000000000000000 75.659926385169854 215.000000000000000 
30.000000000000000 80.104518370926158 268.000000000000000 
31.000000000000000 73.329860854450800 177.000000000000000 
32.000000000000000 57.170936013240841 96.000000000000000 
33.000000000000000 65.839599483507328 82.000000000000000 
34.000000000000000 64.601290608299394 158.000000000000000 
35.000000000000000 62.871007015491088 199.000000000000000 
36.000000000000000 78.979550424137727 224.000000000000000 
37.000000000000000 85.104925763601315 236.000000000000000 
38.000000000000000 61.178150476338800 1149.000000000000000 
39.000000000000000 62.366768086572726 412.000000000000000 
40.000000000000000 66.746996150565352 202.000000000000000 
41.000000000000000 66.603113783793603 204.000000000000000 
42.000000000000000 75.096987735646294 147.000000000000000 
43.000000000000000 72.408395338806613 258.000000000000000 
44.000000000000000 60.187832621841700 948.000000000000000 
45.000000000000000 62.987684688887491 365.000000000000000 
46.000000000000000 71.182980600075723 367.000000000000000 
47.000000000000000 71.671410285188458 227.000000000000000 
48.000000000000000 65.451453741108480 237.000000000000000 
49.000000000000000 73.284657414617769 595.000000000000000 
50.000000000000000 68.994533210417785 923.000000000000000 
51.000000000000000 72.660662130982416 161.000000000000000 
52.000000000000000 59.949692370533327 150.000000000000000 
53.000000000000000 67.393404420035367 164.000000000000000 
54.000000000000000 52.890423642461720 1043.000000000000000 
55.000000000000000 55.795139017372783 782.000000000000000 
56.000000000000000 62.056515805219448 164.000000000000000 
57.000000000000000 68.036427231673926 415.000000000000000 
58.000000000000000 80.633067719688484 317.000000000000000 
59.000000000000000 62.303295443115196 125.000000000000000 
60.000000000000000 68.658538003216023 245.000000000000000 
61.000000000000000 71.016174664785453 144.000000000000000 
62.000000000000000 58.912934065982498 120.000000000000000 
63.000000000000000 76.213215902797359 114.000000000000000 
64.000000000000000 67.248450574531134 491.000000000000000 
65.000000000000000 76.483436225548957 241.000000000000000 
66.000000000000000 54.652221008113166 76.000000000000000 
67.000000000000000 62.713936852257390 162.000000000000000 
68.000000000000000 66.524978781145023 323.000000000000000 
69.000000000000000 65.792937578672181 131.000000000000000 
70.000000000000000 56.663153473281042 259.000000000000000 
71.000000000000000 65.259204311843746 333.000000000000000 
72.000000000000000 62.071642983959052 942.000000000000000 
73.000000000000000 61.122464349007444 368.000000000000000 
74.000000000000000 43.984090871504584 84.000000000000000 
75.000000000000000 52.310309008366971 112.000000000000000 
76.000000000000000 45.122682656075845 58.000000000000000 
77.000000000000000 67.713587959237103 418.000000000000000 
78.000000000000000 61.266402953432625 320.000000000000000 
79.000000000000000  0.000000000000000  0.000000000000000 
80.000000000000000  0.000000000000000  0.000000000000000 
81.000000000000000  0.000000000000000  0.000000000000000 
82.000000000000000  0.000000000000000  0.000000000000000 
83.000000000000000  0.000000000000000  0.000000000000000 
84.000000000000000  0.000000000000000  0.000000000000000 
85.000000000000000  0.000000000000000  0.000000000000000 
86.000000000000000  0.000000000000000  0.000000000000000 
87.000000000000000  0.000000000000000  0.000000000000000 
88.000000000000000  0.000000000000000  0.000000000000000 
89.000000000000000  0.000000000000000  0.000000000000000 
90.000000000000000  0.000000000000000  0.000000000000000 
91.000000000000000  0.000000000000000  0.000000000000000 
92.000000000000000  0.000000000000000  0.000000000000000 
93.000000000000000  0.000000000000000  0.000000000000000 
94.000000000000000  0.000000000000000  0.000000000000000 
95.000000000000000  0.000000000000000  0.000000000000000 
96.000000000000000  0.000000000000000  0.000000000000000 
97.000000000000000  0.000000000000000  0.000000000000000 
98.000000000000000  0.000000000000000  0.000000000000000 
99.000000000000000  0.000000000000000  0.000000000000000 
100.000000000000000  0.000000000000000  0.000000000000000 
101.000000000000000  0.000000000000000  0.000000000000000 
102.000000000000000  0.000000000000000  0.000000000000000 
103.000000000000000  0.000000000000000  0.000000000000000 
104.000000000000000  0.000000000000000  0.000000000000000 
105.000000000000000  0.000000000000000  0.000000000000000 
106.000000000000000  0.000000000000000  0.000000000000000 
107.000000000000000  0.000000000000000  0.000000000000000 
108.000000000000000  0.000000000000000  0.000000000000000 
109.000000000000000  0.000000000000000  0.000000000000000 
110.000000000000000  0.000000000000000  0.000000000000000 
111.000000000000000  0.000000000000000  0.000000000000000 
112.000000000000000  0.000000000000000  0.000000000000000 
113.000000000000000  0.000000000000000  0.000000000000000 
114.000000000000000  0.000000000000000  0.000000000000000 
115.000000000000000  0.000000000000000  0.000000000000000 
116.000000000000000  0.000000000000000  0.000000000000000 
117.000000000000000  0.000000000000000  0.000000000000000 
118.000000000000000  0.000000000000000  0.000000000000000 
119.000000000000000  0.000000000000000  0.000000000000000 
120.000000000000000  0.000000000000000  0.000000000000000 
121.000000000000000  0.000000000000000  0.000000000000000 
122.000000000000000  0.000000000000000  0.000000000000000 
123.000000000000000  0.000000000000000  0.000000000000000 
124.000000000000000  0.000000000000000  0.000000000000000 
125.000000000000000  0.000000000000000  0.000000000000000 
126.000000000000000  0.000000000000000  0.000000000000000 
127.000000000000000  0.000000000000000  0.000000000000000 
