 0.000000000000000 99.526464705133250 947.000000000000000 
 1.000000000000000 81.079430576137625 729.000000000000000 
 2.000000000000000 117.748469902237360 637.000000000000000 
 3.000000000000000 108.776621923458066 200.000000000000000 
 4.000000000000000 89.978223916346465 702.000000000000000 
 5.000000000000000 94.897117634854624 237.000000000000000 
 6.000000000000000 91.892595900543526 554.000000000000000 
 7.000000000000000 95.432082978912192 864.000000000000000 
 8.000000000000000 108.128865735952616 356.000000000000000 
 9.000000000000000 83.175470183064007 182.000000000000000 
10.000000000000000 110.665984114348333 662.000000000000000 
11.000000000000000 87.993075403369517 118.000000000000000 
12.000000000000000 111.844308811243280 166.000000000000000 
13.000000000000000 91.526581429152756 197.000000000000000 
14.000000000000000 97.694291671333303 150.000000000000000 
15.000000000000000 85.880445747079918 163.000000000000000 
16.000000000000000 108.683854971494696 420.000000000000000 
17.000000000000000 86.247058830083390 325.000000000000000 
18.000000000000000 97.844599445780446 461.000000000000000 
19.000000000000000 114.030526853966222 179.000000000000000 
20.000000000000000 89.942367348450077 364.000000000000000 
21.000000000000000 110.855695845819270 445.000000000000000 
22.000000000000000 104.248298411462784 164.000000000000000 
23.000000000000000 77.487024195670259 1101.000000000000000 
24.000000000000000 78.380369813567640 179.000000000000000 
25.000000000000000 95.179625393642752 173.000000000000000 
26.000000000000000 104.306070999937290 919.000000000000000 
27.000000000000000 90.395315392710742 315.000000000000000 
28.000000000000000 102.715789197014971 425.000000000000000 
29.000000000000000 91.743299081448356 232.000000000000000 
30.000000000000000 111.867900381837615 347.000000000000000 
31.000000000000000 112.180398384454548 261.000000000000000 
32.000000000000000 98.024063671289312 153.000000000000000 
33.000000000000000 75.509178887719017 81.000000000000000 
34.000000000000000 106.245366244646377 177.000000000000000 
35.000000000000000 86.424431322213877 268.000000000000000 
36.000000000000000 106.757271787339576 233.000000000000000 
37.000000000000000 99.431683233290414 266.000000000000000 
38.000000000000000 83.041440380412453 1335.000000000000000 
39.000000000000000 108.315297484049893 644.000000000000000 
40.000000000000000 101.046818311862452 348.000000000000000 
41.000000000000000 99.721831267258864 312.000000000000000 
42.000000000000000 71.178171076182522 134.000000000000000 
43.000000000000000 83.303007158353054 283.000000000000000 
44.000000000000000 76.598645044178497 1146.000000000000000 
45.000000000000000 116.843844991502010 397.000000000000000 
46.000000000000000 91.056105027564328 424.000000000000000 
47.000000000000000 91.190613514233320 212.000000000000000 
48.000000000000000 98.199478026971178 356.000000000000000 
49.000000000000000 111.230222298061165 728.000000000000000 
50.000000000000000 90.016482607519961 1112.000000000000000 
51.000000000000000 84.737690684607031 167.000000000000000 
52.000000000000000 80.492714006192770 180.000000000000000 
53.000000000000000 81.711010857978266 172.000000000000000 
54.000000000000000 83.973626672935069 1225.000000000000000 
55.000000000000000 68.387126873923393 926.000000000000000 
56.000000000000000 89.997878592412206 213.000000000000000 
57.000000000000000 91.501850272732241 482.000000000000000 
58.000000000000000 78.167888492445627 290.000000000000000 
59.000000000000000 71.932397960515829 120.000000000000000 
60.000000000000000 73.453103667945385 214.000000000000000 
61.000000000000000 65.057446822888025 119.000000000000000 
62.000000000000000 58.799716688655792 110.000000000000000 
63.000000000000000  0.000000000000000  0.000000000000000 
64.000000000000000  0.000000000000000  0.000000000000000 
65.000000000000000  0.000000000000000  0.000000000000000 
66.000000000000000  0.000000000000000  0.000000000000000 
67.000000000000000  0.000000000000000  0.000000000000000 
68.000000000000000  0.000000000000000  0.000000000000000 
69.000000000000000  0.000000000000000  0.000000000000000 
70.000000000000000  0.000000000000000  0.000000000000000 
71.000000000000000  0.000000000000000  0.000000000000000 
72.000000000000000  0.000000000000000  0.000000000000000 
73.000000000000000  0.000000000000000  0.000000000000000 
74.000000000000000  0.000000000000000  0.000000000000000 
75.000000000000000  0.000000000000000  0.000000000000000 
76.000000000000000  0.000000000000000  0.000000000000000 
77.000000000000000  0.000000000000000  0.000000000000000 
78.000000000000000  0.000000000000000  0.000000000000000 
79.000000000000000  0.000000000000000  0.000000000000000 
80.000000000000000  0.000000000000000  0.000000000000000 
81.000000000000000  0.000000000000000  0.000000000000000 
82.000000000000000  0.000000000000000  0.000000000000000 
83.000000000000000  0.000000000000000  0.000000000000000 
84.000000000000000  0.000000000000000  0.000000000000000 
85.000000000000000  0.000000000000000  0.000000000000000 
86.000000000000000  0.000000000000000  0.000000000000000 
87.000000000000000  0.000000000000000  0.000000000000000 
88.000000000000000  0.000000000000000  0.000000000000000 
89.000000000000000  0.000000000000000  0.000000000000000 
90.000000000000000  0.000000000000000  0.000000000000000 
91.000000000000000  0.000000000000000  0.000000000000000 
92.000000000000000  0.000000000000000  0.000000000000000 
93.000000000000000  0.000000000000000  0.000000000000000 
94.000000000000000  0.000000000000000  0.000000000000000 
95.000000000000000  0.000000000000000  0.000000000000000 
96.000000000000000  0.000000000000000  0.000000000000000 
97.000000000000000  0.000000000000000  0.000000000000000 
98.000000000000000  0.000000000000000  0.000000000000000 
99.000000000000000  0.000000000000000  0.000000000000000 
100.000000000000000  0.000000000000000  0.000000000000000 
101.000000000000000  0.000000000000000  0.000000000000000 
102.000000000000000  0.000000000000000  0.000000000000000 
103.000000000000000  0.000000000000000  0.000000000000000 
104.000000000000000  0.000000000000000  0.000000000000000 
105.000000000000000  0.000000000000000  0.000000000000000 
106.000000000000000  0.000000000000000  0.000000000000000 
107.000000000000000  0.000000000000000  0.000000000000000 
108.000000000000000  0.000000000000000  0.000000000000000 
109.000000000000000  0.000000000000000  0.000000000000000 
110.000000000000000  0.000000000000000  0.000000000000000 
111.000000000000000  0.000000000000000  0.000000000000000 
112.000000000000000  0.000000000000000  0.000000000000000 
113.000000000000000  0.000000000000000  0.000000000000000 
114.000000000000000  0.000000000000000  0.000000000000000 
115.000000000000000  0.000000000000000  0.000000000000000 
116.000000000000000  0.000000000000000  0.000000000000000 
117.000000000000000  0.000000000000000  0.000000000000000 
118.000000000000000  0.000000000000000  0.000000000000000 
119.000000000000000  0.000000000000000  0.000000000000000 
120.000000000000000  0.000000000000000  0.000000000000000 
121.000000000000000  0.000000000000000  0.000000000000000 
122.000000000000000  0.000000000000000  0.000000000000000 
123.000000000000000  0.000000000000000  0.000000000000000 
124.000000000000000  0.000000000000000  0.000000000000000 
125.000000000000000  0.000000000000000  0.000000000000000 
126.000000000000000  0.000000000000000  0.000000000000000 
127.000000000000000  0.000000000000000  0.000000000000000 
