 0.000000000000000 44.980271302392538 653.000000000000000 
 1.000000000000000 37.742328408622463 371.000000000000000 
 2.000000000000000 54.809186159869000 447.000000000000000 
 3.000000000000000 50.559759838087743 204.000000000000000 
 4.000000000000000 52.272672053497097 787.000000000000000 
 5.000000000000000 58.455767675567280 193.000000000000000 
 6.000000000000000 49.029660619690169 368.000000000000000 
 7.000000000000000 46.893418322167257 332.000000000000000 
 8.000000000000000 47.392415833296212 249.000000000000000 
 9.000000000000000 51.748131861783079 127.000000000000000 
10.000000000000000 61.811033550521124 524.000000000000000 
11.000000000000000 39.341930786448501 66.000000000000000 
12.000000000000000 49.209148785165119 90.000000000000000 
13.000000000000000 46.225716554979876 107.000000000000000 
14.000000000000000 52.991962961481448 81.000000000000000 
15.000000000000000 47.570722257563361 131.000000000000000 
16.000000000000000 37.946768732584303 183.000000000000000 
17.000000000000000 50.387080508625075 231.000000000000000 
18.000000000000000 54.500974305197282 431.000000000000000 
19.000000000000000 56.720084291665025 123.000000000000000 
20.000000000000000 57.948264381961060 251.000000000000000 
21.000000000000000 46.076764924463220 208.000000000000000 
22.000000000000000 57.273624162303165 95.000000000000000 
23.000000000000000 46.170378551453709 730.000000000000000 
24.000000000000000 62.460538334479310 140.000000000000000 
25.000000000000000 53.275432608104069 122.000000000000000 
26.000000000000000 69.052624791388084 706.000000000000000 
27.000000000000000 54.979834168930488 239.000000000000000 
28.000000000000000 63.566660499057903 336.000000000000000 
29.000000000000000 67.374853940198790 198.000000000000000 
30.000000000000000 51.039394626296016 154.000000000000000 
31.000000000000000 66.176586069379255 164.000000000000000 
32.000000000000000 48.461286343715081 83.000000000000000 
33.000000000000000 60.776395205801364 74.000000000000000 
34.000000000000000 48.209534026765866 126.000000000000000 
35.000000000000000 48.967679861109147 162.000000000000000 
36.000000000000000 50.695934398762546 153.000000000000000 
37.000000000000000 46.820235499127115 109.000000000000000 
38.000000000000000 46.931625641429747 960.000000000000000 
39.000000000000000 51.725987215880380 374.000000000000000 
40.000000000000000 40.038345661083348 126.000000000000000 
41.000000000000000 53.666888213846356 220.000000000000000 
42.000000000000000 59.943058845354322 127.000000000000000 
43.000000000000000 52.079482792508315 192.000000000000000 
44.000000000000000 53.399160778244735 704.000000000000000 
45.000000000000000 50.514081354221283 306.000000000000000 
46.000000000000000 45.927786606153340 227.000000000000000 
47.000000000000000 60.118873115156205 206.000000000000000 
48.000000000000000 46.440341227807828 160.000000000000000 
49.000000000000000 57.155366551895476 509.000000000000000 
50.000000000000000 53.103956569736091 737.000000000000000 
51.000000000000000 48.256481626448533 136.000000000000000 
52.000000000000000 48.489022751135877 131.000000000000000 
53.000000000000000 49.629544768215020 160.000000000000000 
54.000000000000000 37.264330601886719 840.000000000000000 
55.000000000000000 34.090374940376755 570.000000000000000 
56.000000000000000 59.076321975611663 159.000000000000000 
57.000000000000000 49.525070548388335 271.000000000000000 
58.000000000000000 65.222837207621339 256.000000000000000 
59.000000000000000 53.361164417666693 114.000000000000000 
60.000000000000000 42.202108750445674 184.000000000000000 
61.000000000000000 64.489549525551396 135.000000000000000 
62.000000000000000 53.968468544910742 112.000000000000000 
63.000000000000000 59.163797209090305 93.000000000000000 
64.000000000000000 47.667192588820626 443.000000000000000 
65.000000000000000 43.686826540873824 170.000000000000000 
66.000000000000000 44.684824143157570 66.000000000000000 
67.000000000000000 54.348000982124681 146.000000000000000 
68.000000000000000 39.753018542461092 207.000000000000000 
69.000000000000000 51.615123921416043 165.000000000000000 
70.000000000000000 49.397782405064696 276.000000000000000 
71.000000000000000 56.061509000694819 294.000000000000000 
72.000000000000000 51.787906438639631 857.000000000000000 
73.000000000000000 44.592049735131368 311.000000000000000 
74.000000000000000 38.203854269904902 90.000000000000000 
75.000000000000000 44.115372680302954 102.000000000000000 
76.000000000000000 30.458895439342861 42.000000000000000 
77.000000000000000 47.943792239284718 508.000000000000000 
78.000000000000000 44.948667900062659 246.000000000000000 
79.000000000000000 43.399642791908903 232.000000000000000 
80.000000000000000 43.310823672252809 297.000000000000000 
81.000000000000000 55.269337884655982 134.000000000000000 
82.000000000000000 41.232322605542286 333.000000000000000 
83.000000000000000 49.045276357775158 100.000000000000000 
84.000000000000000 41.765356377742840 77.000000000000000 
85.000000000000000 35.473171522472938 113.000000000000000 
86.000000000000000 46.484092914670079 97.000000000000000 
87.000000000000000 37.619619197405498 90.000000000000000 
88.000000000000000 43.991279067690854 219.000000000000000 
89.000000000000000 36.556225238784464 107.000000000000000 
90.000000000000000 50.295132940879547 891.000000000000000 
91.000000000000000 46.284816362081997 722.000000000000000 
92.000000000000000 45.296197664332496 174.000000000000000 
93.000000000000000 41.916521410188807 251.000000000000000 
94.000000000000000 42.366394030193625 204.000000000000000 
95.000000000000000 35.232067241121229 280.000000000000000 
96.000000000000000  0.000000000000000  0.000000000000000 
97.000000000000000  0.000000000000000  0.000000000000000 
98.000000000000000  0.000000000000000  0.000000000000000 
99.000000000000000  0.000000000000000  0.000000000000000 
100.000000000000000  0.000000000000000  0.000000000000000 
101.000000000000000  0.000000000000000  0.000000000000000 
102.000000000000000  0.000000000000000  0.000000000000000 
103.000000000000000  0.000000000000000  0.000000000000000 
104.000000000000000  0.000000000000000  0.000000000000000 
105.000000000000000  0.000000000000000  0.000000000000000 
106.000000000000000  0.000000000000000  0.000000000000000 
107.000000000000000  0.000000000000000  0.000000000000000 
108.000000000000000  0.000000000000000  0.000000000000000 
109.000000000000000  0.000000000000000  0.000000000000000 
110.000000000000000  0.000000000000000  0.000000000000000 
111.000000000000000  0.000000000000000  0.000000000000000 
112.000000000000000  0.000000000000000  0.000000000000000 
113.000000000000000  0.000000000000000  0.000000000000000 
114.000000000000000  0.000000000000000  0.000000000000000 
115.000000000000000  0.000000000000000  0.000000000000000 
116.000000000000000  0.000000000000000  0.000000000000000 
117.000000000000000  0.000000000000000  0.000000000000000 
118.000000000000000  0.000000000000000  0.000000000000000 
119.000000000000000  0.000000000000000  0.000000000000000 
120.000000000000000  0.000000000000000  0.000000000000000 
121.000000000000000  0.000000000000000  0.000000000000000 
122.000000000000000  0.000000000000000  0.000000000000000 
123.000000000000000  0.000000000000000  0.000000000000000 
124.000000000000000  0.000000000000000  0.000000000000000 
125.000000000000000  0.000000000000000  0.000000000000000 
126.000000000000000  0.000000000000000  0.000000000000000 
127.000000000000000  0.000000000000000  0.000000000000000 
