 0.000000000000000 40.770185227445808 565.000000000000000 
 1.000000000000000 37.147573408880397 340.000000000000000 
 2.000000000000000 38.111068371915735 337.000000000000000 
 3.000000000000000 37.990215125297617 168.000000000000000 
 4.000000000000000 33.580945672937915 659.000000000000000 
 5.000000000000000 37.987628301955070 146.000000000000000 
 6.000000000000000 41.467785158997216 424.000000000000000 
 7.000000000000000 35.141088825894265 267.000000000000000 
 8.000000000000000 47.081993150805033 258.000000000000000 
 9.000000000000000 39.250680486574645 106.000000000000000 
10.000000000000000 38.679672018588583 323.000000000000000 
11.000000000000000 27.568260481764586 48.000000000000000 
12.000000000000000 30.667665151763941 76.000000000000000 
13.000000000000000 35.249429066926723 81.000000000000000 
14.000000000000000 43.981502646388883 72.000000000000000 
15.000000000000000 37.050372515005705 105.000000000000000 
16.000000000000000 38.275256551193188 176.000000000000000 
17.000000000000000 37.301303057502146 188.000000000000000 
18.000000000000000 39.492595865636687 356.000000000000000 
19.000000000000000 36.952754159180977 63.000000000000000 
20.000000000000000 40.648844383698993 202.000000000000000 
21.000000000000000 34.221521185994945 159.000000000000000 
22.000000000000000 39.070937397780767 78.000000000000000 
23.000000000000000 41.545959281593845 677.000000000000000 
24.000000000000000 38.402945880594480 109.000000000000000 
25.000000000000000 40.297547445810181 98.000000000000000 
26.000000000000000 38.581924820245654 563.000000000000000 
27.000000000000000 32.390282647980357 163.000000000000000 
28.000000000000000 45.166418567373547 243.000000000000000 
29.000000000000000 30.241026341711311 107.000000000000000 
30.000000000000000 33.698105080795379 116.000000000000000 
31.000000000000000 31.745492057555236 85.000000000000000 
32.000000000000000 28.535534493531493 57.000000000000000 
33.000000000000000 26.163764840250000 40.000000000000000 
34.000000000000000 40.812347413388437 121.000000000000000 
35.000000000000000 33.090399968445276 111.000000000000000 
36.000000000000000 29.802026076846804 87.000000000000000 
37.000000000000000 32.831142335987323 71.000000000000000 
38.000000000000000 28.514567148233237 714.000000000000000 
39.000000000000000 33.330204178321324 413.000000000000000 
40.000000000000000 30.846940440755496 119.000000000000000 
41.000000000000000 36.665415182432383 256.000000000000000 
42.000000000000000 40.005533805301212 83.000000000000000 
43.000000000000000 45.200153394813277 170.000000000000000 
44.000000000000000 25.334860792530439 581.000000000000000 
45.000000000000000 34.165248573270837 220.000000000000000 
46.000000000000000 31.715512478939356 155.000000000000000 
47.000000000000000 47.242724046465945 171.000000000000000 
48.000000000000000 36.492482769268996 115.000000000000000 
49.000000000000000 38.979664068824754 379.000000000000000 
50.000000000000000 33.771654110324505 498.000000000000000 
51.000000000000000 42.856312223823771 143.000000000000000 
52.000000000000000 41.227183362621425 112.000000000000000 
53.000000000000000 30.649023302363648 110.000000000000000 
54.000000000000000 31.593532375133705 790.000000000000000 
55.000000000000000 25.565244730573269 502.000000000000000 
56.000000000000000 43.680294498640649 110.000000000000000 
57.000000000000000 42.546844217353460 245.000000000000000 
58.000000000000000 31.837304491542010 155.000000000000000 
59.000000000000000 45.402569072590900 88.000000000000000 
60.000000000000000 30.705425637874995 148.000000000000000 
61.000000000000000 37.541034304469783 82.000000000000000 
62.000000000000000 31.155695162058826 68.000000000000000 
63.000000000000000 37.466348012757358 68.000000000000000 
64.000000000000000 36.377538678933917 437.000000000000000 
65.000000000000000 31.517871921407771 134.000000000000000 
66.000000000000000 34.527549401922208 54.000000000000000 
67.000000000000000 37.462838492647677 86.000000000000000 
68.000000000000000 33.069520002381388 172.000000000000000 
69.000000000000000 44.717827756062213 167.000000000000000 
70.000000000000000 43.642181383163752 272.000000000000000 
71.000000000000000 44.916783532556238 249.000000000000000 
72.000000000000000 30.004896038098284 426.000000000000000 
73.000000000000000 39.156143042455639 250.000000000000000 
74.000000000000000 35.356919906303844 87.000000000000000 
75.000000000000000 37.795495454123724 97.000000000000000 
76.000000000000000 27.233766013600004 38.000000000000000 
77.000000000000000 38.204666029177531 263.000000000000000 
78.000000000000000 34.639901507787144 206.000000000000000 
79.000000000000000 37.730373922009427 192.000000000000000 
80.000000000000000 39.652795182887708 291.000000000000000 
81.000000000000000 26.622430774418554 97.000000000000000 
82.000000000000000 35.743410502254946 295.000000000000000 
83.000000000000000 43.316422654835641 96.000000000000000 
84.000000000000000 39.923617377151317 76.000000000000000 
85.000000000000000 35.317268758488893 110.000000000000000 
86.000000000000000 33.070785948024707 67.000000000000000 
87.000000000000000 32.883798056555655 79.000000000000000 
88.000000000000000 33.996366164918037 183.000000000000000 
89.000000000000000 30.900444710362112 93.000000000000000 
90.000000000000000 37.679651772018801 730.000000000000000 
91.000000000000000 32.953291167921336 547.000000000000000 
92.000000000000000 32.557286644303630 147.000000000000000 
93.000000000000000 36.352993650066274 219.000000000000000 
94.000000000000000 36.201288299836058 244.000000000000000 
95.000000000000000 39.148089851644180 312.000000000000000 
96.000000000000000 41.863413769884744 452.000000000000000 
97.000000000000000 26.261150396705418 36.000000000000000 
98.000000000000000 32.733788288891972 162.000000000000000 
99.000000000000000 35.558819572916512 266.000000000000000 
100.000000000000000 32.964051563995831 96.000000000000000 
101.000000000000000 34.970987130908291 199.000000000000000 
102.000000000000000 33.402875764744181 215.000000000000000 
103.000000000000000 32.243045132942356 111.000000000000000 
104.000000000000000 36.771209142216044 137.000000000000000 
105.000000000000000 36.661684028943604 407.000000000000000 
106.000000000000000 27.323090381849116 112.000000000000000 
107.000000000000000 34.842556655608405 143.000000000000000 
108.000000000000000 26.713897528972922 48.000000000000000 
109.000000000000000 33.254806153526857 157.000000000000000 
110.000000000000000 39.483814615414474 770.000000000000000 
111.000000000000000 39.233439350010308 395.000000000000000 
112.000000000000000 28.407071506511734 104.000000000000000 
113.000000000000000 31.567432751015652 135.000000000000000 
114.000000000000000 29.881609580022221 63.000000000000000 
115.000000000000000 31.247447727314821 108.000000000000000 
116.000000000000000 23.664145035391680 62.000000000000000 
117.000000000000000 25.195740233666179 168.000000000000000 
118.000000000000000 29.333605552671241 508.000000000000000 
119.000000000000000 24.669070065475122 91.000000000000000 
120.000000000000000  0.000000000000000  0.000000000000000 
121.000000000000000  0.000000000000000  0.000000000000000 
122.000000000000000  0.000000000000000  0.000000000000000 
123.000000000000000  0.000000000000000  0.000000000000000 
124.000000000000000  0.000000000000000  0.000000000000000 
125.000000000000000  0.000000000000000  0.000000000000000 
126.000000000000000  0.000000000000000  0.000000000000000 
127.000000000000000  0.000000000000000  0.000000000000000 
