 0.000000000000000 48.229590170093900 662.000000000000000 
 1.000000000000000 50.014065315550042 444.000000000000000 
 2.000000000000000 59.485138494414436 469.000000000000000 
 3.000000000000000 50.895089188210903 206.000000000000000 
 4.000000000000000 45.935105955731395 736.000000000000000 
 5.000000000000000 58.643925199275984 193.000000000000000 
 6.000000000000000 54.120281373492901 472.000000000000000 
 7.000000000000000 47.598540648149346 345.000000000000000 
 8.000000000000000 54.575235598515604 288.000000000000000 
 9.000000000000000 54.625475233907565 130.000000000000000 
10.000000000000000 64.588292824466379 536.000000000000000 
11.000000000000000 39.341930786448465 66.000000000000000 
12.000000000000000 49.209148785165112 90.000000000000000 
13.000000000000000 46.708807433194011 108.000000000000000 
14.000000000000000 52.991962961481477 81.000000000000000 
15.000000000000000 47.570722257563375 131.000000000000000 
16.000000000000000 41.372735994550951 200.000000000000000 
17.000000000000000 47.978724263574833 222.000000000000000 
18.000000000000000 59.915005463952518 443.000000000000000 
19.000000000000000 58.805907379387236 125.000000000000000 
20.000000000000000 59.476711350344800 256.000000000000000 
21.000000000000000 46.559918905805425 207.000000000000000 
22.000000000000000 57.273624162303143 95.000000000000000 
23.000000000000000 54.641936553331576 806.000000000000000 
24.000000000000000 62.460538334479303 140.000000000000000 
25.000000000000000 54.002811132263176 124.000000000000000 
26.000000000000000 64.133791321567884 689.000000000000000 
27.000000000000000 54.979834168930502 239.000000000000000 
28.000000000000000 62.710215770609949 329.000000000000000 
29.000000000000000 67.714696026189614 199.000000000000000 
30.000000000000000 53.289832090395336 160.000000000000000 
31.000000000000000 66.176586069379269 164.000000000000000 
32.000000000000000 48.461286343715095 83.000000000000000 
33.000000000000000 60.776395205801379 74.000000000000000 
34.000000000000000 48.581825454483486 127.000000000000000 
35.000000000000000 49.199818214119325 163.000000000000000 
36.000000000000000 58.035299188124966 175.000000000000000 
37.000000000000000 46.177138173058765 108.000000000000000 
38.000000000000000 46.019802410579615 961.000000000000000 
39.000000000000000 57.406019267195283 376.000000000000000 
40.000000000000000 40.395313641293740 128.000000000000000 
41.000000000000000 58.187680230089860 234.000000000000000 
42.000000000000000 59.943058845354329 127.000000000000000 
43.000000000000000 56.465349078981987 197.000000000000000 
44.000000000000000 54.210822131719333 719.000000000000000 
45.000000000000000 51.229296471109194 309.000000000000000 
46.000000000000000 49.910134201182430 222.000000000000000 
47.000000000000000 62.216463643488467 213.000000000000000 
48.000000000000000 40.690043215609336 165.000000000000000 
49.000000000000000 56.867412665099287 556.000000000000000 
50.000000000000000 52.988418224468681 736.000000000000000 
51.000000000000000 53.350858263081420 140.000000000000000 
52.000000000000000 48.489022751135899 131.000000000000000 
53.000000000000000 49.629544768215013 160.000000000000000 
54.000000000000000 37.400987800656729 839.000000000000000 
55.000000000000000 34.727716356571243 561.000000000000000 
56.000000000000000 60.663864153569158 159.000000000000000 
57.000000000000000 53.345225759001337 297.000000000000000 
58.000000000000000 64.137388856170716 254.000000000000000 
59.000000000000000 53.361164417666657 114.000000000000000 
60.000000000000000 42.780365552604849 186.000000000000000 
61.000000000000000 64.489549525551354 135.000000000000000 
62.000000000000000 53.968468544910728 112.000000000000000 
63.000000000000000 60.753969194227061 96.000000000000000 
64.000000000000000 49.498730792399940 443.000000000000000 
65.000000000000000 43.641925999458579 170.000000000000000 
66.000000000000000 44.684824143157577 66.000000000000000 
67.000000000000000 55.917866172605997 150.000000000000000 
68.000000000000000 44.592889380427010 224.000000000000000 
69.000000000000000 54.297148992577704 172.000000000000000 
70.000000000000000 48.752692214325059 269.000000000000000 
71.000000000000000 54.939794109032754 292.000000000000000 
72.000000000000000 51.438888082888688 857.000000000000000 
73.000000000000000 51.157355000758336 374.000000000000000 
74.000000000000000 38.203854269904888 90.000000000000000 
75.000000000000000 44.115372680302919 102.000000000000000 
76.000000000000000 30.458895439342850 42.000000000000000 
77.000000000000000 55.075401261955548 393.000000000000000 
78.000000000000000 47.012228041697526 256.000000000000000 
79.000000000000000 46.294710179270652 242.000000000000000 
80.000000000000000 45.840641847073336 313.000000000000000 
81.000000000000000 55.269337884655975 134.000000000000000 
82.000000000000000 41.393960103460941 337.000000000000000 
83.000000000000000 49.045276357775158 100.000000000000000 
84.000000000000000 41.765356377742862 77.000000000000000 
85.000000000000000 37.088125706007496 115.000000000000000 
86.000000000000000 46.484092914670114 97.000000000000000 
87.000000000000000 40.815461486407017 95.000000000000000 
88.000000000000000 48.668327750938474 225.000000000000000 
89.000000000000000 36.949141252831886 108.000000000000000 
90.000000000000000 50.073873669819633 887.000000000000000 
91.000000000000000 46.075252749461711 718.000000000000000 
92.000000000000000 45.169145844087069 172.000000000000000 
93.000000000000000 45.534757474156144 269.000000000000000 
94.000000000000000  0.000000000000000  0.000000000000000 
95.000000000000000  0.000000000000000  0.000000000000000 
96.000000000000000  0.000000000000000  0.000000000000000 
97.000000000000000  0.000000000000000  0.000000000000000 
98.000000000000000  0.000000000000000  0.000000000000000 
99.000000000000000  0.000000000000000  0.000000000000000 
100.000000000000000  0.000000000000000  0.000000000000000 
101.000000000000000  0.000000000000000  0.000000000000000 
102.000000000000000  0.000000000000000  0.000000000000000 
103.000000000000000  0.000000000000000  0.000000000000000 
104.000000000000000  0.000000000000000  0.000000000000000 
105.000000000000000  0.000000000000000  0.000000000000000 
106.000000000000000  0.000000000000000  0.000000000000000 
107.000000000000000  0.000000000000000  0.000000000000000 
108.000000000000000  0.000000000000000  0.000000000000000 
109.000000000000000  0.000000000000000  0.000000000000000 
110.000000000000000  0.000000000000000  0.000000000000000 
111.000000000000000  0.000000000000000  0.000000000000000 
112.000000000000000  0.000000000000000  0.000000000000000 
113.000000000000000  0.000000000000000  0.000000000000000 
114.000000000000000  0.000000000000000  0.000000000000000 
115.000000000000000  0.000000000000000  0.000000000000000 
116.000000000000000  0.000000000000000  0.000000000000000 
117.000000000000000  0.000000000000000  0.000000000000000 
118.000000000000000  0.000000000000000  0.000000000000000 
119.000000000000000  0.000000000000000  0.000000000000000 
120.000000000000000  0.000000000000000  0.000000000000000 
121.000000000000000  0.000000000000000  0.000000000000000 
122.000000000000000  0.000000000000000  0.000000000000000 
123.000000000000000  0.000000000000000  0.000000000000000 
124.000000000000000  0.000000000000000  0.000000000000000 
125.000000000000000  0.000000000000000  0.000000000000000 
126.000000000000000  0.000000000000000  0.000000000000000 
127.000000000000000  0.000000000000000  0.000000000000000 
