 0.000000000000000 88.081130136641221 829.000000000000000 
 1.000000000000000 78.520676324638387 670.000000000000000 
 2.000000000000000 102.295816582802786 573.000000000000000 
 3.000000000000000 102.776585906232725 189.000000000000000 
 4.000000000000000 72.505775509080905 842.000000000000000 
 5.000000000000000 93.683060292938350 232.000000000000000 
 6.000000000000000 95.337246489971506 606.000000000000000 
 7.000000000000000 85.940653374507022 713.000000000000000 
 8.000000000000000 104.365406179914444 347.000000000000000 
 9.000000000000000 80.081406794704989 180.000000000000000 
10.000000000000000 99.558999181723806 617.000000000000000 
11.000000000000000 95.354903840451200 129.000000000000000 
12.000000000000000 105.943092023142754 161.000000000000000 
13.000000000000000 86.360556410602584 188.000000000000000 
14.000000000000000 94.072713016761938 148.000000000000000 
15.000000000000000 87.011404074854539 169.000000000000000 
16.000000000000000 87.589816222519474 330.000000000000000 
17.000000000000000 79.178436314878638 305.000000000000000 
18.000000000000000 84.514921942530634 436.000000000000000 
19.000000000000000 87.774855064797364 147.000000000000000 
20.000000000000000 85.677379689139798 326.000000000000000 
21.000000000000000 96.839376140745685 415.000000000000000 
22.000000000000000 97.290457802480674 150.000000000000000 
23.000000000000000 67.363402823171626 961.000000000000000 
24.000000000000000 80.490253837202616 169.000000000000000 
25.000000000000000 93.164133038424282 165.000000000000000 
26.000000000000000 95.580365565738290 866.000000000000000 
27.000000000000000 87.676956464668649 307.000000000000000 
28.000000000000000 96.131212434463322 411.000000000000000 
29.000000000000000 85.392011094022280 227.000000000000000 
30.000000000000000 104.250054043621986 320.000000000000000 
31.000000000000000 93.733119411014400 225.000000000000000 
32.000000000000000 86.398043717810609 136.000000000000000 
33.000000000000000 76.373066485482909 82.000000000000000 
34.000000000000000 106.920133349966875 175.000000000000000 
35.000000000000000 79.854829668205042 259.000000000000000 
36.000000000000000 90.035402199545885 244.000000000000000 
37.000000000000000 101.196193371439335 271.000000000000000 
38.000000000000000 86.178344887676104 1371.000000000000000 
39.000000000000000 99.465852859324897 579.000000000000000 
40.000000000000000 95.365614359367015 330.000000000000000 
41.000000000000000 84.949892404939490 258.000000000000000 
42.000000000000000 74.065606446043191 139.000000000000000 
43.000000000000000 86.710693674830253 304.000000000000000 
44.000000000000000 81.572782741300983 1211.000000000000000 
45.000000000000000 81.373792013371272 367.000000000000000 
46.000000000000000 83.610157289115008 424.000000000000000 
47.000000000000000 83.867497015365345 229.000000000000000 
48.000000000000000 91.107979725545363 330.000000000000000 
49.000000000000000 98.685752605093299 675.000000000000000 
50.000000000000000 92.642583259956851 1132.000000000000000 
51.000000000000000 80.559997858088792 182.000000000000000 
52.000000000000000 80.953201319532923 182.000000000000000 
53.000000000000000 75.653729204397777 160.000000000000000 
54.000000000000000 83.231121380716417 1240.000000000000000 
55.000000000000000 71.160517040602656 962.000000000000000 
56.000000000000000 92.201296711258564 227.000000000000000 
57.000000000000000 83.225120276667312 484.000000000000000 
58.000000000000000 86.224009351916592 282.000000000000000 
59.000000000000000 68.503363387972669 126.000000000000000 
60.000000000000000 74.338571871690021 257.000000000000000 
61.000000000000000 72.199124280583106 141.000000000000000 
62.000000000000000 67.162376204222070 127.000000000000000 
63.000000000000000 75.120760664027415 124.000000000000000 
64.000000000000000 75.625177645201717 469.000000000000000 
65.000000000000000 65.325286901892227 169.000000000000000 
66.000000000000000  0.000000000000000  0.000000000000000 
67.000000000000000  0.000000000000000  0.000000000000000 
68.000000000000000  0.000000000000000  0.000000000000000 
69.000000000000000  0.000000000000000  0.000000000000000 
70.000000000000000  0.000000000000000  0.000000000000000 
71.000000000000000  0.000000000000000  0.000000000000000 
72.000000000000000  0.000000000000000  0.000000000000000 
73.000000000000000  0.000000000000000  0.000000000000000 
74.000000000000000  0.000000000000000  0.000000000000000 
75.000000000000000  0.000000000000000  0.000000000000000 
76.000000000000000  0.000000000000000  0.000000000000000 
77.000000000000000  0.000000000000000  0.000000000000000 
78.000000000000000  0.000000000000000  0.000000000000000 
79.000000000000000  0.000000000000000  0.000000000000000 
80.000000000000000  0.000000000000000  0.000000000000000 
81.000000000000000  0.000000000000000  0.000000000000000 
82.000000000000000  0.000000000000000  0.000000000000000 
83.000000000000000  0.000000000000000  0.000000000000000 
84.000000000000000  0.000000000000000  0.000000000000000 
85.000000000000000  0.000000000000000  0.000000000000000 
86.000000000000000  0.000000000000000  0.000000000000000 
87.000000000000000  0.000000000000000  0.000000000000000 
88.000000000000000  0.000000000000000  0.000000000000000 
89.000000000000000  0.000000000000000  0.000000000000000 
90.000000000000000  0.000000000000000  0.000000000000000 
91.000000000000000  0.000000000000000  0.000000000000000 
92.000000000000000  0.000000000000000  0.000000000000000 
93.000000000000000  0.000000000000000  0.000000000000000 
94.000000000000000  0.000000000000000  0.000000000000000 
95.000000000000000  0.000000000000000  0.000000000000000 
96.000000000000000  0.000000000000000  0.000000000000000 
97.000000000000000  0.000000000000000  0.000000000000000 
98.000000000000000  0.000000000000000  0.000000000000000 
99.000000000000000  0.000000000000000  0.000000000000000 
100.000000000000000  0.000000000000000  0.000000000000000 
101.000000000000000  0.000000000000000  0.000000000000000 
102.000000000000000  0.000000000000000  0.000000000000000 
103.000000000000000  0.000000000000000  0.000000000000000 
104.000000000000000  0.000000000000000  0.000000000000000 
105.000000000000000  0.000000000000000  0.000000000000000 
106.000000000000000  0.000000000000000  0.000000000000000 
107.000000000000000  0.000000000000000  0.000000000000000 
108.000000000000000  0.000000000000000  0.000000000000000 
109.000000000000000  0.000000000000000  0.000000000000000 
110.000000000000000  0.000000000000000  0.000000000000000 
111.000000000000000  0.000000000000000  0.000000000000000 
112.000000000000000  0.000000000000000  0.000000000000000 
113.000000000000000  0.000000000000000  0.000000000000000 
114.000000000000000  0.000000000000000  0.000000000000000 
115.000000000000000  0.000000000000000  0.000000000000000 
116.000000000000000  0.000000000000000  0.000000000000000 
117.000000000000000  0.000000000000000  0.000000000000000 
118.000000000000000  0.000000000000000  0.000000000000000 
119.000000000000000  0.000000000000000  0.000000000000000 
120.000000000000000  0.000000000000000  0.000000000000000 
121.000000000000000  0.000000000000000  0.000000000000000 
122.000000000000000  0.000000000000000  0.000000000000000 
123.000000000000000  0.000000000000000  0.000000000000000 
124.000000000000000  0.000000000000000  0.000000000000000 
125.000000000000000  0.000000000000000  0.000000000000000 
126.000000000000000  0.000000000000000  0.000000000000000 
127.000000000000000  0.000000000000000  0.000000000000000 
