 0.000000000000000 61.996099108487044 733.000000000000000 
 1.000000000000000 62.716649877134977 606.000000000000000 
 2.000000000000000 93.172074430501880 644.000000000000000 
 3.000000000000000 75.049718707897824 231.000000000000000 
 4.000000000000000 65.078269743317065 861.000000000000000 
 5.000000000000000 83.722580649616589 250.000000000000000 
 6.000000000000000 90.587018311969416 606.000000000000000 
 7.000000000000000 72.718424175767154 499.000000000000000 
 8.000000000000000 84.649627481091841 308.000000000000000 
 9.000000000000000 72.570888979716983 169.000000000000000 
10.000000000000000 82.702548102736515 554.000000000000000 
11.000000000000000 84.433060594124768 109.000000000000000 
12.000000000000000 85.721291467486935 128.000000000000000 
13.000000000000000 77.261584070984668 166.000000000000000 
14.000000000000000 88.685144264538977 141.000000000000000 
15.000000000000000 89.728608105670858 189.000000000000000 
16.000000000000000 64.969272200982303 266.000000000000000 
17.000000000000000 77.337159784931984 310.000000000000000 
18.000000000000000 80.671221333765530 478.000000000000000 
19.000000000000000 68.526058802432772 130.000000000000000 
20.000000000000000 90.158237559001591 350.000000000000000 
21.000000000000000 70.384509366091379 337.000000000000000 
22.000000000000000 85.813351785447878 140.000000000000000 
23.000000000000000 71.264716215634991 933.000000000000000 
24.000000000000000 82.670919977240970 167.000000000000000 
25.000000000000000 72.689991459166208 138.000000000000000 
26.000000000000000 73.855893623868951 754.000000000000000 
27.000000000000000 79.631969339485977 292.000000000000000 
28.000000000000000 82.010461401965486 394.000000000000000 
29.000000000000000 75.447833509018352 214.000000000000000 
30.000000000000000 82.175786939815069 272.000000000000000 
31.000000000000000 80.749094193009057 189.000000000000000 
32.000000000000000 78.167365614843547 124.000000000000000 
33.000000000000000 78.621219612555933 84.000000000000000 
34.000000000000000 72.451016126858505 166.000000000000000 
35.000000000000000 65.127028926113312 204.000000000000000 
36.000000000000000 77.654771542423617 227.000000000000000 
37.000000000000000 81.475456344590597 202.000000000000000 
38.000000000000000 63.830086703139543 1175.000000000000000 
39.000000000000000 70.253778676580666 415.000000000000000 
40.000000000000000 77.542786266719588 266.000000000000000 
41.000000000000000 80.459762637468131 264.000000000000000 
42.000000000000000 83.516035191409415 149.000000000000000 
43.000000000000000 75.983309708042228 272.000000000000000 
44.000000000000000 60.769289740688826 974.000000000000000 
45.000000000000000 67.143023779315342 379.000000000000000 
46.000000000000000 74.882316331563985 386.000000000000000 
47.000000000000000 80.904287523259740 245.000000000000000 
48.000000000000000 69.595677579844619 260.000000000000000 
49.000000000000000 86.920026116811570 678.000000000000000 
50.000000000000000 69.090357266522972 923.000000000000000 
51.000000000000000 71.095365319739201 155.000000000000000 
52.000000000000000 68.015533371223341 163.000000000000000 
53.000000000000000 76.234959076731883 160.000000000000000 
54.000000000000000 57.910403440712791 1076.000000000000000 
55.000000000000000 55.989613679556335 774.000000000000000 
56.000000000000000 66.824061731181445 181.000000000000000 
57.000000000000000 75.925348754341954 465.000000000000000 
58.000000000000000 82.795597100745709 327.000000000000000 
59.000000000000000 71.251941024485234 129.000000000000000 
60.000000000000000 80.549022079450296 272.000000000000000 
61.000000000000000 78.216608208982109 150.000000000000000 
62.000000000000000 65.325354172078747 127.000000000000000 
63.000000000000000 74.416167553179520 117.000000000000000 
64.000000000000000 65.914147495224839 522.000000000000000 
65.000000000000000 81.184053069597212 255.000000000000000 
66.000000000000000 62.670568996565386 78.000000000000000 
67.000000000000000 64.063703971198734 160.000000000000000 
68.000000000000000 64.466052557236921 311.000000000000000 
69.000000000000000 67.176273579773962 134.000000000000000 
70.000000000000000 61.291681992905858 259.000000000000000 
71.000000000000000 61.275367109303062 267.000000000000000 
72.000000000000000 63.982651992773221 968.000000000000000 
73.000000000000000  0.000000000000000  0.000000000000000 
74.000000000000000  0.000000000000000  0.000000000000000 
75.000000000000000  0.000000000000000  0.000000000000000 
76.000000000000000  0.000000000000000  0.000000000000000 
77.000000000000000  0.000000000000000  0.000000000000000 
78.000000000000000  0.000000000000000  0.000000000000000 
79.000000000000000  0.000000000000000  0.000000000000000 
80.000000000000000  0.000000000000000  0.000000000000000 
81.000000000000000  0.000000000000000  0.000000000000000 
82.000000000000000  0.000000000000000  0.000000000000000 
83.000000000000000  0.000000000000000  0.000000000000000 
84.000000000000000  0.000000000000000  0.000000000000000 
85.000000000000000  0.000000000000000  0.000000000000000 
86.000000000000000  0.000000000000000  0.000000000000000 
87.000000000000000  0.000000000000000  0.000000000000000 
88.000000000000000  0.000000000000000  0.000000000000000 
89.000000000000000  0.000000000000000  0.000000000000000 
90.000000000000000  0.000000000000000  0.000000000000000 
91.000000000000000  0.000000000000000  0.000000000000000 
92.000000000000000  0.000000000000000  0.000000000000000 
93.000000000000000  0.000000000000000  0.000000000000000 
94.000000000000000  0.000000000000000  0.000000000000000 
95.000000000000000  0.000000000000000  0.000000000000000 
96.000000000000000  0.000000000000000  0.000000000000000 
97.000000000000000  0.000000000000000  0.000000000000000 
98.000000000000000  0.000000000000000  0.000000000000000 
99.000000000000000  0.000000000000000  0.000000000000000 
100.000000000000000  0.000000000000000  0.000000000000000 
101.000000000000000  0.000000000000000  0.000000000000000 
102.000000000000000  0.000000000000000  0.000000000000000 
103.000000000000000  0.000000000000000  0.000000000000000 
104.000000000000000  0.000000000000000  0.000000000000000 
105.000000000000000  0.000000000000000  0.000000000000000 
106.000000000000000  0.000000000000000  0.000000000000000 
107.000000000000000  0.000000000000000  0.000000000000000 
108.000000000000000  0.000000000000000  0.000000000000000 
109.000000000000000  0.000000000000000  0.000000000000000 
110.000000000000000  0.000000000000000  0.000000000000000 
111.000000000000000  0.000000000000000  0.000000000000000 
112.000000000000000  0.000000000000000  0.000000000000000 
113.000000000000000  0.000000000000000  0.000000000000000 
114.000000000000000  0.000000000000000  0.000000000000000 
115.000000000000000  0.000000000000000  0.000000000000000 
116.000000000000000  0.000000000000000  0.000000000000000 
117.000000000000000  0.000000000000000  0.000000000000000 
118.000000000000000  0.000000000000000  0.000000000000000 
119.000000000000000  0.000000000000000  0.000000000000000 
120.000000000000000  0.000000000000000  0.000000000000000 
121.000000000000000  0.000000000000000  0.000000000000000 
122.000000000000000  0.000000000000000  0.000000000000000 
123.000000000000000  0.000000000000000  0.000000000000000 
124.000000000000000  0.000000000000000  0.000000000000000 
125.000000000000000  0.000000000000000  0.000000000000000 
126.000000000000000  0.000000000000000  0.000000000000000 
127.000000000000000  0.000000000000000  0.000000000000000 
