 0.000000000000000 138.902118722170513 1660.000000000000000 
 1.000000000000000 126.123758727853030 1356.000000000000000 
 2.000000000000000 199.596855083444439 683.000000000000000 
 3.000000000000000 181.011876236600131 303.000000000000000 
 4.000000000000000 158.891264328175311 996.000000000000000 
 5.000000000000000 202.917471998752120 484.000000000000000 
 6.000000000000000 169.851756671748518 798.000000000000000 
 7.000000000000000 142.880231849249896 1286.000000000000000 
 8.000000000000000 193.337351163318516 922.000000000000000 
 9.000000000000000 186.503182730451982 461.000000000000000 
10.000000000000000 198.747409340131469 1121.000000000000000 
11.000000000000000 204.357679846620357 265.000000000000000 
12.000000000000000 163.081343285902591 233.000000000000000 
13.000000000000000 159.464469545361283 308.000000000000000 
14.000000000000000 180.411119327732138 230.000000000000000 
15.000000000000000 168.422084815355447 298.000000000000000 
16.000000000000000 178.024730149436579 703.000000000000000 
17.000000000000000 192.230125914769985 383.000000000000000 
18.000000000000000 177.627132693181352 651.000000000000000 
19.000000000000000 141.818408828731549 201.000000000000000 
20.000000000000000 186.552375107760014 635.000000000000000 
21.000000000000000 204.339440456501279 723.000000000000000 
22.000000000000000 180.375204685035612 246.000000000000000 
23.000000000000000 136.112253541490787 1610.000000000000000 
24.000000000000000 163.756616611880986 266.000000000000000 
25.000000000000000 183.024811254740200 261.000000000000000 
26.000000000000000 169.158448549748016 1471.000000000000000 
27.000000000000000 163.382297918045111 430.000000000000000 
28.000000000000000 188.540219015289154 715.000000000000000 
29.000000000000000 202.596337741612331 497.000000000000000 
30.000000000000000 192.467003840021846 459.000000000000000 
31.000000000000000 170.744155498757976 348.000000000000000 
32.000000000000000 168.261274421010256 227.000000000000000 
33.000000000000000 160.797832959672576 160.000000000000000 
34.000000000000000 154.024082421481182 227.000000000000000 
35.000000000000000 189.926501346258647 562.000000000000000 
36.000000000000000 182.609373190185181 360.000000000000000 
37.000000000000000 153.585099548454735 361.000000000000000 
38.000000000000000 198.302337404743184 2122.000000000000000 
39.000000000000000 152.967313818801074 590.000000000000000 
40.000000000000000 171.454889122773778 389.000000000000000 
41.000000000000000  0.000000000000000  0.000000000000000 
42.000000000000000  0.000000000000000  0.000000000000000 
43.000000000000000  0.000000000000000  0.000000000000000 
44.000000000000000  0.000000000000000  0.000000000000000 
45.000000000000000  0.000000000000000  0.000000000000000 
46.000000000000000  0.000000000000000  0.000000000000000 
47.000000000000000  0.000000000000000  0.000000000000000 
48.000000000000000  0.000000000000000  0.000000000000000 
49.000000000000000  0.000000000000000  0.000000000000000 
50.000000000000000  0.000000000000000  0.000000000000000 
51.000000000000000  0.000000000000000  0.000000000000000 
52.000000000000000  0.000000000000000  0.000000000000000 
53.000000000000000  0.000000000000000  0.000000000000000 
54.000000000000000  0.000000000000000  0.000000000000000 
55.000000000000000  0.000000000000000  0.000000000000000 
56.000000000000000  0.000000000000000  0.000000000000000 
57.000000000000000  0.000000000000000  0.000000000000000 
58.000000000000000  0.000000000000000  0.000000000000000 
59.000000000000000  0.000000000000000  0.000000000000000 
60.000000000000000  0.000000000000000  0.000000000000000 
61.000000000000000  0.000000000000000  0.000000000000000 
62.000000000000000  0.000000000000000  0.000000000000000 
63.000000000000000  0.000000000000000  0.000000000000000 
64.000000000000000  0.000000000000000  0.000000000000000 
65.000000000000000  0.000000000000000  0.000000000000000 
66.000000000000000  0.000000000000000  0.000000000000000 
67.000000000000000  0.000000000000000  0.000000000000000 
68.000000000000000  0.000000000000000  0.000000000000000 
69.000000000000000  0.000000000000000  0.000000000000000 
70.000000000000000  0.000000000000000  0.000000000000000 
71.000000000000000  0.000000000000000  0.000000000000000 
72.000000000000000  0.000000000000000  0.000000000000000 
73.000000000000000  0.000000000000000  0.000000000000000 
74.000000000000000  0.000000000000000  0.000000000000000 
75.000000000000000  0.000000000000000  0.000000000000000 
76.000000000000000  0.000000000000000  0.000000000000000 
77.000000000000000  0.000000000000000  0.000000000000000 
78.000000000000000  0.000000000000000  0.000000000000000 
79.000000000000000  0.000000000000000  0.000000000000000 
80.000000000000000  0.000000000000000  0.000000000000000 
81.000000000000000  0.000000000000000  0.000000000000000 
82.000000000000000  0.000000000000000  0.000000000000000 
83.000000000000000  0.000000000000000  0.000000000000000 
84.000000000000000  0.000000000000000  0.000000000000000 
85.000000000000000  0.000000000000000  0.000000000000000 
86.000000000000000  0.000000000000000  0.000000000000000 
87.000000000000000  0.000000000000000  0.000000000000000 
88.000000000000000  0.000000000000000  0.000000000000000 
89.000000000000000  0.000000000000000  0.000000000000000 
90.000000000000000  0.000000000000000  0.000000000000000 
91.000000000000000  0.000000000000000  0.000000000000000 
92.000000000000000  0.000000000000000  0.000000000000000 
93.000000000000000  0.000000000000000  0.000000000000000 
94.000000000000000  0.000000000000000  0.000000000000000 
95.000000000000000  0.000000000000000  0.000000000000000 
96.000000000000000  0.000000000000000  0.000000000000000 
97.000000000000000  0.000000000000000  0.000000000000000 
98.000000000000000  0.000000000000000  0.000000000000000 
99.000000000000000  0.000000000000000  0.000000000000000 
100.000000000000000  0.000000000000000  0.000000000000000 
101.000000000000000  0.000000000000000  0.000000000000000 
102.000000000000000  0.000000000000000  0.000000000000000 
103.000000000000000  0.000000000000000  0.000000000000000 
104.000000000000000  0.000000000000000  0.000000000000000 
105.000000000000000  0.000000000000000  0.000000000000000 
106.000000000000000  0.000000000000000  0.000000000000000 
107.000000000000000  0.000000000000000  0.000000000000000 
108.000000000000000  0.000000000000000  0.000000000000000 
109.000000000000000  0.000000000000000  0.000000000000000 
110.000000000000000  0.000000000000000  0.000000000000000 
111.000000000000000  0.000000000000000  0.000000000000000 
112.000000000000000  0.000000000000000  0.000000000000000 
113.000000000000000  0.000000000000000  0.000000000000000 
114.000000000000000  0.000000000000000  0.000000000000000 
115.000000000000000  0.000000000000000  0.000000000000000 
116.000000000000000  0.000000000000000  0.000000000000000 
117.000000000000000  0.000000000000000  0.000000000000000 
118.000000000000000  0.000000000000000  0.000000000000000 
119.000000000000000  0.000000000000000  0.000000000000000 
120.000000000000000  0.000000000000000  0.000000000000000 
121.000000000000000  0.000000000000000  0.000000000000000 
122.000000000000000  0.000000000000000  0.000000000000000 
123.000000000000000  0.000000000000000  0.000000000000000 
124.000000000000000  0.000000000000000  0.000000000000000 
125.000000000000000  0.000000000000000  0.000000000000000 
126.000000000000000  0.000000000000000  0.000000000000000 
127.000000000000000  0.000000000000000  0.000000000000000 
