 0.000000000000000 39.276124023396974 581.000000000000000 
 1.000000000000000 34.209757625164180 334.000000000000000 
 2.000000000000000 39.618580060514134 326.000000000000000 
 3.000000000000000 42.816450255144105 186.000000000000000 
 4.000000000000000 44.253560460452860 755.000000000000000 
 5.000000000000000 44.835238982822808 162.000000000000000 
 6.000000000000000 47.985138425425113 384.000000000000000 
 7.000000000000000 39.803156984294652 287.000000000000000 
 8.000000000000000 47.628643075215798 259.000000000000000 
 9.000000000000000 39.373453310801310 109.000000000000000 
10.000000000000000 42.532464350080623 359.000000000000000 
11.000000000000000 26.841539823025528 47.000000000000000 
12.000000000000000 30.336068699610962 73.000000000000000 
13.000000000000000 38.523685167054396 92.000000000000000 
14.000000000000000 43.135791920000003 71.000000000000000 
15.000000000000000 35.106759941928182 110.000000000000000 
16.000000000000000 35.331062471964977 171.000000000000000 
17.000000000000000 38.754624117168746 192.000000000000000 
18.000000000000000 50.191130011806564 408.000000000000000 
19.000000000000000 37.136535871873484 64.000000000000000 
20.000000000000000 42.096374239648050 211.000000000000000 
21.000000000000000 36.814907410424226 169.000000000000000 
22.000000000000000 49.817052900513772 109.000000000000000 
23.000000000000000 40.167971151330725 680.000000000000000 
24.000000000000000 47.162430390156523 115.000000000000000 
25.000000000000000 52.385623825030045 118.000000000000000 
26.000000000000000 43.536219030120037 549.000000000000000 
27.000000000000000 33.136215767385778 162.000000000000000 
28.000000000000000 42.385205162683569 237.000000000000000 
29.000000000000000 44.573274032508763 153.000000000000000 
30.000000000000000 48.334043295159510 150.000000000000000 
31.000000000000000 40.275851936087008 97.000000000000000 
32.000000000000000 42.794497509687773 75.000000000000000 
33.000000000000000 29.446724553777781 45.000000000000000 
34.000000000000000 47.071973890977439 133.000000000000000 
35.000000000000000 34.122436974166277 113.000000000000000 
36.000000000000000 49.523257354405352 145.000000000000000 
37.000000000000000 35.768487783508043 79.000000000000000 
38.000000000000000 32.534405749814589 775.000000000000000 
39.000000000000000 46.683373642034525 355.000000000000000 
40.000000000000000 36.494486088565836 120.000000000000000 
41.000000000000000 50.779174448227117 215.000000000000000 
42.000000000000000 37.684625862820532 78.000000000000000 
43.000000000000000 51.689976721327170 190.000000000000000 
44.000000000000000 36.809875695825561 710.000000000000000 
45.000000000000000 37.233420047839253 235.000000000000000 
46.000000000000000 35.708963635885389 171.000000000000000 
47.000000000000000 44.550042912548712 165.000000000000000 
48.000000000000000 36.217945845934381 115.000000000000000 
49.000000000000000 43.623508438592836 412.000000000000000 
50.000000000000000 49.766176654924806 701.000000000000000 
51.000000000000000 46.675544301646312 136.000000000000000 
52.000000000000000 46.106463381941929 124.000000000000000 
53.000000000000000 29.642698999593396 106.000000000000000 
54.000000000000000 32.722668947475817 784.000000000000000 
55.000000000000000 29.348098054512242 576.000000000000000 
56.000000000000000 46.387708589471181 115.000000000000000 
57.000000000000000 45.045923267459045 254.000000000000000 
58.000000000000000 31.460694886603502 144.000000000000000 
59.000000000000000 49.299544373234049 94.000000000000000 
60.000000000000000 30.602408590944055 143.000000000000000 
61.000000000000000 39.937640423255083 88.000000000000000 
62.000000000000000 33.334701645352112 71.000000000000000 
63.000000000000000 50.455623759632090 81.000000000000000 
64.000000000000000 44.443141030548674 449.000000000000000 
65.000000000000000 41.196180195021540 155.000000000000000 
66.000000000000000 40.737992138547547 61.000000000000000 
67.000000000000000 40.381073049956996 93.000000000000000 
68.000000000000000 36.128126791109040 186.000000000000000 
69.000000000000000 43.856575447996107 165.000000000000000 
70.000000000000000 49.026054730612458 290.000000000000000 
71.000000000000000 49.166758502685632 258.000000000000000 
72.000000000000000 33.880787127714534 474.000000000000000 
73.000000000000000 36.851063154613414 253.000000000000000 
74.000000000000000 39.636336149250241 93.000000000000000 
75.000000000000000 41.822766753292775 97.000000000000000 
76.000000000000000 27.233766013600015 38.000000000000000 
77.000000000000000 36.085309425596769 359.000000000000000 
78.000000000000000 31.884561903297492 188.000000000000000 
79.000000000000000 40.928029236331383 202.000000000000000 
80.000000000000000 42.376768601894504 298.000000000000000 
81.000000000000000 34.563098559714817 108.000000000000000 
82.000000000000000 33.571142874577447 284.000000000000000 
83.000000000000000 48.482839468316087 104.000000000000000 
84.000000000000000 39.717442925871623 74.000000000000000 
85.000000000000000 36.745624930992342 115.000000000000000 
86.000000000000000 32.217626453938578 70.000000000000000 
87.000000000000000 36.047106546630737 88.000000000000000 
88.000000000000000 40.874216381445557 215.000000000000000 
89.000000000000000 36.435513684261721 101.000000000000000 
90.000000000000000 42.276486891707783 761.000000000000000 
91.000000000000000 39.936677474286917 621.000000000000000 
92.000000000000000 36.369513985352569 150.000000000000000 
93.000000000000000 36.855727189506148 227.000000000000000 
94.000000000000000 40.736390384831537 203.000000000000000 
95.000000000000000 31.236382886400015 268.000000000000000 
96.000000000000000 43.217205070034773 450.000000000000000 
97.000000000000000 26.491483847566531 36.000000000000000 
98.000000000000000 36.387033210086344 176.000000000000000 
99.000000000000000 36.284585293941184 260.000000000000000 
100.000000000000000 31.314707006591391 93.000000000000000 
101.000000000000000 37.397746732948555 200.000000000000000 
102.000000000000000 36.674518451445167 228.000000000000000 
103.000000000000000 32.825460812785124 96.000000000000000 
104.000000000000000 35.069749965847102 138.000000000000000 
105.000000000000000 31.454914242625382 346.000000000000000 
106.000000000000000 30.381879558352942 119.000000000000000 
107.000000000000000 37.798609651043762 144.000000000000000 
108.000000000000000 26.353532198358696 46.000000000000000 
109.000000000000000 31.400385495098444 146.000000000000000 
110.000000000000000 43.358505736749535 800.000000000000000 
111.000000000000000 40.739728712393571 407.000000000000000 
112.000000000000000  0.000000000000000  0.000000000000000 
113.000000000000000  0.000000000000000  0.000000000000000 
114.000000000000000  0.000000000000000  0.000000000000000 
115.000000000000000  0.000000000000000  0.000000000000000 
116.000000000000000  0.000000000000000  0.000000000000000 
117.000000000000000  0.000000000000000  0.000000000000000 
118.000000000000000  0.000000000000000  0.000000000000000 
119.000000000000000  0.000000000000000  0.000000000000000 
120.000000000000000  0.000000000000000  0.000000000000000 
121.000000000000000  0.000000000000000  0.000000000000000 
122.000000000000000  0.000000000000000  0.000000000000000 
123.000000000000000  0.000000000000000  0.000000000000000 
124.000000000000000  0.000000000000000  0.000000000000000 
125.000000000000000  0.000000000000000  0.000000000000000 
126.000000000000000  0.000000000000000  0.000000000000000 
127.000000000000000  0.000000000000000  0.000000000000000 
