 0.000000000000000 139.666116320400619 1672.000000000000000 
 1.000000000000000 126.045675462351923 1364.000000000000000 
 2.000000000000000 199.159085989741470 607.000000000000000 
 3.000000000000000 182.186353291328345 303.000000000000000 
 4.000000000000000 145.237562291838117 983.000000000000000 
 5.000000000000000 216.779623472152736 515.000000000000000 
 6.000000000000000 191.472235902061414 854.000000000000000 
 7.000000000000000 163.692766256375393 1327.000000000000000 
 8.000000000000000 205.903174255593910 1002.000000000000000 
 9.000000000000000 194.746372647252741 462.000000000000000 
10.000000000000000 206.863343328504413 1152.000000000000000 
11.000000000000000 216.223882967719021 269.000000000000000 
12.000000000000000 218.405225695499951 330.000000000000000 
13.000000000000000 170.569133079607354 330.000000000000000 
14.000000000000000 182.190233623820689 231.000000000000000 
15.000000000000000 170.678542970598727 299.000000000000000 
16.000000000000000 186.590639981278571 705.000000000000000 
17.000000000000000 204.723037835465590 408.000000000000000 
18.000000000000000 185.786288034747656 670.000000000000000 
19.000000000000000 156.485755549519382 213.000000000000000 
20.000000000000000 190.277660130593063 628.000000000000000 
21.000000000000000 204.070739337004454 724.000000000000000 
22.000000000000000 184.268163099006301 250.000000000000000 
23.000000000000000 154.727585619393494 1667.000000000000000 
24.000000000000000 171.029284763946606 275.000000000000000 
25.000000000000000 184.037061592244413 262.000000000000000 
26.000000000000000 167.327679827941751 1456.000000000000000 
27.000000000000000 165.285208772700429 434.000000000000000 
28.000000000000000 196.416051774492246 741.000000000000000 
29.000000000000000 208.036460089579379 509.000000000000000 
30.000000000000000 205.480450321910638 492.000000000000000 
31.000000000000000 183.598846647152442 373.000000000000000 
32.000000000000000 181.114196664419495 229.000000000000000 
33.000000000000000 167.245540348043335 175.000000000000000 
34.000000000000000 154.719508434033315 228.000000000000000 
35.000000000000000 191.566056095208125 559.000000000000000 
36.000000000000000 174.193785491962103 379.000000000000000 
37.000000000000000 151.415999182728513 358.000000000000000 
38.000000000000000 200.697405406066281 2141.000000000000000 
39.000000000000000 133.773593972343576 425.000000000000000 
40.000000000000000  0.000000000000000  0.000000000000000 
41.000000000000000  0.000000000000000  0.000000000000000 
42.000000000000000  0.000000000000000  0.000000000000000 
43.000000000000000  0.000000000000000  0.000000000000000 
44.000000000000000  0.000000000000000  0.000000000000000 
45.000000000000000  0.000000000000000  0.000000000000000 
46.000000000000000  0.000000000000000  0.000000000000000 
47.000000000000000  0.000000000000000  0.000000000000000 
48.000000000000000  0.000000000000000  0.000000000000000 
49.000000000000000  0.000000000000000  0.000000000000000 
50.000000000000000  0.000000000000000  0.000000000000000 
51.000000000000000  0.000000000000000  0.000000000000000 
52.000000000000000  0.000000000000000  0.000000000000000 
53.000000000000000  0.000000000000000  0.000000000000000 
54.000000000000000  0.000000000000000  0.000000000000000 
55.000000000000000  0.000000000000000  0.000000000000000 
56.000000000000000  0.000000000000000  0.000000000000000 
57.000000000000000  0.000000000000000  0.000000000000000 
58.000000000000000  0.000000000000000  0.000000000000000 
59.000000000000000  0.000000000000000  0.000000000000000 
60.000000000000000  0.000000000000000  0.000000000000000 
61.000000000000000  0.000000000000000  0.000000000000000 
62.000000000000000  0.000000000000000  0.000000000000000 
63.000000000000000  0.000000000000000  0.000000000000000 
64.000000000000000  0.000000000000000  0.000000000000000 
65.000000000000000  0.000000000000000  0.000000000000000 
66.000000000000000  0.000000000000000  0.000000000000000 
67.000000000000000  0.000000000000000  0.000000000000000 
68.000000000000000  0.000000000000000  0.000000000000000 
69.000000000000000  0.000000000000000  0.000000000000000 
70.000000000000000  0.000000000000000  0.000000000000000 
71.000000000000000  0.000000000000000  0.000000000000000 
72.000000000000000  0.000000000000000  0.000000000000000 
73.000000000000000  0.000000000000000  0.000000000000000 
74.000000000000000  0.000000000000000  0.000000000000000 
75.000000000000000  0.000000000000000  0.000000000000000 
76.000000000000000  0.000000000000000  0.000000000000000 
77.000000000000000  0.000000000000000  0.000000000000000 
78.000000000000000  0.000000000000000  0.000000000000000 
79.000000000000000  0.000000000000000  0.000000000000000 
80.000000000000000  0.000000000000000  0.000000000000000 
81.000000000000000  0.000000000000000  0.000000000000000 
82.000000000000000  0.000000000000000  0.000000000000000 
83.000000000000000  0.000000000000000  0.000000000000000 
84.000000000000000  0.000000000000000  0.000000000000000 
85.000000000000000  0.000000000000000  0.000000000000000 
86.000000000000000  0.000000000000000  0.000000000000000 
87.000000000000000  0.000000000000000  0.000000000000000 
88.000000000000000  0.000000000000000  0.000000000000000 
89.000000000000000  0.000000000000000  0.000000000000000 
90.000000000000000  0.000000000000000  0.000000000000000 
91.000000000000000  0.000000000000000  0.000000000000000 
92.000000000000000  0.000000000000000  0.000000000000000 
93.000000000000000  0.000000000000000  0.000000000000000 
94.000000000000000  0.000000000000000  0.000000000000000 
95.000000000000000  0.000000000000000  0.000000000000000 
96.000000000000000  0.000000000000000  0.000000000000000 
97.000000000000000  0.000000000000000  0.000000000000000 
98.000000000000000  0.000000000000000  0.000000000000000 
99.000000000000000  0.000000000000000  0.000000000000000 
100.000000000000000  0.000000000000000  0.000000000000000 
101.000000000000000  0.000000000000000  0.000000000000000 
102.000000000000000  0.000000000000000  0.000000000000000 
103.000000000000000  0.000000000000000  0.000000000000000 
104.000000000000000  0.000000000000000  0.000000000000000 
105.000000000000000  0.000000000000000  0.000000000000000 
106.000000000000000  0.000000000000000  0.000000000000000 
107.000000000000000  0.000000000000000  0.000000000000000 
108.000000000000000  0.000000000000000  0.000000000000000 
109.000000000000000  0.000000000000000  0.000000000000000 
110.000000000000000  0.000000000000000  0.000000000000000 
111.000000000000000  0.000000000000000  0.000000000000000 
112.000000000000000  0.000000000000000  0.000000000000000 
113.000000000000000  0.000000000000000  0.000000000000000 
114.000000000000000  0.000000000000000  0.000000000000000 
115.000000000000000  0.000000000000000  0.000000000000000 
116.000000000000000  0.000000000000000  0.000000000000000 
117.000000000000000  0.000000000000000  0.000000000000000 
118.000000000000000  0.000000000000000  0.000000000000000 
119.000000000000000  0.000000000000000  0.000000000000000 
120.000000000000000  0.000000000000000  0.000000000000000 
121.000000000000000  0.000000000000000  0.000000000000000 
122.000000000000000  0.000000000000000  0.000000000000000 
123.000000000000000  0.000000000000000  0.000000000000000 
124.000000000000000  0.000000000000000  0.000000000000000 
125.000000000000000  0.000000000000000  0.000000000000000 
126.000000000000000  0.000000000000000  0.000000000000000 
127.000000000000000  0.000000000000000  0.000000000000000 
