 0.000000000000000 43.965440680950969 645.000000000000000 
 1.000000000000000 36.232063090459732 359.000000000000000 
 2.000000000000000 46.627895557064093 377.000000000000000 
 3.000000000000000 50.187276909765536 203.000000000000000 
 4.000000000000000 51.087676067016282 786.000000000000000 
 5.000000000000000 57.770893031974367 191.000000000000000 
 6.000000000000000 48.691132712872324 370.000000000000000 
 7.000000000000000 46.486283835107947 329.000000000000000 
 8.000000000000000 48.885768677147112 255.000000000000000 
 9.000000000000000 51.748131861783072 127.000000000000000 
10.000000000000000 62.613052281958467 517.000000000000000 
11.000000000000000 39.341930786448501 66.000000000000000 
12.000000000000000 49.209148785165119 90.000000000000000 
13.000000000000000 46.225716554979876 107.000000000000000 
14.000000000000000 52.991962961481477 81.000000000000000 
15.000000000000000 47.570722257563361 131.000000000000000 
16.000000000000000 34.712200916154387 168.000000000000000 
17.000000000000000 50.387080508625111 231.000000000000000 
18.000000000000000 53.255880979667793 426.000000000000000 
19.000000000000000 56.720084291665025 123.000000000000000 
20.000000000000000 56.345774592382057 244.000000000000000 
21.000000000000000 47.857412782945204 213.000000000000000 
22.000000000000000 57.273624162303172 95.000000000000000 
23.000000000000000 44.964420590206672 725.000000000000000 
24.000000000000000 62.460538334479303 140.000000000000000 
25.000000000000000 53.275432608104047 122.000000000000000 
26.000000000000000 56.900757539440072 657.000000000000000 
27.000000000000000 54.979834168930509 239.000000000000000 
28.000000000000000 62.623491029609866 332.000000000000000 
29.000000000000000 67.031251616228161 197.000000000000000 
30.000000000000000 50.855277910157383 153.000000000000000 
31.000000000000000 66.176586069379226 164.000000000000000 
32.000000000000000 48.461286343715081 83.000000000000000 
33.000000000000000 60.776395205801350 74.000000000000000 
34.000000000000000 48.209534026765859 126.000000000000000 
35.000000000000000 48.967679861109140 162.000000000000000 
36.000000000000000 50.695934398762560 153.000000000000000 
37.000000000000000 46.820235499127143 109.000000000000000 
38.000000000000000 44.992539355849026 938.000000000000000 
39.000000000000000 50.831749425786136 367.000000000000000 
40.000000000000000 40.038345661083348 126.000000000000000 
41.000000000000000 53.319800087402818 218.000000000000000 
42.000000000000000 59.943058845354315 127.000000000000000 
43.000000000000000 51.847474177499628 191.000000000000000 
44.000000000000000 53.143871986756409 702.000000000000000 
45.000000000000000 48.353313811835783 300.000000000000000 
46.000000000000000 45.927786606153347 227.000000000000000 
47.000000000000000 60.118873115156191 206.000000000000000 
48.000000000000000 45.235267172874813 156.000000000000000 
49.000000000000000 55.758543221831886 495.000000000000000 
50.000000000000000 53.103956569736184 737.000000000000000 
51.000000000000000 48.256481626448519 136.000000000000000 
52.000000000000000 48.489022751135884 131.000000000000000 
53.000000000000000 49.629544768215013 160.000000000000000 
54.000000000000000 36.809683684601879 830.000000000000000 
55.000000000000000 33.582775056717828 571.000000000000000 
56.000000000000000 59.076321975611663 159.000000000000000 
57.000000000000000 47.930796179112143 264.000000000000000 
58.000000000000000 64.635807617539058 254.000000000000000 
59.000000000000000 53.361164417666693 114.000000000000000 
60.000000000000000 42.202108750445639 184.000000000000000 
61.000000000000000 64.489549525551368 135.000000000000000 
62.000000000000000 53.968468544910721 112.000000000000000 
63.000000000000000 59.163797209090333 93.000000000000000 
64.000000000000000 45.949645850933543 431.000000000000000 
65.000000000000000 43.686826540873810 170.000000000000000 
66.000000000000000 44.684824143157563 66.000000000000000 
67.000000000000000 54.348000982124660 146.000000000000000 
68.000000000000000 39.462449407295239 203.000000000000000 
69.000000000000000 51.058861724819572 163.000000000000000 
70.000000000000000 49.908201781268367 280.000000000000000 
71.000000000000000 48.966670648070398 261.000000000000000 
72.000000000000000 51.787906438639610 857.000000000000000 
73.000000000000000 42.645355315524831 300.000000000000000 
74.000000000000000 38.203854269904909 90.000000000000000 
75.000000000000000 44.115372680302940 102.000000000000000 
76.000000000000000 30.458895439342861 42.000000000000000 
77.000000000000000 43.171519787230373 442.000000000000000 
78.000000000000000 43.962794924085031 247.000000000000000 
79.000000000000000 43.399642791908910 232.000000000000000 
80.000000000000000 41.921613715907156 290.000000000000000 
81.000000000000000 54.877867081876687 133.000000000000000 
82.000000000000000 40.848296360692956 327.000000000000000 
83.000000000000000 49.045276357775151 100.000000000000000 
84.000000000000000 41.765356377742854 77.000000000000000 
85.000000000000000 35.077213993385328 112.000000000000000 
86.000000000000000 46.484092914670107 97.000000000000000 
87.000000000000000 37.619619197405513 90.000000000000000 
88.000000000000000 43.709535560496590 218.000000000000000 
89.000000000000000 36.556225238784471 107.000000000000000 
90.000000000000000 49.986445871466856 887.000000000000000 
91.000000000000000 46.284816362081962 722.000000000000000 
92.000000000000000 44.855798018348402 173.000000000000000 
93.000000000000000 41.481410456355924 250.000000000000000 
94.000000000000000 41.277199715173140 201.000000000000000 
95.000000000000000 35.422902501123346 282.000000000000000 
96.000000000000000 38.828306523395227 400.000000000000000 
97.000000000000000  0.000000000000000  0.000000000000000 
98.000000000000000  0.000000000000000  0.000000000000000 
99.000000000000000  0.000000000000000  0.000000000000000 
100.000000000000000  0.000000000000000  0.000000000000000 
101.000000000000000  0.000000000000000  0.000000000000000 
102.000000000000000  0.000000000000000  0.000000000000000 
103.000000000000000  0.000000000000000  0.000000000000000 
104.000000000000000  0.000000000000000  0.000000000000000 
105.000000000000000  0.000000000000000  0.000000000000000 
106.000000000000000  0.000000000000000  0.000000000000000 
107.000000000000000  0.000000000000000  0.000000000000000 
108.000000000000000  0.000000000000000  0.000000000000000 
109.000000000000000  0.000000000000000  0.000000000000000 
110.000000000000000  0.000000000000000  0.000000000000000 
111.000000000000000  0.000000000000000  0.000000000000000 
112.000000000000000  0.000000000000000  0.000000000000000 
113.000000000000000  0.000000000000000  0.000000000000000 
114.000000000000000  0.000000000000000  0.000000000000000 
115.000000000000000  0.000000000000000  0.000000000000000 
116.000000000000000  0.000000000000000  0.000000000000000 
117.000000000000000  0.000000000000000  0.000000000000000 
118.000000000000000  0.000000000000000  0.000000000000000 
119.000000000000000  0.000000000000000  0.000000000000000 
120.000000000000000  0.000000000000000  0.000000000000000 
121.000000000000000  0.000000000000000  0.000000000000000 
122.000000000000000  0.000000000000000  0.000000000000000 
123.000000000000000  0.000000000000000  0.000000000000000 
124.000000000000000  0.000000000000000  0.000000000000000 
125.000000000000000  0.000000000000000  0.000000000000000 
126.000000000000000  0.000000000000000  0.000000000000000 
127.000000000000000  0.000000000000000  0.000000000000000 
