 0.000000000000000 90.708020664113604 922.000000000000000 
 1.000000000000000 102.775332630349610 1091.000000000000000 
 2.000000000000000 136.013328601197088 763.000000000000000 
 3.000000000000000 118.111936442984884 194.000000000000000 
 4.000000000000000 111.217374955496638 755.000000000000000 
 5.000000000000000 136.248468518522031 330.000000000000000 
 6.000000000000000 104.113128978682724 592.000000000000000 
 7.000000000000000 92.842297035434427 949.000000000000000 
 8.000000000000000 124.774843382547104 452.000000000000000 
 9.000000000000000 144.203399930528178 280.000000000000000 
10.000000000000000 133.407087604182806 826.000000000000000 
11.000000000000000 134.330620779174183 179.000000000000000 
12.000000000000000 153.679009977213781 216.000000000000000 
13.000000000000000 139.217530693449504 289.000000000000000 
14.000000000000000 132.934892288524566 188.000000000000000 
15.000000000000000 150.533583666968099 264.000000000000000 
16.000000000000000 122.618814214314639 407.000000000000000 
17.000000000000000 125.757813060485617 375.000000000000000 
18.000000000000000 121.151284024184193 500.000000000000000 
19.000000000000000 118.327147352988021 192.000000000000000 
20.000000000000000 138.610716569119347 571.000000000000000 
21.000000000000000 142.136287335367740 542.000000000000000 
22.000000000000000 116.418702232474416 180.000000000000000 
23.000000000000000 92.371523619440225 1325.000000000000000 
24.000000000000000 135.443818760026488 252.000000000000000 
25.000000000000000 123.685029130488331 224.000000000000000 
26.000000000000000 122.590381052371072 1163.000000000000000 
27.000000000000000 118.205947479495961 369.000000000000000 
28.000000000000000 129.772458422628034 503.000000000000000 
29.000000000000000 124.103817932535364 249.000000000000000 
30.000000000000000 138.065046407159485 386.000000000000000 
31.000000000000000 127.307013760654399 280.000000000000000 
32.000000000000000 126.936414714919053 188.000000000000000 
33.000000000000000 121.321499752310928 125.000000000000000 
34.000000000000000 119.429380292183524 183.000000000000000 
35.000000000000000 117.115283907805349 356.000000000000000 
36.000000000000000 122.222390704509849 240.000000000000000 
37.000000000000000 148.434939634749924 356.000000000000000 
38.000000000000000 108.764211577515127 1547.000000000000000 
39.000000000000000 124.166437858117646 610.000000000000000 
40.000000000000000 128.713465771829931 475.000000000000000 
41.000000000000000 124.759788005149957 374.000000000000000 
42.000000000000000 138.148679934912820 216.000000000000000 
43.000000000000000 145.987839181156318 372.000000000000000 
44.000000000000000 78.845889182700176 1101.000000000000000 
45.000000000000000 110.146093525552573 369.000000000000000 
46.000000000000000 95.061265153965664 418.000000000000000 
47.000000000000000 117.626751921720597 228.000000000000000 
48.000000000000000 115.981777904638534 434.000000000000000 
49.000000000000000 106.422508506868141 775.000000000000000 
50.000000000000000 148.097145841293980 1650.000000000000000 
51.000000000000000 82.681580656561607 176.000000000000000 
52.000000000000000  0.000000000000000  0.000000000000000 
53.000000000000000  0.000000000000000  0.000000000000000 
54.000000000000000  0.000000000000000  0.000000000000000 
55.000000000000000  0.000000000000000  0.000000000000000 
56.000000000000000  0.000000000000000  0.000000000000000 
57.000000000000000  0.000000000000000  0.000000000000000 
58.000000000000000  0.000000000000000  0.000000000000000 
59.000000000000000  0.000000000000000  0.000000000000000 
60.000000000000000  0.000000000000000  0.000000000000000 
61.000000000000000  0.000000000000000  0.000000000000000 
62.000000000000000  0.000000000000000  0.000000000000000 
63.000000000000000  0.000000000000000  0.000000000000000 
64.000000000000000  0.000000000000000  0.000000000000000 
65.000000000000000  0.000000000000000  0.000000000000000 
66.000000000000000  0.000000000000000  0.000000000000000 
67.000000000000000  0.000000000000000  0.000000000000000 
68.000000000000000  0.000000000000000  0.000000000000000 
69.000000000000000  0.000000000000000  0.000000000000000 
70.000000000000000  0.000000000000000  0.000000000000000 
71.000000000000000  0.000000000000000  0.000000000000000 
72.000000000000000  0.000000000000000  0.000000000000000 
73.000000000000000  0.000000000000000  0.000000000000000 
74.000000000000000  0.000000000000000  0.000000000000000 
75.000000000000000  0.000000000000000  0.000000000000000 
76.000000000000000  0.000000000000000  0.000000000000000 
77.000000000000000  0.000000000000000  0.000000000000000 
78.000000000000000  0.000000000000000  0.000000000000000 
79.000000000000000  0.000000000000000  0.000000000000000 
80.000000000000000  0.000000000000000  0.000000000000000 
81.000000000000000  0.000000000000000  0.000000000000000 
82.000000000000000  0.000000000000000  0.000000000000000 
83.000000000000000  0.000000000000000  0.000000000000000 
84.000000000000000  0.000000000000000  0.000000000000000 
85.000000000000000  0.000000000000000  0.000000000000000 
86.000000000000000  0.000000000000000  0.000000000000000 
87.000000000000000  0.000000000000000  0.000000000000000 
88.000000000000000  0.000000000000000  0.000000000000000 
89.000000000000000  0.000000000000000  0.000000000000000 
90.000000000000000  0.000000000000000  0.000000000000000 
91.000000000000000  0.000000000000000  0.000000000000000 
92.000000000000000  0.000000000000000  0.000000000000000 
93.000000000000000  0.000000000000000  0.000000000000000 
94.000000000000000  0.000000000000000  0.000000000000000 
95.000000000000000  0.000000000000000  0.000000000000000 
96.000000000000000  0.000000000000000  0.000000000000000 
97.000000000000000  0.000000000000000  0.000000000000000 
98.000000000000000  0.000000000000000  0.000000000000000 
99.000000000000000  0.000000000000000  0.000000000000000 
100.000000000000000  0.000000000000000  0.000000000000000 
101.000000000000000  0.000000000000000  0.000000000000000 
102.000000000000000  0.000000000000000  0.000000000000000 
103.000000000000000  0.000000000000000  0.000000000000000 
104.000000000000000  0.000000000000000  0.000000000000000 
105.000000000000000  0.000000000000000  0.000000000000000 
106.000000000000000  0.000000000000000  0.000000000000000 
107.000000000000000  0.000000000000000  0.000000000000000 
108.000000000000000  0.000000000000000  0.000000000000000 
109.000000000000000  0.000000000000000  0.000000000000000 
110.000000000000000  0.000000000000000  0.000000000000000 
111.000000000000000  0.000000000000000  0.000000000000000 
112.000000000000000  0.000000000000000  0.000000000000000 
113.000000000000000  0.000000000000000  0.000000000000000 
114.000000000000000  0.000000000000000  0.000000000000000 
115.000000000000000  0.000000000000000  0.000000000000000 
116.000000000000000  0.000000000000000  0.000000000000000 
117.000000000000000  0.000000000000000  0.000000000000000 
118.000000000000000  0.000000000000000  0.000000000000000 
119.000000000000000  0.000000000000000  0.000000000000000 
120.000000000000000  0.000000000000000  0.000000000000000 
121.000000000000000  0.000000000000000  0.000000000000000 
122.000000000000000  0.000000000000000  0.000000000000000 
123.000000000000000  0.000000000000000  0.000000000000000 
124.000000000000000  0.000000000000000  0.000000000000000 
125.000000000000000  0.000000000000000  0.000000000000000 
126.000000000000000  0.000000000000000  0.000000000000000 
127.000000000000000  0.000000000000000  0.000000000000000 
