 0.000000000000000 57.392782997967885 762.000000000000000 
 1.000000000000000 60.600229891038943 589.000000000000000 
 2.000000000000000 67.882914240127974 522.000000000000000 
 3.000000000000000 52.606598333720733 212.000000000000000 
 4.000000000000000 59.563720377438749 815.000000000000000 
 5.000000000000000 58.940522859429691 195.000000000000000 
 6.000000000000000 66.166799947943119 489.000000000000000 
 7.000000000000000 55.170449549395769 409.000000000000000 
 8.000000000000000 64.558703364478120 335.000000000000000 
 9.000000000000000 64.823374541286739 156.000000000000000 
10.000000000000000 64.362690077600917 544.000000000000000 
11.000000000000000 51.305097592329417 85.000000000000000 
12.000000000000000 63.359341123863189 102.000000000000000 
13.000000000000000 56.010446360531979 123.000000000000000 
14.000000000000000 55.318766675421699 83.000000000000000 
15.000000000000000 54.222806140964693 153.000000000000000 
16.000000000000000 44.203562621366537 205.000000000000000 
17.000000000000000 53.343577219212563 239.000000000000000 
18.000000000000000 62.050527849226370 438.000000000000000 
19.000000000000000 67.202327615823151 129.000000000000000 
20.000000000000000 61.623428219419807 250.000000000000000 
21.000000000000000 49.456196195031715 207.000000000000000 
22.000000000000000 57.273624162303172 95.000000000000000 
23.000000000000000 65.020914921880802 904.000000000000000 
24.000000000000000 62.946571947036396 140.000000000000000 
25.000000000000000 66.409475321266470 131.000000000000000 
26.000000000000000 70.764757095543047 745.000000000000000 
27.000000000000000 57.281632037120779 246.000000000000000 
28.000000000000000 54.238381799701024 264.000000000000000 
29.000000000000000 65.449481658970754 195.000000000000000 
30.000000000000000 50.235434880126398 156.000000000000000 
31.000000000000000 65.891349738399327 165.000000000000000 
32.000000000000000 53.465634413432966 90.000000000000000 
33.000000000000000 63.887351966741797 79.000000000000000 
34.000000000000000 50.350774403807755 129.000000000000000 
35.000000000000000 55.532401986784684 179.000000000000000 
36.000000000000000 68.804992437991913 210.000000000000000 
37.000000000000000 54.102653871551553 123.000000000000000 
38.000000000000000 60.270911276203122 1141.000000000000000 
39.000000000000000 61.899701274308377 410.000000000000000 
40.000000000000000 52.366486947678226 156.000000000000000 
41.000000000000000 65.781971064322903 202.000000000000000 
42.000000000000000 62.526358395789451 133.000000000000000 
43.000000000000000 70.857684112524410 236.000000000000000 
44.000000000000000 59.961230328695969 945.000000000000000 
45.000000000000000 60.464332174379116 351.000000000000000 
46.000000000000000 57.292371560275555 278.000000000000000 
47.000000000000000 66.924958630342005 222.000000000000000 
48.000000000000000 62.541937108868638 233.000000000000000 
49.000000000000000 61.440763732881997 597.000000000000000 
50.000000000000000 68.951109389637324 922.000000000000000 
51.000000000000000 62.515052812458009 166.000000000000000 
52.000000000000000 53.957653811363024 138.000000000000000 
53.000000000000000 74.371395862193424 183.000000000000000 
54.000000000000000 52.711142846279024 1043.000000000000000 
55.000000000000000 55.536001498490414 781.000000000000000 
56.000000000000000 58.650968397721371 157.000000000000000 
57.000000000000000 58.159522146562210 346.000000000000000 
58.000000000000000 69.366358133297126 276.000000000000000 
59.000000000000000 54.500680106384607 117.000000000000000 
60.000000000000000 67.296172502319365 238.000000000000000 
61.000000000000000 71.975913027683632 145.000000000000000 
62.000000000000000 54.948379354922110 113.000000000000000 
63.000000000000000 68.236494074457426 108.000000000000000 
64.000000000000000 68.396909514847977 495.000000000000000 
65.000000000000000 67.365105049252605 213.000000000000000 
66.000000000000000 45.428101748632834 67.000000000000000 
67.000000000000000 58.984413144608794 159.000000000000000 
68.000000000000000 51.866438542737569 260.000000000000000 
69.000000000000000 52.136476540762168 163.000000000000000 
70.000000000000000 54.793919114861332 254.000000000000000 
71.000000000000000 54.988919762585105 287.000000000000000 
72.000000000000000 62.071642983959073 942.000000000000000 
73.000000000000000 55.196891385608950 356.000000000000000 
74.000000000000000 47.665340723398977 108.000000000000000 
75.000000000000000 44.003873759697058 101.000000000000000 
76.000000000000000 33.125077014320006 45.000000000000000 
77.000000000000000 60.614779461876815 337.000000000000000 
78.000000000000000 57.371544607151151 305.000000000000000 
79.000000000000000 54.926318278546226 263.000000000000000 
80.000000000000000 44.455581460275695 303.000000000000000 
81.000000000000000 56.130749832672066 136.000000000000000 
82.000000000000000 46.913689386143155 369.000000000000000 
83.000000000000000 48.567988648989441 99.000000000000000 
84.000000000000000 41.367423751124328 74.000000000000000 
85.000000000000000 44.028290235247603 135.000000000000000 
86.000000000000000  0.000000000000000  0.000000000000000 
87.000000000000000  0.000000000000000  0.000000000000000 
88.000000000000000  0.000000000000000  0.000000000000000 
89.000000000000000  0.000000000000000  0.000000000000000 
90.000000000000000  0.000000000000000  0.000000000000000 
91.000000000000000  0.000000000000000  0.000000000000000 
92.000000000000000  0.000000000000000  0.000000000000000 
93.000000000000000  0.000000000000000  0.000000000000000 
94.000000000000000  0.000000000000000  0.000000000000000 
95.000000000000000  0.000000000000000  0.000000000000000 
96.000000000000000  0.000000000000000  0.000000000000000 
97.000000000000000  0.000000000000000  0.000000000000000 
98.000000000000000  0.000000000000000  0.000000000000000 
99.000000000000000  0.000000000000000  0.000000000000000 
100.000000000000000  0.000000000000000  0.000000000000000 
101.000000000000000  0.000000000000000  0.000000000000000 
102.000000000000000  0.000000000000000  0.000000000000000 
103.000000000000000  0.000000000000000  0.000000000000000 
104.000000000000000  0.000000000000000  0.000000000000000 
105.000000000000000  0.000000000000000  0.000000000000000 
106.000000000000000  0.000000000000000  0.000000000000000 
107.000000000000000  0.000000000000000  0.000000000000000 
108.000000000000000  0.000000000000000  0.000000000000000 
109.000000000000000  0.000000000000000  0.000000000000000 
110.000000000000000  0.000000000000000  0.000000000000000 
111.000000000000000  0.000000000000000  0.000000000000000 
112.000000000000000  0.000000000000000  0.000000000000000 
113.000000000000000  0.000000000000000  0.000000000000000 
114.000000000000000  0.000000000000000  0.000000000000000 
115.000000000000000  0.000000000000000  0.000000000000000 
116.000000000000000  0.000000000000000  0.000000000000000 
117.000000000000000  0.000000000000000  0.000000000000000 
118.000000000000000  0.000000000000000  0.000000000000000 
119.000000000000000  0.000000000000000  0.000000000000000 
120.000000000000000  0.000000000000000  0.000000000000000 
121.000000000000000  0.000000000000000  0.000000000000000 
122.000000000000000  0.000000000000000  0.000000000000000 
123.000000000000000  0.000000000000000  0.000000000000000 
124.000000000000000  0.000000000000000  0.000000000000000 
125.000000000000000  0.000000000000000  0.000000000000000 
126.000000000000000  0.000000000000000  0.000000000000000 
127.000000000000000  0.000000000000000  0.000000000000000 
