 0.000000000000000 102.224978775722519 963.000000000000000 
 1.000000000000000 79.025538304944874 706.000000000000000 
 2.000000000000000 125.352969254276971 687.000000000000000 
 3.000000000000000 130.681087614258615 223.000000000000000 
 4.000000000000000 90.238598644148084 696.000000000000000 
 5.000000000000000 128.465876839670671 319.000000000000000 
 6.000000000000000 106.225646004460614 546.000000000000000 
 7.000000000000000 97.966074858607627 878.000000000000000 
 8.000000000000000 116.680135174021146 372.000000000000000 
 9.000000000000000 118.918992108725462 240.000000000000000 
10.000000000000000 118.709044306279992 728.000000000000000 
11.000000000000000 132.276020187146543 174.000000000000000 
12.000000000000000 101.352410884711006 165.000000000000000 
13.000000000000000 129.863635623656535 268.000000000000000 
14.000000000000000 133.332768708495195 187.000000000000000 
15.000000000000000 88.670716437621721 159.000000000000000 
16.000000000000000 109.254443661472621 410.000000000000000 
17.000000000000000 111.019635238482991 394.000000000000000 
18.000000000000000 105.009895336174125 469.000000000000000 
19.000000000000000 113.227358194099963 186.000000000000000 
20.000000000000000 132.531732581735241 523.000000000000000 
21.000000000000000 138.262094959698686 530.000000000000000 
22.000000000000000 110.991734317758358 173.000000000000000 
23.000000000000000 76.162219411482027 1097.000000000000000 
24.000000000000000 110.109845451962514 224.000000000000000 
25.000000000000000 123.038711878687053 228.000000000000000 
26.000000000000000 109.365797543571773 979.000000000000000 
27.000000000000000 105.165349041665721 347.000000000000000 
28.000000000000000 123.485511762222799 486.000000000000000 
29.000000000000000 118.049071287035005 240.000000000000000 
30.000000000000000 126.491198507827363 373.000000000000000 
31.000000000000000 119.523360768633410 269.000000000000000 
32.000000000000000 121.541319410871381 183.000000000000000 
33.000000000000000 110.509341671485601 113.000000000000000 
34.000000000000000 111.831260309166453 179.000000000000000 
35.000000000000000 111.286838977393217 335.000000000000000 
36.000000000000000 112.407895727977035 233.000000000000000 
37.000000000000000 131.790862746898057 323.000000000000000 
38.000000000000000 79.696062503650424 1311.000000000000000 
39.000000000000000 107.964610140861083 620.000000000000000 
40.000000000000000 124.928813679155382 452.000000000000000 
41.000000000000000 107.960958790832962 331.000000000000000 
42.000000000000000 92.678570439459463 148.000000000000000 
43.000000000000000 102.636717645419481 321.000000000000000 
44.000000000000000 74.278298930440016 1120.000000000000000 
45.000000000000000 111.468365292515855 374.000000000000000 
46.000000000000000 92.893056652887651 432.000000000000000 
47.000000000000000 101.881105185143042 205.000000000000000 
48.000000000000000 108.072743035901283 401.000000000000000 
49.000000000000000 111.557126134075645 726.000000000000000 
50.000000000000000 87.367216286277070 1083.000000000000000 
51.000000000000000 93.678237516514812 178.000000000000000 
52.000000000000000 70.707321522557436 155.000000000000000 
53.000000000000000 97.720724532639949 225.000000000000000 
54.000000000000000 81.612518625885485 1216.000000000000000 
55.000000000000000 68.203670842760488 927.000000000000000 
56.000000000000000 84.453509137273812 171.000000000000000 
57.000000000000000  0.000000000000000  0.000000000000000 
58.000000000000000  0.000000000000000  0.000000000000000 
59.000000000000000  0.000000000000000  0.000000000000000 
60.000000000000000  0.000000000000000  0.000000000000000 
61.000000000000000  0.000000000000000  0.000000000000000 
62.000000000000000  0.000000000000000  0.000000000000000 
63.000000000000000  0.000000000000000  0.000000000000000 
64.000000000000000  0.000000000000000  0.000000000000000 
65.000000000000000  0.000000000000000  0.000000000000000 
66.000000000000000  0.000000000000000  0.000000000000000 
67.000000000000000  0.000000000000000  0.000000000000000 
68.000000000000000  0.000000000000000  0.000000000000000 
69.000000000000000  0.000000000000000  0.000000000000000 
70.000000000000000  0.000000000000000  0.000000000000000 
71.000000000000000  0.000000000000000  0.000000000000000 
72.000000000000000  0.000000000000000  0.000000000000000 
73.000000000000000  0.000000000000000  0.000000000000000 
74.000000000000000  0.000000000000000  0.000000000000000 
75.000000000000000  0.000000000000000  0.000000000000000 
76.000000000000000  0.000000000000000  0.000000000000000 
77.000000000000000  0.000000000000000  0.000000000000000 
78.000000000000000  0.000000000000000  0.000000000000000 
79.000000000000000  0.000000000000000  0.000000000000000 
80.000000000000000  0.000000000000000  0.000000000000000 
81.000000000000000  0.000000000000000  0.000000000000000 
82.000000000000000  0.000000000000000  0.000000000000000 
83.000000000000000  0.000000000000000  0.000000000000000 
84.000000000000000  0.000000000000000  0.000000000000000 
85.000000000000000  0.000000000000000  0.000000000000000 
86.000000000000000  0.000000000000000  0.000000000000000 
87.000000000000000  0.000000000000000  0.000000000000000 
88.000000000000000  0.000000000000000  0.000000000000000 
89.000000000000000  0.000000000000000  0.000000000000000 
90.000000000000000  0.000000000000000  0.000000000000000 
91.000000000000000  0.000000000000000  0.000000000000000 
92.000000000000000  0.000000000000000  0.000000000000000 
93.000000000000000  0.000000000000000  0.000000000000000 
94.000000000000000  0.000000000000000  0.000000000000000 
95.000000000000000  0.000000000000000  0.000000000000000 
96.000000000000000  0.000000000000000  0.000000000000000 
97.000000000000000  0.000000000000000  0.000000000000000 
98.000000000000000  0.000000000000000  0.000000000000000 
99.000000000000000  0.000000000000000  0.000000000000000 
100.000000000000000  0.000000000000000  0.000000000000000 
101.000000000000000  0.000000000000000  0.000000000000000 
102.000000000000000  0.000000000000000  0.000000000000000 
103.000000000000000  0.000000000000000  0.000000000000000 
104.000000000000000  0.000000000000000  0.000000000000000 
105.000000000000000  0.000000000000000  0.000000000000000 
106.000000000000000  0.000000000000000  0.000000000000000 
107.000000000000000  0.000000000000000  0.000000000000000 
108.000000000000000  0.000000000000000  0.000000000000000 
109.000000000000000  0.000000000000000  0.000000000000000 
110.000000000000000  0.000000000000000  0.000000000000000 
111.000000000000000  0.000000000000000  0.000000000000000 
112.000000000000000  0.000000000000000  0.000000000000000 
113.000000000000000  0.000000000000000  0.000000000000000 
114.000000000000000  0.000000000000000  0.000000000000000 
115.000000000000000  0.000000000000000  0.000000000000000 
116.000000000000000  0.000000000000000  0.000000000000000 
117.000000000000000  0.000000000000000  0.000000000000000 
118.000000000000000  0.000000000000000  0.000000000000000 
119.000000000000000  0.000000000000000  0.000000000000000 
120.000000000000000  0.000000000000000  0.000000000000000 
121.000000000000000  0.000000000000000  0.000000000000000 
122.000000000000000  0.000000000000000  0.000000000000000 
123.000000000000000  0.000000000000000  0.000000000000000 
124.000000000000000  0.000000000000000  0.000000000000000 
125.000000000000000  0.000000000000000  0.000000000000000 
126.000000000000000  0.000000000000000  0.000000000000000 
127.000000000000000  0.000000000000000  0.000000000000000 
