 0.000000000000000 57.518591441843412 763.000000000000000 
 1.000000000000000 60.600229891038943 589.000000000000000 
 2.000000000000000 68.515056233770110 526.000000000000000 
 3.000000000000000 51.777294391924279 210.000000000000000 
 4.000000000000000 60.182274884423151 817.000000000000000 
 5.000000000000000 58.652588725963085 200.000000000000000 
 6.000000000000000 63.569644839666417 467.000000000000000 
 7.000000000000000 58.303548914988752 430.000000000000000 
 8.000000000000000 62.256403381870861 330.000000000000000 
 9.000000000000000 64.823374541286739 156.000000000000000 
10.000000000000000 62.811662247474615 534.000000000000000 
11.000000000000000 51.305097592329417 85.000000000000000 
12.000000000000000 63.359341123863189 102.000000000000000 
13.000000000000000 56.010446360531979 123.000000000000000 
14.000000000000000 55.318766675421699 83.000000000000000 
15.000000000000000 54.222806140964693 153.000000000000000 
16.000000000000000 45.485950685301951 206.000000000000000 
17.000000000000000 53.343577219212563 239.000000000000000 
18.000000000000000 59.785459476467324 424.000000000000000 
19.000000000000000 67.663339065529669 130.000000000000000 
20.000000000000000 61.623428219419807 250.000000000000000 
21.000000000000000 48.665332981721455 209.000000000000000 
22.000000000000000 57.273624162303172 95.000000000000000 
23.000000000000000 64.661080399591910 905.000000000000000 
24.000000000000000 62.946571947036396 140.000000000000000 
25.000000000000000 66.409475321266470 131.000000000000000 
26.000000000000000 69.973932684325717 742.000000000000000 
27.000000000000000 57.281632037120779 246.000000000000000 
28.000000000000000 54.741294205323648 265.000000000000000 
29.000000000000000 67.147077826489394 197.000000000000000 
30.000000000000000 50.899536523103770 156.000000000000000 
31.000000000000000 66.907671132945140 168.000000000000000 
32.000000000000000 53.465634413432966 90.000000000000000 
33.000000000000000 63.887351966741797 79.000000000000000 
34.000000000000000 51.127898742646941 130.000000000000000 
35.000000000000000 56.961093459226930 182.000000000000000 
36.000000000000000 69.792512696989291 211.000000000000000 
37.000000000000000 54.102653871551553 123.000000000000000 
38.000000000000000 60.584045000833164 1144.000000000000000 
39.000000000000000 62.316129416940242 413.000000000000000 
40.000000000000000 52.366486947678226 156.000000000000000 
41.000000000000000 65.781971064322903 202.000000000000000 
42.000000000000000 62.526358395789451 133.000000000000000 
43.000000000000000 71.722193053089057 238.000000000000000 
44.000000000000000 59.961230328695969 945.000000000000000 
45.000000000000000 59.946127454323069 350.000000000000000 
46.000000000000000 57.127019237308552 279.000000000000000 
47.000000000000000 68.515175510788580 223.000000000000000 
48.000000000000000 63.914364014726537 236.000000000000000 
49.000000000000000 59.859338354620441 569.000000000000000 
50.000000000000000 68.951109389637324 922.000000000000000 
51.000000000000000 61.699483760321144 163.000000000000000 
52.000000000000000 53.957653811363024 138.000000000000000 
53.000000000000000 74.371395862193424 183.000000000000000 
54.000000000000000 52.710869500147346 1043.000000000000000 
55.000000000000000 55.536001498490414 781.000000000000000 
56.000000000000000 58.650968397721371 157.000000000000000 
57.000000000000000 58.417070718490116 347.000000000000000 
58.000000000000000 69.366358133297126 276.000000000000000 
59.000000000000000 50.976253586789483 114.000000000000000 
60.000000000000000 67.296172502319365 238.000000000000000 
61.000000000000000 71.975913027683632 145.000000000000000 
62.000000000000000 54.948379354922110 113.000000000000000 
63.000000000000000 68.236494074457426 108.000000000000000 
64.000000000000000 68.392844890996173 495.000000000000000 
65.000000000000000 68.353810082884664 214.000000000000000 
66.000000000000000 45.428101748632834 67.000000000000000 
67.000000000000000 58.984413144608794 159.000000000000000 
68.000000000000000 50.343368556607004 258.000000000000000 
69.000000000000000 51.957061976803431 154.000000000000000 
70.000000000000000 54.793919114861332 254.000000000000000 
71.000000000000000 55.075510464026877 287.000000000000000 
72.000000000000000 62.071642983959073 942.000000000000000 
73.000000000000000 56.693672343064343 356.000000000000000 
74.000000000000000 47.665340723398977 108.000000000000000 
75.000000000000000 44.003873759697058 101.000000000000000 
76.000000000000000 33.125077014320006 45.000000000000000 
77.000000000000000 64.514975049151829 385.000000000000000 
78.000000000000000 56.647318341494149 302.000000000000000 
79.000000000000000 55.383308513875036 264.000000000000000 
80.000000000000000 45.155733899865211 305.000000000000000 
81.000000000000000 55.578809676819112 135.000000000000000 
82.000000000000000 46.696697876887448 368.000000000000000 
83.000000000000000 46.777606604039512 94.000000000000000 
84.000000000000000 41.367423751124328 74.000000000000000 
85.000000000000000 44.347130941250938 132.000000000000000 
86.000000000000000  0.000000000000000  0.000000000000000 
87.000000000000000  0.000000000000000  0.000000000000000 
88.000000000000000  0.000000000000000  0.000000000000000 
89.000000000000000  0.000000000000000  0.000000000000000 
90.000000000000000  0.000000000000000  0.000000000000000 
91.000000000000000  0.000000000000000  0.000000000000000 
92.000000000000000  0.000000000000000  0.000000000000000 
93.000000000000000  0.000000000000000  0.000000000000000 
94.000000000000000  0.000000000000000  0.000000000000000 
95.000000000000000  0.000000000000000  0.000000000000000 
96.000000000000000  0.000000000000000  0.000000000000000 
97.000000000000000  0.000000000000000  0.000000000000000 
98.000000000000000  0.000000000000000  0.000000000000000 
99.000000000000000  0.000000000000000  0.000000000000000 
100.000000000000000  0.000000000000000  0.000000000000000 
101.000000000000000  0.000000000000000  0.000000000000000 
102.000000000000000  0.000000000000000  0.000000000000000 
103.000000000000000  0.000000000000000  0.000000000000000 
104.000000000000000  0.000000000000000  0.000000000000000 
105.000000000000000  0.000000000000000  0.000000000000000 
106.000000000000000  0.000000000000000  0.000000000000000 
107.000000000000000  0.000000000000000  0.000000000000000 
108.000000000000000  0.000000000000000  0.000000000000000 
109.000000000000000  0.000000000000000  0.000000000000000 
110.000000000000000  0.000000000000000  0.000000000000000 
111.000000000000000  0.000000000000000  0.000000000000000 
112.000000000000000  0.000000000000000  0.000000000000000 
113.000000000000000  0.000000000000000  0.000000000000000 
114.000000000000000  0.000000000000000  0.000000000000000 
115.000000000000000  0.000000000000000  0.000000000000000 
116.000000000000000  0.000000000000000  0.000000000000000 
117.000000000000000  0.000000000000000  0.000000000000000 
118.000000000000000  0.000000000000000  0.000000000000000 
119.000000000000000  0.000000000000000  0.000000000000000 
120.000000000000000  0.000000000000000  0.000000000000000 
121.000000000000000  0.000000000000000  0.000000000000000 
122.000000000000000  0.000000000000000  0.000000000000000 
123.000000000000000  0.000000000000000  0.000000000000000 
124.000000000000000  0.000000000000000  0.000000000000000 
125.000000000000000  0.000000000000000  0.000000000000000 
126.000000000000000  0.000000000000000  0.000000000000000 
127.000000000000000  0.000000000000000  0.000000000000000 
