 0.000000000000000 120.672117913603103 1184.000000000000000 
 1.000000000000000 132.004774399913970 1445.000000000000000 
 2.000000000000000 162.653895057555673 898.000000000000000 
 3.000000000000000 160.945350236556664 272.000000000000000 
 4.000000000000000 132.724661486630851 842.000000000000000 
 5.000000000000000 155.471788903725297 350.000000000000000 
 6.000000000000000 153.091268231022326 743.000000000000000 
 7.000000000000000 90.254540916322384 1013.000000000000000 
 8.000000000000000 141.938521383718609 498.000000000000000 
 9.000000000000000 172.913838164342053 436.000000000000000 
10.000000000000000 165.603570169669297 976.000000000000000 
11.000000000000000 147.700988874961354 197.000000000000000 
12.000000000000000 163.485649295108544 227.000000000000000 
13.000000000000000 151.633623561933405 304.000000000000000 
14.000000000000000 147.542831254218385 196.000000000000000 
15.000000000000000 140.262806579760195 259.000000000000000 
16.000000000000000 174.753855062601588 755.000000000000000 
17.000000000000000 135.514763641089047 309.000000000000000 
18.000000000000000 145.495945335295431 551.000000000000000 
19.000000000000000 151.764394396683599 212.000000000000000 
20.000000000000000 168.328936611570867 639.000000000000000 
21.000000000000000 171.688733984977603 664.000000000000000 
22.000000000000000 156.226190554394378 224.000000000000000 
23.000000000000000 116.287613617318186 1479.000000000000000 
24.000000000000000 140.490353063402750 243.000000000000000 
25.000000000000000 165.264510745575592 247.000000000000000 
26.000000000000000 142.334557343250992 1258.000000000000000 
27.000000000000000 165.288373600911626 409.000000000000000 
28.000000000000000 154.711292014972287 582.000000000000000 
29.000000000000000 166.531221632940657 409.000000000000000 
30.000000000000000 158.784745095296273 388.000000000000000 
31.000000000000000 162.879371602829394 354.000000000000000 
32.000000000000000 138.576582670216055 198.000000000000000 
33.000000000000000 146.626359445115781 149.000000000000000 
34.000000000000000 138.575654100506483 199.000000000000000 
35.000000000000000 131.146554554466746 424.000000000000000 
36.000000000000000 137.327325310811432 267.000000000000000 
37.000000000000000 158.612730117578053 378.000000000000000 
38.000000000000000 118.125579177472858 1562.000000000000000 
39.000000000000000 138.509992824442065 595.000000000000000 
40.000000000000000 126.147228660421959 487.000000000000000 
41.000000000000000 134.631695951675283 413.000000000000000 
42.000000000000000 149.279641487170522 244.000000000000000 
43.000000000000000 166.806726110972988 392.000000000000000 
44.000000000000000 163.821038484224289 1790.000000000000000 
45.000000000000000 105.437363402989405 340.000000000000000 
46.000000000000000  0.000000000000000  0.000000000000000 
47.000000000000000  0.000000000000000  0.000000000000000 
48.000000000000000  0.000000000000000  0.000000000000000 
49.000000000000000  0.000000000000000  0.000000000000000 
50.000000000000000  0.000000000000000  0.000000000000000 
51.000000000000000  0.000000000000000  0.000000000000000 
52.000000000000000  0.000000000000000  0.000000000000000 
53.000000000000000  0.000000000000000  0.000000000000000 
54.000000000000000  0.000000000000000  0.000000000000000 
55.000000000000000  0.000000000000000  0.000000000000000 
56.000000000000000  0.000000000000000  0.000000000000000 
57.000000000000000  0.000000000000000  0.000000000000000 
58.000000000000000  0.000000000000000  0.000000000000000 
59.000000000000000  0.000000000000000  0.000000000000000 
60.000000000000000  0.000000000000000  0.000000000000000 
61.000000000000000  0.000000000000000  0.000000000000000 
62.000000000000000  0.000000000000000  0.000000000000000 
63.000000000000000  0.000000000000000  0.000000000000000 
64.000000000000000  0.000000000000000  0.000000000000000 
65.000000000000000  0.000000000000000  0.000000000000000 
66.000000000000000  0.000000000000000  0.000000000000000 
67.000000000000000  0.000000000000000  0.000000000000000 
68.000000000000000  0.000000000000000  0.000000000000000 
69.000000000000000  0.000000000000000  0.000000000000000 
70.000000000000000  0.000000000000000  0.000000000000000 
71.000000000000000  0.000000000000000  0.000000000000000 
72.000000000000000  0.000000000000000  0.000000000000000 
73.000000000000000  0.000000000000000  0.000000000000000 
74.000000000000000  0.000000000000000  0.000000000000000 
75.000000000000000  0.000000000000000  0.000000000000000 
76.000000000000000  0.000000000000000  0.000000000000000 
77.000000000000000  0.000000000000000  0.000000000000000 
78.000000000000000  0.000000000000000  0.000000000000000 
79.000000000000000  0.000000000000000  0.000000000000000 
80.000000000000000  0.000000000000000  0.000000000000000 
81.000000000000000  0.000000000000000  0.000000000000000 
82.000000000000000  0.000000000000000  0.000000000000000 
83.000000000000000  0.000000000000000  0.000000000000000 
84.000000000000000  0.000000000000000  0.000000000000000 
85.000000000000000  0.000000000000000  0.000000000000000 
86.000000000000000  0.000000000000000  0.000000000000000 
87.000000000000000  0.000000000000000  0.000000000000000 
88.000000000000000  0.000000000000000  0.000000000000000 
89.000000000000000  0.000000000000000  0.000000000000000 
90.000000000000000  0.000000000000000  0.000000000000000 
91.000000000000000  0.000000000000000  0.000000000000000 
92.000000000000000  0.000000000000000  0.000000000000000 
93.000000000000000  0.000000000000000  0.000000000000000 
94.000000000000000  0.000000000000000  0.000000000000000 
95.000000000000000  0.000000000000000  0.000000000000000 
96.000000000000000  0.000000000000000  0.000000000000000 
97.000000000000000  0.000000000000000  0.000000000000000 
98.000000000000000  0.000000000000000  0.000000000000000 
99.000000000000000  0.000000000000000  0.000000000000000 
100.000000000000000  0.000000000000000  0.000000000000000 
101.000000000000000  0.000000000000000  0.000000000000000 
102.000000000000000  0.000000000000000  0.000000000000000 
103.000000000000000  0.000000000000000  0.000000000000000 
104.000000000000000  0.000000000000000  0.000000000000000 
105.000000000000000  0.000000000000000  0.000000000000000 
106.000000000000000  0.000000000000000  0.000000000000000 
107.000000000000000  0.000000000000000  0.000000000000000 
108.000000000000000  0.000000000000000  0.000000000000000 
109.000000000000000  0.000000000000000  0.000000000000000 
110.000000000000000  0.000000000000000  0.000000000000000 
111.000000000000000  0.000000000000000  0.000000000000000 
112.000000000000000  0.000000000000000  0.000000000000000 
113.000000000000000  0.000000000000000  0.000000000000000 
114.000000000000000  0.000000000000000  0.000000000000000 
115.000000000000000  0.000000000000000  0.000000000000000 
116.000000000000000  0.000000000000000  0.000000000000000 
117.000000000000000  0.000000000000000  0.000000000000000 
118.000000000000000  0.000000000000000  0.000000000000000 
119.000000000000000  0.000000000000000  0.000000000000000 
120.000000000000000  0.000000000000000  0.000000000000000 
121.000000000000000  0.000000000000000  0.000000000000000 
122.000000000000000  0.000000000000000  0.000000000000000 
123.000000000000000  0.000000000000000  0.000000000000000 
124.000000000000000  0.000000000000000  0.000000000000000 
125.000000000000000  0.000000000000000  0.000000000000000 
126.000000000000000  0.000000000000000  0.000000000000000 
127.000000000000000  0.000000000000000  0.000000000000000 
