 0.000000000000000 48.238590530657255 663.000000000000000 
 1.000000000000000 51.827020342274196 458.000000000000000 
 2.000000000000000 58.979297001289879 466.000000000000000 
 3.000000000000000 51.085324184880328 208.000000000000000 
 4.000000000000000 46.673341544482518 737.000000000000000 
 5.000000000000000 57.239724189233883 192.000000000000000 
 6.000000000000000 64.801252550693036 541.000000000000000 
 7.000000000000000 48.935664154644542 357.000000000000000 
 8.000000000000000 68.450588231545780 350.000000000000000 
 9.000000000000000 58.253771938661664 138.000000000000000 
10.000000000000000 61.595941959773910 529.000000000000000 
11.000000000000000 39.341930786448486 66.000000000000000 
12.000000000000000 49.250120409709552 90.000000000000000 
13.000000000000000 46.708807433193996 108.000000000000000 
14.000000000000000 52.991962961481477 81.000000000000000 
15.000000000000000 47.570722257563332 131.000000000000000 
16.000000000000000 43.109748058440076 204.000000000000000 
17.000000000000000 46.892247976782130 218.000000000000000 
18.000000000000000 58.411933337846456 428.000000000000000 
19.000000000000000 60.649119484659806 127.000000000000000 
20.000000000000000 59.618454324939044 257.000000000000000 
21.000000000000000 44.837014451238133 196.000000000000000 
22.000000000000000 57.273624162303157 95.000000000000000 
23.000000000000000 58.305101575747486 824.000000000000000 
24.000000000000000 62.460538334479303 140.000000000000000 
25.000000000000000 54.002811132263169 124.000000000000000 
26.000000000000000 65.424096271863121 695.000000000000000 
27.000000000000000 54.718849386671117 239.000000000000000 
28.000000000000000 61.867835262501622 324.000000000000000 
29.000000000000000 64.687969883006858 194.000000000000000 
30.000000000000000 50.570353745633227 146.000000000000000 
31.000000000000000 66.176586069379297 164.000000000000000 
32.000000000000000 48.461286343715081 83.000000000000000 
33.000000000000000 60.776395205801364 74.000000000000000 
34.000000000000000 49.101734175538567 127.000000000000000 
35.000000000000000 50.240868115487807 166.000000000000000 
36.000000000000000 57.464461133223935 170.000000000000000 
37.000000000000000 46.177138173058729 108.000000000000000 
38.000000000000000 46.736449640984766 966.000000000000000 
39.000000000000000 60.764731339844872 389.000000000000000 
40.000000000000000 41.224934190033849 130.000000000000000 
41.000000000000000 58.368099512530584 235.000000000000000 
42.000000000000000 60.646638913828113 128.000000000000000 
43.000000000000000 58.552928589648722 201.000000000000000 
44.000000000000000 52.966583571913006 710.000000000000000 
45.000000000000000 60.500041952632955 351.000000000000000 
46.000000000000000 49.026273374403317 222.000000000000000 
47.000000000000000 61.257033644699206 210.000000000000000 
48.000000000000000 45.195851178853289 186.000000000000000 
49.000000000000000 59.519918702869134 583.000000000000000 
50.000000000000000 52.988418224468631 736.000000000000000 
51.000000000000000 59.795352835983870 161.000000000000000 
52.000000000000000 48.489022751135899 131.000000000000000 
53.000000000000000 49.629544768215020 160.000000000000000 
54.000000000000000 37.327190995450792 838.000000000000000 
55.000000000000000 34.863734787841956 562.000000000000000 
56.000000000000000 60.267182825232950 158.000000000000000 
57.000000000000000 53.602199701050502 301.000000000000000 
58.000000000000000 65.837256868871904 261.000000000000000 
59.000000000000000 53.361164417666664 114.000000000000000 
60.000000000000000 43.626974746282450 188.000000000000000 
61.000000000000000 64.489549525551368 135.000000000000000 
62.000000000000000 53.525204043750030 112.000000000000000 
63.000000000000000 62.105838620892783 97.000000000000000 
64.000000000000000 49.861110213257511 448.000000000000000 
65.000000000000000 45.028562747616235 176.000000000000000 
66.000000000000000 44.684824143157563 66.000000000000000 
67.000000000000000 55.481611208339615 149.000000000000000 
68.000000000000000 41.922878608880900 217.000000000000000 
69.000000000000000 55.361469821264294 173.000000000000000 
70.000000000000000 49.524770729516767 273.000000000000000 
71.000000000000000 57.598438270643570 305.000000000000000 
72.000000000000000 50.981740991614906 854.000000000000000 
73.000000000000000 50.886073563273825 372.000000000000000 
74.000000000000000 38.203854269904909 90.000000000000000 
75.000000000000000 44.115372680302947 102.000000000000000 
76.000000000000000 30.458895439342861 42.000000000000000 
77.000000000000000 56.467210455016229 325.000000000000000 
78.000000000000000 48.339273266095013 261.000000000000000 
79.000000000000000 47.780793449225989 246.000000000000000 
80.000000000000000 47.747649455693406 324.000000000000000 
81.000000000000000 55.269337884655961 134.000000000000000 
82.000000000000000 43.761579048871099 353.000000000000000 
83.000000000000000 48.567988648989413 99.000000000000000 
84.000000000000000 41.765356377742840 77.000000000000000 
85.000000000000000 43.260869518155616 135.000000000000000 
86.000000000000000 46.484092914670093 97.000000000000000 
87.000000000000000 40.822550105114658 95.000000000000000 
88.000000000000000 46.904332053210766 223.000000000000000 
89.000000000000000 37.400336446976411 109.000000000000000 
90.000000000000000 50.073873669819569 887.000000000000000 
91.000000000000000 45.932451961349003 716.000000000000000 
92.000000000000000 44.660825447313762 170.000000000000000 
93.000000000000000  0.000000000000000  0.000000000000000 
94.000000000000000  0.000000000000000  0.000000000000000 
95.000000000000000  0.000000000000000  0.000000000000000 
96.000000000000000  0.000000000000000  0.000000000000000 
97.000000000000000  0.000000000000000  0.000000000000000 
98.000000000000000  0.000000000000000  0.000000000000000 
99.000000000000000  0.000000000000000  0.000000000000000 
100.000000000000000  0.000000000000000  0.000000000000000 
101.000000000000000  0.000000000000000  0.000000000000000 
102.000000000000000  0.000000000000000  0.000000000000000 
103.000000000000000  0.000000000000000  0.000000000000000 
104.000000000000000  0.000000000000000  0.000000000000000 
105.000000000000000  0.000000000000000  0.000000000000000 
106.000000000000000  0.000000000000000  0.000000000000000 
107.000000000000000  0.000000000000000  0.000000000000000 
108.000000000000000  0.000000000000000  0.000000000000000 
109.000000000000000  0.000000000000000  0.000000000000000 
110.000000000000000  0.000000000000000  0.000000000000000 
111.000000000000000  0.000000000000000  0.000000000000000 
112.000000000000000  0.000000000000000  0.000000000000000 
113.000000000000000  0.000000000000000  0.000000000000000 
114.000000000000000  0.000000000000000  0.000000000000000 
115.000000000000000  0.000000000000000  0.000000000000000 
116.000000000000000  0.000000000000000  0.000000000000000 
117.000000000000000  0.000000000000000  0.000000000000000 
118.000000000000000  0.000000000000000  0.000000000000000 
119.000000000000000  0.000000000000000  0.000000000000000 
120.000000000000000  0.000000000000000  0.000000000000000 
121.000000000000000  0.000000000000000  0.000000000000000 
122.000000000000000  0.000000000000000  0.000000000000000 
123.000000000000000  0.000000000000000  0.000000000000000 
124.000000000000000  0.000000000000000  0.000000000000000 
125.000000000000000  0.000000000000000  0.000000000000000 
126.000000000000000  0.000000000000000  0.000000000000000 
127.000000000000000  0.000000000000000  0.000000000000000 
