 0.000000000000000 91.925399944898473 916.000000000000000 
 1.000000000000000 106.040878007593321 1127.000000000000000 
 2.000000000000000 131.566943564654594 747.000000000000000 
 3.000000000000000 129.425136081138334 222.000000000000000 
 4.000000000000000 118.975501089923924 811.000000000000000 
 5.000000000000000 128.465876839670642 319.000000000000000 
 6.000000000000000 106.403835720302524 562.000000000000000 
 7.000000000000000 102.144285626146953 943.000000000000000 
 8.000000000000000 121.000014771437918 390.000000000000000 
 9.000000000000000 132.424205658112328 252.000000000000000 
10.000000000000000 123.576241036963211 760.000000000000000 
11.000000000000000 136.068155064352169 184.000000000000000 
12.000000000000000 139.487210498156429 200.000000000000000 
13.000000000000000 138.651593283162697 282.000000000000000 
14.000000000000000 135.160778386942013 188.000000000000000 
15.000000000000000 149.054612587193901 264.000000000000000 
16.000000000000000 112.131795231491353 443.000000000000000 
17.000000000000000 114.493374614163173 401.000000000000000 
18.000000000000000 121.631629510066276 500.000000000000000 
19.000000000000000 122.925585393392822 200.000000000000000 
20.000000000000000 138.405328932788279 555.000000000000000 
21.000000000000000 139.151840677346684 533.000000000000000 
22.000000000000000 110.991734317758414 173.000000000000000 
23.000000000000000 94.655745023412450 1353.000000000000000 
24.000000000000000 114.335480296970275 232.000000000000000 
25.000000000000000 128.909854061914331 238.000000000000000 
26.000000000000000 124.725650905407960 1168.000000000000000 
27.000000000000000 113.246900039859270 354.000000000000000 
28.000000000000000 129.744608057332670 510.000000000000000 
29.000000000000000 119.616950596763857 243.000000000000000 
30.000000000000000 129.213804431169393 381.000000000000000 
31.000000000000000 124.586810611163671 276.000000000000000 
32.000000000000000 127.933562588206328 191.000000000000000 
33.000000000000000 108.882619720097551 111.000000000000000 
34.000000000000000 111.550435438909446 179.000000000000000 
35.000000000000000 112.040919581387584 339.000000000000000 
36.000000000000000 113.829187468346475 229.000000000000000 
37.000000000000000 141.620494742361785 337.000000000000000 
38.000000000000000 114.067434611080728 1589.000000000000000 
39.000000000000000 108.620562442645650 575.000000000000000 
40.000000000000000 131.431141320617598 472.000000000000000 
41.000000000000000 115.479605943672951 350.000000000000000 
42.000000000000000 105.505610957627155 177.000000000000000 
43.000000000000000 140.664033993168033 359.000000000000000 
44.000000000000000 80.893763709494536 1118.000000000000000 
45.000000000000000 111.513967171905136 373.000000000000000 
46.000000000000000 97.220086788556117 452.000000000000000 
47.000000000000000 105.746215400996618 211.000000000000000 
48.000000000000000 110.612825723143928 411.000000000000000 
49.000000000000000 118.699233654596156 785.000000000000000 
50.000000000000000 148.505256274514124 1656.000000000000000 
51.000000000000000 96.956329624457794 184.000000000000000 
52.000000000000000 86.748054284665301 176.000000000000000 
53.000000000000000  0.000000000000000  0.000000000000000 
54.000000000000000  0.000000000000000  0.000000000000000 
55.000000000000000  0.000000000000000  0.000000000000000 
56.000000000000000  0.000000000000000  0.000000000000000 
57.000000000000000  0.000000000000000  0.000000000000000 
58.000000000000000  0.000000000000000  0.000000000000000 
59.000000000000000  0.000000000000000  0.000000000000000 
60.000000000000000  0.000000000000000  0.000000000000000 
61.000000000000000  0.000000000000000  0.000000000000000 
62.000000000000000  0.000000000000000  0.000000000000000 
63.000000000000000  0.000000000000000  0.000000000000000 
64.000000000000000  0.000000000000000  0.000000000000000 
65.000000000000000  0.000000000000000  0.000000000000000 
66.000000000000000  0.000000000000000  0.000000000000000 
67.000000000000000  0.000000000000000  0.000000000000000 
68.000000000000000  0.000000000000000  0.000000000000000 
69.000000000000000  0.000000000000000  0.000000000000000 
70.000000000000000  0.000000000000000  0.000000000000000 
71.000000000000000  0.000000000000000  0.000000000000000 
72.000000000000000  0.000000000000000  0.000000000000000 
73.000000000000000  0.000000000000000  0.000000000000000 
74.000000000000000  0.000000000000000  0.000000000000000 
75.000000000000000  0.000000000000000  0.000000000000000 
76.000000000000000  0.000000000000000  0.000000000000000 
77.000000000000000  0.000000000000000  0.000000000000000 
78.000000000000000  0.000000000000000  0.000000000000000 
79.000000000000000  0.000000000000000  0.000000000000000 
80.000000000000000  0.000000000000000  0.000000000000000 
81.000000000000000  0.000000000000000  0.000000000000000 
82.000000000000000  0.000000000000000  0.000000000000000 
83.000000000000000  0.000000000000000  0.000000000000000 
84.000000000000000  0.000000000000000  0.000000000000000 
85.000000000000000  0.000000000000000  0.000000000000000 
86.000000000000000  0.000000000000000  0.000000000000000 
87.000000000000000  0.000000000000000  0.000000000000000 
88.000000000000000  0.000000000000000  0.000000000000000 
89.000000000000000  0.000000000000000  0.000000000000000 
90.000000000000000  0.000000000000000  0.000000000000000 
91.000000000000000  0.000000000000000  0.000000000000000 
92.000000000000000  0.000000000000000  0.000000000000000 
93.000000000000000  0.000000000000000  0.000000000000000 
94.000000000000000  0.000000000000000  0.000000000000000 
95.000000000000000  0.000000000000000  0.000000000000000 
96.000000000000000  0.000000000000000  0.000000000000000 
97.000000000000000  0.000000000000000  0.000000000000000 
98.000000000000000  0.000000000000000  0.000000000000000 
99.000000000000000  0.000000000000000  0.000000000000000 
100.000000000000000  0.000000000000000  0.000000000000000 
101.000000000000000  0.000000000000000  0.000000000000000 
102.000000000000000  0.000000000000000  0.000000000000000 
103.000000000000000  0.000000000000000  0.000000000000000 
104.000000000000000  0.000000000000000  0.000000000000000 
105.000000000000000  0.000000000000000  0.000000000000000 
106.000000000000000  0.000000000000000  0.000000000000000 
107.000000000000000  0.000000000000000  0.000000000000000 
108.000000000000000  0.000000000000000  0.000000000000000 
109.000000000000000  0.000000000000000  0.000000000000000 
110.000000000000000  0.000000000000000  0.000000000000000 
111.000000000000000  0.000000000000000  0.000000000000000 
112.000000000000000  0.000000000000000  0.000000000000000 
113.000000000000000  0.000000000000000  0.000000000000000 
114.000000000000000  0.000000000000000  0.000000000000000 
115.000000000000000  0.000000000000000  0.000000000000000 
116.000000000000000  0.000000000000000  0.000000000000000 
117.000000000000000  0.000000000000000  0.000000000000000 
118.000000000000000  0.000000000000000  0.000000000000000 
119.000000000000000  0.000000000000000  0.000000000000000 
120.000000000000000  0.000000000000000  0.000000000000000 
121.000000000000000  0.000000000000000  0.000000000000000 
122.000000000000000  0.000000000000000  0.000000000000000 
123.000000000000000  0.000000000000000  0.000000000000000 
124.000000000000000  0.000000000000000  0.000000000000000 
125.000000000000000  0.000000000000000  0.000000000000000 
126.000000000000000  0.000000000000000  0.000000000000000 
127.000000000000000  0.000000000000000  0.000000000000000 
