 0.000000000000000 86.012536300082104 780.000000000000000 
 1.000000000000000 79.081528444928622 676.000000000000000 
 2.000000000000000 100.158361708037276 560.000000000000000 
 3.000000000000000 87.127061139155728 226.000000000000000 
 4.000000000000000 72.182061136352715 882.000000000000000 
 5.000000000000000 96.150854457815896 248.000000000000000 
 6.000000000000000 89.615491080595888 593.000000000000000 
 7.000000000000000 83.973305021163014 677.000000000000000 
 8.000000000000000 84.338200615815893 280.000000000000000 
 9.000000000000000 79.932907236392751 180.000000000000000 
10.000000000000000 98.911022312716838 620.000000000000000 
11.000000000000000 88.957019942549977 120.000000000000000 
12.000000000000000 76.599315816153805 111.000000000000000 
13.000000000000000 85.920336189270728 183.000000000000000 
14.000000000000000 89.355019883521123 142.000000000000000 
15.000000000000000 92.921708295843104 184.000000000000000 
16.000000000000000 83.030356505221064 309.000000000000000 
17.000000000000000 77.982238756736521 304.000000000000000 
18.000000000000000 89.512029705892260 448.000000000000000 
19.000000000000000 85.723053673699766 143.000000000000000 
20.000000000000000 82.850214166259903 319.000000000000000 
21.000000000000000 73.322857980697961 362.000000000000000 
22.000000000000000 97.117024039410794 145.000000000000000 
23.000000000000000 63.855279682387000 919.000000000000000 
24.000000000000000 86.579816685020120 173.000000000000000 
25.000000000000000 72.779963078180657 137.000000000000000 
26.000000000000000 94.787598665312856 861.000000000000000 
27.000000000000000 80.948415656525583 293.000000000000000 
28.000000000000000 76.194781612902020 357.000000000000000 
29.000000000000000 83.800696618568224 228.000000000000000 
30.000000000000000 91.969342867632989 286.000000000000000 
31.000000000000000 91.886425330616817 222.000000000000000 
32.000000000000000 78.235291065797952 125.000000000000000 
33.000000000000000 77.283129186144578 83.000000000000000 
34.000000000000000 75.640633279600010 174.000000000000000 
35.000000000000000 67.439992013959895 204.000000000000000 
36.000000000000000 85.909575507330018 243.000000000000000 
37.000000000000000 92.915542118397994 235.000000000000000 
38.000000000000000 85.794246184204397 1365.000000000000000 
39.000000000000000 97.336199259247906 571.000000000000000 
40.000000000000000 83.235198490230346 310.000000000000000 
41.000000000000000 85.517689578696533 275.000000000000000 
42.000000000000000 81.137130996470560 153.000000000000000 
43.000000000000000 85.724145446443956 300.000000000000000 
44.000000000000000 82.826320256969765 1219.000000000000000 
45.000000000000000 68.901177526365927 367.000000000000000 
46.000000000000000 73.952681265129812 385.000000000000000 
47.000000000000000 81.369101270083078 241.000000000000000 
48.000000000000000 88.742112320142567 322.000000000000000 
49.000000000000000 87.204188793330701 640.000000000000000 
50.000000000000000 93.778928091671958 1146.000000000000000 
51.000000000000000 73.184895808644058 155.000000000000000 
52.000000000000000 71.004547157233944 171.000000000000000 
53.000000000000000 73.519887450886515 151.000000000000000 
54.000000000000000 82.519950284929180 1241.000000000000000 
55.000000000000000 70.767810256636764 958.000000000000000 
56.000000000000000 83.101528159795222 212.000000000000000 
57.000000000000000 72.738060141181123 447.000000000000000 
58.000000000000000 73.778502548857276 275.000000000000000 
59.000000000000000 66.489559814718547 124.000000000000000 
60.000000000000000 78.994935186996528 268.000000000000000 
61.000000000000000 72.461860527095439 142.000000000000000 
62.000000000000000 66.092250439574769 127.000000000000000 
63.000000000000000 79.078764485169046 126.000000000000000 
64.000000000000000 69.604227302225439 489.000000000000000 
65.000000000000000 91.229852963393739 290.000000000000000 
66.000000000000000 62.460681554387016 77.000000000000000 
67.000000000000000 58.744766244402015 148.000000000000000 
68.000000000000000 63.853205839476459 274.000000000000000 
69.000000000000000  0.000000000000000  0.000000000000000 
70.000000000000000  0.000000000000000  0.000000000000000 
71.000000000000000  0.000000000000000  0.000000000000000 
72.000000000000000  0.000000000000000  0.000000000000000 
73.000000000000000  0.000000000000000  0.000000000000000 
74.000000000000000  0.000000000000000  0.000000000000000 
75.000000000000000  0.000000000000000  0.000000000000000 
76.000000000000000  0.000000000000000  0.000000000000000 
77.000000000000000  0.000000000000000  0.000000000000000 
78.000000000000000  0.000000000000000  0.000000000000000 
79.000000000000000  0.000000000000000  0.000000000000000 
80.000000000000000  0.000000000000000  0.000000000000000 
81.000000000000000  0.000000000000000  0.000000000000000 
82.000000000000000  0.000000000000000  0.000000000000000 
83.000000000000000  0.000000000000000  0.000000000000000 
84.000000000000000  0.000000000000000  0.000000000000000 
85.000000000000000  0.000000000000000  0.000000000000000 
86.000000000000000  0.000000000000000  0.000000000000000 
87.000000000000000  0.000000000000000  0.000000000000000 
88.000000000000000  0.000000000000000  0.000000000000000 
89.000000000000000  0.000000000000000  0.000000000000000 
90.000000000000000  0.000000000000000  0.000000000000000 
91.000000000000000  0.000000000000000  0.000000000000000 
92.000000000000000  0.000000000000000  0.000000000000000 
93.000000000000000  0.000000000000000  0.000000000000000 
94.000000000000000  0.000000000000000  0.000000000000000 
95.000000000000000  0.000000000000000  0.000000000000000 
96.000000000000000  0.000000000000000  0.000000000000000 
97.000000000000000  0.000000000000000  0.000000000000000 
98.000000000000000  0.000000000000000  0.000000000000000 
99.000000000000000  0.000000000000000  0.000000000000000 
100.000000000000000  0.000000000000000  0.000000000000000 
101.000000000000000  0.000000000000000  0.000000000000000 
102.000000000000000  0.000000000000000  0.000000000000000 
103.000000000000000  0.000000000000000  0.000000000000000 
104.000000000000000  0.000000000000000  0.000000000000000 
105.000000000000000  0.000000000000000  0.000000000000000 
106.000000000000000  0.000000000000000  0.000000000000000 
107.000000000000000  0.000000000000000  0.000000000000000 
108.000000000000000  0.000000000000000  0.000000000000000 
109.000000000000000  0.000000000000000  0.000000000000000 
110.000000000000000  0.000000000000000  0.000000000000000 
111.000000000000000  0.000000000000000  0.000000000000000 
112.000000000000000  0.000000000000000  0.000000000000000 
113.000000000000000  0.000000000000000  0.000000000000000 
114.000000000000000  0.000000000000000  0.000000000000000 
115.000000000000000  0.000000000000000  0.000000000000000 
116.000000000000000  0.000000000000000  0.000000000000000 
117.000000000000000  0.000000000000000  0.000000000000000 
118.000000000000000  0.000000000000000  0.000000000000000 
119.000000000000000  0.000000000000000  0.000000000000000 
120.000000000000000  0.000000000000000  0.000000000000000 
121.000000000000000  0.000000000000000  0.000000000000000 
122.000000000000000  0.000000000000000  0.000000000000000 
123.000000000000000  0.000000000000000  0.000000000000000 
124.000000000000000  0.000000000000000  0.000000000000000 
125.000000000000000  0.000000000000000  0.000000000000000 
126.000000000000000  0.000000000000000  0.000000000000000 
127.000000000000000  0.000000000000000  0.000000000000000 
