 0.000000000000000 137.214091288870179 1628.000000000000000 
 1.000000000000000 126.898503038504046 1377.000000000000000 
 2.000000000000000 162.893945540602090 941.000000000000000 
 3.000000000000000 169.255922190909047 287.000000000000000 
 4.000000000000000 142.394990517834117 915.000000000000000 
 5.000000000000000 156.413238918232139 350.000000000000000 
 6.000000000000000 162.470042174255354 763.000000000000000 
 7.000000000000000 134.315880815284885 1275.000000000000000 
 8.000000000000000 151.939415461168011 552.000000000000000 
 9.000000000000000 177.736445903569319 445.000000000000000 
10.000000000000000 168.193413486110813 967.000000000000000 
11.000000000000000 151.845057563980248 202.000000000000000 
12.000000000000000 171.427364597893899 233.000000000000000 
13.000000000000000 145.820753554496235 295.000000000000000 
14.000000000000000 155.010288185222208 207.000000000000000 
15.000000000000000 150.441475507737636 278.000000000000000 
16.000000000000000 174.461531193410963 799.000000000000000 
17.000000000000000 152.968772974303619 342.000000000000000 
18.000000000000000 165.038275106910334 620.000000000000000 
19.000000000000000 145.762459427799371 206.000000000000000 
20.000000000000000 177.535010992994899 622.000000000000000 
21.000000000000000 187.362084813800152 707.000000000000000 
22.000000000000000 155.070004164809859 223.000000000000000 
23.000000000000000 127.020726903922110 1585.000000000000000 
24.000000000000000 150.012520574871672 255.000000000000000 
25.000000000000000 176.632774870416853 256.000000000000000 
26.000000000000000 164.760785489083503 1442.000000000000000 
27.000000000000000 168.550825015732272 431.000000000000000 
28.000000000000000 175.909965391369639 632.000000000000000 
29.000000000000000 183.179936434389447 452.000000000000000 
30.000000000000000 169.558132949763092 397.000000000000000 
31.000000000000000 162.668074988640910 342.000000000000000 
32.000000000000000 145.184103352371437 203.000000000000000 
33.000000000000000 149.719818479637695 151.000000000000000 
34.000000000000000 145.420498821767410 208.000000000000000 
35.000000000000000 184.652713494258109 550.000000000000000 
36.000000000000000 158.347856582303251 322.000000000000000 
37.000000000000000 147.671597396328451 352.000000000000000 
38.000000000000000 196.661565782819025 2114.000000000000000 
39.000000000000000 138.879547300353806 619.000000000000000 
40.000000000000000 146.483806993520858 435.000000000000000 
41.000000000000000 135.842082136064334 420.000000000000000 
42.000000000000000 153.013516789347705 249.000000000000000 
43.000000000000000 113.200012540549963 352.000000000000000 
44.000000000000000  0.000000000000000  0.000000000000000 
45.000000000000000  0.000000000000000  0.000000000000000 
46.000000000000000  0.000000000000000  0.000000000000000 
47.000000000000000  0.000000000000000  0.000000000000000 
48.000000000000000  0.000000000000000  0.000000000000000 
49.000000000000000  0.000000000000000  0.000000000000000 
50.000000000000000  0.000000000000000  0.000000000000000 
51.000000000000000  0.000000000000000  0.000000000000000 
52.000000000000000  0.000000000000000  0.000000000000000 
53.000000000000000  0.000000000000000  0.000000000000000 
54.000000000000000  0.000000000000000  0.000000000000000 
55.000000000000000  0.000000000000000  0.000000000000000 
56.000000000000000  0.000000000000000  0.000000000000000 
57.000000000000000  0.000000000000000  0.000000000000000 
58.000000000000000  0.000000000000000  0.000000000000000 
59.000000000000000  0.000000000000000  0.000000000000000 
60.000000000000000  0.000000000000000  0.000000000000000 
61.000000000000000  0.000000000000000  0.000000000000000 
62.000000000000000  0.000000000000000  0.000000000000000 
63.000000000000000  0.000000000000000  0.000000000000000 
64.000000000000000  0.000000000000000  0.000000000000000 
65.000000000000000  0.000000000000000  0.000000000000000 
66.000000000000000  0.000000000000000  0.000000000000000 
67.000000000000000  0.000000000000000  0.000000000000000 
68.000000000000000  0.000000000000000  0.000000000000000 
69.000000000000000  0.000000000000000  0.000000000000000 
70.000000000000000  0.000000000000000  0.000000000000000 
71.000000000000000  0.000000000000000  0.000000000000000 
72.000000000000000  0.000000000000000  0.000000000000000 
73.000000000000000  0.000000000000000  0.000000000000000 
74.000000000000000  0.000000000000000  0.000000000000000 
75.000000000000000  0.000000000000000  0.000000000000000 
76.000000000000000  0.000000000000000  0.000000000000000 
77.000000000000000  0.000000000000000  0.000000000000000 
78.000000000000000  0.000000000000000  0.000000000000000 
79.000000000000000  0.000000000000000  0.000000000000000 
80.000000000000000  0.000000000000000  0.000000000000000 
81.000000000000000  0.000000000000000  0.000000000000000 
82.000000000000000  0.000000000000000  0.000000000000000 
83.000000000000000  0.000000000000000  0.000000000000000 
84.000000000000000  0.000000000000000  0.000000000000000 
85.000000000000000  0.000000000000000  0.000000000000000 
86.000000000000000  0.000000000000000  0.000000000000000 
87.000000000000000  0.000000000000000  0.000000000000000 
88.000000000000000  0.000000000000000  0.000000000000000 
89.000000000000000  0.000000000000000  0.000000000000000 
90.000000000000000  0.000000000000000  0.000000000000000 
91.000000000000000  0.000000000000000  0.000000000000000 
92.000000000000000  0.000000000000000  0.000000000000000 
93.000000000000000  0.000000000000000  0.000000000000000 
94.000000000000000  0.000000000000000  0.000000000000000 
95.000000000000000  0.000000000000000  0.000000000000000 
96.000000000000000  0.000000000000000  0.000000000000000 
97.000000000000000  0.000000000000000  0.000000000000000 
98.000000000000000  0.000000000000000  0.000000000000000 
99.000000000000000  0.000000000000000  0.000000000000000 
100.000000000000000  0.000000000000000  0.000000000000000 
101.000000000000000  0.000000000000000  0.000000000000000 
102.000000000000000  0.000000000000000  0.000000000000000 
103.000000000000000  0.000000000000000  0.000000000000000 
104.000000000000000  0.000000000000000  0.000000000000000 
105.000000000000000  0.000000000000000  0.000000000000000 
106.000000000000000  0.000000000000000  0.000000000000000 
107.000000000000000  0.000000000000000  0.000000000000000 
108.000000000000000  0.000000000000000  0.000000000000000 
109.000000000000000  0.000000000000000  0.000000000000000 
110.000000000000000  0.000000000000000  0.000000000000000 
111.000000000000000  0.000000000000000  0.000000000000000 
112.000000000000000  0.000000000000000  0.000000000000000 
113.000000000000000  0.000000000000000  0.000000000000000 
114.000000000000000  0.000000000000000  0.000000000000000 
115.000000000000000  0.000000000000000  0.000000000000000 
116.000000000000000  0.000000000000000  0.000000000000000 
117.000000000000000  0.000000000000000  0.000000000000000 
118.000000000000000  0.000000000000000  0.000000000000000 
119.000000000000000  0.000000000000000  0.000000000000000 
120.000000000000000  0.000000000000000  0.000000000000000 
121.000000000000000  0.000000000000000  0.000000000000000 
122.000000000000000  0.000000000000000  0.000000000000000 
123.000000000000000  0.000000000000000  0.000000000000000 
124.000000000000000  0.000000000000000  0.000000000000000 
125.000000000000000  0.000000000000000  0.000000000000000 
126.000000000000000  0.000000000000000  0.000000000000000 
127.000000000000000  0.000000000000000  0.000000000000000 
