 0.000000000000000 84.399810298444208 767.000000000000000 
 1.000000000000000 74.899585755615135 667.000000000000000 
 2.000000000000000 76.716042892253157 554.000000000000000 
 3.000000000000000 74.629820800227918 229.000000000000000 
 4.000000000000000 69.834248966633965 884.000000000000000 
 5.000000000000000 83.279642404617618 248.000000000000000 
 6.000000000000000 84.854027160605327 567.000000000000000 
 7.000000000000000 79.334707314940559 645.000000000000000 
 8.000000000000000 86.861246241530566 314.000000000000000 
 9.000000000000000 76.155879548530393 173.000000000000000 
10.000000000000000 84.754387181503731 562.000000000000000 
11.000000000000000 88.636119312712822 111.000000000000000 
12.000000000000000 86.458736496054186 130.000000000000000 
13.000000000000000 80.690040829663289 173.000000000000000 
14.000000000000000 88.685144264538962 141.000000000000000 
15.000000000000000 92.747689535839527 193.000000000000000 
16.000000000000000 81.590771162744005 305.000000000000000 
17.000000000000000 76.265474972251113 305.000000000000000 
18.000000000000000 86.065189960556850 434.000000000000000 
19.000000000000000 70.372666904365957 134.000000000000000 
20.000000000000000 82.253017822767333 334.000000000000000 
21.000000000000000 75.189916144770564 361.000000000000000 
22.000000000000000 86.298519060058169 141.000000000000000 
23.000000000000000 57.733250026350568 872.000000000000000 
24.000000000000000 84.474416743650380 170.000000000000000 
25.000000000000000 76.860031162490529 145.000000000000000 
26.000000000000000 85.141473221812518 839.000000000000000 
27.000000000000000 78.792882511901198 288.000000000000000 
28.000000000000000 77.526928643167835 382.000000000000000 
29.000000000000000 82.500431439995467 226.000000000000000 
30.000000000000000 89.406631084826387 291.000000000000000 
31.000000000000000 81.315672144955499 193.000000000000000 
32.000000000000000 78.726555910790310 125.000000000000000 
33.000000000000000 78.621219612555947 84.000000000000000 
34.000000000000000 72.960932254978431 167.000000000000000 
35.000000000000000 67.284853498877709 208.000000000000000 
36.000000000000000 78.632101189059256 224.000000000000000 
37.000000000000000 87.806665921891309 233.000000000000000 
38.000000000000000 84.210714244507969 1357.000000000000000 
39.000000000000000 90.312563352287938 542.000000000000000 
40.000000000000000 80.756361427581609 300.000000000000000 
41.000000000000000 74.969172346693313 246.000000000000000 
42.000000000000000 83.516035191409429 149.000000000000000 
43.000000000000000 76.204083474481180 277.000000000000000 
44.000000000000000 79.397386809297657 1178.000000000000000 
45.000000000000000 70.967959473542393 381.000000000000000 
46.000000000000000 74.456873117622820 387.000000000000000 
47.000000000000000 81.228678665713431 242.000000000000000 
48.000000000000000 76.804889740570431 281.000000000000000 
49.000000000000000 81.883758325803470 624.000000000000000 
50.000000000000000 92.749659482179538 1134.000000000000000 
51.000000000000000 71.830629795274746 158.000000000000000 
52.000000000000000 70.090945103433498 167.000000000000000 
53.000000000000000 73.506590832189119 156.000000000000000 
54.000000000000000 81.946493170775383 1246.000000000000000 
55.000000000000000 71.022566439795312 959.000000000000000 
56.000000000000000 71.173811859355496 187.000000000000000 
57.000000000000000 69.509029072114160 435.000000000000000 
58.000000000000000 78.522198644765794 291.000000000000000 
59.000000000000000 69.306793791346806 126.000000000000000 
60.000000000000000 82.304777527831021 277.000000000000000 
61.000000000000000 78.216608208982066 150.000000000000000 
62.000000000000000 65.325354172078733 127.000000000000000 
63.000000000000000 74.574197959794830 117.000000000000000 
64.000000000000000 70.931450192274923 511.000000000000000 
65.000000000000000 93.286106957839266 294.000000000000000 
66.000000000000000 62.670568996565414 78.000000000000000 
67.000000000000000 59.483897246653015 151.000000000000000 
68.000000000000000 60.325998278664095 287.000000000000000 
69.000000000000000 67.701493486805077 135.000000000000000 
70.000000000000000 55.369245605819593 232.000000000000000 
71.000000000000000  0.000000000000000  0.000000000000000 
72.000000000000000  0.000000000000000  0.000000000000000 
73.000000000000000  0.000000000000000  0.000000000000000 
74.000000000000000  0.000000000000000  0.000000000000000 
75.000000000000000  0.000000000000000  0.000000000000000 
76.000000000000000  0.000000000000000  0.000000000000000 
77.000000000000000  0.000000000000000  0.000000000000000 
78.000000000000000  0.000000000000000  0.000000000000000 
79.000000000000000  0.000000000000000  0.000000000000000 
80.000000000000000  0.000000000000000  0.000000000000000 
81.000000000000000  0.000000000000000  0.000000000000000 
82.000000000000000  0.000000000000000  0.000000000000000 
83.000000000000000  0.000000000000000  0.000000000000000 
84.000000000000000  0.000000000000000  0.000000000000000 
85.000000000000000  0.000000000000000  0.000000000000000 
86.000000000000000  0.000000000000000  0.000000000000000 
87.000000000000000  0.000000000000000  0.000000000000000 
88.000000000000000  0.000000000000000  0.000000000000000 
89.000000000000000  0.000000000000000  0.000000000000000 
90.000000000000000  0.000000000000000  0.000000000000000 
91.000000000000000  0.000000000000000  0.000000000000000 
92.000000000000000  0.000000000000000  0.000000000000000 
93.000000000000000  0.000000000000000  0.000000000000000 
94.000000000000000  0.000000000000000  0.000000000000000 
95.000000000000000  0.000000000000000  0.000000000000000 
96.000000000000000  0.000000000000000  0.000000000000000 
97.000000000000000  0.000000000000000  0.000000000000000 
98.000000000000000  0.000000000000000  0.000000000000000 
99.000000000000000  0.000000000000000  0.000000000000000 
100.000000000000000  0.000000000000000  0.000000000000000 
101.000000000000000  0.000000000000000  0.000000000000000 
102.000000000000000  0.000000000000000  0.000000000000000 
103.000000000000000  0.000000000000000  0.000000000000000 
104.000000000000000  0.000000000000000  0.000000000000000 
105.000000000000000  0.000000000000000  0.000000000000000 
106.000000000000000  0.000000000000000  0.000000000000000 
107.000000000000000  0.000000000000000  0.000000000000000 
108.000000000000000  0.000000000000000  0.000000000000000 
109.000000000000000  0.000000000000000  0.000000000000000 
110.000000000000000  0.000000000000000  0.000000000000000 
111.000000000000000  0.000000000000000  0.000000000000000 
112.000000000000000  0.000000000000000  0.000000000000000 
113.000000000000000  0.000000000000000  0.000000000000000 
114.000000000000000  0.000000000000000  0.000000000000000 
115.000000000000000  0.000000000000000  0.000000000000000 
116.000000000000000  0.000000000000000  0.000000000000000 
117.000000000000000  0.000000000000000  0.000000000000000 
118.000000000000000  0.000000000000000  0.000000000000000 
119.000000000000000  0.000000000000000  0.000000000000000 
120.000000000000000  0.000000000000000  0.000000000000000 
121.000000000000000  0.000000000000000  0.000000000000000 
122.000000000000000  0.000000000000000  0.000000000000000 
123.000000000000000  0.000000000000000  0.000000000000000 
124.000000000000000  0.000000000000000  0.000000000000000 
125.000000000000000  0.000000000000000  0.000000000000000 
126.000000000000000  0.000000000000000  0.000000000000000 
127.000000000000000  0.000000000000000  0.000000000000000 
