 0.000000000000000 138.927325728138754 1645.000000000000000 
 1.000000000000000 126.177834461596831 1368.000000000000000 
 2.000000000000000 171.670003856601141 956.000000000000000 
 3.000000000000000 164.042416948620314 279.000000000000000 
 4.000000000000000 144.037533583357174 903.000000000000000 
 5.000000000000000 150.845517553675450 345.000000000000000 
 6.000000000000000 160.698686789462840 770.000000000000000 
 7.000000000000000 137.735831462989893 1298.000000000000000 
 8.000000000000000 154.224393389350098 531.000000000000000 
 9.000000000000000 179.137439402844080 444.000000000000000 
10.000000000000000 173.364003543298793 992.000000000000000 
11.000000000000000 150.552838762238025 200.000000000000000 
12.000000000000000 172.333401539735320 234.000000000000000 
13.000000000000000 149.684216320505271 301.000000000000000 
14.000000000000000 153.138037061072680 204.000000000000000 
15.000000000000000 148.420340799859929 274.000000000000000 
16.000000000000000 174.826884724257354 841.000000000000000 
17.000000000000000 146.249633239630583 330.000000000000000 
18.000000000000000 151.150766583703160 560.000000000000000 
19.000000000000000 149.369198902383118 209.000000000000000 
20.000000000000000 180.421199297556342 637.000000000000000 
21.000000000000000 175.626347125964088 667.000000000000000 
22.000000000000000 155.076032068304926 223.000000000000000 
23.000000000000000 127.328071454256531 1585.000000000000000 
24.000000000000000 148.818687963924702 256.000000000000000 
25.000000000000000 167.635975934290286 250.000000000000000 
26.000000000000000 163.545284610114095 1433.000000000000000 
27.000000000000000 163.684359075196539 421.000000000000000 
28.000000000000000 160.186182916115200 592.000000000000000 
29.000000000000000 183.898042526976866 450.000000000000000 
30.000000000000000 168.155037350397350 391.000000000000000 
31.000000000000000 162.781212562798345 342.000000000000000 
32.000000000000000 143.979331301921405 201.000000000000000 
33.000000000000000 149.719818479637695 151.000000000000000 
34.000000000000000 144.063716947479605 206.000000000000000 
35.000000000000000 182.764926338935197 548.000000000000000 
36.000000000000000 144.888251300831655 286.000000000000000 
37.000000000000000 163.230465576287600 386.000000000000000 
38.000000000000000 196.063963747339329 2109.000000000000000 
39.000000000000000 144.161082102247747 625.000000000000000 
40.000000000000000 129.331561453219166 499.000000000000000 
41.000000000000000 146.008802875703026 446.000000000000000 
42.000000000000000 151.543197304290771 247.000000000000000 
43.000000000000000 148.328223913035373 366.000000000000000 
44.000000000000000  0.000000000000000  0.000000000000000 
45.000000000000000  0.000000000000000  0.000000000000000 
46.000000000000000  0.000000000000000  0.000000000000000 
47.000000000000000  0.000000000000000  0.000000000000000 
48.000000000000000  0.000000000000000  0.000000000000000 
49.000000000000000  0.000000000000000  0.000000000000000 
50.000000000000000  0.000000000000000  0.000000000000000 
51.000000000000000  0.000000000000000  0.000000000000000 
52.000000000000000  0.000000000000000  0.000000000000000 
53.000000000000000  0.000000000000000  0.000000000000000 
54.000000000000000  0.000000000000000  0.000000000000000 
55.000000000000000  0.000000000000000  0.000000000000000 
56.000000000000000  0.000000000000000  0.000000000000000 
57.000000000000000  0.000000000000000  0.000000000000000 
58.000000000000000  0.000000000000000  0.000000000000000 
59.000000000000000  0.000000000000000  0.000000000000000 
60.000000000000000  0.000000000000000  0.000000000000000 
61.000000000000000  0.000000000000000  0.000000000000000 
62.000000000000000  0.000000000000000  0.000000000000000 
63.000000000000000  0.000000000000000  0.000000000000000 
64.000000000000000  0.000000000000000  0.000000000000000 
65.000000000000000  0.000000000000000  0.000000000000000 
66.000000000000000  0.000000000000000  0.000000000000000 
67.000000000000000  0.000000000000000  0.000000000000000 
68.000000000000000  0.000000000000000  0.000000000000000 
69.000000000000000  0.000000000000000  0.000000000000000 
70.000000000000000  0.000000000000000  0.000000000000000 
71.000000000000000  0.000000000000000  0.000000000000000 
72.000000000000000  0.000000000000000  0.000000000000000 
73.000000000000000  0.000000000000000  0.000000000000000 
74.000000000000000  0.000000000000000  0.000000000000000 
75.000000000000000  0.000000000000000  0.000000000000000 
76.000000000000000  0.000000000000000  0.000000000000000 
77.000000000000000  0.000000000000000  0.000000000000000 
78.000000000000000  0.000000000000000  0.000000000000000 
79.000000000000000  0.000000000000000  0.000000000000000 
80.000000000000000  0.000000000000000  0.000000000000000 
81.000000000000000  0.000000000000000  0.000000000000000 
82.000000000000000  0.000000000000000  0.000000000000000 
83.000000000000000  0.000000000000000  0.000000000000000 
84.000000000000000  0.000000000000000  0.000000000000000 
85.000000000000000  0.000000000000000  0.000000000000000 
86.000000000000000  0.000000000000000  0.000000000000000 
87.000000000000000  0.000000000000000  0.000000000000000 
88.000000000000000  0.000000000000000  0.000000000000000 
89.000000000000000  0.000000000000000  0.000000000000000 
90.000000000000000  0.000000000000000  0.000000000000000 
91.000000000000000  0.000000000000000  0.000000000000000 
92.000000000000000  0.000000000000000  0.000000000000000 
93.000000000000000  0.000000000000000  0.000000000000000 
94.000000000000000  0.000000000000000  0.000000000000000 
95.000000000000000  0.000000000000000  0.000000000000000 
96.000000000000000  0.000000000000000  0.000000000000000 
97.000000000000000  0.000000000000000  0.000000000000000 
98.000000000000000  0.000000000000000  0.000000000000000 
99.000000000000000  0.000000000000000  0.000000000000000 
100.000000000000000  0.000000000000000  0.000000000000000 
101.000000000000000  0.000000000000000  0.000000000000000 
102.000000000000000  0.000000000000000  0.000000000000000 
103.000000000000000  0.000000000000000  0.000000000000000 
104.000000000000000  0.000000000000000  0.000000000000000 
105.000000000000000  0.000000000000000  0.000000000000000 
106.000000000000000  0.000000000000000  0.000000000000000 
107.000000000000000  0.000000000000000  0.000000000000000 
108.000000000000000  0.000000000000000  0.000000000000000 
109.000000000000000  0.000000000000000  0.000000000000000 
110.000000000000000  0.000000000000000  0.000000000000000 
111.000000000000000  0.000000000000000  0.000000000000000 
112.000000000000000  0.000000000000000  0.000000000000000 
113.000000000000000  0.000000000000000  0.000000000000000 
114.000000000000000  0.000000000000000  0.000000000000000 
115.000000000000000  0.000000000000000  0.000000000000000 
116.000000000000000  0.000000000000000  0.000000000000000 
117.000000000000000  0.000000000000000  0.000000000000000 
118.000000000000000  0.000000000000000  0.000000000000000 
119.000000000000000  0.000000000000000  0.000000000000000 
120.000000000000000  0.000000000000000  0.000000000000000 
121.000000000000000  0.000000000000000  0.000000000000000 
122.000000000000000  0.000000000000000  0.000000000000000 
123.000000000000000  0.000000000000000  0.000000000000000 
124.000000000000000  0.000000000000000  0.000000000000000 
125.000000000000000  0.000000000000000  0.000000000000000 
126.000000000000000  0.000000000000000  0.000000000000000 
127.000000000000000  0.000000000000000  0.000000000000000 
