 0.000000000000000 43.465506489081726 639.000000000000000 
 1.000000000000000 36.132256979184611 359.000000000000000 
 2.000000000000000 44.659900519818230 347.000000000000000 
 3.000000000000000 48.225846716575226 196.000000000000000 
 4.000000000000000 50.350129619493430 785.000000000000000 
 5.000000000000000 53.141456805282935 180.000000000000000 
 6.000000000000000 50.092519716280947 380.000000000000000 
 7.000000000000000 44.981364694124132 322.000000000000000 
 8.000000000000000 49.775591986455147 261.000000000000000 
 9.000000000000000 51.938930494761024 129.000000000000000 
10.000000000000000 54.199592528838316 480.000000000000000 
11.000000000000000 32.452507140818170 55.000000000000000 
12.000000000000000 48.810412968182000 90.000000000000000 
13.000000000000000 41.775883882215354 99.000000000000000 
14.000000000000000 51.909943718625001 80.000000000000000 
15.000000000000000 45.047252482279845 124.000000000000000 
16.000000000000000 34.518663670334959 167.000000000000000 
17.000000000000000 47.188625742061831 223.000000000000000 
18.000000000000000 50.694262638404922 406.000000000000000 
19.000000000000000 58.151182203036228 127.000000000000000 
20.000000000000000 47.358914474208177 214.000000000000000 
21.000000000000000 41.596416762454595 187.000000000000000 
22.000000000000000 49.470563390151405 107.000000000000000 
23.000000000000000 44.761913226809888 721.000000000000000 
24.000000000000000 52.033148430789886 119.000000000000000 
25.000000000000000 48.110724338137501 110.000000000000000 
26.000000000000000 60.931220057143122 692.000000000000000 
27.000000000000000 38.467049159026708 176.000000000000000 
28.000000000000000 56.556561070601660 320.000000000000000 
29.000000000000000 61.075597863463777 189.000000000000000 
30.000000000000000 48.542280929375693 150.000000000000000 
31.000000000000000 46.826828148411160 109.000000000000000 
32.000000000000000 45.823678601620244 81.000000000000000 
33.000000000000000 57.526778817669964 70.000000000000000 
34.000000000000000 46.957446224677419 124.000000000000000 
35.000000000000000 41.923110566375541 133.000000000000000 
36.000000000000000 50.929893169733795 152.000000000000000 
37.000000000000000 51.564884908080799 122.000000000000000 
38.000000000000000 44.209230866653407 931.000000000000000 
39.000000000000000 50.555467786447103 366.000000000000000 
40.000000000000000 37.156527608620017 120.000000000000000 
41.000000000000000 54.188870595809803 221.000000000000000 
42.000000000000000 57.144024322033914 118.000000000000000 
43.000000000000000 50.820255321152189 188.000000000000000 
44.000000000000000 52.954692237516447 699.000000000000000 
45.000000000000000 41.149717675037564 262.000000000000000 
46.000000000000000 32.525326049829118 152.000000000000000 
47.000000000000000 51.651458010174039 159.000000000000000 
48.000000000000000 43.961025099200192 151.000000000000000 
49.000000000000000 53.616112330747463 480.000000000000000 
50.000000000000000 53.103956569736106 737.000000000000000 
51.000000000000000 49.053875407278063 139.000000000000000 
52.000000000000000 42.642932631950238 122.000000000000000 
53.000000000000000 49.606840686781851 160.000000000000000 
54.000000000000000 36.748098281810996 829.000000000000000 
55.000000000000000 33.554844624520022 572.000000000000000 
56.000000000000000 56.622413770136809 151.000000000000000 
57.000000000000000 45.877767025868941 253.000000000000000 
58.000000000000000 41.630043207239709 166.000000000000000 
59.000000000000000 49.012617092764707 102.000000000000000 
60.000000000000000 37.761438932806541 168.000000000000000 
61.000000000000000 49.863499635206132 109.000000000000000 
62.000000000000000 36.107213447564099 78.000000000000000 
63.000000000000000 55.997568155538666 88.000000000000000 
64.000000000000000 43.088434759221556 419.000000000000000 
65.000000000000000 39.424395516235968 143.000000000000000 
66.000000000000000 43.330492567467687 65.000000000000000 
67.000000000000000 46.091004634023619 127.000000000000000 
68.000000000000000 36.550478264188477 189.000000000000000 
69.000000000000000 43.594312298921245 163.000000000000000 
70.000000000000000 48.707681757352773 280.000000000000000 
71.000000000000000 48.546695493259691 261.000000000000000 
72.000000000000000 51.787906438639631 857.000000000000000 
73.000000000000000 40.859731885101802 276.000000000000000 
74.000000000000000 38.606845827228064 91.000000000000000 
75.000000000000000 44.833227278749042 104.000000000000000 
76.000000000000000 31.431597698018603 43.000000000000000 
77.000000000000000 43.047670053973270 440.000000000000000 
78.000000000000000 38.021101902691989 221.000000000000000 
79.000000000000000 40.296129860906206 214.000000000000000 
80.000000000000000 42.035008981968019 292.000000000000000 
81.000000000000000 35.865321983403582 112.000000000000000 
82.000000000000000 28.759881373373691 254.000000000000000 
83.000000000000000 46.020061790750162 100.000000000000000 
84.000000000000000 40.810939374151339 76.000000000000000 
85.000000000000000 35.617501123426621 113.000000000000000 
86.000000000000000 38.219482045518518 81.000000000000000 
87.000000000000000 36.961301927452382 88.000000000000000 
88.000000000000000 39.824643354588765 206.000000000000000 
89.000000000000000 36.981219854018782 106.000000000000000 
90.000000000000000 49.826729661923039 884.000000000000000 
91.000000000000000 46.284816362081976 722.000000000000000 
92.000000000000000 40.189907587516160 156.000000000000000 
93.000000000000000 40.517523567179310 248.000000000000000 
94.000000000000000 42.259073633067601 207.000000000000000 
95.000000000000000 38.133032254262183 303.000000000000000 
96.000000000000000 40.365551056713876 420.000000000000000 
97.000000000000000 26.491483847566531 36.000000000000000 
98.000000000000000 38.104601381075248 182.000000000000000 
99.000000000000000 37.885387224901052 280.000000000000000 
100.000000000000000 31.251272423556514 92.000000000000000 
101.000000000000000 39.788401427371078 206.000000000000000 
102.000000000000000 29.976694830966519 198.000000000000000 
103.000000000000000  0.000000000000000  0.000000000000000 
104.000000000000000  0.000000000000000  0.000000000000000 
105.000000000000000  0.000000000000000  0.000000000000000 
106.000000000000000  0.000000000000000  0.000000000000000 
107.000000000000000  0.000000000000000  0.000000000000000 
108.000000000000000  0.000000000000000  0.000000000000000 
109.000000000000000  0.000000000000000  0.000000000000000 
110.000000000000000  0.000000000000000  0.000000000000000 
111.000000000000000  0.000000000000000  0.000000000000000 
112.000000000000000  0.000000000000000  0.000000000000000 
113.000000000000000  0.000000000000000  0.000000000000000 
114.000000000000000  0.000000000000000  0.000000000000000 
115.000000000000000  0.000000000000000  0.000000000000000 
116.000000000000000  0.000000000000000  0.000000000000000 
117.000000000000000  0.000000000000000  0.000000000000000 
118.000000000000000  0.000000000000000  0.000000000000000 
119.000000000000000  0.000000000000000  0.000000000000000 
120.000000000000000  0.000000000000000  0.000000000000000 
121.000000000000000  0.000000000000000  0.000000000000000 
122.000000000000000  0.000000000000000  0.000000000000000 
123.000000000000000  0.000000000000000  0.000000000000000 
124.000000000000000  0.000000000000000  0.000000000000000 
125.000000000000000  0.000000000000000  0.000000000000000 
126.000000000000000  0.000000000000000  0.000000000000000 
127.000000000000000  0.000000000000000  0.000000000000000 
