 0.000000000000000 105.740355626414399 1005.000000000000000 
 1.000000000000000 82.267352426332579 742.000000000000000 
 2.000000000000000 123.889922288155304 697.000000000000000 
 3.000000000000000 130.681087614258672 223.000000000000000 
 4.000000000000000 99.045970289230354 728.000000000000000 
 5.000000000000000 128.465876839670642 319.000000000000000 
 6.000000000000000 105.220220932837051 546.000000000000000 
 7.000000000000000 97.094772126637466 875.000000000000000 
 8.000000000000000 116.145942260459449 370.000000000000000 
 9.000000000000000 125.011201002489116 247.000000000000000 
10.000000000000000 117.395024872725557 730.000000000000000 
11.000000000000000 126.191503277019876 171.000000000000000 
12.000000000000000 137.380843166873291 198.000000000000000 
13.000000000000000 131.445254595824736 271.000000000000000 
14.000000000000000 133.332768708495195 187.000000000000000 
15.000000000000000 88.670716437621749 159.000000000000000 
16.000000000000000 107.986272405644911 410.000000000000000 
17.000000000000000 110.932030269605221 394.000000000000000 
18.000000000000000 119.262838798488815 490.000000000000000 
19.000000000000000 119.841662879710000 194.000000000000000 
20.000000000000000 132.043246121645183 529.000000000000000 
21.000000000000000 138.234794306701644 529.000000000000000 
22.000000000000000 110.991734317758429 173.000000000000000 
23.000000000000000 78.935374085063430 1129.000000000000000 
24.000000000000000 110.443878226584843 225.000000000000000 
25.000000000000000 129.390713520018238 237.000000000000000 
26.000000000000000 109.050331975279406 979.000000000000000 
27.000000000000000 106.232812934123700 350.000000000000000 
28.000000000000000 123.131636464849606 485.000000000000000 
29.000000000000000 118.049071287035062 240.000000000000000 
30.000000000000000 127.695455686867533 377.000000000000000 
31.000000000000000 120.180522202744925 270.000000000000000 
32.000000000000000 121.541319410871452 183.000000000000000 
33.000000000000000 110.509341671485629 113.000000000000000 
34.000000000000000 111.831260309166453 179.000000000000000 
35.000000000000000 114.060889909463626 342.000000000000000 
36.000000000000000 111.935948810010061 227.000000000000000 
37.000000000000000 139.364026824460325 332.000000000000000 
38.000000000000000 81.616635173372444 1352.000000000000000 
39.000000000000000 110.918895750610929 619.000000000000000 
40.000000000000000 131.269586134919223 471.000000000000000 
41.000000000000000 114.220625026477634 346.000000000000000 
42.000000000000000 92.678570439459421 148.000000000000000 
43.000000000000000 139.207690230675610 354.000000000000000 
44.000000000000000 87.491696544265309 1208.000000000000000 
45.000000000000000 111.468365292515827 374.000000000000000 
46.000000000000000 92.910793793725446 432.000000000000000 
47.000000000000000 101.881105185143070 205.000000000000000 
48.000000000000000 107.824212883102447 400.000000000000000 
49.000000000000000 113.619530829115547 732.000000000000000 
50.000000000000000 139.024380743814902 1607.000000000000000 
51.000000000000000 94.504934636074978 180.000000000000000 
52.000000000000000 74.185877292711979 159.000000000000000 
53.000000000000000 97.720724532640006 225.000000000000000 
54.000000000000000 99.578634135468647 1334.000000000000000 
55.000000000000000  0.000000000000000  0.000000000000000 
56.000000000000000  0.000000000000000  0.000000000000000 
57.000000000000000  0.000000000000000  0.000000000000000 
58.000000000000000  0.000000000000000  0.000000000000000 
59.000000000000000  0.000000000000000  0.000000000000000 
60.000000000000000  0.000000000000000  0.000000000000000 
61.000000000000000  0.000000000000000  0.000000000000000 
62.000000000000000  0.000000000000000  0.000000000000000 
63.000000000000000  0.000000000000000  0.000000000000000 
64.000000000000000  0.000000000000000  0.000000000000000 
65.000000000000000  0.000000000000000  0.000000000000000 
66.000000000000000  0.000000000000000  0.000000000000000 
67.000000000000000  0.000000000000000  0.000000000000000 
68.000000000000000  0.000000000000000  0.000000000000000 
69.000000000000000  0.000000000000000  0.000000000000000 
70.000000000000000  0.000000000000000  0.000000000000000 
71.000000000000000  0.000000000000000  0.000000000000000 
72.000000000000000  0.000000000000000  0.000000000000000 
73.000000000000000  0.000000000000000  0.000000000000000 
74.000000000000000  0.000000000000000  0.000000000000000 
75.000000000000000  0.000000000000000  0.000000000000000 
76.000000000000000  0.000000000000000  0.000000000000000 
77.000000000000000  0.000000000000000  0.000000000000000 
78.000000000000000  0.000000000000000  0.000000000000000 
79.000000000000000  0.000000000000000  0.000000000000000 
80.000000000000000  0.000000000000000  0.000000000000000 
81.000000000000000  0.000000000000000  0.000000000000000 
82.000000000000000  0.000000000000000  0.000000000000000 
83.000000000000000  0.000000000000000  0.000000000000000 
84.000000000000000  0.000000000000000  0.000000000000000 
85.000000000000000  0.000000000000000  0.000000000000000 
86.000000000000000  0.000000000000000  0.000000000000000 
87.000000000000000  0.000000000000000  0.000000000000000 
88.000000000000000  0.000000000000000  0.000000000000000 
89.000000000000000  0.000000000000000  0.000000000000000 
90.000000000000000  0.000000000000000  0.000000000000000 
91.000000000000000  0.000000000000000  0.000000000000000 
92.000000000000000  0.000000000000000  0.000000000000000 
93.000000000000000  0.000000000000000  0.000000000000000 
94.000000000000000  0.000000000000000  0.000000000000000 
95.000000000000000  0.000000000000000  0.000000000000000 
96.000000000000000  0.000000000000000  0.000000000000000 
97.000000000000000  0.000000000000000  0.000000000000000 
98.000000000000000  0.000000000000000  0.000000000000000 
99.000000000000000  0.000000000000000  0.000000000000000 
100.000000000000000  0.000000000000000  0.000000000000000 
101.000000000000000  0.000000000000000  0.000000000000000 
102.000000000000000  0.000000000000000  0.000000000000000 
103.000000000000000  0.000000000000000  0.000000000000000 
104.000000000000000  0.000000000000000  0.000000000000000 
105.000000000000000  0.000000000000000  0.000000000000000 
106.000000000000000  0.000000000000000  0.000000000000000 
107.000000000000000  0.000000000000000  0.000000000000000 
108.000000000000000  0.000000000000000  0.000000000000000 
109.000000000000000  0.000000000000000  0.000000000000000 
110.000000000000000  0.000000000000000  0.000000000000000 
111.000000000000000  0.000000000000000  0.000000000000000 
112.000000000000000  0.000000000000000  0.000000000000000 
113.000000000000000  0.000000000000000  0.000000000000000 
114.000000000000000  0.000000000000000  0.000000000000000 
115.000000000000000  0.000000000000000  0.000000000000000 
116.000000000000000  0.000000000000000  0.000000000000000 
117.000000000000000  0.000000000000000  0.000000000000000 
118.000000000000000  0.000000000000000  0.000000000000000 
119.000000000000000  0.000000000000000  0.000000000000000 
120.000000000000000  0.000000000000000  0.000000000000000 
121.000000000000000  0.000000000000000  0.000000000000000 
122.000000000000000  0.000000000000000  0.000000000000000 
123.000000000000000  0.000000000000000  0.000000000000000 
124.000000000000000  0.000000000000000  0.000000000000000 
125.000000000000000  0.000000000000000  0.000000000000000 
126.000000000000000  0.000000000000000  0.000000000000000 
127.000000000000000  0.000000000000000  0.000000000000000 
