 0.000000000000000 87.224671902825321 805.000000000000000 
 1.000000000000000 79.034012919708928 676.000000000000000 
 2.000000000000000 102.904017473828759 569.000000000000000 
 3.000000000000000 93.361312266996066 228.000000000000000 
 4.000000000000000 69.318615730591645 836.000000000000000 
 5.000000000000000 94.778419549524017 242.000000000000000 
 6.000000000000000 92.638107446804540 598.000000000000000 
 7.000000000000000 86.141105029278549 709.000000000000000 
 8.000000000000000 101.058359242615538 338.000000000000000 
 9.000000000000000 77.567979910552339 176.000000000000000 
10.000000000000000 100.268253899424280 615.000000000000000 
11.000000000000000 95.354903840451186 129.000000000000000 
12.000000000000000 104.604819363252773 159.000000000000000 
13.000000000000000 87.121531214062216 189.000000000000000 
14.000000000000000 91.527394956138011 145.000000000000000 
15.000000000000000 86.011105117814324 167.000000000000000 
16.000000000000000 84.654732661072032 315.000000000000000 
17.000000000000000 77.609087858400031 296.000000000000000 
18.000000000000000 88.363132143539971 454.000000000000000 
19.000000000000000 91.966791474605955 149.000000000000000 
20.000000000000000 81.975484024111694 314.000000000000000 
21.000000000000000 95.476178023381749 423.000000000000000 
22.000000000000000 94.966995528889470 142.000000000000000 
23.000000000000000 63.411382558380438 923.000000000000000 
24.000000000000000 88.998287286477762 177.000000000000000 
25.000000000000000 93.760208595993262 162.000000000000000 
26.000000000000000 94.294259781541555 857.000000000000000 
27.000000000000000 91.770187432947679 317.000000000000000 
28.000000000000000 91.858814160621350 394.000000000000000 
29.000000000000000 79.382492633689594 219.000000000000000 
30.000000000000000 98.505830682881523 307.000000000000000 
31.000000000000000 92.048268574883622 222.000000000000000 
32.000000000000000 81.761150133101395 131.000000000000000 
33.000000000000000 76.373066485482894 82.000000000000000 
34.000000000000000 77.400897490650010 176.000000000000000 
35.000000000000000 79.424089026061267 258.000000000000000 
36.000000000000000 85.057844346226474 244.000000000000000 
37.000000000000000 97.115456912130469 267.000000000000000 
38.000000000000000 86.251113078359737 1371.000000000000000 
39.000000000000000 98.997958344506529 578.000000000000000 
40.000000000000000 85.929531181789955 317.000000000000000 
41.000000000000000 86.265668923544794 277.000000000000000 
42.000000000000000 73.445246261304348 138.000000000000000 
43.000000000000000 84.993058529887421 299.000000000000000 
44.000000000000000 82.862952118159896 1227.000000000000000 
45.000000000000000 82.757842912021346 380.000000000000000 
46.000000000000000 77.255640820155207 397.000000000000000 
47.000000000000000 83.519056765828225 249.000000000000000 
48.000000000000000 92.216942043496218 332.000000000000000 
49.000000000000000 97.414596224816023 672.000000000000000 
50.000000000000000 92.690921196137538 1132.000000000000000 
51.000000000000000 81.383052279602722 182.000000000000000 
52.000000000000000 79.171987037647199 178.000000000000000 
53.000000000000000 76.127516789413662 161.000000000000000 
54.000000000000000 83.757314747337475 1238.000000000000000 
55.000000000000000 71.985250682365262 974.000000000000000 
56.000000000000000 92.840897586948699 226.000000000000000 
57.000000000000000 76.895541561584849 463.000000000000000 
58.000000000000000 83.466674514849771 276.000000000000000 
59.000000000000000 67.875767441807142 126.000000000000000 
60.000000000000000 78.439983837642188 267.000000000000000 
61.000000000000000 72.770763053967187 142.000000000000000 
62.000000000000000 64.720763247115329 124.000000000000000 
63.000000000000000 77.702242507160420 124.000000000000000 
64.000000000000000 68.408797470367006 481.000000000000000 
65.000000000000000 67.040231787883044 184.000000000000000 
66.000000000000000 61.903964240409209 76.000000000000000 
67.000000000000000  0.000000000000000  0.000000000000000 
68.000000000000000  0.000000000000000  0.000000000000000 
69.000000000000000  0.000000000000000  0.000000000000000 
70.000000000000000  0.000000000000000  0.000000000000000 
71.000000000000000  0.000000000000000  0.000000000000000 
72.000000000000000  0.000000000000000  0.000000000000000 
73.000000000000000  0.000000000000000  0.000000000000000 
74.000000000000000  0.000000000000000  0.000000000000000 
75.000000000000000  0.000000000000000  0.000000000000000 
76.000000000000000  0.000000000000000  0.000000000000000 
77.000000000000000  0.000000000000000  0.000000000000000 
78.000000000000000  0.000000000000000  0.000000000000000 
79.000000000000000  0.000000000000000  0.000000000000000 
80.000000000000000  0.000000000000000  0.000000000000000 
81.000000000000000  0.000000000000000  0.000000000000000 
82.000000000000000  0.000000000000000  0.000000000000000 
83.000000000000000  0.000000000000000  0.000000000000000 
84.000000000000000  0.000000000000000  0.000000000000000 
85.000000000000000  0.000000000000000  0.000000000000000 
86.000000000000000  0.000000000000000  0.000000000000000 
87.000000000000000  0.000000000000000  0.000000000000000 
88.000000000000000  0.000000000000000  0.000000000000000 
89.000000000000000  0.000000000000000  0.000000000000000 
90.000000000000000  0.000000000000000  0.000000000000000 
91.000000000000000  0.000000000000000  0.000000000000000 
92.000000000000000  0.000000000000000  0.000000000000000 
93.000000000000000  0.000000000000000  0.000000000000000 
94.000000000000000  0.000000000000000  0.000000000000000 
95.000000000000000  0.000000000000000  0.000000000000000 
96.000000000000000  0.000000000000000  0.000000000000000 
97.000000000000000  0.000000000000000  0.000000000000000 
98.000000000000000  0.000000000000000  0.000000000000000 
99.000000000000000  0.000000000000000  0.000000000000000 
100.000000000000000  0.000000000000000  0.000000000000000 
101.000000000000000  0.000000000000000  0.000000000000000 
102.000000000000000  0.000000000000000  0.000000000000000 
103.000000000000000  0.000000000000000  0.000000000000000 
104.000000000000000  0.000000000000000  0.000000000000000 
105.000000000000000  0.000000000000000  0.000000000000000 
106.000000000000000  0.000000000000000  0.000000000000000 
107.000000000000000  0.000000000000000  0.000000000000000 
108.000000000000000  0.000000000000000  0.000000000000000 
109.000000000000000  0.000000000000000  0.000000000000000 
110.000000000000000  0.000000000000000  0.000000000000000 
111.000000000000000  0.000000000000000  0.000000000000000 
112.000000000000000  0.000000000000000  0.000000000000000 
113.000000000000000  0.000000000000000  0.000000000000000 
114.000000000000000  0.000000000000000  0.000000000000000 
115.000000000000000  0.000000000000000  0.000000000000000 
116.000000000000000  0.000000000000000  0.000000000000000 
117.000000000000000  0.000000000000000  0.000000000000000 
118.000000000000000  0.000000000000000  0.000000000000000 
119.000000000000000  0.000000000000000  0.000000000000000 
120.000000000000000  0.000000000000000  0.000000000000000 
121.000000000000000  0.000000000000000  0.000000000000000 
122.000000000000000  0.000000000000000  0.000000000000000 
123.000000000000000  0.000000000000000  0.000000000000000 
124.000000000000000  0.000000000000000  0.000000000000000 
125.000000000000000  0.000000000000000  0.000000000000000 
126.000000000000000  0.000000000000000  0.000000000000000 
127.000000000000000  0.000000000000000  0.000000000000000 
