 0.000000000000000 48.158242144518987 662.000000000000000 
 1.000000000000000 50.316159687705664 446.000000000000000 
 2.000000000000000 59.164267337229695 467.000000000000000 
 3.000000000000000 51.896337244638268 211.000000000000000 
 4.000000000000000 46.459163068048099 735.000000000000000 
 5.000000000000000 57.536867051159732 191.000000000000000 
 6.000000000000000 61.970277061281763 525.000000000000000 
 7.000000000000000 49.011804800719553 358.000000000000000 
 8.000000000000000 54.441638650224341 286.000000000000000 
 9.000000000000000 58.253771938661657 138.000000000000000 
10.000000000000000 63.874364056716985 537.000000000000000 
11.000000000000000 39.341930786448465 66.000000000000000 
12.000000000000000 49.250120409709567 90.000000000000000 
13.000000000000000 46.708807433194011 108.000000000000000 
14.000000000000000 52.991962961481477 81.000000000000000 
15.000000000000000 47.570722257563375 131.000000000000000 
16.000000000000000 40.407658015437057 195.000000000000000 
17.000000000000000 46.892247976782130 218.000000000000000 
18.000000000000000 57.968148136711264 427.000000000000000 
19.000000000000000 58.821704497079992 125.000000000000000 
20.000000000000000 59.177508804746893 255.000000000000000 
21.000000000000000 43.978803125690327 194.000000000000000 
22.000000000000000 57.273624162303143 95.000000000000000 
23.000000000000000 57.387345139299931 821.000000000000000 
24.000000000000000 62.460538334479303 140.000000000000000 
25.000000000000000 54.002811132263176 124.000000000000000 
26.000000000000000 65.402549772973416 696.000000000000000 
27.000000000000000 54.718849386671096 239.000000000000000 
28.000000000000000 62.222736945236292 327.000000000000000 
29.000000000000000 67.076385269437495 197.000000000000000 
30.000000000000000 49.085025991704086 146.000000000000000 
31.000000000000000 66.176586069379269 164.000000000000000 
32.000000000000000 48.461286343715095 83.000000000000000 
33.000000000000000 60.776395205801379 74.000000000000000 
34.000000000000000 49.607770595814813 128.000000000000000 
35.000000000000000 49.885027645689739 165.000000000000000 
36.000000000000000 56.679324487704143 169.000000000000000 
37.000000000000000 46.177138173058765 108.000000000000000 
38.000000000000000 46.234114569524728 963.000000000000000 
39.000000000000000 59.663986561001160 385.000000000000000 
40.000000000000000 40.395313641293740 128.000000000000000 
41.000000000000000 58.187680230089860 234.000000000000000 
42.000000000000000 60.646638913828120 128.000000000000000 
43.000000000000000 58.552928589648694 201.000000000000000 
44.000000000000000 54.385741316969366 720.000000000000000 
45.000000000000000 56.782173317347279 333.000000000000000 
46.000000000000000 47.596322394684613 219.000000000000000 
47.000000000000000 61.257033644699220 210.000000000000000 
48.000000000000000 42.778508195811433 177.000000000000000 
49.000000000000000 59.215008716943565 580.000000000000000 
50.000000000000000 52.988418224468681 736.000000000000000 
51.000000000000000 56.423376448908783 153.000000000000000 
52.000000000000000 48.489022751135899 131.000000000000000 
53.000000000000000 49.629544768215013 160.000000000000000 
54.000000000000000 37.400987800656729 839.000000000000000 
55.000000000000000 34.863734787841977 562.000000000000000 
56.000000000000000 60.267182825232950 158.000000000000000 
57.000000000000000 52.903043125363681 297.000000000000000 
58.000000000000000 65.115787407640170 258.000000000000000 
59.000000000000000 53.361164417666657 114.000000000000000 
60.000000000000000 43.626974746282436 188.000000000000000 
61.000000000000000 64.489549525551354 135.000000000000000 
62.000000000000000 53.525204043750009 112.000000000000000 
63.000000000000000 62.105838620892762 97.000000000000000 
64.000000000000000 50.062888410818893 448.000000000000000 
65.000000000000000 44.431411697403497 175.000000000000000 
66.000000000000000 44.684824143157577 66.000000000000000 
67.000000000000000 55.481611208339608 149.000000000000000 
68.000000000000000 43.513696387943845 219.000000000000000 
69.000000000000000 53.694500164833940 170.000000000000000 
70.000000000000000 49.162267590913579 271.000000000000000 
71.000000000000000 54.435227110724874 292.000000000000000 
72.000000000000000 51.438888082888688 857.000000000000000 
73.000000000000000 50.036612866752350 368.000000000000000 
74.000000000000000 38.203854269904888 90.000000000000000 
75.000000000000000 44.115372680302919 102.000000000000000 
76.000000000000000 30.458895439342850 42.000000000000000 
77.000000000000000 50.600893112052454 310.000000000000000 
78.000000000000000 48.005505866401336 259.000000000000000 
79.000000000000000 47.310857873363496 245.000000000000000 
80.000000000000000 40.698004259924559 299.000000000000000 
81.000000000000000 55.269337884655975 134.000000000000000 
82.000000000000000 42.464929267406383 344.000000000000000 
83.000000000000000 49.045276357775158 100.000000000000000 
84.000000000000000 41.765356377742862 77.000000000000000 
85.000000000000000 35.914068610721884 111.000000000000000 
86.000000000000000 46.484092914670114 97.000000000000000 
87.000000000000000 40.815461486407017 95.000000000000000 
88.000000000000000 45.721453093782685 219.000000000000000 
89.000000000000000 37.400336446976418 109.000000000000000 
90.000000000000000 50.073873669819633 887.000000000000000 
91.000000000000000 46.075252749461711 718.000000000000000 
92.000000000000000 44.660825447313769 170.000000000000000 
93.000000000000000 40.310001247609080 238.000000000000000 
94.000000000000000  0.000000000000000  0.000000000000000 
95.000000000000000  0.000000000000000  0.000000000000000 
96.000000000000000  0.000000000000000  0.000000000000000 
97.000000000000000  0.000000000000000  0.000000000000000 
98.000000000000000  0.000000000000000  0.000000000000000 
99.000000000000000  0.000000000000000  0.000000000000000 
100.000000000000000  0.000000000000000  0.000000000000000 
101.000000000000000  0.000000000000000  0.000000000000000 
102.000000000000000  0.000000000000000  0.000000000000000 
103.000000000000000  0.000000000000000  0.000000000000000 
104.000000000000000  0.000000000000000  0.000000000000000 
105.000000000000000  0.000000000000000  0.000000000000000 
106.000000000000000  0.000000000000000  0.000000000000000 
107.000000000000000  0.000000000000000  0.000000000000000 
108.000000000000000  0.000000000000000  0.000000000000000 
109.000000000000000  0.000000000000000  0.000000000000000 
110.000000000000000  0.000000000000000  0.000000000000000 
111.000000000000000  0.000000000000000  0.000000000000000 
112.000000000000000  0.000000000000000  0.000000000000000 
113.000000000000000  0.000000000000000  0.000000000000000 
114.000000000000000  0.000000000000000  0.000000000000000 
115.000000000000000  0.000000000000000  0.000000000000000 
116.000000000000000  0.000000000000000  0.000000000000000 
117.000000000000000  0.000000000000000  0.000000000000000 
118.000000000000000  0.000000000000000  0.000000000000000 
119.000000000000000  0.000000000000000  0.000000000000000 
120.000000000000000  0.000000000000000  0.000000000000000 
121.000000000000000  0.000000000000000  0.000000000000000 
122.000000000000000  0.000000000000000  0.000000000000000 
123.000000000000000  0.000000000000000  0.000000000000000 
124.000000000000000  0.000000000000000  0.000000000000000 
125.000000000000000  0.000000000000000  0.000000000000000 
126.000000000000000  0.000000000000000  0.000000000000000 
127.000000000000000  0.000000000000000  0.000000000000000 
