 0.000000000000000 99.526464705133250 947.000000000000000 
 1.000000000000000 80.744594911069456 727.000000000000000 
 2.000000000000000 116.036215860602326 627.000000000000000 
 3.000000000000000 108.439092289390729 199.000000000000000 
 4.000000000000000 88.815184479643122 701.000000000000000 
 5.000000000000000 94.897117634854624 237.000000000000000 
 6.000000000000000 94.254682076115074 570.000000000000000 
 7.000000000000000 94.853390301683774 860.000000000000000 
 8.000000000000000 107.594239828587121 355.000000000000000 
 9.000000000000000 82.349162806610238 181.000000000000000 
10.000000000000000 109.685117903515305 657.000000000000000 
11.000000000000000 87.993075403369517 118.000000000000000 
12.000000000000000 111.844308811243280 166.000000000000000 
13.000000000000000 95.156802512542924 200.000000000000000 
14.000000000000000 97.694291671333303 150.000000000000000 
15.000000000000000 85.891312630985141 163.000000000000000 
16.000000000000000 107.260261062358438 418.000000000000000 
17.000000000000000 86.558995226875027 326.000000000000000 
18.000000000000000 96.868806019534674 458.000000000000000 
19.000000000000000 119.221872064512525 182.000000000000000 
20.000000000000000 89.460078448997052 363.000000000000000 
21.000000000000000 111.065650039433493 446.000000000000000 
22.000000000000000 104.248298411462784 164.000000000000000 
23.000000000000000 76.933233673012452 1098.000000000000000 
24.000000000000000 79.454587575806926 179.000000000000000 
25.000000000000000 93.817627627994924 170.000000000000000 
26.000000000000000 102.777223955649802 912.000000000000000 
27.000000000000000 90.483365956862201 315.000000000000000 
28.000000000000000 104.234886045456790 427.000000000000000 
29.000000000000000 92.114827547906884 233.000000000000000 
30.000000000000000 109.910564817228760 343.000000000000000 
31.000000000000000 111.452318178330486 260.000000000000000 
32.000000000000000 97.829691172183999 152.000000000000000 
33.000000000000000 75.660841836750649 81.000000000000000 
34.000000000000000 108.173730200733146 178.000000000000000 
35.000000000000000 86.618614974290693 271.000000000000000 
36.000000000000000 108.175477480959827 247.000000000000000 
37.000000000000000 99.469142842197428 266.000000000000000 
38.000000000000000 82.848215414871618 1332.000000000000000 
39.000000000000000 108.486778852834192 648.000000000000000 
40.000000000000000 96.814891403543214 336.000000000000000 
41.000000000000000 99.309032341415033 312.000000000000000 
42.000000000000000 69.172809267464700 130.000000000000000 
43.000000000000000 84.214922549280573 284.000000000000000 
44.000000000000000 76.598645044178497 1146.000000000000000 
45.000000000000000 116.092946599672501 395.000000000000000 
46.000000000000000 90.888738184841273 426.000000000000000 
47.000000000000000 92.863765248063885 215.000000000000000 
48.000000000000000 98.041897334775740 355.000000000000000 
49.000000000000000 109.332456903482068 721.000000000000000 
50.000000000000000 90.016482607519961 1112.000000000000000 
51.000000000000000 83.386970710715218 166.000000000000000 
52.000000000000000 81.267265631880079 181.000000000000000 
53.000000000000000 83.376202939638318 175.000000000000000 
54.000000000000000 83.973626672935069 1225.000000000000000 
55.000000000000000 68.387126873923393 926.000000000000000 
56.000000000000000 90.402264087348371 214.000000000000000 
57.000000000000000 92.599761523979041 488.000000000000000 
58.000000000000000 79.904956467275454 295.000000000000000 
59.000000000000000 71.932397960515829 120.000000000000000 
60.000000000000000 70.310266267505298 208.000000000000000 
61.000000000000000 62.803637378263403 124.000000000000000 
62.000000000000000 62.353842811146201 120.000000000000000 
63.000000000000000  0.000000000000000  0.000000000000000 
64.000000000000000  0.000000000000000  0.000000000000000 
65.000000000000000  0.000000000000000  0.000000000000000 
66.000000000000000  0.000000000000000  0.000000000000000 
67.000000000000000  0.000000000000000  0.000000000000000 
68.000000000000000  0.000000000000000  0.000000000000000 
69.000000000000000  0.000000000000000  0.000000000000000 
70.000000000000000  0.000000000000000  0.000000000000000 
71.000000000000000  0.000000000000000  0.000000000000000 
72.000000000000000  0.000000000000000  0.000000000000000 
73.000000000000000  0.000000000000000  0.000000000000000 
74.000000000000000  0.000000000000000  0.000000000000000 
75.000000000000000  0.000000000000000  0.000000000000000 
76.000000000000000  0.000000000000000  0.000000000000000 
77.000000000000000  0.000000000000000  0.000000000000000 
78.000000000000000  0.000000000000000  0.000000000000000 
79.000000000000000  0.000000000000000  0.000000000000000 
80.000000000000000  0.000000000000000  0.000000000000000 
81.000000000000000  0.000000000000000  0.000000000000000 
82.000000000000000  0.000000000000000  0.000000000000000 
83.000000000000000  0.000000000000000  0.000000000000000 
84.000000000000000  0.000000000000000  0.000000000000000 
85.000000000000000  0.000000000000000  0.000000000000000 
86.000000000000000  0.000000000000000  0.000000000000000 
87.000000000000000  0.000000000000000  0.000000000000000 
88.000000000000000  0.000000000000000  0.000000000000000 
89.000000000000000  0.000000000000000  0.000000000000000 
90.000000000000000  0.000000000000000  0.000000000000000 
91.000000000000000  0.000000000000000  0.000000000000000 
92.000000000000000  0.000000000000000  0.000000000000000 
93.000000000000000  0.000000000000000  0.000000000000000 
94.000000000000000  0.000000000000000  0.000000000000000 
95.000000000000000  0.000000000000000  0.000000000000000 
96.000000000000000  0.000000000000000  0.000000000000000 
97.000000000000000  0.000000000000000  0.000000000000000 
98.000000000000000  0.000000000000000  0.000000000000000 
99.000000000000000  0.000000000000000  0.000000000000000 
100.000000000000000  0.000000000000000  0.000000000000000 
101.000000000000000  0.000000000000000  0.000000000000000 
102.000000000000000  0.000000000000000  0.000000000000000 
103.000000000000000  0.000000000000000  0.000000000000000 
104.000000000000000  0.000000000000000  0.000000000000000 
105.000000000000000  0.000000000000000  0.000000000000000 
106.000000000000000  0.000000000000000  0.000000000000000 
107.000000000000000  0.000000000000000  0.000000000000000 
108.000000000000000  0.000000000000000  0.000000000000000 
109.000000000000000  0.000000000000000  0.000000000000000 
110.000000000000000  0.000000000000000  0.000000000000000 
111.000000000000000  0.000000000000000  0.000000000000000 
112.000000000000000  0.000000000000000  0.000000000000000 
113.000000000000000  0.000000000000000  0.000000000000000 
114.000000000000000  0.000000000000000  0.000000000000000 
115.000000000000000  0.000000000000000  0.000000000000000 
116.000000000000000  0.000000000000000  0.000000000000000 
117.000000000000000  0.000000000000000  0.000000000000000 
118.000000000000000  0.000000000000000  0.000000000000000 
119.000000000000000  0.000000000000000  0.000000000000000 
120.000000000000000  0.000000000000000  0.000000000000000 
121.000000000000000  0.000000000000000  0.000000000000000 
122.000000000000000  0.000000000000000  0.000000000000000 
123.000000000000000  0.000000000000000  0.000000000000000 
124.000000000000000  0.000000000000000  0.000000000000000 
125.000000000000000  0.000000000000000  0.000000000000000 
126.000000000000000  0.000000000000000  0.000000000000000 
127.000000000000000  0.000000000000000  0.000000000000000 
