 0.000000000000000 99.832751793566416 952.000000000000000 
 1.000000000000000 81.743598343039324 728.000000000000000 
 2.000000000000000 118.074580008330940 643.000000000000000 
 3.000000000000000 110.745826645481955 202.000000000000000 
 4.000000000000000 90.142490935911582 704.000000000000000 
 5.000000000000000 96.191026559578702 240.000000000000000 
 6.000000000000000 105.179789814674621 553.000000000000000 
 7.000000000000000 96.554639812940536 868.000000000000000 
 8.000000000000000 109.186815578797180 356.000000000000000 
 9.000000000000000 82.339949263874857 174.000000000000000 
10.000000000000000 113.802048838803103 681.000000000000000 
11.000000000000000 90.289872092419841 116.000000000000000 
12.000000000000000 115.455595379727242 167.000000000000000 
13.000000000000000 103.381254092950570 212.000000000000000 
14.000000000000000 103.321852350375721 155.000000000000000 
15.000000000000000 86.563836622111225 161.000000000000000 
16.000000000000000 110.437997127064392 419.000000000000000 
17.000000000000000 88.816728230166149 328.000000000000000 
18.000000000000000 104.884490370723753 485.000000000000000 
19.000000000000000 105.918952396698558 171.000000000000000 
20.000000000000000 98.915997071542122 388.000000000000000 
21.000000000000000 117.273949942330148 456.000000000000000 
22.000000000000000 103.016983034108023 161.000000000000000 
23.000000000000000 77.916061834140152 1106.000000000000000 
24.000000000000000 93.938649415768268 203.000000000000000 
25.000000000000000 94.717103774471909 174.000000000000000 
26.000000000000000 108.947505434796440 944.000000000000000 
27.000000000000000 94.207250039620519 323.000000000000000 
28.000000000000000 105.206401992259785 433.000000000000000 
29.000000000000000 92.639217823802113 226.000000000000000 
30.000000000000000 115.895291308111950 355.000000000000000 
31.000000000000000 113.112867624890413 262.000000000000000 
32.000000000000000 100.791525506705284 160.000000000000000 
33.000000000000000 120.321928996220322 123.000000000000000 
34.000000000000000 103.117322027092371 170.000000000000000 
35.000000000000000 96.733157451926942 294.000000000000000 
36.000000000000000 101.623483162385071 212.000000000000000 
37.000000000000000 108.768042508784788 283.000000000000000 
38.000000000000000 82.208819262112556 1328.000000000000000 
39.000000000000000 107.697994470996861 642.000000000000000 
40.000000000000000 101.864955948475412 358.000000000000000 
41.000000000000000 104.327864228448675 319.000000000000000 
42.000000000000000 77.347919037379839 139.000000000000000 
43.000000000000000 89.476838328775841 295.000000000000000 
44.000000000000000 76.542022248203210 1145.000000000000000 
45.000000000000000 113.083743605420111 385.000000000000000 
46.000000000000000 90.503442379356855 424.000000000000000 
47.000000000000000 94.914198970944582 214.000000000000000 
48.000000000000000 98.183269787770499 356.000000000000000 
49.000000000000000 112.980177140043708 731.000000000000000 
50.000000000000000 90.016482607520004 1112.000000000000000 
51.000000000000000 88.929534195850749 174.000000000000000 
52.000000000000000 77.720850007645581 174.000000000000000 
53.000000000000000 89.268788555251589 180.000000000000000 
54.000000000000000 83.817672541492527 1223.000000000000000 
55.000000000000000 68.387126873923492 926.000000000000000 
56.000000000000000 99.518078772983202 216.000000000000000 
57.000000000000000 96.016489781431702 475.000000000000000 
58.000000000000000 79.933843007407475 292.000000000000000 
59.000000000000000 67.835683668694600 110.000000000000000 
60.000000000000000 82.989525417148997 195.000000000000000 
61.000000000000000  0.000000000000000  0.000000000000000 
62.000000000000000  0.000000000000000  0.000000000000000 
63.000000000000000  0.000000000000000  0.000000000000000 
64.000000000000000  0.000000000000000  0.000000000000000 
65.000000000000000  0.000000000000000  0.000000000000000 
66.000000000000000  0.000000000000000  0.000000000000000 
67.000000000000000  0.000000000000000  0.000000000000000 
68.000000000000000  0.000000000000000  0.000000000000000 
69.000000000000000  0.000000000000000  0.000000000000000 
70.000000000000000  0.000000000000000  0.000000000000000 
71.000000000000000  0.000000000000000  0.000000000000000 
72.000000000000000  0.000000000000000  0.000000000000000 
73.000000000000000  0.000000000000000  0.000000000000000 
74.000000000000000  0.000000000000000  0.000000000000000 
75.000000000000000  0.000000000000000  0.000000000000000 
76.000000000000000  0.000000000000000  0.000000000000000 
77.000000000000000  0.000000000000000  0.000000000000000 
78.000000000000000  0.000000000000000  0.000000000000000 
79.000000000000000  0.000000000000000  0.000000000000000 
80.000000000000000  0.000000000000000  0.000000000000000 
81.000000000000000  0.000000000000000  0.000000000000000 
82.000000000000000  0.000000000000000  0.000000000000000 
83.000000000000000  0.000000000000000  0.000000000000000 
84.000000000000000  0.000000000000000  0.000000000000000 
85.000000000000000  0.000000000000000  0.000000000000000 
86.000000000000000  0.000000000000000  0.000000000000000 
87.000000000000000  0.000000000000000  0.000000000000000 
88.000000000000000  0.000000000000000  0.000000000000000 
89.000000000000000  0.000000000000000  0.000000000000000 
90.000000000000000  0.000000000000000  0.000000000000000 
91.000000000000000  0.000000000000000  0.000000000000000 
92.000000000000000  0.000000000000000  0.000000000000000 
93.000000000000000  0.000000000000000  0.000000000000000 
94.000000000000000  0.000000000000000  0.000000000000000 
95.000000000000000  0.000000000000000  0.000000000000000 
96.000000000000000  0.000000000000000  0.000000000000000 
97.000000000000000  0.000000000000000  0.000000000000000 
98.000000000000000  0.000000000000000  0.000000000000000 
99.000000000000000  0.000000000000000  0.000000000000000 
100.000000000000000  0.000000000000000  0.000000000000000 
101.000000000000000  0.000000000000000  0.000000000000000 
102.000000000000000  0.000000000000000  0.000000000000000 
103.000000000000000  0.000000000000000  0.000000000000000 
104.000000000000000  0.000000000000000  0.000000000000000 
105.000000000000000  0.000000000000000  0.000000000000000 
106.000000000000000  0.000000000000000  0.000000000000000 
107.000000000000000  0.000000000000000  0.000000000000000 
108.000000000000000  0.000000000000000  0.000000000000000 
109.000000000000000  0.000000000000000  0.000000000000000 
110.000000000000000  0.000000000000000  0.000000000000000 
111.000000000000000  0.000000000000000  0.000000000000000 
112.000000000000000  0.000000000000000  0.000000000000000 
113.000000000000000  0.000000000000000  0.000000000000000 
114.000000000000000  0.000000000000000  0.000000000000000 
115.000000000000000  0.000000000000000  0.000000000000000 
116.000000000000000  0.000000000000000  0.000000000000000 
117.000000000000000  0.000000000000000  0.000000000000000 
118.000000000000000  0.000000000000000  0.000000000000000 
119.000000000000000  0.000000000000000  0.000000000000000 
120.000000000000000  0.000000000000000  0.000000000000000 
121.000000000000000  0.000000000000000  0.000000000000000 
122.000000000000000  0.000000000000000  0.000000000000000 
123.000000000000000  0.000000000000000  0.000000000000000 
124.000000000000000  0.000000000000000  0.000000000000000 
125.000000000000000  0.000000000000000  0.000000000000000 
126.000000000000000  0.000000000000000  0.000000000000000 
127.000000000000000  0.000000000000000  0.000000000000000 
