 0.000000000000000 88.081130136641221 829.000000000000000 
 1.000000000000000 78.520676324638387 670.000000000000000 
 2.000000000000000 102.142939360461099 570.000000000000000 
 3.000000000000000 101.264065685999938 192.000000000000000 
 4.000000000000000 72.741454202464183 844.000000000000000 
 5.000000000000000 94.057603916596790 233.000000000000000 
 6.000000000000000 94.456515517566302 601.000000000000000 
 7.000000000000000 85.940653374507022 713.000000000000000 
 8.000000000000000 103.684273845689049 347.000000000000000 
 9.000000000000000 79.672343938368229 179.000000000000000 
10.000000000000000 100.909341810984870 617.000000000000000 
11.000000000000000 95.354903840451200 129.000000000000000 
12.000000000000000 105.943092023142754 161.000000000000000 
13.000000000000000 86.360556410602584 188.000000000000000 
14.000000000000000 90.921888692137912 145.000000000000000 
15.000000000000000 86.011105117814367 167.000000000000000 
16.000000000000000 88.663601365054745 332.000000000000000 
17.000000000000000 78.821446425387279 299.000000000000000 
18.000000000000000 87.879270643422316 451.000000000000000 
19.000000000000000 89.038137098634721 147.000000000000000 
20.000000000000000 84.115062028898720 322.000000000000000 
21.000000000000000 98.642529993118885 412.000000000000000 
22.000000000000000 97.540097837353770 147.000000000000000 
23.000000000000000 67.391774505856802 961.000000000000000 
24.000000000000000 84.678185763854387 173.000000000000000 
25.000000000000000 94.472627870180801 164.000000000000000 
26.000000000000000 95.412010895226715 866.000000000000000 
27.000000000000000 88.536590406059503 308.000000000000000 
28.000000000000000 97.217940824612384 418.000000000000000 
29.000000000000000 86.205987066365026 227.000000000000000 
30.000000000000000 99.332148095551645 307.000000000000000 
31.000000000000000 95.159623591316588 228.000000000000000 
32.000000000000000 85.134365655353761 134.000000000000000 
33.000000000000000 76.373066485482909 82.000000000000000 
34.000000000000000 106.920133349966875 175.000000000000000 
35.000000000000000 79.964915776335260 260.000000000000000 
36.000000000000000 87.509358270744769 243.000000000000000 
37.000000000000000 100.321642715006163 275.000000000000000 
38.000000000000000 86.278625678769671 1372.000000000000000 
39.000000000000000 99.076323031262035 578.000000000000000 
40.000000000000000 93.572535763270025 324.000000000000000 
41.000000000000000 84.949892404939490 258.000000000000000 
42.000000000000000 74.065606446043191 139.000000000000000 
43.000000000000000 85.804278492289441 301.000000000000000 
44.000000000000000 81.572782741300983 1211.000000000000000 
45.000000000000000 85.923013817319841 385.000000000000000 
46.000000000000000 82.276284814092080 419.000000000000000 
47.000000000000000 82.718631390544829 240.000000000000000 
48.000000000000000 90.185155155291554 327.000000000000000 
49.000000000000000 101.523247288358988 681.000000000000000 
50.000000000000000 92.642583259956851 1132.000000000000000 
51.000000000000000 81.499218147435897 184.000000000000000 
52.000000000000000 79.461206676910123 178.000000000000000 
53.000000000000000 75.643790179131869 160.000000000000000 
54.000000000000000 83.231121380716417 1240.000000000000000 
55.000000000000000 71.160517040602656 962.000000000000000 
56.000000000000000 91.351407593681657 226.000000000000000 
57.000000000000000 81.216548788675539 480.000000000000000 
58.000000000000000 86.102754336379874 279.000000000000000 
59.000000000000000 70.415639469017989 128.000000000000000 
60.000000000000000 76.105302048826104 261.000000000000000 
61.000000000000000 72.199124280583106 141.000000000000000 
62.000000000000000 64.890649305097540 123.000000000000000 
63.000000000000000 76.147937156140770 125.000000000000000 
64.000000000000000 73.631899597084484 462.000000000000000 
65.000000000000000 65.596963736162493 169.000000000000000 
66.000000000000000  0.000000000000000  0.000000000000000 
67.000000000000000  0.000000000000000  0.000000000000000 
68.000000000000000  0.000000000000000  0.000000000000000 
69.000000000000000  0.000000000000000  0.000000000000000 
70.000000000000000  0.000000000000000  0.000000000000000 
71.000000000000000  0.000000000000000  0.000000000000000 
72.000000000000000  0.000000000000000  0.000000000000000 
73.000000000000000  0.000000000000000  0.000000000000000 
74.000000000000000  0.000000000000000  0.000000000000000 
75.000000000000000  0.000000000000000  0.000000000000000 
76.000000000000000  0.000000000000000  0.000000000000000 
77.000000000000000  0.000000000000000  0.000000000000000 
78.000000000000000  0.000000000000000  0.000000000000000 
79.000000000000000  0.000000000000000  0.000000000000000 
80.000000000000000  0.000000000000000  0.000000000000000 
81.000000000000000  0.000000000000000  0.000000000000000 
82.000000000000000  0.000000000000000  0.000000000000000 
83.000000000000000  0.000000000000000  0.000000000000000 
84.000000000000000  0.000000000000000  0.000000000000000 
85.000000000000000  0.000000000000000  0.000000000000000 
86.000000000000000  0.000000000000000  0.000000000000000 
87.000000000000000  0.000000000000000  0.000000000000000 
88.000000000000000  0.000000000000000  0.000000000000000 
89.000000000000000  0.000000000000000  0.000000000000000 
90.000000000000000  0.000000000000000  0.000000000000000 
91.000000000000000  0.000000000000000  0.000000000000000 
92.000000000000000  0.000000000000000  0.000000000000000 
93.000000000000000  0.000000000000000  0.000000000000000 
94.000000000000000  0.000000000000000  0.000000000000000 
95.000000000000000  0.000000000000000  0.000000000000000 
96.000000000000000  0.000000000000000  0.000000000000000 
97.000000000000000  0.000000000000000  0.000000000000000 
98.000000000000000  0.000000000000000  0.000000000000000 
99.000000000000000  0.000000000000000  0.000000000000000 
100.000000000000000  0.000000000000000  0.000000000000000 
101.000000000000000  0.000000000000000  0.000000000000000 
102.000000000000000  0.000000000000000  0.000000000000000 
103.000000000000000  0.000000000000000  0.000000000000000 
104.000000000000000  0.000000000000000  0.000000000000000 
105.000000000000000  0.000000000000000  0.000000000000000 
106.000000000000000  0.000000000000000  0.000000000000000 
107.000000000000000  0.000000000000000  0.000000000000000 
108.000000000000000  0.000000000000000  0.000000000000000 
109.000000000000000  0.000000000000000  0.000000000000000 
110.000000000000000  0.000000000000000  0.000000000000000 
111.000000000000000  0.000000000000000  0.000000000000000 
112.000000000000000  0.000000000000000  0.000000000000000 
113.000000000000000  0.000000000000000  0.000000000000000 
114.000000000000000  0.000000000000000  0.000000000000000 
115.000000000000000  0.000000000000000  0.000000000000000 
116.000000000000000  0.000000000000000  0.000000000000000 
117.000000000000000  0.000000000000000  0.000000000000000 
118.000000000000000  0.000000000000000  0.000000000000000 
119.000000000000000  0.000000000000000  0.000000000000000 
120.000000000000000  0.000000000000000  0.000000000000000 
121.000000000000000  0.000000000000000  0.000000000000000 
122.000000000000000  0.000000000000000  0.000000000000000 
123.000000000000000  0.000000000000000  0.000000000000000 
124.000000000000000  0.000000000000000  0.000000000000000 
125.000000000000000  0.000000000000000  0.000000000000000 
126.000000000000000  0.000000000000000  0.000000000000000 
127.000000000000000  0.000000000000000  0.000000000000000 
