 0.000000000000000 39.276124023397024 581.000000000000000 
 1.000000000000000 34.209757625164151 334.000000000000000 
 2.000000000000000 39.819944885583944 328.000000000000000 
 3.000000000000000 42.816450255144083 186.000000000000000 
 4.000000000000000 44.253853602308297 755.000000000000000 
 5.000000000000000 43.839042705512647 160.000000000000000 
 6.000000000000000 47.985138425425120 384.000000000000000 
 7.000000000000000 39.803156984294660 287.000000000000000 
 8.000000000000000 48.201940554337803 260.000000000000000 
 9.000000000000000 39.373453310801338 109.000000000000000 
10.000000000000000 41.951458053399939 353.000000000000000 
11.000000000000000 26.841539823025531 47.000000000000000 
12.000000000000000 30.336068699610948 73.000000000000000 
13.000000000000000 32.266012643878213 84.000000000000000 
14.000000000000000 43.135791920000003 71.000000000000000 
15.000000000000000 34.579677087826390 107.000000000000000 
16.000000000000000 35.331062471964984 171.000000000000000 
17.000000000000000 38.238054034169139 191.000000000000000 
18.000000000000000 50.037847926574209 407.000000000000000 
19.000000000000000 37.136535871873491 64.000000000000000 
20.000000000000000 40.815386553651848 204.000000000000000 
21.000000000000000 37.052223183895080 170.000000000000000 
22.000000000000000 49.817052900513730 109.000000000000000 
23.000000000000000 40.167971151330796 680.000000000000000 
24.000000000000000 47.162430390156544 115.000000000000000 
25.000000000000000 38.648980315264595 95.000000000000000 
26.000000000000000 43.583867521339684 549.000000000000000 
27.000000000000000 32.372920854184997 160.000000000000000 
28.000000000000000 43.832591256614968 238.000000000000000 
29.000000000000000 44.573274032508785 153.000000000000000 
30.000000000000000 48.334043295159503 150.000000000000000 
31.000000000000000 39.044113439485159 95.000000000000000 
32.000000000000000 41.785001700054146 73.000000000000000 
33.000000000000000 29.446724553777777 45.000000000000000 
34.000000000000000 47.543227720746266 134.000000000000000 
35.000000000000000 33.599749502283252 110.000000000000000 
36.000000000000000 49.523257354405331 145.000000000000000 
37.000000000000000 34.626267201310966 76.000000000000000 
38.000000000000000 32.534405749814596 775.000000000000000 
39.000000000000000 46.683373642034574 355.000000000000000 
40.000000000000000 36.673323363486226 120.000000000000000 
41.000000000000000 50.779174448227153 215.000000000000000 
42.000000000000000 40.873013334917175 84.000000000000000 
43.000000000000000 52.071034815193833 191.000000000000000 
44.000000000000000 36.809875695825554 710.000000000000000 
45.000000000000000 36.185522988930238 231.000000000000000 
46.000000000000000 35.059398667590536 169.000000000000000 
47.000000000000000 45.886849238717197 168.000000000000000 
48.000000000000000 36.886293473623610 117.000000000000000 
49.000000000000000 43.758462708518053 413.000000000000000 
50.000000000000000 49.766176654924877 701.000000000000000 
51.000000000000000 46.675544301646319 136.000000000000000 
52.000000000000000 43.092213795402635 117.000000000000000 
53.000000000000000 29.783407431394398 107.000000000000000 
54.000000000000000 32.722668947475825 784.000000000000000 
55.000000000000000 29.348098054512256 576.000000000000000 
56.000000000000000 45.072992674033124 113.000000000000000 
57.000000000000000 44.350384851314722 250.000000000000000 
58.000000000000000 30.974795943605383 162.000000000000000 
59.000000000000000 49.299544373234049 94.000000000000000 
60.000000000000000 28.669009572236778 140.000000000000000 
61.000000000000000 39.070717819547511 86.000000000000000 
62.000000000000000 33.334701645352112 71.000000000000000 
63.000000000000000 50.455623759632104 81.000000000000000 
64.000000000000000 44.533117207406086 450.000000000000000 
65.000000000000000 35.000046673707359 135.000000000000000 
66.000000000000000 40.322830003266105 60.000000000000000 
67.000000000000000 36.935390899243714 85.000000000000000 
68.000000000000000 36.554431649748544 188.000000000000000 
69.000000000000000 43.856575447996114 165.000000000000000 
70.000000000000000 48.905964004896134 290.000000000000000 
71.000000000000000 48.591404630323140 256.000000000000000 
72.000000000000000 33.880787127714562 474.000000000000000 
73.000000000000000 37.213103045003720 255.000000000000000 
74.000000000000000 39.244606940385339 92.000000000000000 
75.000000000000000 43.516700404272697 101.000000000000000 
76.000000000000000 27.233766013600015 38.000000000000000 
77.000000000000000 36.088340237829421 359.000000000000000 
78.000000000000000 33.361533013091922 194.000000000000000 
79.000000000000000 37.792213260568644 190.000000000000000 
80.000000000000000 41.754314220010926 295.000000000000000 
81.000000000000000 33.564293119508406 107.000000000000000 
82.000000000000000 32.500962305392015 278.000000000000000 
83.000000000000000 48.482839468316101 104.000000000000000 
84.000000000000000 40.711927410075795 76.000000000000000 
85.000000000000000 36.745624930992363 115.000000000000000 
86.000000000000000 33.074449806359020 67.000000000000000 
87.000000000000000 35.799659282578382 87.000000000000000 
88.000000000000000 40.664384924537217 214.000000000000000 
89.000000000000000 35.637108422840498 99.000000000000000 
90.000000000000000 42.276486891707741 761.000000000000000 
91.000000000000000 39.936677474286903 621.000000000000000 
92.000000000000000 33.424565467630487 150.000000000000000 
93.000000000000000 36.855727189506155 227.000000000000000 
94.000000000000000 40.736390384831559 203.000000000000000 
95.000000000000000 31.386106598895957 269.000000000000000 
96.000000000000000 42.217789612522083 445.000000000000000 
97.000000000000000 26.491483847566535 36.000000000000000 
98.000000000000000 35.809421293883815 174.000000000000000 
99.000000000000000 34.331566739826513 259.000000000000000 
100.000000000000000 31.821098100877848 94.000000000000000 
101.000000000000000 33.075345998644579 189.000000000000000 
102.000000000000000 36.023772828104320 225.000000000000000 
103.000000000000000 32.843652752799322 96.000000000000000 
104.000000000000000 36.303270399177961 136.000000000000000 
105.000000000000000 31.454914242625385 346.000000000000000 
106.000000000000000 30.381879558352939 119.000000000000000 
107.000000000000000 36.006745208347255 144.000000000000000 
108.000000000000000 26.353532198358689 46.000000000000000 
109.000000000000000 32.050360473343950 153.000000000000000 
110.000000000000000 43.358505736749606 800.000000000000000 
111.000000000000000 40.796694304705269 407.000000000000000 
112.000000000000000 31.088344001080465 108.000000000000000 
113.000000000000000  0.000000000000000  0.000000000000000 
114.000000000000000  0.000000000000000  0.000000000000000 
115.000000000000000  0.000000000000000  0.000000000000000 
116.000000000000000  0.000000000000000  0.000000000000000 
117.000000000000000  0.000000000000000  0.000000000000000 
118.000000000000000  0.000000000000000  0.000000000000000 
119.000000000000000  0.000000000000000  0.000000000000000 
120.000000000000000  0.000000000000000  0.000000000000000 
121.000000000000000  0.000000000000000  0.000000000000000 
122.000000000000000  0.000000000000000  0.000000000000000 
123.000000000000000  0.000000000000000  0.000000000000000 
124.000000000000000  0.000000000000000  0.000000000000000 
125.000000000000000  0.000000000000000  0.000000000000000 
126.000000000000000  0.000000000000000  0.000000000000000 
127.000000000000000  0.000000000000000  0.000000000000000 
