 0.000000000000000 36.388838184228803 545.000000000000000 
 1.000000000000000 40.393154844135935 355.000000000000000 
 2.000000000000000 35.918958598778808 331.000000000000000 
 3.000000000000000 34.191702676174245 163.000000000000000 
 4.000000000000000 31.200785384675644 633.000000000000000 
 5.000000000000000 30.512834263164788 126.000000000000000 
 6.000000000000000 38.572545075288993 397.000000000000000 
 7.000000000000000 35.648910367695983 273.000000000000000 
 8.000000000000000 41.114278753765710 211.000000000000000 
 9.000000000000000 39.409146486404410 107.000000000000000 
10.000000000000000 33.666585706614761 297.000000000000000 
11.000000000000000 27.568260481764586 48.000000000000000 
12.000000000000000 29.798351482490876 74.000000000000000 
13.000000000000000 34.289818332550489 79.000000000000000 
14.000000000000000 42.096944941911758 68.000000000000000 
15.000000000000000 37.050372515005705 105.000000000000000 
16.000000000000000 33.209482665119936 138.000000000000000 
17.000000000000000 37.202375573835418 192.000000000000000 
18.000000000000000 37.167322454002210 340.000000000000000 
19.000000000000000 35.542126782849181 61.000000000000000 
20.000000000000000 35.496623966802126 180.000000000000000 
21.000000000000000 31.666293584887597 149.000000000000000 
22.000000000000000 33.772010812849274 69.000000000000000 
23.000000000000000 36.443253567428876 625.000000000000000 
24.000000000000000 38.975787710440002 110.000000000000000 
25.000000000000000 39.013457217839722 96.000000000000000 
26.000000000000000 37.642286283151137 549.000000000000000 
27.000000000000000 30.162400995161281 155.000000000000000 
28.000000000000000 34.222209774735859 193.000000000000000 
29.000000000000000 27.244406951395163 97.000000000000000 
30.000000000000000 34.692670646060158 126.000000000000000 
31.000000000000000 31.745492057555232 85.000000000000000 
32.000000000000000 28.535534493531504 57.000000000000000 
33.000000000000000 26.163764840249996 40.000000000000000 
34.000000000000000 38.185486121913044 115.000000000000000 
35.000000000000000 31.192158814035981 105.000000000000000 
36.000000000000000 32.852724922565564 95.000000000000000 
37.000000000000000 32.164150973136813 71.000000000000000 
38.000000000000000 27.274022648194677 694.000000000000000 
39.000000000000000 31.660174525387358 412.000000000000000 
40.000000000000000 27.608274004076531 115.000000000000000 
41.000000000000000 31.524123320637603 278.000000000000000 
42.000000000000000 39.437897297439015 82.000000000000000 
43.000000000000000 39.214068502620705 143.000000000000000 
44.000000000000000 24.899826802162099 569.000000000000000 
45.000000000000000 31.669860214024563 213.000000000000000 
46.000000000000000 28.549339207296722 152.000000000000000 
47.000000000000000 37.390074458756061 173.000000000000000 
48.000000000000000 36.285547030235158 114.000000000000000 
49.000000000000000 25.345898902005711 324.000000000000000 
50.000000000000000 33.050196605563784 489.000000000000000 
51.000000000000000 38.296189581238430 138.000000000000000 
52.000000000000000 28.881120920212773 94.000000000000000 
53.000000000000000 30.236994266805510 109.000000000000000 
54.000000000000000 30.854340872276946 777.000000000000000 
55.000000000000000 25.632608073919517 503.000000000000000 
56.000000000000000 39.667336714933320 100.000000000000000 
57.000000000000000 35.336625851531714 194.000000000000000 
58.000000000000000 32.540231904374807 152.000000000000000 
59.000000000000000 36.326710880740741 81.000000000000000 
60.000000000000000 30.374016208223143 147.000000000000000 
61.000000000000000 37.541034304469761 82.000000000000000 
62.000000000000000 32.178640337746479 71.000000000000000 
63.000000000000000 26.721159568400001 50.000000000000000 
64.000000000000000 31.977389307003762 465.000000000000000 
65.000000000000000 32.820204437394899 140.000000000000000 
66.000000000000000 34.527549401922222 54.000000000000000 
67.000000000000000 36.714633376313955 86.000000000000000 
68.000000000000000 30.745335163716177 158.000000000000000 
69.000000000000000 38.372946391876368 153.000000000000000 
70.000000000000000 39.821021378832647 247.000000000000000 
71.000000000000000 29.256887518251158 147.000000000000000 
72.000000000000000 29.156716044649006 407.000000000000000 
73.000000000000000 36.373295441388677 238.000000000000000 
74.000000000000000 33.237859201914382 82.000000000000000 
75.000000000000000 37.835620517153103 96.000000000000000 
76.000000000000000 27.233766013600011 38.000000000000000 
77.000000000000000 33.314448103581277 220.000000000000000 
78.000000000000000 32.469444076294053 203.000000000000000 
79.000000000000000 37.022198054620773 193.000000000000000 
80.000000000000000 36.986110213722952 291.000000000000000 
81.000000000000000 25.598968827954252 94.000000000000000 
82.000000000000000 31.531022862430149 267.000000000000000 
83.000000000000000 38.970984044674978 89.000000000000000 
84.000000000000000 38.634418586553423 73.000000000000000 
85.000000000000000 31.835774539711981 99.000000000000000 
86.000000000000000 33.070785948024707 67.000000000000000 
87.000000000000000 33.180314174216697 79.000000000000000 
88.000000000000000 32.052326807202377 176.000000000000000 
89.000000000000000 30.900444710362102 93.000000000000000 
90.000000000000000 37.970310254590302 738.000000000000000 
91.000000000000000 33.544235385818418 552.000000000000000 
92.000000000000000 32.557669236506875 148.000000000000000 
93.000000000000000 33.634041182089000 191.000000000000000 
94.000000000000000 41.712309046411235 311.000000000000000 
95.000000000000000 37.915100787607685 298.000000000000000 
96.000000000000000 39.533907749153492 445.000000000000000 
97.000000000000000 25.421942027765539 35.000000000000000 
98.000000000000000 33.285828349157576 165.000000000000000 
99.000000000000000 31.138348185401206 248.000000000000000 
100.000000000000000 32.453839801151581 95.000000000000000 
101.000000000000000 35.645603421045266 202.000000000000000 
102.000000000000000 33.532360615262846 221.000000000000000 
103.000000000000000 32.374179197233360 111.000000000000000 
104.000000000000000 32.003806730073428 128.000000000000000 
105.000000000000000 38.377816028223258 393.000000000000000 
106.000000000000000 26.849340254717269 110.000000000000000 
107.000000000000000 33.820328844761704 141.000000000000000 
108.000000000000000 26.713897528972922 48.000000000000000 
109.000000000000000 29.321014207145925 143.000000000000000 
110.000000000000000 40.614678610618220 784.000000000000000 
111.000000000000000 38.666474960564344 384.000000000000000 
112.000000000000000 28.457388444843236 104.000000000000000 
113.000000000000000 31.701662257521164 128.000000000000000 
114.000000000000000 32.479115525808695 69.000000000000000 
115.000000000000000 30.435610377646103 106.000000000000000 
116.000000000000000 23.664145035391670 62.000000000000000 
117.000000000000000 27.300407652176126 180.000000000000000 
118.000000000000000 30.420552442313976 528.000000000000000 
119.000000000000000 35.795146539373000 157.000000000000000 
120.000000000000000 24.834164655592687 64.000000000000000 
121.000000000000000 30.426086438294298 235.000000000000000 
122.000000000000000 26.470453229305043 198.000000000000000 
123.000000000000000 34.574363751430305 99.000000000000000 
124.000000000000000 24.659383059245766 209.000000000000000 
125.000000000000000  0.000000000000000  0.000000000000000 
126.000000000000000  0.000000000000000  0.000000000000000 
127.000000000000000  0.000000000000000  0.000000000000000 
