 0.000000000000000 48.238590530657255 663.000000000000000 
 1.000000000000000 53.374422971455516 468.000000000000000 
 2.000000000000000 61.298896231336585 473.000000000000000 
 3.000000000000000 51.085324184880328 208.000000000000000 
 4.000000000000000 46.583960463806619 736.000000000000000 
 5.000000000000000 57.884894427791338 191.000000000000000 
 6.000000000000000 65.049458345674665 544.000000000000000 
 7.000000000000000 48.935664154644542 357.000000000000000 
 8.000000000000000 64.817091613536718 334.000000000000000 
 9.000000000000000 58.253771938661664 138.000000000000000 
10.000000000000000 60.689583427797530 523.000000000000000 
11.000000000000000 39.341930786448486 66.000000000000000 
12.000000000000000 49.250120409709552 90.000000000000000 
13.000000000000000 46.712081581822616 108.000000000000000 
14.000000000000000 52.991962961481477 81.000000000000000 
15.000000000000000 47.570722257563332 131.000000000000000 
16.000000000000000 43.109748058440076 204.000000000000000 
17.000000000000000 46.707774856442597 218.000000000000000 
18.000000000000000 58.679794195351569 433.000000000000000 
19.000000000000000 60.649119484659806 127.000000000000000 
20.000000000000000 59.228296529028739 256.000000000000000 
21.000000000000000 45.365956736665723 200.000000000000000 
22.000000000000000 57.273624162303157 95.000000000000000 
23.000000000000000 58.535778889223266 826.000000000000000 
24.000000000000000 63.044111129927366 140.000000000000000 
25.000000000000000 54.014797974575998 124.000000000000000 
26.000000000000000 64.585764948532983 692.000000000000000 
27.000000000000000 54.730744248322431 239.000000000000000 
28.000000000000000 48.955089541834724 264.000000000000000 
29.000000000000000 63.991011559922462 193.000000000000000 
30.000000000000000 53.716344835365440 163.000000000000000 
31.000000000000000 66.909962547838234 165.000000000000000 
32.000000000000000 49.041132563029841 84.000000000000000 
33.000000000000000 60.776395205801364 74.000000000000000 
34.000000000000000 49.607770595814834 128.000000000000000 
35.000000000000000 48.577553264355558 161.000000000000000 
36.000000000000000 57.451279757058792 173.000000000000000 
37.000000000000000 47.160746202452906 110.000000000000000 
38.000000000000000 46.920271571962473 968.000000000000000 
39.000000000000000 61.652097591154430 389.000000000000000 
40.000000000000000 41.840392075128250 131.000000000000000 
41.000000000000000 58.412646557897510 236.000000000000000 
42.000000000000000 60.290737752598432 127.000000000000000 
43.000000000000000 63.763541272392580 217.000000000000000 
44.000000000000000 51.195912760626953 704.000000000000000 
45.000000000000000 59.439954776333266 347.000000000000000 
46.000000000000000 48.336239792379935 234.000000000000000 
47.000000000000000 60.917722602829429 209.000000000000000 
48.000000000000000 47.474236660950311 191.000000000000000 
49.000000000000000 58.943366563290581 579.000000000000000 
50.000000000000000 52.988418224468631 736.000000000000000 
51.000000000000000 62.695071730340871 164.000000000000000 
52.000000000000000 48.489611821970662 131.000000000000000 
53.000000000000000 49.987554279842257 161.000000000000000 
54.000000000000000 36.449066224888107 826.000000000000000 
55.000000000000000 34.863734787841956 562.000000000000000 
56.000000000000000 60.575574789057683 159.000000000000000 
57.000000000000000 54.867225861399554 318.000000000000000 
58.000000000000000 62.740492001457596 252.000000000000000 
59.000000000000000 53.361164417666664 114.000000000000000 
60.000000000000000 42.711168490838340 186.000000000000000 
61.000000000000000 64.634632592288767 138.000000000000000 
62.000000000000000 53.525204043750030 112.000000000000000 
63.000000000000000 62.105838620892783 97.000000000000000 
64.000000000000000 49.676290457905061 448.000000000000000 
65.000000000000000 47.477300003398412 183.000000000000000 
66.000000000000000 44.684824143157563 66.000000000000000 
67.000000000000000 55.831572714933309 150.000000000000000 
68.000000000000000 46.316728963482689 237.000000000000000 
69.000000000000000 54.586273183219127 170.000000000000000 
70.000000000000000 48.674002569697620 268.000000000000000 
71.000000000000000 54.107319691426781 287.000000000000000 
72.000000000000000 51.096978227542600 855.000000000000000 
73.000000000000000 53.369207312449447 365.000000000000000 
74.000000000000000 38.203854269904909 90.000000000000000 
75.000000000000000 44.115372680302947 102.000000000000000 
76.000000000000000 30.458895439342861 42.000000000000000 
77.000000000000000 57.119449330403235 329.000000000000000 
78.000000000000000 52.686778316255918 284.000000000000000 
79.000000000000000 48.079050917845279 246.000000000000000 
80.000000000000000 46.273770480655962 313.000000000000000 
81.000000000000000 55.269337884655961 134.000000000000000 
82.000000000000000 45.150539236116963 361.000000000000000 
83.000000000000000 48.567988648989413 99.000000000000000 
84.000000000000000 41.765356377742840 77.000000000000000 
85.000000000000000 43.739648450487529 134.000000000000000 
86.000000000000000 47.614908947003023 99.000000000000000 
87.000000000000000 40.209492207188319 93.000000000000000 
88.000000000000000 47.703343346668213 227.000000000000000 
89.000000000000000 37.033075890847435 107.000000000000000 
90.000000000000000 50.073873669819569 887.000000000000000 
91.000000000000000 45.932451961349003 716.000000000000000 
92.000000000000000 41.664630688152286 164.000000000000000 
93.000000000000000  0.000000000000000  0.000000000000000 
94.000000000000000  0.000000000000000  0.000000000000000 
95.000000000000000  0.000000000000000  0.000000000000000 
96.000000000000000  0.000000000000000  0.000000000000000 
97.000000000000000  0.000000000000000  0.000000000000000 
98.000000000000000  0.000000000000000  0.000000000000000 
99.000000000000000  0.000000000000000  0.000000000000000 
100.000000000000000  0.000000000000000  0.000000000000000 
101.000000000000000  0.000000000000000  0.000000000000000 
102.000000000000000  0.000000000000000  0.000000000000000 
103.000000000000000  0.000000000000000  0.000000000000000 
104.000000000000000  0.000000000000000  0.000000000000000 
105.000000000000000  0.000000000000000  0.000000000000000 
106.000000000000000  0.000000000000000  0.000000000000000 
107.000000000000000  0.000000000000000  0.000000000000000 
108.000000000000000  0.000000000000000  0.000000000000000 
109.000000000000000  0.000000000000000  0.000000000000000 
110.000000000000000  0.000000000000000  0.000000000000000 
111.000000000000000  0.000000000000000  0.000000000000000 
112.000000000000000  0.000000000000000  0.000000000000000 
113.000000000000000  0.000000000000000  0.000000000000000 
114.000000000000000  0.000000000000000  0.000000000000000 
115.000000000000000  0.000000000000000  0.000000000000000 
116.000000000000000  0.000000000000000  0.000000000000000 
117.000000000000000  0.000000000000000  0.000000000000000 
118.000000000000000  0.000000000000000  0.000000000000000 
119.000000000000000  0.000000000000000  0.000000000000000 
120.000000000000000  0.000000000000000  0.000000000000000 
121.000000000000000  0.000000000000000  0.000000000000000 
122.000000000000000  0.000000000000000  0.000000000000000 
123.000000000000000  0.000000000000000  0.000000000000000 
124.000000000000000  0.000000000000000  0.000000000000000 
125.000000000000000  0.000000000000000  0.000000000000000 
126.000000000000000  0.000000000000000  0.000000000000000 
127.000000000000000  0.000000000000000  0.000000000000000 
