 0.000000000000000 109.428536788127758 1117.000000000000000 
 1.000000000000000 125.002475034596515 1382.000000000000000 
 2.000000000000000 140.272839035957588 789.000000000000000 
 3.000000000000000 155.258940730747099 261.000000000000000 
 4.000000000000000 111.344372892249240 731.000000000000000 
 5.000000000000000 143.933698946790145 332.000000000000000 
 6.000000000000000 112.927747754753611 616.000000000000000 
 7.000000000000000 94.856733783671658 1052.000000000000000 
 8.000000000000000 133.100434129596238 482.000000000000000 
 9.000000000000000 144.203399930528320 280.000000000000000 
10.000000000000000 136.771893687543042 862.000000000000000 
11.000000000000000 134.394343993498666 179.000000000000000 
12.000000000000000 157.267518671291697 222.000000000000000 
13.000000000000000 138.828543821330129 288.000000000000000 
14.000000000000000 135.657456734882516 189.000000000000000 
15.000000000000000 150.533583666968127 264.000000000000000 
16.000000000000000 123.188448742304558 440.000000000000000 
17.000000000000000 130.211100797410126 375.000000000000000 
18.000000000000000 123.347995290062414 507.000000000000000 
19.000000000000000 144.476072134457581 221.000000000000000 
20.000000000000000 149.818441602374293 597.000000000000000 
21.000000000000000 144.196036484420603 543.000000000000000 
22.000000000000000 127.474977668235965 189.000000000000000 
23.000000000000000 115.807637281077703 1516.000000000000000 
24.000000000000000 135.443818760026517 252.000000000000000 
25.000000000000000 123.415751681211717 223.000000000000000 
26.000000000000000 125.925577914383339 1184.000000000000000 
27.000000000000000 117.132488272898613 367.000000000000000 
28.000000000000000 141.179972025509130 530.000000000000000 
29.000000000000000 128.364899767081738 256.000000000000000 
30.000000000000000 137.957098259918610 373.000000000000000 
31.000000000000000 130.046806330727833 284.000000000000000 
32.000000000000000 126.936414714919053 188.000000000000000 
33.000000000000000 121.321499752310913 125.000000000000000 
34.000000000000000 116.840509651240680 177.000000000000000 
35.000000000000000 118.997742237751382 365.000000000000000 
36.000000000000000 122.280156318972701 237.000000000000000 
37.000000000000000 150.595042727503397 362.000000000000000 
38.000000000000000 115.465789687971750 1539.000000000000000 
39.000000000000000 126.548631086785960 597.000000000000000 
40.000000000000000 130.089626416079028 482.000000000000000 
41.000000000000000 124.889175396609147 395.000000000000000 
42.000000000000000 138.394586794246266 216.000000000000000 
43.000000000000000 149.385277727077892 382.000000000000000 
44.000000000000000 163.542696003813205 1799.000000000000000 
45.000000000000000 111.049327188590993 371.000000000000000 
46.000000000000000 108.790170935466563 415.000000000000000 
47.000000000000000 113.008707463169998 221.000000000000000 
48.000000000000000 118.769540135885890 441.000000000000000 
49.000000000000000 101.104890070966789 786.000000000000000 
50.000000000000000  0.000000000000000  0.000000000000000 
51.000000000000000  0.000000000000000  0.000000000000000 
52.000000000000000  0.000000000000000  0.000000000000000 
53.000000000000000  0.000000000000000  0.000000000000000 
54.000000000000000  0.000000000000000  0.000000000000000 
55.000000000000000  0.000000000000000  0.000000000000000 
56.000000000000000  0.000000000000000  0.000000000000000 
57.000000000000000  0.000000000000000  0.000000000000000 
58.000000000000000  0.000000000000000  0.000000000000000 
59.000000000000000  0.000000000000000  0.000000000000000 
60.000000000000000  0.000000000000000  0.000000000000000 
61.000000000000000  0.000000000000000  0.000000000000000 
62.000000000000000  0.000000000000000  0.000000000000000 
63.000000000000000  0.000000000000000  0.000000000000000 
64.000000000000000  0.000000000000000  0.000000000000000 
65.000000000000000  0.000000000000000  0.000000000000000 
66.000000000000000  0.000000000000000  0.000000000000000 
67.000000000000000  0.000000000000000  0.000000000000000 
68.000000000000000  0.000000000000000  0.000000000000000 
69.000000000000000  0.000000000000000  0.000000000000000 
70.000000000000000  0.000000000000000  0.000000000000000 
71.000000000000000  0.000000000000000  0.000000000000000 
72.000000000000000  0.000000000000000  0.000000000000000 
73.000000000000000  0.000000000000000  0.000000000000000 
74.000000000000000  0.000000000000000  0.000000000000000 
75.000000000000000  0.000000000000000  0.000000000000000 
76.000000000000000  0.000000000000000  0.000000000000000 
77.000000000000000  0.000000000000000  0.000000000000000 
78.000000000000000  0.000000000000000  0.000000000000000 
79.000000000000000  0.000000000000000  0.000000000000000 
80.000000000000000  0.000000000000000  0.000000000000000 
81.000000000000000  0.000000000000000  0.000000000000000 
82.000000000000000  0.000000000000000  0.000000000000000 
83.000000000000000  0.000000000000000  0.000000000000000 
84.000000000000000  0.000000000000000  0.000000000000000 
85.000000000000000  0.000000000000000  0.000000000000000 
86.000000000000000  0.000000000000000  0.000000000000000 
87.000000000000000  0.000000000000000  0.000000000000000 
88.000000000000000  0.000000000000000  0.000000000000000 
89.000000000000000  0.000000000000000  0.000000000000000 
90.000000000000000  0.000000000000000  0.000000000000000 
91.000000000000000  0.000000000000000  0.000000000000000 
92.000000000000000  0.000000000000000  0.000000000000000 
93.000000000000000  0.000000000000000  0.000000000000000 
94.000000000000000  0.000000000000000  0.000000000000000 
95.000000000000000  0.000000000000000  0.000000000000000 
96.000000000000000  0.000000000000000  0.000000000000000 
97.000000000000000  0.000000000000000  0.000000000000000 
98.000000000000000  0.000000000000000  0.000000000000000 
99.000000000000000  0.000000000000000  0.000000000000000 
100.000000000000000  0.000000000000000  0.000000000000000 
101.000000000000000  0.000000000000000  0.000000000000000 
102.000000000000000  0.000000000000000  0.000000000000000 
103.000000000000000  0.000000000000000  0.000000000000000 
104.000000000000000  0.000000000000000  0.000000000000000 
105.000000000000000  0.000000000000000  0.000000000000000 
106.000000000000000  0.000000000000000  0.000000000000000 
107.000000000000000  0.000000000000000  0.000000000000000 
108.000000000000000  0.000000000000000  0.000000000000000 
109.000000000000000  0.000000000000000  0.000000000000000 
110.000000000000000  0.000000000000000  0.000000000000000 
111.000000000000000  0.000000000000000  0.000000000000000 
112.000000000000000  0.000000000000000  0.000000000000000 
113.000000000000000  0.000000000000000  0.000000000000000 
114.000000000000000  0.000000000000000  0.000000000000000 
115.000000000000000  0.000000000000000  0.000000000000000 
116.000000000000000  0.000000000000000  0.000000000000000 
117.000000000000000  0.000000000000000  0.000000000000000 
118.000000000000000  0.000000000000000  0.000000000000000 
119.000000000000000  0.000000000000000  0.000000000000000 
120.000000000000000  0.000000000000000  0.000000000000000 
121.000000000000000  0.000000000000000  0.000000000000000 
122.000000000000000  0.000000000000000  0.000000000000000 
123.000000000000000  0.000000000000000  0.000000000000000 
124.000000000000000  0.000000000000000  0.000000000000000 
125.000000000000000  0.000000000000000  0.000000000000000 
126.000000000000000  0.000000000000000  0.000000000000000 
127.000000000000000  0.000000000000000  0.000000000000000 
