 0.000000000000000 85.901956211660305 779.000000000000000 
 1.000000000000000 78.970520323930515 675.000000000000000 
 2.000000000000000 100.224759258274489 562.000000000000000 
 3.000000000000000 69.578989165752034 207.000000000000000 
 4.000000000000000 71.953136877424825 880.000000000000000 
 5.000000000000000 82.575281317106402 245.000000000000000 
 6.000000000000000 89.380015493441164 594.000000000000000 
 7.000000000000000 83.086709553805036 673.000000000000000 
 8.000000000000000 82.956502168957144 296.000000000000000 
 9.000000000000000 79.932907236392751 180.000000000000000 
10.000000000000000 99.600780066145930 627.000000000000000 
11.000000000000000 88.957019942550005 120.000000000000000 
12.000000000000000 76.599315816153819 111.000000000000000 
13.000000000000000 85.077459775630885 180.000000000000000 
14.000000000000000 88.761399634184386 141.000000000000000 
15.000000000000000 90.782558780517391 187.000000000000000 
16.000000000000000 82.761012161743437 308.000000000000000 
17.000000000000000 77.836546577012797 304.000000000000000 
18.000000000000000 88.926317547286345 443.000000000000000 
19.000000000000000 84.418609559030259 140.000000000000000 
20.000000000000000 78.541709778829031 307.000000000000000 
21.000000000000000 73.344825535698391 365.000000000000000 
22.000000000000000 73.659356432422072 123.000000000000000 
23.000000000000000 63.510332056292931 917.000000000000000 
24.000000000000000 87.824318505978979 173.000000000000000 
25.000000000000000 74.290004564839379 139.000000000000000 
26.000000000000000 93.105421739063189 854.000000000000000 
27.000000000000000 79.849745597651975 291.000000000000000 
28.000000000000000 79.280292777258708 372.000000000000000 
29.000000000000000 80.556799483132011 223.000000000000000 
30.000000000000000 89.567173635612889 280.000000000000000 
31.000000000000000 84.313710440013452 201.000000000000000 
32.000000000000000 78.476330252831772 126.000000000000000 
33.000000000000000 77.283129186144564 83.000000000000000 
34.000000000000000 74.197356211073725 171.000000000000000 
35.000000000000000 63.988348607025344 195.000000000000000 
36.000000000000000 86.310272790369169 244.000000000000000 
37.000000000000000 94.220016969072830 238.000000000000000 
38.000000000000000 85.623681958108122 1363.000000000000000 
39.000000000000000 97.959455540389953 574.000000000000000 
40.000000000000000 82.122269641397338 303.000000000000000 
41.000000000000000 85.517689578696491 275.000000000000000 
42.000000000000000 81.137130996470560 153.000000000000000 
43.000000000000000 83.104280035317359 292.000000000000000 
44.000000000000000 82.826320256969851 1219.000000000000000 
45.000000000000000 70.653374114628406 370.000000000000000 
46.000000000000000 72.698707046538104 381.000000000000000 
47.000000000000000 81.450049247391391 241.000000000000000 
48.000000000000000 86.676358420917012 317.000000000000000 
49.000000000000000 84.368960318530725 627.000000000000000 
50.000000000000000 93.778928091671887 1146.000000000000000 
51.000000000000000 70.579274206621903 153.000000000000000 
52.000000000000000 71.427979695099410 172.000000000000000 
53.000000000000000 71.319770678323295 146.000000000000000 
54.000000000000000 82.519950284929251 1241.000000000000000 
55.000000000000000 70.767810256636764 958.000000000000000 
56.000000000000000 83.487149457298187 214.000000000000000 
57.000000000000000 70.268594195363789 435.000000000000000 
58.000000000000000 78.395675569881334 283.000000000000000 
59.000000000000000 67.115711733883188 125.000000000000000 
60.000000000000000 81.471161923477794 275.000000000000000 
61.000000000000000 73.017660601472031 143.000000000000000 
62.000000000000000 66.092250439574798 127.000000000000000 
63.000000000000000 79.078764485169017 126.000000000000000 
64.000000000000000 69.604227302225453 489.000000000000000 
65.000000000000000 94.318931089860968 294.000000000000000 
66.000000000000000 62.321230192473010 77.000000000000000 
67.000000000000000 58.744766244402037 148.000000000000000 
68.000000000000000 63.526871348408491 286.000000000000000 
69.000000000000000 55.187344982126817 94.000000000000000 
70.000000000000000  0.000000000000000  0.000000000000000 
71.000000000000000  0.000000000000000  0.000000000000000 
72.000000000000000  0.000000000000000  0.000000000000000 
73.000000000000000  0.000000000000000  0.000000000000000 
74.000000000000000  0.000000000000000  0.000000000000000 
75.000000000000000  0.000000000000000  0.000000000000000 
76.000000000000000  0.000000000000000  0.000000000000000 
77.000000000000000  0.000000000000000  0.000000000000000 
78.000000000000000  0.000000000000000  0.000000000000000 
79.000000000000000  0.000000000000000  0.000000000000000 
80.000000000000000  0.000000000000000  0.000000000000000 
81.000000000000000  0.000000000000000  0.000000000000000 
82.000000000000000  0.000000000000000  0.000000000000000 
83.000000000000000  0.000000000000000  0.000000000000000 
84.000000000000000  0.000000000000000  0.000000000000000 
85.000000000000000  0.000000000000000  0.000000000000000 
86.000000000000000  0.000000000000000  0.000000000000000 
87.000000000000000  0.000000000000000  0.000000000000000 
88.000000000000000  0.000000000000000  0.000000000000000 
89.000000000000000  0.000000000000000  0.000000000000000 
90.000000000000000  0.000000000000000  0.000000000000000 
91.000000000000000  0.000000000000000  0.000000000000000 
92.000000000000000  0.000000000000000  0.000000000000000 
93.000000000000000  0.000000000000000  0.000000000000000 
94.000000000000000  0.000000000000000  0.000000000000000 
95.000000000000000  0.000000000000000  0.000000000000000 
96.000000000000000  0.000000000000000  0.000000000000000 
97.000000000000000  0.000000000000000  0.000000000000000 
98.000000000000000  0.000000000000000  0.000000000000000 
99.000000000000000  0.000000000000000  0.000000000000000 
100.000000000000000  0.000000000000000  0.000000000000000 
101.000000000000000  0.000000000000000  0.000000000000000 
102.000000000000000  0.000000000000000  0.000000000000000 
103.000000000000000  0.000000000000000  0.000000000000000 
104.000000000000000  0.000000000000000  0.000000000000000 
105.000000000000000  0.000000000000000  0.000000000000000 
106.000000000000000  0.000000000000000  0.000000000000000 
107.000000000000000  0.000000000000000  0.000000000000000 
108.000000000000000  0.000000000000000  0.000000000000000 
109.000000000000000  0.000000000000000  0.000000000000000 
110.000000000000000  0.000000000000000  0.000000000000000 
111.000000000000000  0.000000000000000  0.000000000000000 
112.000000000000000  0.000000000000000  0.000000000000000 
113.000000000000000  0.000000000000000  0.000000000000000 
114.000000000000000  0.000000000000000  0.000000000000000 
115.000000000000000  0.000000000000000  0.000000000000000 
116.000000000000000  0.000000000000000  0.000000000000000 
117.000000000000000  0.000000000000000  0.000000000000000 
118.000000000000000  0.000000000000000  0.000000000000000 
119.000000000000000  0.000000000000000  0.000000000000000 
120.000000000000000  0.000000000000000  0.000000000000000 
121.000000000000000  0.000000000000000  0.000000000000000 
122.000000000000000  0.000000000000000  0.000000000000000 
123.000000000000000  0.000000000000000  0.000000000000000 
124.000000000000000  0.000000000000000  0.000000000000000 
125.000000000000000  0.000000000000000  0.000000000000000 
126.000000000000000  0.000000000000000  0.000000000000000 
127.000000000000000  0.000000000000000  0.000000000000000 
