 0.000000000000000 84.942134822224730 772.000000000000000 
 1.000000000000000 78.178165981715907 671.000000000000000 
 2.000000000000000 96.753958168889127 549.000000000000000 
 3.000000000000000 72.819271987193858 227.000000000000000 
 4.000000000000000 72.145239826630359 879.000000000000000 
 5.000000000000000 84.087277826374546 250.000000000000000 
 6.000000000000000 88.200397380156431 588.000000000000000 
 7.000000000000000 80.898197423297688 663.000000000000000 
 8.000000000000000 86.861246241530523 314.000000000000000 
 9.000000000000000 78.072906784475165 177.000000000000000 
10.000000000000000 92.160769527379856 605.000000000000000 
11.000000000000000 88.957019942550005 120.000000000000000 
12.000000000000000 81.409605981181741 114.000000000000000 
13.000000000000000 84.519869899555530 179.000000000000000 
14.000000000000000 89.355019883521180 142.000000000000000 
15.000000000000000 89.433173699367643 186.000000000000000 
16.000000000000000 83.256290290564479 310.000000000000000 
17.000000000000000 78.619065773205492 303.000000000000000 
18.000000000000000 88.240292104174628 443.000000000000000 
19.000000000000000 73.718214236891711 136.000000000000000 
20.000000000000000 79.114325394815211 310.000000000000000 
21.000000000000000 75.989574036055984 364.000000000000000 
22.000000000000000 86.298519060058169 141.000000000000000 
23.000000000000000 62.922962807500951 915.000000000000000 
24.000000000000000 82.573064834236334 167.000000000000000 
25.000000000000000 75.701678304038722 142.000000000000000 
26.000000000000000 91.447976639566065 852.000000000000000 
27.000000000000000 79.069488224929330 289.000000000000000 
28.000000000000000 78.803190987822859 392.000000000000000 
29.000000000000000 81.727513142556546 225.000000000000000 
30.000000000000000 88.157712206586282 287.000000000000000 
31.000000000000000 82.507253802100678 195.000000000000000 
32.000000000000000 78.726555910790282 125.000000000000000 
33.000000000000000 75.539488464869535 82.000000000000000 
34.000000000000000 70.194552643301861 162.000000000000000 
35.000000000000000 68.797430455158562 207.000000000000000 
36.000000000000000 82.570194079980553 236.000000000000000 
37.000000000000000 95.527752196582597 242.000000000000000 
38.000000000000000 85.486980903191551 1364.000000000000000 
39.000000000000000 96.557949172973991 564.000000000000000 
40.000000000000000 83.819462049914620 303.000000000000000 
41.000000000000000 88.725285533138589 275.000000000000000 
42.000000000000000 79.175967212715307 151.000000000000000 
43.000000000000000 79.909358124901175 285.000000000000000 
44.000000000000000 82.065564418911350 1210.000000000000000 
45.000000000000000 72.779854085288704 386.000000000000000 
46.000000000000000 73.831442806347169 385.000000000000000 
47.000000000000000 79.002798137578196 235.000000000000000 
48.000000000000000 76.941785598011620 285.000000000000000 
49.000000000000000 81.350556234819550 621.000000000000000 
50.000000000000000 93.525794234787639 1143.000000000000000 
51.000000000000000 70.598068027094243 154.000000000000000 
52.000000000000000 71.433281693093662 173.000000000000000 
53.000000000000000 71.382843967583369 144.000000000000000 
54.000000000000000 82.911863775022979 1244.000000000000000 
55.000000000000000 70.572360508907579 957.000000000000000 
56.000000000000000 82.926339114441845 212.000000000000000 
57.000000000000000 70.576610976373814 436.000000000000000 
58.000000000000000 79.552014948427470 289.000000000000000 
59.000000000000000 69.930108314094497 127.000000000000000 
60.000000000000000 81.510429565238780 276.000000000000000 
61.000000000000000 72.472930834322426 142.000000000000000 
62.000000000000000 65.643821220692871 126.000000000000000 
63.000000000000000 79.127464112901663 122.000000000000000 
64.000000000000000 69.032675032765269 486.000000000000000 
65.000000000000000 96.468272091410981 300.000000000000000 
66.000000000000000 62.670568996565393 78.000000000000000 
67.000000000000000 58.536339771681604 147.000000000000000 
68.000000000000000 59.846415367825955 285.000000000000000 
69.000000000000000 67.701493486805091 135.000000000000000 
70.000000000000000  0.000000000000000  0.000000000000000 
71.000000000000000  0.000000000000000  0.000000000000000 
72.000000000000000  0.000000000000000  0.000000000000000 
73.000000000000000  0.000000000000000  0.000000000000000 
74.000000000000000  0.000000000000000  0.000000000000000 
75.000000000000000  0.000000000000000  0.000000000000000 
76.000000000000000  0.000000000000000  0.000000000000000 
77.000000000000000  0.000000000000000  0.000000000000000 
78.000000000000000  0.000000000000000  0.000000000000000 
79.000000000000000  0.000000000000000  0.000000000000000 
80.000000000000000  0.000000000000000  0.000000000000000 
81.000000000000000  0.000000000000000  0.000000000000000 
82.000000000000000  0.000000000000000  0.000000000000000 
83.000000000000000  0.000000000000000  0.000000000000000 
84.000000000000000  0.000000000000000  0.000000000000000 
85.000000000000000  0.000000000000000  0.000000000000000 
86.000000000000000  0.000000000000000  0.000000000000000 
87.000000000000000  0.000000000000000  0.000000000000000 
88.000000000000000  0.000000000000000  0.000000000000000 
89.000000000000000  0.000000000000000  0.000000000000000 
90.000000000000000  0.000000000000000  0.000000000000000 
91.000000000000000  0.000000000000000  0.000000000000000 
92.000000000000000  0.000000000000000  0.000000000000000 
93.000000000000000  0.000000000000000  0.000000000000000 
94.000000000000000  0.000000000000000  0.000000000000000 
95.000000000000000  0.000000000000000  0.000000000000000 
96.000000000000000  0.000000000000000  0.000000000000000 
97.000000000000000  0.000000000000000  0.000000000000000 
98.000000000000000  0.000000000000000  0.000000000000000 
99.000000000000000  0.000000000000000  0.000000000000000 
100.000000000000000  0.000000000000000  0.000000000000000 
101.000000000000000  0.000000000000000  0.000000000000000 
102.000000000000000  0.000000000000000  0.000000000000000 
103.000000000000000  0.000000000000000  0.000000000000000 
104.000000000000000  0.000000000000000  0.000000000000000 
105.000000000000000  0.000000000000000  0.000000000000000 
106.000000000000000  0.000000000000000  0.000000000000000 
107.000000000000000  0.000000000000000  0.000000000000000 
108.000000000000000  0.000000000000000  0.000000000000000 
109.000000000000000  0.000000000000000  0.000000000000000 
110.000000000000000  0.000000000000000  0.000000000000000 
111.000000000000000  0.000000000000000  0.000000000000000 
112.000000000000000  0.000000000000000  0.000000000000000 
113.000000000000000  0.000000000000000  0.000000000000000 
114.000000000000000  0.000000000000000  0.000000000000000 
115.000000000000000  0.000000000000000  0.000000000000000 
116.000000000000000  0.000000000000000  0.000000000000000 
117.000000000000000  0.000000000000000  0.000000000000000 
118.000000000000000  0.000000000000000  0.000000000000000 
119.000000000000000  0.000000000000000  0.000000000000000 
120.000000000000000  0.000000000000000  0.000000000000000 
121.000000000000000  0.000000000000000  0.000000000000000 
122.000000000000000  0.000000000000000  0.000000000000000 
123.000000000000000  0.000000000000000  0.000000000000000 
124.000000000000000  0.000000000000000  0.000000000000000 
125.000000000000000  0.000000000000000  0.000000000000000 
126.000000000000000  0.000000000000000  0.000000000000000 
127.000000000000000  0.000000000000000  0.000000000000000 
