 0.000000000000000 44.809495694438439 651.000000000000000 
 1.000000000000000 36.475972833525027 361.000000000000000 
 2.000000000000000 43.379329395680728 366.000000000000000 
 3.000000000000000 50.559759838087743 204.000000000000000 
 4.000000000000000 50.677347918165225 777.000000000000000 
 5.000000000000000 57.765634657240980 191.000000000000000 
 6.000000000000000 47.821449781808710 364.000000000000000 
 7.000000000000000 46.011280594741152 327.000000000000000 
 8.000000000000000 48.744140462880061 254.000000000000000 
 9.000000000000000 51.748131861783072 127.000000000000000 
10.000000000000000 60.947304778347757 508.000000000000000 
11.000000000000000 39.341930786448501 66.000000000000000 
12.000000000000000 49.209148785165119 90.000000000000000 
13.000000000000000 46.225716554979876 107.000000000000000 
14.000000000000000 52.991962961481477 81.000000000000000 
15.000000000000000 47.570722257563361 131.000000000000000 
16.000000000000000 36.395586549528744 176.000000000000000 
17.000000000000000 50.387080508625111 231.000000000000000 
18.000000000000000 53.605387307140944 427.000000000000000 
19.000000000000000 56.720084291665025 123.000000000000000 
20.000000000000000 56.342346567045780 244.000000000000000 
21.000000000000000 47.148994172480378 211.000000000000000 
22.000000000000000 57.273624162303172 95.000000000000000 
23.000000000000000 44.588882244030472 718.000000000000000 
24.000000000000000 62.460538334479303 140.000000000000000 
25.000000000000000 53.275432608104047 122.000000000000000 
26.000000000000000 55.525573305305798 645.000000000000000 
27.000000000000000 54.979834168930509 239.000000000000000 
28.000000000000000 62.840024665426199 333.000000000000000 
29.000000000000000 67.374853940198761 198.000000000000000 
30.000000000000000 50.855368450119087 153.000000000000000 
31.000000000000000 66.176586069379226 164.000000000000000 
32.000000000000000 48.461286343715081 83.000000000000000 
33.000000000000000 60.776395205801350 74.000000000000000 
34.000000000000000 48.209534026765859 126.000000000000000 
35.000000000000000 48.967679861109140 162.000000000000000 
36.000000000000000 50.695934398762560 153.000000000000000 
37.000000000000000 46.820235499127143 109.000000000000000 
38.000000000000000 45.565146985848116 945.000000000000000 
39.000000000000000 51.112550511535709 369.000000000000000 
40.000000000000000 40.038345661083348 126.000000000000000 
41.000000000000000 53.318163859527537 218.000000000000000 
42.000000000000000 59.943058845354315 127.000000000000000 
43.000000000000000 51.847474177499628 191.000000000000000 
44.000000000000000 53.294771466515073 703.000000000000000 
45.000000000000000 48.370837467242175 300.000000000000000 
46.000000000000000 45.722650684704391 226.000000000000000 
47.000000000000000 60.118873115156191 206.000000000000000 
48.000000000000000 46.440341227807806 160.000000000000000 
49.000000000000000 55.453663092658871 495.000000000000000 
50.000000000000000 53.103956569736184 737.000000000000000 
51.000000000000000 48.256481626448519 136.000000000000000 
52.000000000000000 48.489022751135884 131.000000000000000 
53.000000000000000 49.629544768215013 160.000000000000000 
54.000000000000000 37.014092865034392 836.000000000000000 
55.000000000000000 33.816219151892234 569.000000000000000 
56.000000000000000 59.076321975611663 159.000000000000000 
57.000000000000000 48.179775693345157 265.000000000000000 
58.000000000000000 64.643262595048213 254.000000000000000 
59.000000000000000 53.361164417666693 114.000000000000000 
60.000000000000000 42.202108750445639 184.000000000000000 
61.000000000000000 64.489549525551368 135.000000000000000 
62.000000000000000 53.968468544910721 112.000000000000000 
63.000000000000000 59.163797209090333 93.000000000000000 
64.000000000000000 46.034002729746199 431.000000000000000 
65.000000000000000 43.686826540873810 170.000000000000000 
66.000000000000000 44.684824143157563 66.000000000000000 
67.000000000000000 54.348000982124660 146.000000000000000 
68.000000000000000 38.356079566915341 200.000000000000000 
69.000000000000000 51.061041154841391 163.000000000000000 
70.000000000000000 49.801026867249540 279.000000000000000 
71.000000000000000 51.933218064720670 274.000000000000000 
72.000000000000000 51.787906438639610 857.000000000000000 
73.000000000000000 42.786124949556282 301.000000000000000 
74.000000000000000 38.203854269904909 90.000000000000000 
75.000000000000000 44.115372680302940 102.000000000000000 
76.000000000000000 30.458895439342861 42.000000000000000 
77.000000000000000 42.780343134702797 445.000000000000000 
78.000000000000000 42.888244985073783 240.000000000000000 
79.000000000000000 43.399642791908910 232.000000000000000 
80.000000000000000 42.420197455140169 292.000000000000000 
81.000000000000000 55.269337884655982 134.000000000000000 
82.000000000000000 40.306982079351428 325.000000000000000 
83.000000000000000 49.045276357775151 100.000000000000000 
84.000000000000000 41.765356377742854 77.000000000000000 
85.000000000000000 35.473171522472946 113.000000000000000 
86.000000000000000 46.484092914670107 97.000000000000000 
87.000000000000000 37.619619197405513 90.000000000000000 
88.000000000000000 43.991279067690840 219.000000000000000 
89.000000000000000 36.556225238784471 107.000000000000000 
90.000000000000000 50.295132940879540 891.000000000000000 
91.000000000000000 46.284816362081962 722.000000000000000 
92.000000000000000 45.296197664332482 174.000000000000000 
93.000000000000000 41.676738772882736 251.000000000000000 
94.000000000000000 41.277199715173140 201.000000000000000 
95.000000000000000 35.392500118765575 282.000000000000000 
96.000000000000000 40.030714826866408 406.000000000000000 
97.000000000000000  0.000000000000000  0.000000000000000 
98.000000000000000  0.000000000000000  0.000000000000000 
99.000000000000000  0.000000000000000  0.000000000000000 
100.000000000000000  0.000000000000000  0.000000000000000 
101.000000000000000  0.000000000000000  0.000000000000000 
102.000000000000000  0.000000000000000  0.000000000000000 
103.000000000000000  0.000000000000000  0.000000000000000 
104.000000000000000  0.000000000000000  0.000000000000000 
105.000000000000000  0.000000000000000  0.000000000000000 
106.000000000000000  0.000000000000000  0.000000000000000 
107.000000000000000  0.000000000000000  0.000000000000000 
108.000000000000000  0.000000000000000  0.000000000000000 
109.000000000000000  0.000000000000000  0.000000000000000 
110.000000000000000  0.000000000000000  0.000000000000000 
111.000000000000000  0.000000000000000  0.000000000000000 
112.000000000000000  0.000000000000000  0.000000000000000 
113.000000000000000  0.000000000000000  0.000000000000000 
114.000000000000000  0.000000000000000  0.000000000000000 
115.000000000000000  0.000000000000000  0.000000000000000 
116.000000000000000  0.000000000000000  0.000000000000000 
117.000000000000000  0.000000000000000  0.000000000000000 
118.000000000000000  0.000000000000000  0.000000000000000 
119.000000000000000  0.000000000000000  0.000000000000000 
120.000000000000000  0.000000000000000  0.000000000000000 
121.000000000000000  0.000000000000000  0.000000000000000 
122.000000000000000  0.000000000000000  0.000000000000000 
123.000000000000000  0.000000000000000  0.000000000000000 
124.000000000000000  0.000000000000000  0.000000000000000 
125.000000000000000  0.000000000000000  0.000000000000000 
126.000000000000000  0.000000000000000  0.000000000000000 
127.000000000000000  0.000000000000000  0.000000000000000 
