 0.000000000000000 97.080393309463631 960.000000000000000 
 1.000000000000000 81.628624248797763 761.000000000000000 
 2.000000000000000 122.281417989966798 697.000000000000000 
 3.000000000000000 130.681087614258672 223.000000000000000 
 4.000000000000000 105.214677860681164 764.000000000000000 
 5.000000000000000 128.465876839670642 319.000000000000000 
 6.000000000000000 104.665200837815078 544.000000000000000 
 7.000000000000000 101.371241228635185 909.000000000000000 
 8.000000000000000 119.697867403039879 383.000000000000000 
 9.000000000000000 125.011201002489116 247.000000000000000 
10.000000000000000 120.101378319902494 742.000000000000000 
11.000000000000000 126.191503277019876 171.000000000000000 
12.000000000000000 137.380843166873291 198.000000000000000 
13.000000000000000 131.445254595824736 271.000000000000000 
14.000000000000000 133.332768708495195 187.000000000000000 
15.000000000000000 88.670716437621749 159.000000000000000 
16.000000000000000 108.503295337389815 421.000000000000000 
17.000000000000000 111.628251031500056 396.000000000000000 
18.000000000000000 121.256635032755128 499.000000000000000 
19.000000000000000 120.897644006897266 196.000000000000000 
20.000000000000000 135.012164085479185 545.000000000000000 
21.000000000000000 139.127291971837906 532.000000000000000 
22.000000000000000 110.991734317758429 173.000000000000000 
23.000000000000000 82.463698619306925 1179.000000000000000 
24.000000000000000 110.443878226584843 225.000000000000000 
25.000000000000000 129.945462034586825 238.000000000000000 
26.000000000000000 115.086429998541888 1042.000000000000000 
27.000000000000000 106.232812934123700 350.000000000000000 
28.000000000000000 126.058433818226050 496.000000000000000 
29.000000000000000 118.049071287035062 240.000000000000000 
30.000000000000000 128.139140257474480 378.000000000000000 
31.000000000000000 120.180522202744925 270.000000000000000 
32.000000000000000 121.541319410871452 183.000000000000000 
33.000000000000000 110.509341671485629 113.000000000000000 
34.000000000000000 111.831260309166453 179.000000000000000 
35.000000000000000 114.060889909463626 342.000000000000000 
36.000000000000000 113.777790402027634 229.000000000000000 
37.000000000000000 141.610635443820485 336.000000000000000 
38.000000000000000 77.615812104552461 1327.000000000000000 
39.000000000000000 107.348960528177727 595.000000000000000 
40.000000000000000 131.418333478722161 472.000000000000000 
41.000000000000000 116.518879796436622 352.000000000000000 
42.000000000000000 92.678570439459421 148.000000000000000 
43.000000000000000 138.473686039747150 352.000000000000000 
44.000000000000000 81.685989020004996 1146.000000000000000 
45.000000000000000 111.117713016348745 373.000000000000000 
46.000000000000000 95.106572009787030 446.000000000000000 
47.000000000000000 101.881105185143070 205.000000000000000 
48.000000000000000 109.963047043204099 406.000000000000000 
49.000000000000000 113.147899556981784 750.000000000000000 
50.000000000000000 120.883138273025210 1433.000000000000000 
51.000000000000000 95.167165588448867 182.000000000000000 
52.000000000000000 74.185877292711979 159.000000000000000 
53.000000000000000 97.720724532640006 225.000000000000000 
54.000000000000000 97.504885165187048 1333.000000000000000 
55.000000000000000  0.000000000000000  0.000000000000000 
56.000000000000000  0.000000000000000  0.000000000000000 
57.000000000000000  0.000000000000000  0.000000000000000 
58.000000000000000  0.000000000000000  0.000000000000000 
59.000000000000000  0.000000000000000  0.000000000000000 
60.000000000000000  0.000000000000000  0.000000000000000 
61.000000000000000  0.000000000000000  0.000000000000000 
62.000000000000000  0.000000000000000  0.000000000000000 
63.000000000000000  0.000000000000000  0.000000000000000 
64.000000000000000  0.000000000000000  0.000000000000000 
65.000000000000000  0.000000000000000  0.000000000000000 
66.000000000000000  0.000000000000000  0.000000000000000 
67.000000000000000  0.000000000000000  0.000000000000000 
68.000000000000000  0.000000000000000  0.000000000000000 
69.000000000000000  0.000000000000000  0.000000000000000 
70.000000000000000  0.000000000000000  0.000000000000000 
71.000000000000000  0.000000000000000  0.000000000000000 
72.000000000000000  0.000000000000000  0.000000000000000 
73.000000000000000  0.000000000000000  0.000000000000000 
74.000000000000000  0.000000000000000  0.000000000000000 
75.000000000000000  0.000000000000000  0.000000000000000 
76.000000000000000  0.000000000000000  0.000000000000000 
77.000000000000000  0.000000000000000  0.000000000000000 
78.000000000000000  0.000000000000000  0.000000000000000 
79.000000000000000  0.000000000000000  0.000000000000000 
80.000000000000000  0.000000000000000  0.000000000000000 
81.000000000000000  0.000000000000000  0.000000000000000 
82.000000000000000  0.000000000000000  0.000000000000000 
83.000000000000000  0.000000000000000  0.000000000000000 
84.000000000000000  0.000000000000000  0.000000000000000 
85.000000000000000  0.000000000000000  0.000000000000000 
86.000000000000000  0.000000000000000  0.000000000000000 
87.000000000000000  0.000000000000000  0.000000000000000 
88.000000000000000  0.000000000000000  0.000000000000000 
89.000000000000000  0.000000000000000  0.000000000000000 
90.000000000000000  0.000000000000000  0.000000000000000 
91.000000000000000  0.000000000000000  0.000000000000000 
92.000000000000000  0.000000000000000  0.000000000000000 
93.000000000000000  0.000000000000000  0.000000000000000 
94.000000000000000  0.000000000000000  0.000000000000000 
95.000000000000000  0.000000000000000  0.000000000000000 
96.000000000000000  0.000000000000000  0.000000000000000 
97.000000000000000  0.000000000000000  0.000000000000000 
98.000000000000000  0.000000000000000  0.000000000000000 
99.000000000000000  0.000000000000000  0.000000000000000 
100.000000000000000  0.000000000000000  0.000000000000000 
101.000000000000000  0.000000000000000  0.000000000000000 
102.000000000000000  0.000000000000000  0.000000000000000 
103.000000000000000  0.000000000000000  0.000000000000000 
104.000000000000000  0.000000000000000  0.000000000000000 
105.000000000000000  0.000000000000000  0.000000000000000 
106.000000000000000  0.000000000000000  0.000000000000000 
107.000000000000000  0.000000000000000  0.000000000000000 
108.000000000000000  0.000000000000000  0.000000000000000 
109.000000000000000  0.000000000000000  0.000000000000000 
110.000000000000000  0.000000000000000  0.000000000000000 
111.000000000000000  0.000000000000000  0.000000000000000 
112.000000000000000  0.000000000000000  0.000000000000000 
113.000000000000000  0.000000000000000  0.000000000000000 
114.000000000000000  0.000000000000000  0.000000000000000 
115.000000000000000  0.000000000000000  0.000000000000000 
116.000000000000000  0.000000000000000  0.000000000000000 
117.000000000000000  0.000000000000000  0.000000000000000 
118.000000000000000  0.000000000000000  0.000000000000000 
119.000000000000000  0.000000000000000  0.000000000000000 
120.000000000000000  0.000000000000000  0.000000000000000 
121.000000000000000  0.000000000000000  0.000000000000000 
122.000000000000000  0.000000000000000  0.000000000000000 
123.000000000000000  0.000000000000000  0.000000000000000 
124.000000000000000  0.000000000000000  0.000000000000000 
125.000000000000000  0.000000000000000  0.000000000000000 
126.000000000000000  0.000000000000000  0.000000000000000 
127.000000000000000  0.000000000000000  0.000000000000000 
