 0.000000000000000 99.833713939996969 952.000000000000000 
 1.000000000000000 81.491184716860744 726.000000000000000 
 2.000000000000000 121.145914446257706 650.000000000000000 
 3.000000000000000 123.361854015171048 209.000000000000000 
 4.000000000000000 90.405136929996360 708.000000000000000 
 5.000000000000000 113.019414140101432 281.000000000000000 
 6.000000000000000 105.311857448035212 552.000000000000000 
 7.000000000000000 96.468178499789730 867.000000000000000 
 8.000000000000000 112.886919894502654 364.000000000000000 
 9.000000000000000 116.346857515911637 248.000000000000000 
10.000000000000000 103.018269559645503 657.000000000000000 
11.000000000000000 130.965386190864649 172.000000000000000 
12.000000000000000 114.775693520851547 167.000000000000000 
13.000000000000000 131.617453673582219 272.000000000000000 
14.000000000000000 134.094765524471853 188.000000000000000 
15.000000000000000 90.164666251289390 161.000000000000000 
16.000000000000000 112.646372679647229 420.000000000000000 
17.000000000000000 110.378649995398774 393.000000000000000 
18.000000000000000 105.063237906580440 481.000000000000000 
19.000000000000000 108.933011387224866 177.000000000000000 
20.000000000000000 103.407112224839992 418.000000000000000 
21.000000000000000 121.163182088651141 470.000000000000000 
22.000000000000000 110.991734317758429 173.000000000000000 
23.000000000000000 78.442886046117735 1108.000000000000000 
24.000000000000000 103.512403592797213 215.000000000000000 
25.000000000000000 111.001938867855657 207.000000000000000 
26.000000000000000 109.786675574964306 946.000000000000000 
27.000000000000000 103.574189590402639 342.000000000000000 
28.000000000000000 110.624427960259240 447.000000000000000 
29.000000000000000 114.123298188439023 238.000000000000000 
30.000000000000000 119.144187894460558 354.000000000000000 
31.000000000000000 121.285969070374378 272.000000000000000 
32.000000000000000 121.536405768128603 182.000000000000000 
33.000000000000000 111.467490293895551 115.000000000000000 
34.000000000000000 115.125831790077342 181.000000000000000 
35.000000000000000 117.516862158810056 357.000000000000000 
36.000000000000000 109.419446883154208 223.000000000000000 
37.000000000000000 126.195764736135899 318.000000000000000 
38.000000000000000 82.208855253671331 1327.000000000000000 
39.000000000000000 107.712277708540157 630.000000000000000 
40.000000000000000 101.563021950513090 369.000000000000000 
41.000000000000000 102.706995811096746 319.000000000000000 
42.000000000000000 95.728219588843558 147.000000000000000 
43.000000000000000 88.278533592505696 285.000000000000000 
44.000000000000000 76.515115788436034 1146.000000000000000 
45.000000000000000 112.076935993262040 376.000000000000000 
46.000000000000000 87.405226695298410 412.000000000000000 
47.000000000000000 104.709169610564388 210.000000000000000 
48.000000000000000 100.767356876765547 381.000000000000000 
49.000000000000000 112.432487450919709 726.000000000000000 
50.000000000000000 89.849652224025292 1110.000000000000000 
51.000000000000000 90.739774700639273 176.000000000000000 
52.000000000000000 80.773324878656197 173.000000000000000 
53.000000000000000 97.932843207351041 225.000000000000000 
54.000000000000000 83.817672541492698 1223.000000000000000 
55.000000000000000 68.059918491553631 924.000000000000000 
56.000000000000000 95.070772986554488 219.000000000000000 
57.000000000000000 86.297343500956984 412.000000000000000 
58.000000000000000  0.000000000000000  0.000000000000000 
59.000000000000000  0.000000000000000  0.000000000000000 
60.000000000000000  0.000000000000000  0.000000000000000 
61.000000000000000  0.000000000000000  0.000000000000000 
62.000000000000000  0.000000000000000  0.000000000000000 
63.000000000000000  0.000000000000000  0.000000000000000 
64.000000000000000  0.000000000000000  0.000000000000000 
65.000000000000000  0.000000000000000  0.000000000000000 
66.000000000000000  0.000000000000000  0.000000000000000 
67.000000000000000  0.000000000000000  0.000000000000000 
68.000000000000000  0.000000000000000  0.000000000000000 
69.000000000000000  0.000000000000000  0.000000000000000 
70.000000000000000  0.000000000000000  0.000000000000000 
71.000000000000000  0.000000000000000  0.000000000000000 
72.000000000000000  0.000000000000000  0.000000000000000 
73.000000000000000  0.000000000000000  0.000000000000000 
74.000000000000000  0.000000000000000  0.000000000000000 
75.000000000000000  0.000000000000000  0.000000000000000 
76.000000000000000  0.000000000000000  0.000000000000000 
77.000000000000000  0.000000000000000  0.000000000000000 
78.000000000000000  0.000000000000000  0.000000000000000 
79.000000000000000  0.000000000000000  0.000000000000000 
80.000000000000000  0.000000000000000  0.000000000000000 
81.000000000000000  0.000000000000000  0.000000000000000 
82.000000000000000  0.000000000000000  0.000000000000000 
83.000000000000000  0.000000000000000  0.000000000000000 
84.000000000000000  0.000000000000000  0.000000000000000 
85.000000000000000  0.000000000000000  0.000000000000000 
86.000000000000000  0.000000000000000  0.000000000000000 
87.000000000000000  0.000000000000000  0.000000000000000 
88.000000000000000  0.000000000000000  0.000000000000000 
89.000000000000000  0.000000000000000  0.000000000000000 
90.000000000000000  0.000000000000000  0.000000000000000 
91.000000000000000  0.000000000000000  0.000000000000000 
92.000000000000000  0.000000000000000  0.000000000000000 
93.000000000000000  0.000000000000000  0.000000000000000 
94.000000000000000  0.000000000000000  0.000000000000000 
95.000000000000000  0.000000000000000  0.000000000000000 
96.000000000000000  0.000000000000000  0.000000000000000 
97.000000000000000  0.000000000000000  0.000000000000000 
98.000000000000000  0.000000000000000  0.000000000000000 
99.000000000000000  0.000000000000000  0.000000000000000 
100.000000000000000  0.000000000000000  0.000000000000000 
101.000000000000000  0.000000000000000  0.000000000000000 
102.000000000000000  0.000000000000000  0.000000000000000 
103.000000000000000  0.000000000000000  0.000000000000000 
104.000000000000000  0.000000000000000  0.000000000000000 
105.000000000000000  0.000000000000000  0.000000000000000 
106.000000000000000  0.000000000000000  0.000000000000000 
107.000000000000000  0.000000000000000  0.000000000000000 
108.000000000000000  0.000000000000000  0.000000000000000 
109.000000000000000  0.000000000000000  0.000000000000000 
110.000000000000000  0.000000000000000  0.000000000000000 
111.000000000000000  0.000000000000000  0.000000000000000 
112.000000000000000  0.000000000000000  0.000000000000000 
113.000000000000000  0.000000000000000  0.000000000000000 
114.000000000000000  0.000000000000000  0.000000000000000 
115.000000000000000  0.000000000000000  0.000000000000000 
116.000000000000000  0.000000000000000  0.000000000000000 
117.000000000000000  0.000000000000000  0.000000000000000 
118.000000000000000  0.000000000000000  0.000000000000000 
119.000000000000000  0.000000000000000  0.000000000000000 
120.000000000000000  0.000000000000000  0.000000000000000 
121.000000000000000  0.000000000000000  0.000000000000000 
122.000000000000000  0.000000000000000  0.000000000000000 
123.000000000000000  0.000000000000000  0.000000000000000 
124.000000000000000  0.000000000000000  0.000000000000000 
125.000000000000000  0.000000000000000  0.000000000000000 
126.000000000000000  0.000000000000000  0.000000000000000 
127.000000000000000  0.000000000000000  0.000000000000000 
