 0.000000000000000 63.760165394063655 759.000000000000000 
 1.000000000000000 62.587045786450027 604.000000000000000 
 2.000000000000000 94.041609737591287 640.000000000000000 
 3.000000000000000 75.589758685288771 232.000000000000000 
 4.000000000000000 65.902311790819994 870.000000000000000 
 5.000000000000000 83.722580649616589 250.000000000000000 
 6.000000000000000 89.161442474703776 602.000000000000000 
 7.000000000000000 72.625275081784295 486.000000000000000 
 8.000000000000000 83.470705259218789 307.000000000000000 
 9.000000000000000 72.570888979716983 169.000000000000000 
10.000000000000000 85.231952775475349 562.000000000000000 
11.000000000000000 84.433060594124768 109.000000000000000 
12.000000000000000 85.721291467486935 128.000000000000000 
13.000000000000000 77.261584070984668 166.000000000000000 
14.000000000000000 88.685144264538977 141.000000000000000 
15.000000000000000 89.728608105670858 189.000000000000000 
16.000000000000000 66.289076102382410 275.000000000000000 
17.000000000000000 76.571323750209089 308.000000000000000 
18.000000000000000 78.866888754115749 492.000000000000000 
19.000000000000000 68.526058802432772 130.000000000000000 
20.000000000000000 87.775546663825196 349.000000000000000 
21.000000000000000 69.918640373178476 335.000000000000000 
22.000000000000000 85.813351785447878 140.000000000000000 
23.000000000000000 72.075037369307935 937.000000000000000 
24.000000000000000 82.670919977240970 167.000000000000000 
25.000000000000000 72.689991459166208 138.000000000000000 
26.000000000000000 74.878214677242894 765.000000000000000 
27.000000000000000 79.631969339485977 292.000000000000000 
28.000000000000000 81.229046648199926 392.000000000000000 
29.000000000000000 75.447833509018352 214.000000000000000 
30.000000000000000 80.305936090077878 267.000000000000000 
31.000000000000000 80.749094193009057 189.000000000000000 
32.000000000000000 78.167365614843547 124.000000000000000 
33.000000000000000 78.621219612555933 84.000000000000000 
34.000000000000000 72.451016126858505 166.000000000000000 
35.000000000000000 65.127028926113312 204.000000000000000 
36.000000000000000 78.675938125423357 230.000000000000000 
37.000000000000000 82.938799132965457 206.000000000000000 
38.000000000000000 63.869413781220182 1175.000000000000000 
39.000000000000000 70.546822628185055 417.000000000000000 
40.000000000000000 77.518390870714740 266.000000000000000 
41.000000000000000 80.593618118242418 265.000000000000000 
42.000000000000000 83.516035191409415 149.000000000000000 
43.000000000000000 76.870739380199993 274.000000000000000 
44.000000000000000 60.185296176741780 960.000000000000000 
45.000000000000000 66.492090229940587 377.000000000000000 
46.000000000000000 72.253840538496490 361.000000000000000 
47.000000000000000 80.412522080286962 246.000000000000000 
48.000000000000000 67.879262310500437 256.000000000000000 
49.000000000000000 83.719940421483216 666.000000000000000 
50.000000000000000 69.421955674932931 927.000000000000000 
51.000000000000000 71.374240449568816 156.000000000000000 
52.000000000000000 67.570295067091365 162.000000000000000 
53.000000000000000 76.234959076731883 160.000000000000000 
54.000000000000000 56.054616827353307 1069.000000000000000 
55.000000000000000 55.486609386781090 777.000000000000000 
56.000000000000000 65.605460372903309 178.000000000000000 
57.000000000000000 76.458564769518787 464.000000000000000 
58.000000000000000 84.629586599634806 328.000000000000000 
59.000000000000000 71.251941024485234 129.000000000000000 
60.000000000000000 80.549022079450296 272.000000000000000 
61.000000000000000 78.216608208982109 150.000000000000000 
62.000000000000000 65.325354172078747 127.000000000000000 
63.000000000000000 74.416167553179520 117.000000000000000 
64.000000000000000 65.711880865529224 520.000000000000000 
65.000000000000000 80.590215653360161 254.000000000000000 
66.000000000000000 62.670568996565386 78.000000000000000 
67.000000000000000 64.434692200459651 161.000000000000000 
68.000000000000000 65.046654878107404 314.000000000000000 
69.000000000000000 67.176273579773962 134.000000000000000 
70.000000000000000 61.296439618635553 259.000000000000000 
71.000000000000000 68.684457777020341 289.000000000000000 
72.000000000000000 62.332190612258515 946.000000000000000 
73.000000000000000  0.000000000000000  0.000000000000000 
74.000000000000000  0.000000000000000  0.000000000000000 
75.000000000000000  0.000000000000000  0.000000000000000 
76.000000000000000  0.000000000000000  0.000000000000000 
77.000000000000000  0.000000000000000  0.000000000000000 
78.000000000000000  0.000000000000000  0.000000000000000 
79.000000000000000  0.000000000000000  0.000000000000000 
80.000000000000000  0.000000000000000  0.000000000000000 
81.000000000000000  0.000000000000000  0.000000000000000 
82.000000000000000  0.000000000000000  0.000000000000000 
83.000000000000000  0.000000000000000  0.000000000000000 
84.000000000000000  0.000000000000000  0.000000000000000 
85.000000000000000  0.000000000000000  0.000000000000000 
86.000000000000000  0.000000000000000  0.000000000000000 
87.000000000000000  0.000000000000000  0.000000000000000 
88.000000000000000  0.000000000000000  0.000000000000000 
89.000000000000000  0.000000000000000  0.000000000000000 
90.000000000000000  0.000000000000000  0.000000000000000 
91.000000000000000  0.000000000000000  0.000000000000000 
92.000000000000000  0.000000000000000  0.000000000000000 
93.000000000000000  0.000000000000000  0.000000000000000 
94.000000000000000  0.000000000000000  0.000000000000000 
95.000000000000000  0.000000000000000  0.000000000000000 
96.000000000000000  0.000000000000000  0.000000000000000 
97.000000000000000  0.000000000000000  0.000000000000000 
98.000000000000000  0.000000000000000  0.000000000000000 
99.000000000000000  0.000000000000000  0.000000000000000 
100.000000000000000  0.000000000000000  0.000000000000000 
101.000000000000000  0.000000000000000  0.000000000000000 
102.000000000000000  0.000000000000000  0.000000000000000 
103.000000000000000  0.000000000000000  0.000000000000000 
104.000000000000000  0.000000000000000  0.000000000000000 
105.000000000000000  0.000000000000000  0.000000000000000 
106.000000000000000  0.000000000000000  0.000000000000000 
107.000000000000000  0.000000000000000  0.000000000000000 
108.000000000000000  0.000000000000000  0.000000000000000 
109.000000000000000  0.000000000000000  0.000000000000000 
110.000000000000000  0.000000000000000  0.000000000000000 
111.000000000000000  0.000000000000000  0.000000000000000 
112.000000000000000  0.000000000000000  0.000000000000000 
113.000000000000000  0.000000000000000  0.000000000000000 
114.000000000000000  0.000000000000000  0.000000000000000 
115.000000000000000  0.000000000000000  0.000000000000000 
116.000000000000000  0.000000000000000  0.000000000000000 
117.000000000000000  0.000000000000000  0.000000000000000 
118.000000000000000  0.000000000000000  0.000000000000000 
119.000000000000000  0.000000000000000  0.000000000000000 
120.000000000000000  0.000000000000000  0.000000000000000 
121.000000000000000  0.000000000000000  0.000000000000000 
122.000000000000000  0.000000000000000  0.000000000000000 
123.000000000000000  0.000000000000000  0.000000000000000 
124.000000000000000  0.000000000000000  0.000000000000000 
125.000000000000000  0.000000000000000  0.000000000000000 
126.000000000000000  0.000000000000000  0.000000000000000 
127.000000000000000  0.000000000000000  0.000000000000000 
