 0.000000000000000 120.880365467695285 1185.000000000000000 
 1.000000000000000 132.413865213730134 1449.000000000000000 
 2.000000000000000 162.954633474773232 898.000000000000000 
 3.000000000000000 162.439191664859123 275.000000000000000 
 4.000000000000000 133.223666952366841 844.000000000000000 
 5.000000000000000 155.507434728457099 350.000000000000000 
 6.000000000000000 154.976124851128930 754.000000000000000 
 7.000000000000000 90.254540916322384 1013.000000000000000 
 8.000000000000000 144.553191366873619 508.000000000000000 
 9.000000000000000 174.735322475643130 438.000000000000000 
10.000000000000000 168.045325844660653 979.000000000000000 
11.000000000000000 146.306607992043041 195.000000000000000 
12.000000000000000 164.812424494653015 229.000000000000000 
13.000000000000000 149.208833553706114 301.000000000000000 
14.000000000000000 147.542831254218385 196.000000000000000 
15.000000000000000 141.682465657839685 262.000000000000000 
16.000000000000000 173.653583371439709 752.000000000000000 
17.000000000000000 138.085121210116483 316.000000000000000 
18.000000000000000 149.932594412246829 559.000000000000000 
19.000000000000000 151.764394396683599 212.000000000000000 
20.000000000000000 172.255167144314868 637.000000000000000 
21.000000000000000 169.605051919796011 655.000000000000000 
22.000000000000000 154.774607455950786 222.000000000000000 
23.000000000000000 116.096397854589796 1477.000000000000000 
24.000000000000000 140.478819867027966 243.000000000000000 
25.000000000000000 167.626133229306390 250.000000000000000 
26.000000000000000 143.246261824271784 1261.000000000000000 
27.000000000000000 165.864472751756011 410.000000000000000 
28.000000000000000 148.553401738973434 568.000000000000000 
29.000000000000000 167.919831168785663 413.000000000000000 
30.000000000000000 161.759673448702642 394.000000000000000 
31.000000000000000 156.279106770147422 338.000000000000000 
32.000000000000000 138.007833817670530 197.000000000000000 
33.000000000000000 146.626359445115781 149.000000000000000 
34.000000000000000 140.018255164035907 201.000000000000000 
35.000000000000000 133.041614255910446 447.000000000000000 
36.000000000000000 140.410368811408688 274.000000000000000 
37.000000000000000 160.303359737853810 383.000000000000000 
38.000000000000000 118.064017734550688 1561.000000000000000 
39.000000000000000 140.063130939391868 598.000000000000000 
40.000000000000000 126.539126645254655 489.000000000000000 
41.000000000000000 136.075750541836271 419.000000000000000 
42.000000000000000 150.040838305846535 245.000000000000000 
43.000000000000000 165.811903207499938 390.000000000000000 
44.000000000000000 163.821038484224289 1790.000000000000000 
45.000000000000000 86.155321420487766 275.000000000000000 
46.000000000000000  0.000000000000000  0.000000000000000 
47.000000000000000  0.000000000000000  0.000000000000000 
48.000000000000000  0.000000000000000  0.000000000000000 
49.000000000000000  0.000000000000000  0.000000000000000 
50.000000000000000  0.000000000000000  0.000000000000000 
51.000000000000000  0.000000000000000  0.000000000000000 
52.000000000000000  0.000000000000000  0.000000000000000 
53.000000000000000  0.000000000000000  0.000000000000000 
54.000000000000000  0.000000000000000  0.000000000000000 
55.000000000000000  0.000000000000000  0.000000000000000 
56.000000000000000  0.000000000000000  0.000000000000000 
57.000000000000000  0.000000000000000  0.000000000000000 
58.000000000000000  0.000000000000000  0.000000000000000 
59.000000000000000  0.000000000000000  0.000000000000000 
60.000000000000000  0.000000000000000  0.000000000000000 
61.000000000000000  0.000000000000000  0.000000000000000 
62.000000000000000  0.000000000000000  0.000000000000000 
63.000000000000000  0.000000000000000  0.000000000000000 
64.000000000000000  0.000000000000000  0.000000000000000 
65.000000000000000  0.000000000000000  0.000000000000000 
66.000000000000000  0.000000000000000  0.000000000000000 
67.000000000000000  0.000000000000000  0.000000000000000 
68.000000000000000  0.000000000000000  0.000000000000000 
69.000000000000000  0.000000000000000  0.000000000000000 
70.000000000000000  0.000000000000000  0.000000000000000 
71.000000000000000  0.000000000000000  0.000000000000000 
72.000000000000000  0.000000000000000  0.000000000000000 
73.000000000000000  0.000000000000000  0.000000000000000 
74.000000000000000  0.000000000000000  0.000000000000000 
75.000000000000000  0.000000000000000  0.000000000000000 
76.000000000000000  0.000000000000000  0.000000000000000 
77.000000000000000  0.000000000000000  0.000000000000000 
78.000000000000000  0.000000000000000  0.000000000000000 
79.000000000000000  0.000000000000000  0.000000000000000 
80.000000000000000  0.000000000000000  0.000000000000000 
81.000000000000000  0.000000000000000  0.000000000000000 
82.000000000000000  0.000000000000000  0.000000000000000 
83.000000000000000  0.000000000000000  0.000000000000000 
84.000000000000000  0.000000000000000  0.000000000000000 
85.000000000000000  0.000000000000000  0.000000000000000 
86.000000000000000  0.000000000000000  0.000000000000000 
87.000000000000000  0.000000000000000  0.000000000000000 
88.000000000000000  0.000000000000000  0.000000000000000 
89.000000000000000  0.000000000000000  0.000000000000000 
90.000000000000000  0.000000000000000  0.000000000000000 
91.000000000000000  0.000000000000000  0.000000000000000 
92.000000000000000  0.000000000000000  0.000000000000000 
93.000000000000000  0.000000000000000  0.000000000000000 
94.000000000000000  0.000000000000000  0.000000000000000 
95.000000000000000  0.000000000000000  0.000000000000000 
96.000000000000000  0.000000000000000  0.000000000000000 
97.000000000000000  0.000000000000000  0.000000000000000 
98.000000000000000  0.000000000000000  0.000000000000000 
99.000000000000000  0.000000000000000  0.000000000000000 
100.000000000000000  0.000000000000000  0.000000000000000 
101.000000000000000  0.000000000000000  0.000000000000000 
102.000000000000000  0.000000000000000  0.000000000000000 
103.000000000000000  0.000000000000000  0.000000000000000 
104.000000000000000  0.000000000000000  0.000000000000000 
105.000000000000000  0.000000000000000  0.000000000000000 
106.000000000000000  0.000000000000000  0.000000000000000 
107.000000000000000  0.000000000000000  0.000000000000000 
108.000000000000000  0.000000000000000  0.000000000000000 
109.000000000000000  0.000000000000000  0.000000000000000 
110.000000000000000  0.000000000000000  0.000000000000000 
111.000000000000000  0.000000000000000  0.000000000000000 
112.000000000000000  0.000000000000000  0.000000000000000 
113.000000000000000  0.000000000000000  0.000000000000000 
114.000000000000000  0.000000000000000  0.000000000000000 
115.000000000000000  0.000000000000000  0.000000000000000 
116.000000000000000  0.000000000000000  0.000000000000000 
117.000000000000000  0.000000000000000  0.000000000000000 
118.000000000000000  0.000000000000000  0.000000000000000 
119.000000000000000  0.000000000000000  0.000000000000000 
120.000000000000000  0.000000000000000  0.000000000000000 
121.000000000000000  0.000000000000000  0.000000000000000 
122.000000000000000  0.000000000000000  0.000000000000000 
123.000000000000000  0.000000000000000  0.000000000000000 
124.000000000000000  0.000000000000000  0.000000000000000 
125.000000000000000  0.000000000000000  0.000000000000000 
126.000000000000000  0.000000000000000  0.000000000000000 
127.000000000000000  0.000000000000000  0.000000000000000 
