 0.000000000000000 47.775742275402180 658.000000000000000 
 1.000000000000000 49.327942446692120 447.000000000000000 
 2.000000000000000 58.808660609235687 463.000000000000000 
 3.000000000000000 51.099006906082032 206.000000000000000 
 4.000000000000000 52.854268246730442 797.000000000000000 
 5.000000000000000 58.455767675567280 193.000000000000000 
 6.000000000000000 51.997676370676309 406.000000000000000 
 7.000000000000000 47.836518995349550 336.000000000000000 
 8.000000000000000 50.185032580188910 261.000000000000000 
 9.000000000000000 51.748131861783051 127.000000000000000 
10.000000000000000 65.981439714146589 549.000000000000000 
11.000000000000000 39.341930786448472 66.000000000000000 
12.000000000000000 49.209148785165134 90.000000000000000 
13.000000000000000 46.708807433194018 108.000000000000000 
14.000000000000000 52.991962961481470 81.000000000000000 
15.000000000000000 47.570722257563368 131.000000000000000 
16.000000000000000 40.212318410033902 193.000000000000000 
17.000000000000000 50.786536506442658 232.000000000000000 
18.000000000000000 57.995516481147817 435.000000000000000 
19.000000000000000 57.199193352446819 124.000000000000000 
20.000000000000000 57.876597114607563 251.000000000000000 
21.000000000000000 45.482983605132290 204.000000000000000 
22.000000000000000 57.273624162303172 95.000000000000000 
23.000000000000000 43.356167515361676 708.000000000000000 
24.000000000000000 62.460538334479295 140.000000000000000 
25.000000000000000 54.002811132263190 124.000000000000000 
26.000000000000000 68.531635215629180 712.000000000000000 
27.000000000000000 54.979834168930537 239.000000000000000 
28.000000000000000 65.171149643961044 340.000000000000000 
29.000000000000000 67.374853940198776 198.000000000000000 
30.000000000000000 51.065591002983027 155.000000000000000 
31.000000000000000 66.176586069379255 164.000000000000000 
32.000000000000000 48.461286343715081 83.000000000000000 
33.000000000000000 60.776395205801357 74.000000000000000 
34.000000000000000 48.209534026765844 126.000000000000000 
35.000000000000000 49.199818214119276 163.000000000000000 
36.000000000000000 49.727441054679282 151.000000000000000 
37.000000000000000 46.820235499127108 109.000000000000000 
38.000000000000000 45.610611405904777 954.000000000000000 
39.000000000000000 53.044435088368495 362.000000000000000 
40.000000000000000 39.064268168037898 124.000000000000000 
41.000000000000000 56.043534532564323 220.000000000000000 
42.000000000000000 59.943058845354329 127.000000000000000 
43.000000000000000 53.541484744166965 195.000000000000000 
44.000000000000000 51.902710088770085 703.000000000000000 
45.000000000000000 50.726712403385072 307.000000000000000 
46.000000000000000 49.534021715691857 233.000000000000000 
47.000000000000000 60.722843221297587 208.000000000000000 
48.000000000000000 47.373170702944485 163.000000000000000 
49.000000000000000 57.596203308042455 520.000000000000000 
50.000000000000000 52.988418224468674 736.000000000000000 
51.000000000000000 50.984291169371744 138.000000000000000 
52.000000000000000 48.489022751135927 131.000000000000000 
53.000000000000000 49.629544768215020 160.000000000000000 
54.000000000000000 37.339912199652041 838.000000000000000 
55.000000000000000 34.571651833538354 561.000000000000000 
56.000000000000000 59.076321975611670 159.000000000000000 
57.000000000000000 51.788736173035282 281.000000000000000 
58.000000000000000 64.137388856170716 254.000000000000000 
59.000000000000000 53.361164417666686 114.000000000000000 
60.000000000000000 42.484421883180538 185.000000000000000 
61.000000000000000 64.489549525551354 135.000000000000000 
62.000000000000000 53.968468544910728 112.000000000000000 
63.000000000000000 59.163797209090305 93.000000000000000 
64.000000000000000 49.888763538047542 447.000000000000000 
65.000000000000000 44.067277620145774 171.000000000000000 
66.000000000000000 44.684824143157563 66.000000000000000 
67.000000000000000 54.669062450419041 147.000000000000000 
68.000000000000000 39.753018542461085 207.000000000000000 
69.000000000000000 51.615123921416057 165.000000000000000 
70.000000000000000 47.644710382230805 265.000000000000000 
71.000000000000000 55.596650866054532 294.000000000000000 
72.000000000000000 51.351732716046065 856.000000000000000 
73.000000000000000 47.865855804006237 357.000000000000000 
74.000000000000000 38.203854269904902 90.000000000000000 
75.000000000000000 44.115372680302947 102.000000000000000 
76.000000000000000 30.458895439342850 42.000000000000000 
77.000000000000000 44.387072408459538 490.000000000000000 
78.000000000000000 47.331793312899563 260.000000000000000 
79.000000000000000 44.926120966489158 237.000000000000000 
80.000000000000000 45.062036604591007 306.000000000000000 
81.000000000000000 55.269337884655961 134.000000000000000 
82.000000000000000 41.491749006763555 337.000000000000000 
83.000000000000000 49.045276357775165 100.000000000000000 
84.000000000000000 41.765356377742854 77.000000000000000 
85.000000000000000 35.473171522472931 113.000000000000000 
86.000000000000000 46.484092914670107 97.000000000000000 
87.000000000000000 39.863707957680724 94.000000000000000 
88.000000000000000 44.085939059691007 220.000000000000000 
89.000000000000000 36.556225238784478 107.000000000000000 
90.000000000000000 49.848314401059191 885.000000000000000 
91.000000000000000 46.075252749461754 718.000000000000000 
92.000000000000000 45.169145844087069 172.000000000000000 
93.000000000000000 45.183312590932772 263.000000000000000 
94.000000000000000 42.987253235396153 230.000000000000000 
95.000000000000000  0.000000000000000  0.000000000000000 
96.000000000000000  0.000000000000000  0.000000000000000 
97.000000000000000  0.000000000000000  0.000000000000000 
98.000000000000000  0.000000000000000  0.000000000000000 
99.000000000000000  0.000000000000000  0.000000000000000 
100.000000000000000  0.000000000000000  0.000000000000000 
101.000000000000000  0.000000000000000  0.000000000000000 
102.000000000000000  0.000000000000000  0.000000000000000 
103.000000000000000  0.000000000000000  0.000000000000000 
104.000000000000000  0.000000000000000  0.000000000000000 
105.000000000000000  0.000000000000000  0.000000000000000 
106.000000000000000  0.000000000000000  0.000000000000000 
107.000000000000000  0.000000000000000  0.000000000000000 
108.000000000000000  0.000000000000000  0.000000000000000 
109.000000000000000  0.000000000000000  0.000000000000000 
110.000000000000000  0.000000000000000  0.000000000000000 
111.000000000000000  0.000000000000000  0.000000000000000 
112.000000000000000  0.000000000000000  0.000000000000000 
113.000000000000000  0.000000000000000  0.000000000000000 
114.000000000000000  0.000000000000000  0.000000000000000 
115.000000000000000  0.000000000000000  0.000000000000000 
116.000000000000000  0.000000000000000  0.000000000000000 
117.000000000000000  0.000000000000000  0.000000000000000 
118.000000000000000  0.000000000000000  0.000000000000000 
119.000000000000000  0.000000000000000  0.000000000000000 
120.000000000000000  0.000000000000000  0.000000000000000 
121.000000000000000  0.000000000000000  0.000000000000000 
122.000000000000000  0.000000000000000  0.000000000000000 
123.000000000000000  0.000000000000000  0.000000000000000 
124.000000000000000  0.000000000000000  0.000000000000000 
125.000000000000000  0.000000000000000  0.000000000000000 
126.000000000000000  0.000000000000000  0.000000000000000 
127.000000000000000  0.000000000000000  0.000000000000000 
