 0.000000000000000 88.666116101987669 840.000000000000000 
 1.000000000000000 75.708690131533686 656.000000000000000 
 2.000000000000000 100.768681518067723 571.000000000000000 
 3.000000000000000 102.766901696294141 189.000000000000000 
 4.000000000000000 76.069715816237306 834.000000000000000 
 5.000000000000000 91.795791554442616 230.000000000000000 
 6.000000000000000 95.967594487212978 609.000000000000000 
 7.000000000000000 85.452498436266836 740.000000000000000 
 8.000000000000000 104.973498328143819 348.000000000000000 
 9.000000000000000 80.488061520045534 181.000000000000000 
10.000000000000000 103.072412272168933 633.000000000000000 
11.000000000000000 95.354903840451215 129.000000000000000 
12.000000000000000 105.943092023142796 161.000000000000000 
13.000000000000000 89.270887002582526 188.000000000000000 
14.000000000000000 99.264476355131563 152.000000000000000 
15.000000000000000 87.004228369454040 169.000000000000000 
16.000000000000000 92.796588765226105 358.000000000000000 
17.000000000000000 82.398783617667988 318.000000000000000 
18.000000000000000 91.676843865566894 436.000000000000000 
19.000000000000000 88.668803664448419 149.000000000000000 
20.000000000000000 84.470953716980830 325.000000000000000 
21.000000000000000 100.477514746884125 426.000000000000000 
22.000000000000000 102.529316467586000 157.000000000000000 
23.000000000000000 69.159362725255249 1003.000000000000000 
24.000000000000000 78.616260958322982 177.000000000000000 
25.000000000000000 93.596280455470151 166.000000000000000 
26.000000000000000 95.945973589733029 873.000000000000000 
27.000000000000000 88.384175228719457 313.000000000000000 
28.000000000000000 100.011059290759533 421.000000000000000 
29.000000000000000 88.479876801133670 225.000000000000000 
30.000000000000000 100.315630406563372 313.000000000000000 
31.000000000000000 99.386366851433365 236.000000000000000 
32.000000000000000 93.608271229800721 145.000000000000000 
33.000000000000000 76.373066485482909 82.000000000000000 
34.000000000000000 107.564383047058541 176.000000000000000 
35.000000000000000 90.873256302455530 276.000000000000000 
36.000000000000000 91.809691637376247 248.000000000000000 
37.000000000000000 98.933206923126406 264.000000000000000 
38.000000000000000 84.873406380558819 1360.000000000000000 
39.000000000000000 102.010319032383876 594.000000000000000 
40.000000000000000 98.066318914058556 338.000000000000000 
41.000000000000000 83.396630883281532 252.000000000000000 
42.000000000000000 74.065606446043176 139.000000000000000 
43.000000000000000 89.504252869543876 310.000000000000000 
44.000000000000000 76.930088412949587 1175.000000000000000 
45.000000000000000 111.815287851718935 382.000000000000000 
46.000000000000000 85.246489300928445 430.000000000000000 
47.000000000000000 82.676561551151309 226.000000000000000 
48.000000000000000 96.680522394949222 353.000000000000000 
49.000000000000000 99.867854467650275 684.000000000000000 
50.000000000000000 91.600216348957815 1123.000000000000000 
51.000000000000000 79.572505230596434 179.000000000000000 
52.000000000000000 81.965133858549976 184.000000000000000 
53.000000000000000 76.178530184693159 161.000000000000000 
54.000000000000000 82.477209070162914 1230.000000000000000 
55.000000000000000 68.936948415372271 929.000000000000000 
56.000000000000000 91.737483778912505 226.000000000000000 
57.000000000000000 86.842526392836575 497.000000000000000 
58.000000000000000 88.229692384655479 290.000000000000000 
59.000000000000000 69.082242919007854 127.000000000000000 
60.000000000000000 72.329313001234524 252.000000000000000 
61.000000000000000 72.199124280583135 141.000000000000000 
62.000000000000000 67.162376204222070 127.000000000000000 
63.000000000000000 75.120760664027429 124.000000000000000 
64.000000000000000 74.870781239898903 451.000000000000000 
65.000000000000000  0.000000000000000  0.000000000000000 
66.000000000000000  0.000000000000000  0.000000000000000 
67.000000000000000  0.000000000000000  0.000000000000000 
68.000000000000000  0.000000000000000  0.000000000000000 
69.000000000000000  0.000000000000000  0.000000000000000 
70.000000000000000  0.000000000000000  0.000000000000000 
71.000000000000000  0.000000000000000  0.000000000000000 
72.000000000000000  0.000000000000000  0.000000000000000 
73.000000000000000  0.000000000000000  0.000000000000000 
74.000000000000000  0.000000000000000  0.000000000000000 
75.000000000000000  0.000000000000000  0.000000000000000 
76.000000000000000  0.000000000000000  0.000000000000000 
77.000000000000000  0.000000000000000  0.000000000000000 
78.000000000000000  0.000000000000000  0.000000000000000 
79.000000000000000  0.000000000000000  0.000000000000000 
80.000000000000000  0.000000000000000  0.000000000000000 
81.000000000000000  0.000000000000000  0.000000000000000 
82.000000000000000  0.000000000000000  0.000000000000000 
83.000000000000000  0.000000000000000  0.000000000000000 
84.000000000000000  0.000000000000000  0.000000000000000 
85.000000000000000  0.000000000000000  0.000000000000000 
86.000000000000000  0.000000000000000  0.000000000000000 
87.000000000000000  0.000000000000000  0.000000000000000 
88.000000000000000  0.000000000000000  0.000000000000000 
89.000000000000000  0.000000000000000  0.000000000000000 
90.000000000000000  0.000000000000000  0.000000000000000 
91.000000000000000  0.000000000000000  0.000000000000000 
92.000000000000000  0.000000000000000  0.000000000000000 
93.000000000000000  0.000000000000000  0.000000000000000 
94.000000000000000  0.000000000000000  0.000000000000000 
95.000000000000000  0.000000000000000  0.000000000000000 
96.000000000000000  0.000000000000000  0.000000000000000 
97.000000000000000  0.000000000000000  0.000000000000000 
98.000000000000000  0.000000000000000  0.000000000000000 
99.000000000000000  0.000000000000000  0.000000000000000 
100.000000000000000  0.000000000000000  0.000000000000000 
101.000000000000000  0.000000000000000  0.000000000000000 
102.000000000000000  0.000000000000000  0.000000000000000 
103.000000000000000  0.000000000000000  0.000000000000000 
104.000000000000000  0.000000000000000  0.000000000000000 
105.000000000000000  0.000000000000000  0.000000000000000 
106.000000000000000  0.000000000000000  0.000000000000000 
107.000000000000000  0.000000000000000  0.000000000000000 
108.000000000000000  0.000000000000000  0.000000000000000 
109.000000000000000  0.000000000000000  0.000000000000000 
110.000000000000000  0.000000000000000  0.000000000000000 
111.000000000000000  0.000000000000000  0.000000000000000 
112.000000000000000  0.000000000000000  0.000000000000000 
113.000000000000000  0.000000000000000  0.000000000000000 
114.000000000000000  0.000000000000000  0.000000000000000 
115.000000000000000  0.000000000000000  0.000000000000000 
116.000000000000000  0.000000000000000  0.000000000000000 
117.000000000000000  0.000000000000000  0.000000000000000 
118.000000000000000  0.000000000000000  0.000000000000000 
119.000000000000000  0.000000000000000  0.000000000000000 
120.000000000000000  0.000000000000000  0.000000000000000 
121.000000000000000  0.000000000000000  0.000000000000000 
122.000000000000000  0.000000000000000  0.000000000000000 
123.000000000000000  0.000000000000000  0.000000000000000 
124.000000000000000  0.000000000000000  0.000000000000000 
125.000000000000000  0.000000000000000  0.000000000000000 
126.000000000000000  0.000000000000000  0.000000000000000 
127.000000000000000  0.000000000000000  0.000000000000000 
