 0.000000000000000 86.838264979123565 782.000000000000000 
 1.000000000000000 79.081528444928622 676.000000000000000 
 2.000000000000000 99.337189189240377 559.000000000000000 
 3.000000000000000 96.123668443718429 234.000000000000000 
 4.000000000000000 72.900511366764604 887.000000000000000 
 5.000000000000000 99.997563276788981 257.000000000000000 
 6.000000000000000 91.689724137315125 594.000000000000000 
 7.000000000000000 82.310731845842241 681.000000000000000 
 8.000000000000000 99.182352380969363 331.000000000000000 
 9.000000000000000 79.931672710799788 180.000000000000000 
10.000000000000000 99.732592275217144 614.000000000000000 
11.000000000000000 92.353568714361913 126.000000000000000 
12.000000000000000 76.147609805288312 110.000000000000000 
13.000000000000000 83.215741589088125 180.000000000000000 
14.000000000000000 90.166483381270837 143.000000000000000 
15.000000000000000 82.478555166947970 162.000000000000000 
16.000000000000000 82.468017292998866 310.000000000000000 
17.000000000000000 78.618336286031777 306.000000000000000 
18.000000000000000 88.253081461772638 446.000000000000000 
19.000000000000000 85.142825986535456 143.000000000000000 
20.000000000000000 83.713880999933309 319.000000000000000 
21.000000000000000 73.770026651904672 361.000000000000000 
22.000000000000000 97.654012238672621 146.000000000000000 
23.000000000000000 64.513359182275352 922.000000000000000 
24.000000000000000 89.055017270732861 177.000000000000000 
25.000000000000000 74.554577064515129 139.000000000000000 
26.000000000000000 95.348067448493026 865.000000000000000 
27.000000000000000 88.586928359750360 308.000000000000000 
28.000000000000000 91.421358291612933 376.000000000000000 
29.000000000000000 86.218138024046752 233.000000000000000 
30.000000000000000 103.680448407291436 320.000000000000000 
31.000000000000000 94.983173810887095 229.000000000000000 
32.000000000000000 79.272852793049893 127.000000000000000 
33.000000000000000 76.373066485482937 82.000000000000000 
34.000000000000000 76.189118866476591 175.000000000000000 
35.000000000000000 76.125392231082003 241.000000000000000 
36.000000000000000 82.171960750183459 237.000000000000000 
37.000000000000000 92.405438829599078 233.000000000000000 
38.000000000000000 85.578072497373782 1364.000000000000000 
39.000000000000000 97.738550425163211 570.000000000000000 
40.000000000000000 84.670486621302899 315.000000000000000 
41.000000000000000 85.517689578696547 275.000000000000000 
42.000000000000000 76.014936058994621 142.000000000000000 
43.000000000000000 85.167114460221796 300.000000000000000 
44.000000000000000 82.826320256969879 1219.000000000000000 
45.000000000000000 71.301034052808859 380.000000000000000 
46.000000000000000 72.561292981942486 383.000000000000000 
47.000000000000000 81.607233976887585 242.000000000000000 
48.000000000000000 88.880287370450134 324.000000000000000 
49.000000000000000 93.177252230683635 657.000000000000000 
50.000000000000000 93.778928091672000 1146.000000000000000 
51.000000000000000 80.692941373789466 181.000000000000000 
52.000000000000000 73.126424879083316 172.000000000000000 
53.000000000000000 79.107068188563034 164.000000000000000 
54.000000000000000 82.935266131208891 1245.000000000000000 
55.000000000000000 70.767810256636679 958.000000000000000 
56.000000000000000 83.098896241149319 212.000000000000000 
57.000000000000000 75.451784675656157 458.000000000000000 
58.000000000000000 73.533643345659925 273.000000000000000 
59.000000000000000 67.875767441807113 126.000000000000000 
60.000000000000000 78.081393098428265 269.000000000000000 
61.000000000000000 72.770763053967229 142.000000000000000 
62.000000000000000 65.242633008892057 126.000000000000000 
63.000000000000000 77.702242507160406 124.000000000000000 
64.000000000000000 70.395408562185878 493.000000000000000 
65.000000000000000 94.533079116302588 301.000000000000000 
66.000000000000000 63.488947177076938 78.000000000000000 
67.000000000000000 60.866466316259846 151.000000000000000 
68.000000000000000  0.000000000000000  0.000000000000000 
69.000000000000000  0.000000000000000  0.000000000000000 
70.000000000000000  0.000000000000000  0.000000000000000 
71.000000000000000  0.000000000000000  0.000000000000000 
72.000000000000000  0.000000000000000  0.000000000000000 
73.000000000000000  0.000000000000000  0.000000000000000 
74.000000000000000  0.000000000000000  0.000000000000000 
75.000000000000000  0.000000000000000  0.000000000000000 
76.000000000000000  0.000000000000000  0.000000000000000 
77.000000000000000  0.000000000000000  0.000000000000000 
78.000000000000000  0.000000000000000  0.000000000000000 
79.000000000000000  0.000000000000000  0.000000000000000 
80.000000000000000  0.000000000000000  0.000000000000000 
81.000000000000000  0.000000000000000  0.000000000000000 
82.000000000000000  0.000000000000000  0.000000000000000 
83.000000000000000  0.000000000000000  0.000000000000000 
84.000000000000000  0.000000000000000  0.000000000000000 
85.000000000000000  0.000000000000000  0.000000000000000 
86.000000000000000  0.000000000000000  0.000000000000000 
87.000000000000000  0.000000000000000  0.000000000000000 
88.000000000000000  0.000000000000000  0.000000000000000 
89.000000000000000  0.000000000000000  0.000000000000000 
90.000000000000000  0.000000000000000  0.000000000000000 
91.000000000000000  0.000000000000000  0.000000000000000 
92.000000000000000  0.000000000000000  0.000000000000000 
93.000000000000000  0.000000000000000  0.000000000000000 
94.000000000000000  0.000000000000000  0.000000000000000 
95.000000000000000  0.000000000000000  0.000000000000000 
96.000000000000000  0.000000000000000  0.000000000000000 
97.000000000000000  0.000000000000000  0.000000000000000 
98.000000000000000  0.000000000000000  0.000000000000000 
99.000000000000000  0.000000000000000  0.000000000000000 
100.000000000000000  0.000000000000000  0.000000000000000 
101.000000000000000  0.000000000000000  0.000000000000000 
102.000000000000000  0.000000000000000  0.000000000000000 
103.000000000000000  0.000000000000000  0.000000000000000 
104.000000000000000  0.000000000000000  0.000000000000000 
105.000000000000000  0.000000000000000  0.000000000000000 
106.000000000000000  0.000000000000000  0.000000000000000 
107.000000000000000  0.000000000000000  0.000000000000000 
108.000000000000000  0.000000000000000  0.000000000000000 
109.000000000000000  0.000000000000000  0.000000000000000 
110.000000000000000  0.000000000000000  0.000000000000000 
111.000000000000000  0.000000000000000  0.000000000000000 
112.000000000000000  0.000000000000000  0.000000000000000 
113.000000000000000  0.000000000000000  0.000000000000000 
114.000000000000000  0.000000000000000  0.000000000000000 
115.000000000000000  0.000000000000000  0.000000000000000 
116.000000000000000  0.000000000000000  0.000000000000000 
117.000000000000000  0.000000000000000  0.000000000000000 
118.000000000000000  0.000000000000000  0.000000000000000 
119.000000000000000  0.000000000000000  0.000000000000000 
120.000000000000000  0.000000000000000  0.000000000000000 
121.000000000000000  0.000000000000000  0.000000000000000 
122.000000000000000  0.000000000000000  0.000000000000000 
123.000000000000000  0.000000000000000  0.000000000000000 
124.000000000000000  0.000000000000000  0.000000000000000 
125.000000000000000  0.000000000000000  0.000000000000000 
126.000000000000000  0.000000000000000  0.000000000000000 
127.000000000000000  0.000000000000000  0.000000000000000 
