 0.048569128496006  0.078390516873360  1.235110474933931  0.622482643799706 
 0.161096926765188  0.076389038866988  0.667030925779930  1.382991789819265 
 0.741204694656357 -0.008885710858772  1.560492366412102  2.218212786259482 
 1.630946909871210  1.195385536480695  2.717806437768313  1.613336824034044 
 0.267476328327630  0.087255453344709  1.153590489192301  1.464812741751991 
 1.195808443999985  0.207111741600012  3.426949200000029  1.774646000000111 
 0.823833444055962  0.097992451006997  1.372688776223761  1.422514860139848 
 0.434746935950432  0.103313004793382  1.813410537190163  0.800950223553714 
 0.770266644951202  0.264197836807825  2.621597394136633  1.019879885993349 
 2.650213609467396  0.754221881656797  2.429650887573990  2.834406508875710 
 0.538319021582846  0.160520208564246  2.069722346368669  2.119098882681537 
 2.069476146788941  1.458928899082580  2.154934403669703  4.616288990825627 
 1.903094482758670  1.254356637931060  0.954267561206809  3.235162068965694 
 1.540453734939737  0.382904000000022  3.521864457831411  3.769618072289118 
 2.188206382978686  2.112366666666676  3.986663829787244  2.756958865248185 
 1.207634983597880  1.433916296296305  3.612596825396866  3.190143915343938 
 1.059117878787874  0.058563194696970  1.915599621212139  0.896595446969699 
 1.773819063545146  0.986224548494987  2.187982943143809  2.821388294314391 
 1.080216475247517  0.021131311089110  1.966068514851468  1.783064950495092 
 2.306133070866143  1.208417874015743  1.430852496062988  2.023453543307080 
 0.815767630630643  0.086164319219220  1.975186786786763  2.974257057057038 
 0.904062305389212  0.607137694610765  2.633884431137724  1.799247904191615 
 1.812080999999994  1.193469214285708  4.258928571428577  1.826139000000013 
 0.218489641825901  0.079575870067940  1.497688535031856  1.136710764331209 
 2.473966467065878  0.960341405988028  3.768167065868281  2.917384431137731 
 1.143378478260857  0.300996814492750  2.369750724637677  4.129480434782639 
 0.377433956459949  0.106212085441861  1.588831912144696  1.701246124030996 
 1.621005601374577  1.148116769759451  3.293337113402042  2.489830240549837 
 0.811476631043253  0.059278892290075  2.677527226463098  2.387778371501272 
 2.157450697674412  0.429532123348837  3.150951627906992  2.092784186046517 
 1.589180297397773  0.115971617955389  2.517610037174711  1.424045799256503 
 1.482496031746031  0.438188514285714  3.998774603174622  2.533347089947081 
 1.855345161290326  1.161668580645166  4.646160483870966  3.382578225806451 
 2.119145238095238  1.669894166666663  4.039913095238105  4.471955952380934 
 2.463980254777070  1.671287707006369  2.729317834394906  2.397647133757961 
 0.889163612745099  0.438619681372549  3.322472549019594  2.827897549019635 
 1.656056578947367  0.296820763421053  1.329100307017545  1.529127719298251 
 1.896087922705312  0.247159247632851  1.976088309178746  3.529857971014500 
-0.010122065276596  0.074514040421276  1.050073744680855  1.068131846808513 
 0.576917108433739  0.131719308722892  1.048622795180717  0.896677349397591 
 1.373170182648402  1.013908721461187  1.471096621004560  2.395912328767112 
 0.969994586776857  0.229560323966942  0.665069932231403  1.864073140495865 
 2.218246979865772  2.129030872483223  3.036647651006712  3.662788590604016 
 1.540937318840579  0.074606665362319  1.373367463768114  2.534618115942045 
-0.094911646002079  0.069941689095535  0.631803561786085  0.961016905503641 
 1.418654588859418  0.537392058355439  2.702582228116714  2.272422281167111 
 1.040273863636365  0.628134545454546  1.902094805194810  1.512067045454541 
 1.004465564315355  1.246268547717842  2.477736929460582  2.523446058091286 
 1.878383461538462  0.473263466923074  2.103881923076913  2.096035769230765 
 0.520011717156107  0.113008571514684  2.055588253477591  1.428523647604330 
-0.557095382955772  0.089023494498383  0.527147738942832  0.472644872707659 
 1.754846928104574  0.839710065359478  2.045504575163402  0.988373318300655 
 1.477080750000000  1.929307499999996  2.316046250000003  3.136371875000001 
 1.174876875000000  1.443452937499998  2.948188125000005  3.888799374999998 
-0.258602956033677  0.072050551824135  0.861077296538819  0.713739232927968 
-0.208050926640927  0.060934335379665  0.675097554697555  0.413352556241956 
 1.198395536723165  0.360576276836158  1.193549265536721  3.348985310734465 
 1.077257787234044  0.455363822127660  1.999902978723403  2.448755319148940 
 1.104449629629628  0.480104009876544  2.565222222222224  3.177675308641977 
 1.614551640625000  2.173933593750001  3.209773437500000  2.231402343749999 
 1.864000000000000  0.769486701107011  2.773016236162367  3.416191143911440 
 2.539534666666666  1.071516473333334  3.206508666666668  3.895830000000003 
 2.532433333333334  1.598921269841271  1.994889682539683  3.443326984126983 
 1.744513783783784  2.053101801801804  1.919181171171170  1.825961441441442 
 0.385703075728155  0.089285169883495  0.997632951456311  1.962402912621363 
 1.621071062992126  0.011725746456693  2.990763385826771  2.853100787401572 
 2.606079487179486  1.530373205128204  3.333300000000000  1.367544102564103 
 1.322271069182390  1.145697798742137  1.728504779874214  3.627028301886796 
 0.813390462295081 -0.099015150163934  2.616471475409841  1.702968852459016 
 1.421430757575758  0.797328856212121  3.362401515151515  1.049776136363636 
 0.764037190661478  0.197090765369650  1.116166536964982  2.649826070038912 
 1.470125862068966 -0.101221194482759  2.212639310344825  2.465601034482757 
-0.329654957188160  0.054362165989757  0.425620988689218  0.688297103594080 
 0.909900964187328  0.453017936639118  1.440878539944906  1.981698347107441 
