 0.011973842238462  0.075682390189541  0.950921425196828  0.962768737907812 
-0.345054275468063  0.069654030871780  0.587882026459243  0.587815796585887 
 1.099654877966046  0.229195799152547  1.425847944915206  2.799198559322002 
 1.642060174262724  1.006082293565687  2.680495442359271  1.473338534450310 
 0.414237318849835  0.098779216284801  1.046660991145614  1.677729552715654 
 1.475098419354838  0.485367545668205  3.635624539170512  2.252001923963165 
 1.403047741626799  0.413829578717705  1.450740085167461  1.629964842105251 
 0.404816820957843  0.093293888109700  1.599395337699557  1.061237068849771 
 0.903527307634176  0.319001876848074  2.549096447467851  2.485965154950823 
 2.300846408045958  0.743419714166665  2.623812068965518  2.844749568965509 
 0.645503758829935  0.125477716536712  1.803824869729965  1.950526054002834 
 2.144868180039128  1.602227260273976  2.654894227005863  4.068046379647750 
 1.802674627737232  1.357250364963507  1.595062200145972  2.832199270073014 
 1.371164915384615  0.407435629670332  2.562193604395612  3.598439780219777 
 2.233996736842100  1.851774063157896  3.487280631578948  2.220285768421046 
 1.909787775768537  1.215968911392405  4.083789511754059  3.486304339963834 
 0.879594017618039  0.184233642374913  2.474495489781541  1.342590257223397 
 1.274663312908009  1.532406928783383  2.851979080118696  2.878571661721064 
 1.563676093591046  0.154109183560529  2.336134079348932  2.205087894201423 
