 0.234930936458812  0.087309492436019  1.074965341554191  1.342758043275987 
-0.253815024106648  0.070485478442938  0.693014027976297  0.662934881910748 
 1.678804222599781  0.828895257145290  1.912332593882700  3.597535938827498 
 1.341707411582211  0.421985157430198  2.699610496380554  1.548294799741433 
 1.178971680562057  0.284810564641685  1.330854212974248  2.284692215456674 
 1.808946122082585  1.068209604757631  3.803023877917421  2.333331104129274 
 1.930746183800625  1.471465015576323  2.294584524922121  2.373980630841112 
 0.584483867938373  0.130937543779163  1.758038925165081  1.090809147542186 
 1.242177144787641  0.317932027316601  2.724772731660232  2.831041988416980 
 1.945122541149207  1.428115693234476  3.414363021316032  3.711729101019461 
 0.707578610532185  0.133339163048903  1.985537072995323  2.018134196332251 
