 0.065125344134040  0.079475937178780  1.272725391061341  0.635340047486281 
 0.152574601320132  0.077942096650158  0.657270039273890  1.365068052805169 
 0.718770174326357  0.098767382424728  1.501979239302602  2.156622979397731 
 1.631521774891741  1.192747316017325  2.720748051948125  1.611403376623083 
 0.266480848654955  0.086508127590642  1.144171309941558  1.457674269005848 
 1.195808443999985  0.207111741600012  3.426949200000029  1.774646000000111 
 0.837142099173572  0.125845753348764  1.378298280991722  1.457118247933872 
 0.435260878612734  0.104144411213867  1.814738728323775  0.838288474373791 
 0.768831346405291  0.264528239869288  2.622948039215510  1.013761356209014 
 2.650213609467396  0.754221881656797  2.429650887573990  2.834406508875710 
 0.542619119038091  0.143656224862069  2.060121960072551  2.117276950998158 
 2.069476146788941  1.458928899082580  2.154934403669703  4.616288990825627 
 1.860633023255859  1.264148372093046  0.977229047286743  3.179727906976903 
 1.540453734939737  0.382904000000022  3.521864457831411  3.769618072289118 
 2.188206382978686  2.112366666666676  3.986663829787244  2.756958865248185 
 1.207634983597880  1.433916296296305  3.612596825396866  3.190143915343938 
 1.062749011406840  0.057506547528517  1.915200380228155  0.881627901140686 
 1.752989677419351  0.977002548387101  2.156958064516126  2.816196129032268 
 1.124547639751545 -0.035198903519667  1.935109109730831  1.872118426501080 
 2.296187692307693  1.209932692307688  1.433085899999996  2.034052307692301 
 0.790187868421065  0.094799939473685  1.960060818713426  2.947169590643256 
 0.903074023668630  0.603949911242590  2.636654733727810  1.793607396449702 
 1.812080999999994  1.193469214285708  4.258928571428577  1.826139000000013 
 0.221900154741378  0.081594844077586  1.489284482758629  1.149343803879309 
 2.473966467065878  0.960341405988028  3.768167065868281  2.917384431137731 
 1.142794460431642  0.297823887769780  2.363925179856111  4.128628776978448 
 0.372424612369792  0.105513050041668  1.593961328124994  1.681011328124987 
 1.621541541095898  1.148260205479453  3.291401712328748  2.490386986301379 
 0.820814095717880  0.055975593627203  2.670684382871531  2.390756926952140 
 2.156566355140180  0.430976011775700  3.153821028037399  2.091171962616828 
 1.587414963503653  0.108988311058393  2.511962408759115  1.436392372262770 
 1.482496031746031  0.438188514285714  3.998774603174622  2.533347089947081 
 1.855345161290326  1.161668580645166  4.646160483870966  3.382578225806451 
 2.119145238095238  1.669894166666663  4.039913095238105  4.471955952380934 
 2.443953012048193  1.675425120481927  2.714800602409639  2.385715662650602 
 0.888737839024391  0.435849292682927  3.322801951219498  2.825588780487832 
 1.652045535714284  0.286948428839286  1.325962366071430  1.517415714285720 
 1.905921674876845  0.252976237733991  1.966407290640396  3.542044334975377 
-0.012204569250211  0.075303920130581  1.042814608256112  1.065047826453244 
 0.578827654028440  0.127787414976304  1.045976706161131  0.900765663507110 
 1.244304074074076  0.832696777777777  1.420236444444439  2.239603703703696 
 0.961767480916028  0.233033421374045  0.694090624427479  1.868865267175570 
 2.218246979865772  2.129030872483223  3.036647651006712  3.662788590604016 
 1.548903409090908  0.110146464015152  1.352568257575756  2.516232196969714 
-0.124190828054743  0.069796408826002  0.630755630498534  0.948180391006848 
 1.418013036649216  0.533937628272253  2.700532722513092  2.274040837696337 
 1.033304430051815  0.574001813471503  1.884679274611403  1.589773886010360 
 1.013928284000002  1.239818120000000  2.454987200000001  2.512626000000000 
 1.888855555555557  0.454202901915706  2.118495785440603  2.102251340996165 
 0.552843517857144  0.110756618258929  2.068311011904763  1.447883482142858 
-0.562960447427293  0.089072737472036  0.533371514541393  0.476096053691275 
 1.746788258064515  0.833947096774195  2.049563870967745  0.988653533548389 
 1.476289079754601  1.921251533742327  2.319358282208592  3.134430674846627 
 1.174876875000000  1.443452937499998  2.948188125000005  3.888799374999998 
-0.228597529518620  0.070909238395096  0.881695558583104  0.682103569482287 
-0.217725226969293  0.062028684588785  0.656851548731642  0.403812030974633 
 1.174190052910054  0.371283248677249  1.205957883597882  3.316976190476192 
 1.059902152173915  0.451217358695652  2.001652173913042  2.432329782608698 
 1.106671280487804  0.477412101219513  2.561784146341465  3.177554878048782 
 1.621975271317829  2.181998449612404  3.204810077519380  2.228250387596898 
 1.863566911764706  0.770676455882353  2.772803308823535  3.414526838235294 
 2.539534666666666  1.071516473333334  3.206508666666668  3.895830000000003 
 2.532472440944883  1.593309685039371  1.990890551181103  3.440959055118109 
 1.681871016949153  1.994372881355934  1.870522966101694  1.858373898305086 
 0.367855078846154  0.092158018826923  0.988793846153847  1.927586346153850 
 1.622525585937501  0.009023291406250  2.989605468749999  2.841762890624997 
 2.606079487179486  1.530373205128204  3.333300000000000  1.367544102564103 
 1.320628238993711  1.148785283018867  1.725197861635220  3.625893710691827 
 0.823027119741100 -0.105943077669903  2.612151779935278  1.714347896440128 
 1.422563880597015  0.791921112089552  3.354253731343284  1.048214626865671 
 0.753229800766283  0.155581205747126  1.103272988505749  2.619039080459772 
 1.474114312267659 -0.079268204684015  2.144969144981410  2.602359107806692 
-0.339040880191693  0.053872448909808  0.426336895953142  0.680060947816826 
