-0.054930672258079  0.073227508337638  1.034373096774152  0.694706448924826 
-0.369638102950509  0.070251857025160  0.552215069574866  0.582826799555819 
 0.985051884433882  0.215586280035383  1.093616883962195  2.402436438679209 
 1.702702274509789  0.949027598039220  2.781251176470620  1.334389752352809 
 0.381558239182811  0.093497321361969  1.125131799895250  1.651167679413305 
 1.519283985239851  0.287028451549822  3.473502214022155  1.997557767527728 
 1.218802130952387  0.317707822988098  1.429758261904751  1.385570369047605 
 0.320670218720258  0.087934686763616  1.510140883130633  0.994822449603384 
 0.884328640930251  0.138756294427908  2.631104186046465  2.067065023255773 
 2.174912746585713  0.716474000455232  2.466388315629752  2.729831411229132 
 0.668025007292763  0.128870643504943  1.788317110266136  2.164112319391626 
 2.302946349206334  1.770958952380958  2.519480793650787  4.073693015872993 
 1.641711002132206  0.877785287846488  1.373363140724925  3.324831769722855 
 1.227575691304339  0.267927861304353  3.135575942029004  3.063800869565210 
 2.188944274193544  2.039442473118283  2.976426881720434  2.389529999999988 
 1.772203485714285  1.424857411428573  4.232614285714303  3.569043714285730 
 0.934228097989948  0.213066740992463  2.482438190954786  1.089942755025124 
 1.270581141943126  1.616216516587681  2.692700947867300  3.380284360189571 
 1.594270060606053  0.154387815442425  2.003324836363629  2.054357454545471 
 1.922523387978146  1.465840519125681  1.553336369125681  2.130934945355192 
 1.075045479591836  0.207468632040816  2.039668594104306  2.960842517006796 
 1.154700594632768  0.914621115819206  2.283253813559324  2.247215112994349 
 2.022062689655171  1.332907896551722  4.169928275862066  2.004312517241381 
 0.028058251229698  0.075395286226914  0.806074883433875  1.141927726218101 
 2.441976712328764  0.913420769041096  3.366678630136988  3.430025205479456 
 1.514399909706546  0.519105983431150  2.425848261851016  3.969425959367947 
 0.565516789605978  0.104813123119565  1.906273233695651  1.510079572010866 
 1.439414645833333  1.157470687500001  3.344418541666664  2.557296458333333 
