-0.081045396576102  0.072796059993482  0.995794869565175  0.675187703804443 
-0.377992044678716  0.069895805811013  0.540639454250327  0.579366858165976 
 0.997547576763392  0.230051782116189  1.023699789211536  2.365299031811850 
 1.712140181818165  1.067532886363641  2.702486136363671  1.301799440227119 
 0.373203901989759  0.095627849960204  1.087231201250730  1.650977032404775 
 1.234288087931032  0.301768938534489  3.260694655172427  1.698400206896600 
 1.204433221153853  0.316308494362983  1.430090156249989  1.402982512019216 
 0.280101213626728  0.086587870047719  1.455009411452825  0.977391509544008 
 0.791497560576943  0.149121538711540  2.451209326923027  1.843363461538418 
 2.120768617886156  0.833647253658533  2.345827804878061  2.907475609756094 
 0.682211716222875  0.123420665115183  1.744939117427053  2.187148541510841 
 2.282892857142839  1.829342178571435  2.462167214285707  4.078550714285686 
 1.648588090185688  0.951237092838204  1.296881175066287  3.381672413793154 
 1.277623285714272  0.346239559834376  3.385587784679112  3.242125258799159 
 2.184567994652400  2.055802406417114  3.128838770053478  2.362064866310149 
 1.778493184931506  1.472227890410961  4.306557876712349  3.556402739726044 
 0.902171867779202  0.186541412528883  2.309120924261887  0.990311409756096 
 1.257090224189523  1.652597231920202  2.711182044887784  3.348130922693266 
 1.628188076923070  0.142922178384617  1.994451525641017  2.031567307692328 
 1.986381924198254  1.480725685131194  1.562875892419823  2.128638017492711 
 1.137042775564409  0.188922554714475  1.841721208499331  3.008661354581666 
 1.166793979885056  0.914464468390802  2.195540373563222  2.261710201149425 
 1.914934560260584  1.108301107166122  4.223896416938110  2.125824592833879 
 0.018459677746212  0.073778528702178  0.799128975757577  1.133556425189397 
 2.387329714285711  1.088927382857144  3.361464285714292  3.640731142857145 
 1.485891893095768  0.524620787661469  2.405621603563470  3.934945211581293 
 0.504627818999325  0.097799130312373  1.788809330628800  1.492427207572680 
 1.380234607142857  1.134278613445378  3.287632142857141  2.484243907563027 
 1.048108873053892  0.194679769053892  2.669022994011974  2.634511736526941 
 2.196643797468355  0.451661457772152  3.163361265822785  2.345417721518988 
