 0.099286435026997  0.078141097935142  1.234155924324236  0.667650609729922 
 0.097476908342361  0.076860873661967  0.686254839436595  1.192431137594727 
 0.633582966032514  0.127544231480983  1.430270298912963  2.230027989130390 
 1.700568749999964  1.242168973214295  3.033833928571502  1.269575397321126 
 0.350968752281598  0.088215060091263  0.907071271186478  1.765634680573666 
 1.272600410658295  0.429923915423207  3.395598746081527  1.587675360501653 
 1.050467644927555  0.050765707699279  1.519620018115921  1.579105978260855 
 0.297088531385292  0.093034691357140  1.659825757575797  1.049362142857141 
 0.765236630769279  0.273697336153852  2.645609487179350  1.083406989743483 
 2.514219028340044  1.195323684210523  2.155816194332002  3.003424696356253 
 0.627559512718816  0.126288852704244  2.047852254641878  2.102701458885923 
 2.083206432748506  1.316937894736850  2.327015789473670  4.431660818713411 
 1.702673131313160  1.151006535353551  1.137727843434292  3.507172727272832 
 1.728547822878215  0.421269848708501  3.253125461254662  3.708382656826545 
 2.055066363636337  2.162302673796799  3.877334759358297  2.628046524064139 
 1.024758628301883  1.339395660377369  3.703222012578663  3.354602515723299 
 0.813537958236657  0.085726490779582  1.857251276102099  0.766810780046405 
 1.512474710327451  0.986508438287155  2.343955919395464  2.968338790931994 
 1.352799381237519 -0.054186289341316  1.920384630738505  2.253806586826390 
 1.962338775510203  1.589733877551017  1.555666449489792  2.093472448979588 
 0.875271735507254  0.158553223115942  2.097324275362303  2.803684239130424 
 1.031260065913367  0.694603333333325  2.571617890772127  2.136110734463272 
 1.982086416184967  1.110661040462424  4.208005780346824  1.905546011560704 
 0.092541850515464  0.075917110650278  1.173776764472644  1.218088072957972 
 2.542290222222232  0.998499022222225  3.277885777777791  3.236219111111115 
 1.097980084033606  0.501294026890754  2.239343277310921  3.954294957983210 
 0.372256737943586  0.108865590111011  1.505649681528659  1.610040764331201 
 1.586177314285720  1.160051685714289  3.271803999999984  2.513324857142864 
 0.888119083003950 -0.000333894051384  2.773639328063241  2.020728458498029 
 2.293701652892555  0.436626431074379  3.186638429752080  2.173610743801660 
 1.551839473684213  0.137901060078947  2.434209999999997  1.408410718421053 
 1.285572396296296  0.353486661111111  3.803800740740753  2.574948888888882 
 1.909451912568309  1.151197508196724  4.504296174863385  3.243532786885245 
 2.307873451327434  1.507919477876103  3.930169026548680  4.425586725663702 
 2.477112290502792  1.848918994413408  2.867829050279328  2.098303128491619 
 0.895093576023391  0.371814886257310  2.887769590643267  3.050955263157908 
 1.964818260869563  0.450733402434783  1.357900117391305  1.768571173913047 
 1.899959821428570  0.279039997797619  2.061341666666666  3.321422321428577 
-0.159214577186010  0.069389211434022  0.898054332273455  0.869243982511929 
 0.703265085910655  0.164001559776632  1.114846752577318  1.179283453608249 
 1.232282923728815  0.703257309322034  1.626082203389829  2.405625847457620 
 1.037743597733711  0.212072479320113  0.811647296317279  2.126147875354106 
 2.368252702702705  2.141289189189187  2.935252702702699  3.669497297297287 
 1.133846000000000  0.216519530555556  1.271396500000000  3.055198055555563 
-0.240646885964914  0.066063848901200  0.495527754385964  0.814009095106191 
 1.543006327077749  0.072902559249330  2.859411528150134  2.741376675603215 
 1.042567755555557  0.563409044444444  1.881539333333335  1.625240688888886 
 1.243062819512196  1.820030243902439  2.571802439024389  2.363462439024389 
 1.806611002444989  0.595312454767725  2.408732029339849  2.226783618581907 
 0.602538744272845  0.086428853886744  2.116695366795370  1.505975675675678 
-0.495517383320581  0.074495445750811  0.474612625325175  0.489173768171384 
 1.655735549450549  0.997254065934067  1.970259890109890  1.083049970879121 
 1.560670817610063  1.896670440251570  2.068329056603774  3.289277358490565 
 1.452764311111111  1.555241155555556  3.013588888888891  3.602206666666668 
-0.245419954081633  0.067174999107143  0.764720586734693  0.490232685544218 
