-0.156364392853431  0.071038271306733  0.887812091810079  0.658434774022000 
-0.401824097787437  0.069917469804941  0.509373211892524  0.565080921928067 
 0.948231861325011  0.215719153574737  1.028346014791898  2.454212018489933 
 1.743032672672649  1.258374024024029  2.845140840840889  1.298298869969765 
 0.372670412229092  0.092936602391640  0.977871253869993  1.689598684210528 
 1.073238082311728  0.335544092556924  3.086485288966740  1.436496359019314 
 1.085120591456743  0.268353461675797  1.345131566265048  1.483300963855409 
 0.203527236211865  0.082819897774322  1.328783074265994  0.898364911917097 
 0.686382086514902  0.111695030166376  2.219623117337958  1.661643169877369 
 2.196756294964007  0.954625836330932  2.263228417266197  2.951451618705028 
 0.662412703856247  0.127297465269707  1.728674574961337  2.183035316846983 
 2.274441791044758  1.842431343283589  2.486419589552231  4.120348134328329 
 1.597833426183857  1.028722662952655  1.257083072423372  3.325777715877491 
 1.320569269162202  0.352891534937617  3.065409090909112  3.342984848484836 
 2.188767787878780  2.089498181818185  3.131029696969699  2.414019272727258 
 1.768943279220778  1.436824785714289  4.279228896103915  3.577595129870145 
 0.673914908139534  0.135244118541861  2.004327790697682  0.902812931627906 
 1.259122797668390  1.675104637305703  2.704054922279797  3.361349740932640 
 1.589623994038739  0.130192293204174  1.756070044709377  2.299669299552933 
 1.980974271844663  1.482007864077669  1.579057188025887  1.967512362459545 
 1.077925317757011  0.235502161682243  2.004775620827763  3.071648865153531 
 1.179095098314605  0.890808946629210  2.208873455056183  2.295003651685394 
 2.094353170731706  1.230583588850172  4.165962717770038  2.105068501742166 
 0.012307572410359  0.074264486762450  0.794789424203189  1.129702878486060 
 2.402281891891888  1.039650854054054  3.345531891891898  3.556573243243245 
 1.552530085227271  0.557527491931817  2.285451079545447  4.047279261363639 
 0.352145814258795  0.091551421917085  1.550618592964825  1.457663944723615 
 1.399306989451478  1.189614367088607  3.210488818565400  2.495181645569620 
 0.964628496828752  0.128893303985200  2.635767653276953  2.348361839323463 
 2.003285333333332  0.374092051085714  2.922376571428571  2.280796571428573 
 1.517307978227061  0.345268539502333  2.188005287713842  1.427592399688957 
 1.312919991573034  0.341588883146068  3.791414044943821  2.467589325842698 
