 0.019677412102833  0.075632246944034  1.240208562783541  0.628851305597847 
 0.290384427927927  0.097080868310801  0.753604087837786  1.594393018017868 
 0.769213034187888 -0.031837765299138  1.680428632478507  2.196703632478566 
 1.758716746411444  1.063554928229676  2.681296172248885  1.847909090908767 
 0.187070585054329  0.088773338600542  1.201307826087002  1.451124728260873 
 1.216043367875626  0.099402330051829  3.457167357512992  1.872296891191853 
 0.690699512195141  0.062711583821142  1.206775914634131  1.475686178861772 
 0.394812463483171  0.093077260365160  1.757955337078761  0.671695961235947 
 0.587155718309926  0.142048054225360  2.594521126760377  1.273638556337878 
 2.748618518518445  0.790354148148139  2.424276296296331  2.900974814814778 
 0.559700831647918  0.162916526833333  2.111480337078610  1.823610674157278 
 2.152603030302947  1.471511212121229  1.699807878787843  4.462601515151414 
 1.989696067415795  1.128833033707898  0.967401044943706  3.290779775281128 
 1.408488333333298  0.228046407407442  3.536893518518651  3.783606481481420 
 2.525366666666603  2.246834567901252  3.919634567901249  2.361713580246838 
 1.543867862595413  1.025014198473296  3.890322900763420  3.514335114503847 
 1.060663350253802 -0.037941810659899  1.865211167512714  0.900777664974621 
 1.880222374429216  1.097333196347040  2.277168036529676  2.777260273972615 
 1.053142687927101  0.014306228701596  1.869134168564903  1.671233257403235 
 2.321364799999999  1.247285679999995  1.535869199999996  2.064874399999994 
 0.996244196078447 -0.013462154901960  1.923495686274478  3.072928235294088 
 0.812093999999984  0.684255870646744  2.862122388059698  1.822855223880594 
 1.992859894736835  1.064170526315781  4.430600000000003  1.857221684210544 
 0.213309194362743  0.074578229526960  1.487784681372561  1.107830085784311 
 2.519763571428584  1.018079785714291  3.767882857142878  2.917918571428580 
 1.070367741935470  0.282356237096770  2.233156451612899  4.035262903225838 
 0.372385075471698  0.101553830380262  1.597025834542808  1.710011901306227 
 1.720980252100849  1.137717184873950  3.281112605041993  2.582544537815139 
 0.702794593939390  0.028102839424241  2.659667878787867  2.279534545454547 
 2.169432160804013  0.417768977487436  3.165271356783937  2.099341708542720 
 1.812608125000005  0.041869269999999  2.374082499999982  1.389752312499995 
 1.536815304878048  0.440279306097560  3.998477439024413  2.521102439024379 
 1.868186746987959  1.058477518072296  4.793446987951800  3.344986746987952 
 2.253381081081082  1.741568783783780  4.268318918918929  4.200004054054038 
 2.489192187500001  1.694986484375000  2.739486718750003  2.366989062499998 
 0.894129613496934  0.465336210429448  3.438776687116551  2.825959509202489 
 1.528499999999998  0.184663811771429  1.169588228571429  1.402829828571436 
 2.076887962962958  0.290961983888890  1.788842407407410  3.686156481481484 
 0.015699726923077  0.076260585244282  1.077967650727655  1.071691787941793 
 0.577547664042000  0.116290626771654  1.062078950131227  0.897852624671916 
 1.366114062500001  1.437425312500000  1.583180468749990  2.645446093749985 
 0.847329658119655  0.091543953846153  0.677243639316237  2.076766666666665 
 2.403817968750001  2.008335937500002  3.075930468750000  3.507847656249985 
 1.564088888888888 -0.004919295454545  1.298554747474743  2.528967171717196 
 0.042517847777774  0.075035609222222  0.656759512222221  1.182851027777790 
 1.378450128205129  0.530092570512823  2.795641666666668  2.414939743589746 
 1.071177168141592  0.892795929203539  1.983429646017703  1.926743362831851 
 1.020104371428574  1.227600476190476  2.516730952380955  2.592495714285715 
 2.029135502958580  0.365392689940825  2.202270414201169  2.380739644970406 
 0.464444211367675  0.067862583055063  1.927441207815277  1.262089751332148 
-0.589389442934782  0.091986414940640  0.488391630842398  0.524771008152173 
 1.757714285714284  0.841250642857144  1.920238142857147  1.094009785714286 
 1.479076030534349  1.930746564885490  2.334701526717561  3.114520610687025 
 1.298720249999999  1.311486249999998  3.126345625000002  3.566455624999997 
-0.224299000000001  0.069481178199047  0.848871179976159  0.888704815256254 
 0.029548160249554  0.077111762370766  0.775516060606064  0.652267762566845 
 1.148884716981135  0.380819270440252  1.082017295597482  3.319752830188683 
 1.262683020134230  0.556941040268456  1.742484899328856  2.618609731543625 
 0.926612521568627  0.452614675294118  2.641944313725496  3.146207450980392 
 1.661697368421051  2.163388596491230  3.122260526315790  2.259567543859650 
 1.755648936170212  0.912013882978724  2.691224468085110  3.405358510638301 
 2.560271111111111  1.124358896296297  3.152023703703704  3.881797777777779 
 2.477461607142857  1.687809821428572  1.970599999999999  3.378023214285713 
 1.758934895833334  2.108470833333335  1.934200104166665  1.787139791666667 
 0.385556232505643  0.096527645282167  1.125871151241534  2.014213995485335 
 1.887008670520233  0.249279267052023  3.037213872832373  2.953259537572244 
 2.637345454545454  1.402081818181817  3.258704545454545  1.353038787878788 
 1.328702000000000  1.127940999999999  1.736526400000000  3.567996000000006 
 1.036574611872146 -0.192038940045662  2.595952054794527  1.681560273972602 
 1.389832397660819  0.460477694269005  3.238702339181287  1.229309643274854 
 0.745809397769517  0.191378590706320  1.267508884758365  2.631112267657994 
 1.381548498293517 -0.068382430238908  2.162558020477814  2.336831058020475 
-0.268405135355893  0.064899436709452  0.473006473745624  0.815206009334889 
 0.963023010752689  0.374338786827957  1.398015618279572  1.943966129032261 
 0.922223354444444  1.648251111111112  3.476842222222222  2.903052222222221 
 1.705417549019608  1.928714705882353  4.094778431372546  2.943574509803923 
 2.235083333333332  1.464620952380952  3.023571428571431  5.114966666666667 
 0.777880911680912  0.369171524005698  1.589501139601142  1.277804159544158 
 0.464091272976191  0.247807899206349  1.947976587301589  2.482213888888888 
 1.568330578512398  0.349188856611570  2.228907851239671  3.108933884297521 
 1.305390977198698  0.400649716612378  2.476917263843649  1.882642019543974 
 1.370797089552239  1.203131417910449  3.697743283582089  1.794871716417910 
 0.947998533724339  0.362492726275660  2.199956598240474  2.376285630498536 
 1.552250400000001  1.402695199999999  2.818419999999999  1.023393779999999 
 1.518729090909091  2.297984415584414  2.849699999999999  3.946233766233765 
 1.031016521739129  0.312496543478261  2.562189565217392  0.581395649565217 
 1.369398556701030  1.165444329896907  2.590264948453608  4.305238144329897 
 1.468862421052632  0.851742210526316  0.825915190526316  2.105532631578947 
 1.669045777777778  0.487421755555555  1.658378666666667  1.931107999999999 
 2.048246788990825  0.279216862385321  2.810521100917431  3.819943119266055 
-0.334857585118376  0.063903504317926  0.802401510710261  0.519602157835400 
-0.305592394846797  0.054993167005571  0.463183761838440  0.424992469916434 
 1.257063567251462 -0.198588247953216  2.927805263157893  2.785005847953218 
 1.022527063197027  0.464289900371747  2.244360966542751  1.306323197026023 
