 0.019464375172788  0.076143265361904  0.954595810892983  0.970060400331816 
-0.343545669167804  0.069753627428733  0.590067088703949  0.589128544938592 
 1.027841563474338  0.205278169042320  1.463466567928687  2.686768522642881 
 1.855571039861337  1.385667608318894  2.474978856152542  1.566359164644597 
 0.423547604609470  0.103188834818608  1.083500389073853  1.686961438326931 
 1.609068111254849  0.665190661500650  3.671430401034939  1.987050231565370 
 1.413087007299275  0.407908321678834  1.480469086678829  1.616669826642323 
 0.416436987264353  0.092915898304146  1.623256070381240  1.054531599999995 
 0.985837814070367  0.179630316281408  2.920428944723584  2.613290351758734 
 2.320376980567991  0.660237774439460  2.757513303437970  2.848374887892370 
 0.645712109216224  0.117700541207469  1.925400922083895  1.920345366528348 
 2.150759507874007  1.591663346456696  2.753364763779521  4.064553937007873 
 1.833820937972777  1.270465960665661  1.554036013767006  3.031326928895638 
 1.368630819148934  0.407548430094566  2.375875744680857  3.617752482269500 
 2.228195976744179  1.953136790697677  3.563483488372094  2.526411627906973 
 1.794398978805394  1.061187576107902  4.097196917148363  3.501645279383432 
 0.985058675207232  0.231529039133384  2.573148153730227  1.317773733760362 
 1.252324453030302  1.450433195592288  2.825908264462811  2.888742561983467 
 1.416859346210993  0.379575235245171  2.323120208023770  2.261895690936109 
