 0.061818120837019  0.077569416602855  1.186484336598325  0.696617483526427 
-0.112945316250891  0.069760378103347  0.600156218674254  0.968474262295036 
 0.622420907163600  0.130391816491035  1.517014517937154  2.199853923766778 
 1.744483783783753  1.231360154440164  2.757008494208556  1.254063119690859 
 0.339319077473165  0.086084610989271  0.879251040524468  1.751794040524439 
 1.254110321739119  0.479996163246386  3.386527826086978  1.533356257971094 
 1.070949576547245  0.060919751628668  1.648896433224735  1.596804283387606 
 0.200803185658924  0.078209749596896  1.495910368217088  1.089919990310074 
 0.742095129787273  0.225627438297877  2.597804255319037  1.196123002127570 
 2.102255213270122  0.999993815165875  2.283432701421812  2.817475355450228 
 0.604691980306109  0.114486261192857  2.099424897959156  1.786854489795903 
 2.390531609195370  1.485691896551732  2.104102586206883  4.071513218390765 
 1.774775113122196  1.197731447963815  1.198204583710363  3.384970588235389 
 1.764400201342269  0.455632345637596  3.224331879194676  3.677529194630851 
 2.056945751295310  2.164937823834203  3.875095854922286  2.620469948186496 
 1.169983327599999  1.371619600000008  3.470843600000030  3.465126400000020 
 0.592758645669291  0.090960821976378  1.894406561679796  0.908311897900264 
 1.205135605095536  1.289494394904461  2.180406369426748  3.015162420382163 
 1.416041704545447 -0.026543934015150  1.970004734848467  2.250768181818219 
 1.925393969849246  1.618612311557786  1.575633789447232  1.974940854271353 
 0.789219533437019  0.147137387962675  2.120784758942447  2.661329548989106 
 1.224866723602481  0.697554332298131  2.503055434782605  2.134619099378879 
 2.022338476190472  1.073200195238092  4.113579047619051  1.883165047619056 
 0.064204696542553  0.078605452054521  0.989465817819150  1.192824089095750 
 2.636876348547724  1.047049928630709  3.221624066390053  3.221848547717844 
 1.262474954545448  0.694262154090907  2.309322636363630  4.216496363636379 
 0.375471178426603  0.107064828087592  1.485844849959444  1.574401054339002 
 1.559828586666673  1.166338320000005  3.279903999999989  2.517544800000007 
 0.906257825938563  0.038878054163822  2.752796757679179  2.011683276450516 
 2.151884829721356  0.408020364458204  2.895374303405581  2.140316718266257 
 1.603084054054057  0.233374407189189  2.311037027027021  1.226783877567566 
 1.290350318032787  0.350690505245902  3.770973442622961  2.582423606557372 
 1.928820950000003  1.166441170000003  4.487875999999996  3.270885499999999 
 2.276451724137931  1.578135868965515  3.696458620689659  4.423260689655163 
 2.591138251366119  1.831626229508196  2.791951912568304  2.195283934426226 
 0.939240700495049  0.432529510396040  2.754306683168313  3.129368564356444 
 1.975865254237285  0.491802927118645  1.364079563559322  1.772859788135596 
 1.797590437158469  0.278447417377049  2.069806557377049  3.352253005464484 
-0.235221301096067  0.068415360490006  0.807541463571894  0.592084671695683 
 0.766943735144313  0.147979918234296  1.120452835314091  1.151516706281834 
 1.262867030927837  0.629366391752577  1.632722371134019  2.407523505154636 
 1.028049926650366  0.197363892909535  0.859773412224938  2.108067237163811 
 1.843257088607595  2.051576793248946  2.741681012658226  3.591726582278478 
 1.089676874680306  0.220267183631713  1.304435728900255  3.096685677749365 
-0.446712258724100  0.070960067091772  0.480453038876772  0.524743548200656 
 1.503976803874093  0.078617649878935  2.829765375302664  2.739346004842614 
 1.059196992481203  0.676200100250626  1.865705513784462  1.469177518796992 
 1.332631449197861  1.926823529411766  2.639587700534760  2.308049732620321 
