 0.006919827187457  0.074522763984385  1.240060874999875  0.626561360937775 
 0.233282871866295  0.084722626378818  0.730018036211635  1.632283565459426 
 0.944629401197399 -0.065060814251487  1.809762874251322  2.252622754490928 
 1.776998009950208  1.080593432835832  2.693288059701577  1.860359701492202 
 0.205676531974505  0.078504045108279  1.196722280254820  1.426623821656053 
 1.221378532608674  0.074643259239147  3.451528804347868  1.876679891304498 
 0.696228342105287  0.178460409710532  1.008231710526295  1.447945921052611 
 0.411456777439052  0.101990097835356  1.771969817073289  0.653453085975601 
 0.622446917968824  0.146398481640634  2.692850390624794  1.329839531249833 
 2.767031746031668  0.806284619047609  2.426883333333370  2.926037301587263 
 0.526691704585127  0.091562786307860  2.132134934497766  1.787584279475953 
 2.152603030302947  1.471511212121229  1.699807878787843  4.462601515151414 
 1.991108152173976  1.137712826086988  0.987069489130324  3.291155434782830 
 1.404709369369335  0.240521234234268  3.514771171171300  3.776503603603544 
 2.534301249999936  2.245396250000018  3.919045000000015  2.370918749999923 
 1.538909296874993  1.018240078125014  3.897241406250063  3.538892187500031 
 1.106409041916161 -0.027879945508982  1.895447904191644  0.869763652694613 
 1.890930316742075  1.095051131221727  2.253247511312213  2.774957013574673 
 1.046371306532657  0.045445775125630  1.898200502512546  1.614474371859348 
 2.310423770491802  1.287939836065570  1.530407786885241  2.052028688524585 
 1.005032184873967 -0.019143111344536  1.916093697478958  3.088409243697448 
 0.855263792452815  0.697396415094318  2.847835849056601  1.845303301886789 
 2.037667289719618  1.153582523364478  4.291046728971965  2.083404672897212 
 0.170104564116826  0.077562009977746  1.502467315716285  1.072922670375522 
 2.540457936507951  1.000843253968260  3.764084126984150  2.954512698412708 
 1.071920826446267  0.275673085950408  2.228388429752062  4.045423140495901 
 0.376774913169320  0.123324232607815  1.596003183791599  1.591041678726471 
 1.858050264550276  1.200711111111111  3.176028571428541  2.581237037037053 
 0.715485560371513  0.045387609938079  2.667709287925683  2.252654489164087 
 2.165563440860208  0.400655374301074  3.146415591397869  2.084014516129040 
 1.806812666666672  0.032502074666665  2.370481999999981  1.372770066666662 
 1.661080454545453  0.218315647272726  4.089492727272757  2.526385454545439 
 1.842893827160501  1.062963012345686  4.790224691358017  3.360846913580247 
 2.253381081081082  1.741568783783780  4.268318918918929  4.200004054054038 
 2.487117054263567  1.734561782945736  2.739527131782949  2.375921705426355 
 0.819468601449277  0.383329248550725  3.448703623188390  2.840300000000041 
 1.607171710526313  0.169512684605264  1.174173092105263  1.415822565789484 
 2.040883193277306  0.337273481176472  1.770946890756305  3.677583193277314 
 0.006343424597207  0.076333699897959  1.073429430719661  1.076314371643399 
 0.514635313351504  0.103471546049047  1.055137411444136  0.837583901907357 
 1.356974380165291  1.461152396694214  1.583965289256188  2.663836363636348 
 0.810131221719454  0.106533154751131  0.654542088687780  2.141902262443437 
 2.416126016260164  2.012705691056913  3.084644715447154  3.531670731707302 
 1.553482446808510 -0.003760226063829  1.275744308510634  2.534909574468111 
 0.060738454077250  0.075488704864091  0.655439397424892  1.185213218884131 
 1.399265665529012  0.527902634812288  2.781155631399319  2.438708191126283 
 1.168938645833334  0.935168749999999  2.045468750000006  1.971538020833326 
 1.014240961165051  1.237797378640777  2.520682038834954  2.593181067961166 
 2.134166025641026  0.338586132051278  2.104835897435882  2.371830128205119 
 0.472655872384940  0.102872042677825  2.029115062761506  1.214778263598326 
-0.589154016282224  0.092510727539092  0.488202225644512  0.525321590230663 
 1.787441481481479  0.821752888888890  1.955618074074078  1.111235333333333 
 1.508830144927534  1.954073913043473  2.399330434782612  3.048117391304350 
 1.302758220858895  1.302036932515336  3.133392024539879  3.550369325153371 
-0.222056507840772  0.069339498442703  0.846719264173700  0.896844704463205 
 0.012284522552448  0.075942323933566  0.774285944055947  0.649869606293706 
 1.134111895424839  0.391370947712419  1.087003464052285  3.331220261437912 
 1.333809922779924  0.564816791505791  1.722430888030885  2.709935907335909 
 0.936286843621398  0.463759079012346  2.654497119341570  3.178125102880658 
 1.629149999999999  2.167394117647061  3.227623529411764  2.142479411764707 
 1.764673369565217  0.925507880434784  2.664520652173917  3.409203260869568 
 2.562771969696969  1.118505689393940  3.162527272727273  3.884172727272728 
 2.473094594594594  1.705549549549551  1.989789189189189  3.386489189189188 
 1.746601648351648  2.122056043956046  1.929606703296702  1.776596923076924 
 0.352625884892086  0.103024781031175  1.115195731414867  1.965259712230224 
 1.922284337349400  0.248335362048193  3.038238554216871  2.957027710843362 
 2.651819696969697  1.382577424242423  3.263269696969697  1.376556818181818 
 1.274824055944057  1.184210279720278  1.773789230769231  3.582821678321684 
 1.081918341968911 -0.213045522642487  2.579470984455965  1.695717098445594 
 1.385536358024692  0.430880214320987  3.166402469135801  1.262928580246913 
 0.754964323943662  0.170068613732394  1.302580140845071  2.618289436619720 
 1.443379607843140 -0.052030733176470  2.214145882352939  2.337511764705877 
-0.265851555425905  0.064612013138857  0.472782681446908  0.819876021003501 
 0.979201648351650  0.494329706959707  1.402550952380957  2.052109523809528 
 0.928354196703297  1.642301098901099  3.471429670329670  2.868809890109889 
 1.698433557692308  1.935634615384616  4.066657692307690  2.949577884615387 
 2.235083333333332  1.464620952380952  3.023571428571431  5.114966666666667 
 0.653340431818180  0.065041812354546  1.518816363636367  1.193680272727274 
 0.484773085288889  0.213141751111111  2.048742666666667  2.548047999999999 
 1.584017117117118  0.317758722072072  2.261067567567568  3.120900450450449 
 1.371972534246577  0.394658160958904  2.470955821917809  1.894302397260274 
 1.323880512820513  1.019854358974361  3.661177777777779  1.791444444444444 
 1.024788586206897  0.389675447103448  2.258690344827592  2.497973448275865 
 1.558565050505051  1.383575252525252  2.807079797979797  1.024250282828282 
 1.509828846153846  2.294733333333332  2.851962820512820  3.940728205128204 
 1.034718053097344  0.311556446902655  2.586665486725665  0.588782209734513 
 1.372602708333333  1.162387500000000  2.597904166666666  4.305058333333334 
 1.502307727272728  0.850181590909091  0.812779126136364  2.116597727272726 
 1.630024423963134  0.478506018433180  1.657135023041474  1.938361751152073 
 2.050555660377358  0.277814273584905  2.806189622641510  3.828223584905660 
-0.338141106334842  0.063673688382353  0.801171730769232  0.521841622171946 
-0.305887608725762  0.055141541426593  0.463015458448754  0.426402096121884 
 1.229483154761904 -0.197065419047619  2.908958928571426  2.795717261904764 
 1.001058780487806  0.473254296747967  2.278813414634147  1.312749105691058 
 0.964750145631067  0.580302038834951  1.568140291262135  1.305122087378641 
 0.894283180327870 -0.020606727967213  1.351714852459015  1.810691147540985 
 0.485932355769231  0.095515112019231  1.613242548076923  2.086048798076924 
 1.604651388888888  1.175225833333333  4.229227777777780  1.024086916666667 
 1.425061828571428  0.818739085714286  3.555138285714284  2.596654857142856 
 0.801465390070922  0.402578248226950  2.000851063829787  2.026756737588653 
