-0.171033598139302  0.070838639936208  0.866253333333291  0.649670693142038 
-0.406717128933389  0.069922931212222  0.503385524846742  0.564643413731074 
 0.939178321951109  0.209720527430901  1.012140298536491  2.448586341463361 
 1.676321261538437  1.246909538461545  2.752057230769278  1.304989470769022 
 0.360490195258244  0.090454111253174  0.946526583403922  1.692694072819647 
 1.012824636524815  0.298895701152488  3.046119858156045  1.428668601063880 
 1.031259706546282  0.233745284029348  1.318638340857776  1.472187110609469 
 0.175714803811258  0.082320528196610  1.305469866908672  0.867809038112522 
 0.679352324562954  0.104167960708044  2.158670804195759  1.628274475524436 
 2.117683789473660  0.786788913684207  2.164069052631593  2.941995789473671 
 0.622564691905928  0.111139865312707  1.681982920792054  2.136711716171612 
 2.270865660377339  1.910643471698119  2.422554452830180  3.814450566037710 
 1.588313482428130  1.002874236421734  1.191257261980800  3.390628434504857 
 1.330869425493708  0.255761321903058  2.970114901256753  3.274399640933562 
 1.968737813765162  2.188618218623486  3.669119433198384  2.574735222672041 
 1.240768074639768  1.423836599423635  3.305796541786767  3.538284438040360 
 0.627210892045454  0.126721604029546  1.961741818181826  0.903725791136362 
 1.367791767554477  1.584801840193708  2.239819128329298  2.853692978208231 
 1.583465448504974  0.075045668338872  1.723652524916931  2.313754817275775 
 1.927317254901964  1.302494803921567  1.441739448039212  1.915407581699344 
 0.985752494722958  0.252066020976253  1.970324406332445  2.944686147757249 
 1.146491136363635  0.678400975935823  2.098680347593584  2.076036096256685 
 1.926243745583038  1.090631590106004  4.001946996466435  1.868555473498239 
 0.011143534874372  0.073856599054774  0.794315823517590  1.120879914572869 
 2.458333806818184  0.879982484943183  3.227658238636372  3.242536079545455 
 1.506544487179485  0.496829424769230  2.153928153846147  3.872935641025646 
 0.320783744776120  0.090646084447761  1.497065982587062  1.425778731343281 
 1.273101665346539  1.043247267326734  3.036743168316829  2.451367128712873 
 0.908497167785233  0.086697591017896  2.602641610738252  2.300871364653242 
 1.883516094032548  0.333009407811934  2.837549367088609  2.176803616636534 
 1.527561596958176  0.275407597832699  2.152172053231938  1.271927195247146 
 1.359990976063830  0.370536881382979  3.790003191489363  2.549723670212765 
 2.009622367346940  1.318509730612246  4.434017551020405  3.437077959183674 
 2.048041871657754  1.204480962566844  3.207531550802140  4.549831550802137 
 2.439313186813189  1.634817069597070  2.716243956043955  2.251519267399266 
