 0.103600131900231  0.078686163324942  1.068733503562926  1.038664306413346 
-0.313127759560030  0.069901030242524  0.616166794547151  0.624398754317797 
 1.316184298486891  0.400779870660252  1.611158125859656  3.049923177441515 
 1.233790002605862  0.404609862065148  2.845422019543971  1.558733851921776 
 0.551876872050142  0.119992728303834  1.176834064011814  1.826680051622416 
 1.947719117021274  1.092985572127662  3.646119361702138  2.116016808510650 
 1.596388843700161  0.486355640159491  1.683562488915469  1.734428580542255 
 0.584316445629576  0.119419664342702  1.849749865229116  1.181880133307654 
 1.334011944943148  0.353656051346500  2.949968043087962  2.905326451226799 
 1.990348196544266  1.174321956868249  2.417533628509716  3.867652483801294 
 0.811675055569571  0.157060196651343  2.097744833197706  2.181841903986991 
 1.867690947757574  1.481184521212120  3.818223878787878  3.472545696969695 
 1.827147914485165  1.544075305410125  2.314491003490394  2.480897809773124 
