-0.066402624141646  0.072819146077257  1.020305209227426  0.688513484442154 
-0.372706697436731  0.070136981720735  0.546924467650868  0.581418449772855 
 1.008991250632825  0.229039658822790  1.063290895696128  2.417436202531606 
 1.731324662162145  1.036636180180185  2.732675000000036  1.300324107432279 
 0.377255780886272  0.093618505168178  1.112570964228527  1.644447784303256 
 1.458417499999998  0.269924114256763  3.285797972972986  1.845800219594643 
 1.215827115613831  0.315294252574496  1.431329106078654  1.384392800953502 
 0.310456765959708  0.088130830387061  1.501672486744447  0.983321448674443 
 0.832875040778517  0.131029707988880  2.568339666357695  2.101008711770116 
 2.185040364188141  0.734760234142637  2.471418816388477  2.721625644916537 
 0.668182814083321  0.127475204893182  1.731281060606038  2.166321893939387 
 2.297694984326004  1.773345360501573  2.516104231974915  4.068460815047000 
 1.647837183406124  0.866606179039307  1.390409482532729  3.357244541484758 
 1.251958237693381  0.247295937130807  3.159910548523226  3.031754852320667 
 2.178546937172769  2.049488743455500  3.056939790575919  2.372686020942397 
 1.764891676646706  1.442390191616768  4.232725149700617  3.599762574850316 
 0.927969995163239  0.216611100157195  2.472306045949228  1.103955638452235 
 1.283133330023092  1.620404965357971  2.708348729792149  3.359779907621245 
 1.588971271393635  0.146297816063571  1.992709400977988  2.050649511002464 
 1.925678211382117  1.474157777777776  1.541809704878047  2.150185989159893 
 1.085471653014789  0.212317239249147  2.040258134243455  2.978115358361769 
 1.161731563186813  0.896118516483514  2.267369505494508  2.247646840659339 
 1.995111101190477  1.120640571130951  4.183493452380952  2.117461488095240 
 0.025784490445269  0.075091102420686  0.805313781910947  1.137578525046386 
 2.435133055555553  0.915981918611111  3.365024444444447  3.442731388888893 
 1.509190684931506  0.530103396484017  2.456045205479451  3.969071689497718 
 0.558640211558785  0.104150334406869  1.883444187582560  1.504385601056800 
 1.414863195694718  1.105933581213308  3.339841682974558  2.503522700587082 
