 0.008451334456313  0.074937819218999  1.239244042878898  0.629766065850193 
 0.233549400544959  0.085805225803803  0.733425980926368  1.636866757493007 
 0.848389973474619 -0.011764665941636  1.740301591511781  2.251994960212122 
 1.770746568627411  1.073319068627462  2.687456862745181  1.847447549019277 
 0.215644153324624  0.078629118657104  1.200921551499391  1.451397392438073 
 1.219183212435212  0.101985905181363  3.456985492228018  1.874816580311024 
 0.702648934426255  0.175582321557383  0.997130519125661  1.445569262295061 
 0.419417259818758  0.105508918700897  1.767684894259936  0.654657106344403 
 0.619156298804857  0.149553391633475  2.696269322708953  1.322009641434092 
 2.762965354330631  0.806211354330698  2.430340157480352  2.924454330708623 
 0.590148781854815  0.174631437699597  2.146301411290275  1.824759072580617 
 2.152603030302947  1.471511212121229  1.699807878787843  4.462601515151414 
 1.995459444444508  1.128310444444477  0.973628811110998  3.290561111111338 
 1.410918130841086  0.229496635514053  3.542444859813218  3.785332710280312 
 2.525366666666603  2.246834567901252  3.919634567901249  2.361713580246838 
 1.543867862595413  1.025014198473296  3.890322900763420  3.514335114503847 
 1.086304043715842 -0.033828919672131  1.870824043715872  0.891253114754101 
 1.883686147186141  1.082620129870137  2.282186580086577  2.766493506493518 
 1.043251906976738  0.049320521627909  1.891429767441845  1.646281395348885 
 2.313569105691056  1.284258536585362  1.534240243902435  2.060429268292677 
 0.999868816326547 -0.019720589795917  1.928327346938743  3.079612653061194 
 0.855400165048528  0.694468640776677  2.852069902912619  1.837633009708735 
 1.992859894736835  1.064170526315781  4.430600000000003  1.857221684210544 
 0.165474446814402  0.076093049548476  1.508238227146827  1.079099085872576 
 2.519763571428584  1.018079785714291  3.767882857142878  2.917918571428580 
 1.069869672131134  0.277427322950815  2.229640983606553  4.042031967213148 
 0.376332890850723  0.134372756070627  1.597799678972705  1.605857784911704 
 1.723464853556494  1.136672050209205  3.280003347280311  2.583612552301268 
 0.706108197014922  0.034659477641789  2.662905373134317  2.267998507462687 
 2.169493939393933  0.415208669292929  3.166633838383856  2.098883838383845 
 1.806960389610395  0.030909942857141  2.376220779220761  1.380870844155839 
 1.536815304878048  0.440279306097560  3.998477439024413  2.521102439024379 
 1.868186746987959  1.058477518072296  4.793446987951800  3.344986746987952 
 2.253381081081082  1.741568783783780  4.268318918918929  4.200004054054038 
 2.489370634920636  1.693726746031746  2.747793650793654  2.369653174603173 
 0.892214981481483  0.467221495679012  3.440012345678999  2.825749382716084 
 1.595084313725487  0.160115830457517  1.177024901960784  1.416644640522886 
 2.077777064220178  0.289133424403671  1.787123669724773  3.679261467889911 
 0.011347810587002  0.076702678516771  1.078449737945496  1.088012672955980 
 0.517248360215059  0.098382922043011  1.063564408602144  0.848746134408602 
 1.360659523809525  1.449265317460317  1.581749206349196  2.633876984126969 
 0.807045227272725  0.104822709999999  0.654474189090906  2.142539545454544 
 2.403412598425198  2.006257480314963  3.080855118110236  3.511661417322820 
 1.549177720207253 -0.001416163212435  1.287051398963727  2.530276683937849 
 0.061322200852269  0.075300595880682  0.656973734090908  1.184993806818193 
 1.386427672131149  0.523688236065576  2.800622622950821  2.427500000000002 
 1.096714513274335  0.867201504424778  2.038049557522128  1.972107964601763 
 1.016134067961168  1.234918640776699  2.520496601941750  2.595761165048544 
 2.123228125000001  0.336179122499996  2.116582499999985  2.368911874999991 
 0.468457312500002  0.099134196572581  2.031691733870968  1.230841370967742 
-0.589154016282224  0.092510727539092  0.488202225644512  0.525321590230663 
 1.789196323529409  0.822436985294118  1.949606176470592  1.112723308823529 
 1.479076030534349  1.930746564885490  2.334701526717561  3.114520610687025 
 1.298720249999999  1.311486249999998  3.126345625000002  3.566455624999997 
-0.219718441666667  0.069230612153572  0.848181011904759  0.896743154761901 
 0.018238791052632  0.076824167701754  0.775772473684214  0.650785868070175 
 1.149935408805034  0.382495874213837  1.097421635220123  3.324848427672960 
 1.315245708955226  0.570530369402985  1.737860074626862  2.689405597014928 
 0.932950167968749  0.451383297656250  2.644911328125005  3.159028906250000 
 1.661697368421051  2.163388596491230  3.122260526315790  2.259567543859650 
 1.753800543478260  0.917853586956523  2.687645652173917  3.408900543478265 
 2.560271111111111  1.124358896296297  3.152023703703704  3.881797777777779 
 2.475319642857142  1.707113392857144  1.978939285714285  3.368358928571427 
 1.740563978494624  2.119309677419356  1.935919462365590  1.786503440860216 
 0.370433802784222  0.109640094408353  1.145133178654291  1.999874245939683 
 1.907008235294120  0.256860195294118  3.046426470588238  2.959202941176460 
 2.637345454545454  1.402081818181817  3.258704545454545  1.353038787878788 
 1.331275273972603  1.136198287671232  1.738056575342466  3.580198630136992 
 1.066540788177339 -0.195310708719212  2.587287192118234  1.680958128078816 
 1.409699024390245  0.462753169024390  3.246287195121952  1.227714932926829 
 0.741786974545455  0.192099272363636  1.290360363636364  2.624764727272729 
 1.396314666666669 -0.074270285824561  2.164499298245612  2.330927017543855 
-0.265851555425905  0.064612013138857  0.472782681446908  0.819876021003501 
 0.960519545454547  0.456657883116883  1.427069025974030  2.016077597402602 
 0.922223354444444  1.648251111111112  3.476842222222222  2.903052222222221 
 1.705417549019608  1.928714705882353  4.094778431372546  2.943574509803923 
 2.235083333333332  1.464620952380952  3.023571428571431  5.114966666666667 
 0.622817118644066  0.080685551347458  1.515288983050850  1.224268326271187 
 0.484064214487180  0.265972303418803  1.988382905982908  2.514009829059829 
 1.575447844827587  0.333869527155173  2.256274137931035  3.119699568965517 
 1.372970134680136  0.401032973063973  2.464595622895625  1.901359932659933 
 1.370797089552239  1.203131417910449  3.697743283582089  1.794871716417910 
 0.987787098765432  0.377575492777777  2.211831790123460  2.410509876543215 
 1.552250400000001  1.402695199999999  2.818419999999999  1.023393779999999 
 1.518729090909091  2.297984415584414  2.849699999999999  3.946233766233765 
 1.031943893805308  0.304383792035399  2.578302654867258  0.588407076991150 
 1.369398556701030  1.165444329896907  2.590264948453608  4.305238144329897 
 1.497658666666667  0.845934555555556  0.820761256666667  2.114643333333333 
 1.635342009132420  0.483572538812785  1.659584931506849  1.934231050228310 
 2.048865420560747  0.279124607476635  2.810725233644860  3.825648598130841 
-0.337166832772166  0.063998812828283  0.800737676767678  0.522602832772166 
-0.305887608725762  0.055141541426593  0.463015458448754  0.426402096121884 
 1.251259137931034 -0.192235157471264  2.931168390804596  2.782512068965519 
 1.010926600000001  0.467273644800000  2.280030800000001  1.306883920000001 
 0.963969405940593  0.579907079207921  1.564195049504950  1.293490148514852 
 0.877400537634410 -0.047714111218638  1.335174659498207  1.805755197132617 
 0.431805185000000  0.041536469205882  1.717315882352941  2.000378529411765 
