 0.238836854216391  0.088535257569166  1.147201671884154  1.248503155938209 
-0.263120664027540  0.070241743329567  0.673341825989667  0.662243508739711 
 1.842112376490585  1.205184813509372  1.873046264991431  3.410849148211216 
 1.124017579150576  0.256961527168598  2.757895023595015  1.924098000857970 
 0.907245639446072  0.191500969703692  1.506162955334121  2.257409320046891 
 1.830421636225264  1.202875280517505  3.659450000000006  2.338365242770180 
 1.858138512336719  1.117567302902757  2.174761697387524  1.927102822931779 
 0.730023397248303  0.152669239059889  1.935602706377471  1.285088187083198 
 1.308007284161487  0.338699419772256  2.585487318840588  3.094300776397507 
 1.924164366537341  1.385961753637246  3.465347623666341  3.735142386032978 
