 0.209838245639953  0.085249080582520  1.102403263267413  1.242220403746138 
-0.270788570758622  0.070263563250307  0.669004087310339  0.651786698955655 
 1.802167682724207  1.010085287591366  1.862518881229183  3.503464950166088 
 1.110934514056224  0.256843217072291  2.631421847389549  1.777228526385512 
 0.924751298276465  0.197972314181685  1.503047819655881  2.254191017789443 
 1.785459175340273  1.026587746293038  3.719816893514816  2.266814907125714 
 1.876920640569395  1.271923489252667  2.233665829964416  2.075686355871877 
 0.662476746146675  0.144406729542573  1.823067846488504  1.266819760472342 
 1.267363484592442  0.329453696968190  2.679475844930424  2.994513717693827 
 1.943242039407538  1.494593622980251  3.429302782764810  3.647775314183121 
