 0.048417145454509  0.078703298801063  1.235251330698182  0.622731441370457 
 0.165506898671096  0.077025780016604  0.677270275747470  1.390391860465005 
 0.738290557620690  0.003036388308557  1.565355018587252  2.219336802973919 
 1.622285474137897  1.193612198275871  2.714559913793176  1.620182672413501 
 0.269541271040709  0.089936925339365  1.151154185520399  1.480042081447964 
 1.195250646586331  0.205773877108446  3.426139759036173  1.773151004016176 
 0.815403452991471  0.101388318745303  1.367903162393148  1.420410085470073 
 0.434300596707837  0.103044573292175  1.812601646090615  0.801489955144028 
 0.771576818181880  0.264907486688319  2.622666233766060  1.020493912337527 
 2.655874698795120  0.757368903614450  2.425078313253039  2.842038554216837 
 0.539889785083777  0.162891659216015  2.070777094972021  2.118534078212264 
 2.079011926605455  1.468617889908268  2.143653669724749  4.620478899082508 
 1.938736915887904  1.163207757009374  0.926863243925138  3.285557943925425 
 1.536512769230741  0.263729184615413  3.559869230769340  3.766404615384566 
 2.536108433734878  2.217442168674716  3.940120481927726  2.365368674698720 
 1.325660634920631  1.189180582010592  3.698015343915385  3.272921164021186 
 1.061872075471694  0.060150684528302  1.915116226415112  0.899193577358492 
 1.784857049180322  0.973646688524594  2.214996065573767  2.824515081967223 
 1.081452601941740  0.032284912815535  1.970290873786391  1.773127572815575 
 2.312028225806453  1.225028064516124  1.436646508064512  2.015280645161284 
 0.821410568452393  0.084792057440477  1.978279166666643  2.973115178571410 
 0.905398249258151  0.607302255192865  2.630537982195845  1.800251632047476 
 1.806678550724631  1.163228985507240  4.256965217391309  1.835186666666680 
 0.218067688192266  0.080008083180773  1.497334691745046  1.143572789968651 
 2.468210429447864  0.959208127607366  3.755966871165662  2.917152760736203 
 1.142058613138674  0.291093141605835  2.371138686131382  4.127509489051126 
 0.383427117958657  0.110279141255815  1.587474806201544  1.712636821705414 
 1.612803333333340  1.134731347517732  3.292837588652461  2.485758156028378 
 0.810071852040812  0.060516812933672  2.675859693877544  2.386740051020408 
 2.157370506912436  0.429634454009216  3.149604147465453  2.098291244239637 
 1.595202641509437  0.114182442377358  2.519922264150933  1.419759698113205 
 1.488251420454544  0.418196813636363  4.001302272727294  2.505793749999991 
 1.954428301886797  1.148179660377364  4.717802830188675  3.387385849056603 
 2.099785714285714  1.549106623376619  3.976496103896114  4.562922077922058 
 2.424892546583851  1.688011614906832  2.749821118012424  2.423258385093167 
 0.883182935000001  0.440804325000000  3.320402499999987  2.817276000000028 
 1.681487053571427  0.293471357410715  1.325585133928572  1.536204553571434 
 1.892253658536583  0.247545484195123  1.973511609756099  3.527883414634153 
-0.009810201962457  0.074260282589590  1.051666109215021  1.070262124573381 
 0.570360714285719  0.126941845523810  1.050841761904756  0.896009428571429 
 1.378631127450981  1.098856176470588  1.464940784313719  2.454309313725478 
 0.975426515837101  0.210770893212669  0.633434405429862  1.862488687782802 
 2.330005555555554  2.086386111111114  3.011200694444444  3.674477777777765 
 1.540865934065933  0.074705896117216  1.373723516483515  2.540789010989028 
-0.089852444016652  0.070214299374610  0.628492339021852  0.968487190426645 
 1.413244932249325  0.531308346883470  2.707704336043363  2.264767479674799 
 1.023498491803280  0.660031967213115  1.885594098360660  1.518077639344257 
 1.018408351239671  1.249233471074380  2.508797107438018  2.553242561983470 
 1.866974906367042  0.484999892883893  2.096870786516844  2.101494756554303 
 0.519965639016899  0.113422526528418  2.053267434715824  1.426981413210447 
-0.557095382955772  0.089023494498383  0.527147738942832  0.472644872707659 
 1.751579473684209  0.833104210526317  2.045785526315793  0.988655313815791 
 1.493424183006535  1.913345751633982  2.238841830065362  3.133871241830067 
 1.285524969696971  1.219832242424241  2.879409090909094  3.902176363636361 
-0.257218025830259  0.072083906088561  0.859918321033209  0.715624049815497 
-0.207695956521739  0.061157463670077  0.673979718670077  0.414178588491048 
 1.189753815028903  0.356571855491330  1.198909595375721  3.346570520231215 
 1.071781459227469  0.477448555793992  1.993742918454935  2.448247854077257 
 1.112273761467888  0.455494465443426  2.565876758409787  3.164701834862387 
 1.530733676470588  2.087052205882354  3.242908823529412  2.266797794117647 
 1.885518503937008  0.713164629921260  2.786266141732288  3.406162992125986 
 2.574285915492957  1.066398950704226  3.163166901408451  3.872754225352115 
 2.493629411764707  1.589454453781513  1.949909243697479  3.401436134453781 
 1.764547168141593  2.062730088495578  1.952287699115043  1.818043539823010 
 0.397083187499999  0.090002223568548  0.991122076612904  1.990662500000004 
 1.622251844262296 -0.000036481147541  3.006531967213115  2.843508606557375 
 2.606003947368421  1.423973815789473  3.240575000000001  1.351976973684210 
 1.318616339869282  1.140271503267973  1.714894901960784  3.634926143790854 
 0.813316713815789 -0.099836417105263  2.617570394736846  1.702750328947368 
 1.423321068702290  0.799730068854962  3.365543511450381  1.048560687022901 
 0.774081852713178  0.216720006589147  1.127420503875970  2.652841085271318 
 1.461531543624161 -0.104013694630872  2.204171140939595  2.452345302013421 
-0.329186171924290  0.054309563644911  0.426521225341746  0.690303648790746 
 0.997939972067040  0.444555775698324  1.410934720670393  1.968471229050282 
 1.090778594047619  2.044288095238096  3.174272619047619  3.575155952380953 
 1.807978207547170  1.994023584905661  4.037040566037736  3.126979245283018 
 2.077361926605455  1.464967889908268  2.140293669724749  4.626078899082509 
