 0.027491652688158  0.078592911682031  1.138664956477175  0.754316851510587 
-0.357688656406481  0.069673415389192  0.577370747952865  0.579108635110440 
 0.957080483805599  0.216865532763162  1.126419106882531  2.380960425101183 
 1.684581435643553  0.806218042937298  2.855469471947222  1.332310491254014 
 0.368578559075252  0.093011019272011  1.124976377766863  1.619690654205607 
 1.481193625869260  0.484367113936027  3.575026008344933  2.403241446453449 
 1.196516357894742  0.302646428431581  1.485278073684202  1.376892705263144 
 0.391933475312504  0.088489661813540  1.638609010416681  1.087191917812498 
 0.986027388405814  0.087162293439615  2.741492367149711  2.216935942028941 
 2.156191336270169  0.673526216387662  2.464410866372987  2.747803524229069 
 0.618403886414984  0.117500179309614  1.866794079304708  1.926015317762077 
 2.163872727272713  1.622999272727279  2.537671298701294  4.154884935064925 
 1.603594203152374  0.729118885639234  1.553004173380017  3.533744133099855 
 1.326699713896453  0.393708245504092  2.895866212534073  3.526655858310621 
 2.223135085995078  1.942519484029487  2.987829975429979  2.362705061425051 
 1.800322827988338  1.468727504373180  4.251981924198263  3.526430903790104 
 0.845219764867336  0.201745996642269  2.451348581884729  1.253438553522414 
 1.309709487396692  1.653211818181819  2.827470041322313  3.204176859504131 
 1.563539441340776  0.210882542837990  1.990923005586585  2.067897430167613 
 1.877160493273546  1.429024260089684  1.543621885874439  2.239967017937219 
 0.980344870221327  0.210288660623743  1.991493360160960  2.848439336016092 
 1.134581144645342  0.989646495132124  2.489347705146042  2.277299443671769 
 1.915466838709677  1.362746129032257  4.091340645161288  1.965051580645162 
 0.005537458804297  0.073588492166744  0.781126386641756  1.118617977580573 
 2.466398882681561  0.943656650000000  3.398721229050280  3.394222067039110 
