 0.011868107211729  0.076419718270443  1.089388331236863  0.824947293081836 
-0.373669199186992  0.070007543780912  0.580628482373976  0.548869357138193 
 0.948354881553331  0.217674251815538  1.146503706407710  2.395064563106767 
 1.669757025316444  0.824596487373422  2.837877689873443  1.335845407753058 
 0.347031066915185  0.092170390438023  1.095124783783799  1.593364911463188 
 1.496223488045004  0.485872074430384  3.580179887482428  2.412887060478242 
 1.193217424083776  0.305333137497384  1.473060157068055  1.385903277486897 
 0.370902340515468  0.086027672810308  1.606487871134033  1.061529124845358 
 0.985222027726448  0.103701508327173  2.757857670979622  2.138446395563727 
 2.257926569343044  0.648642338773720  2.661292992700733  2.888306715328460 
 0.609473112647521  0.118891206756513  1.849803402445491  1.910160074428487 
 2.251836036036025  1.560055000000005  2.673651869369364  4.087790090090083 
 1.602749696969705  0.721054709932664  1.572969466329948  3.559010606060634 
 1.295990909476657  0.385693394908067  2.920205091937778  3.520991654879769 
 2.237932121212113  1.909659277389280  3.020237995337999  2.383199440559430 
 1.970330423728814  1.320614777542375  4.103216101694920  3.513029025423740 
 0.825797763345193  0.190068598514235  2.394361032028478  1.223454954626331 
 1.306302262628334  1.666715708418892  2.802741478439425  3.221114579055442 
 1.597203482045696  0.221375068922743  1.996283884657228  2.097490750816120 
 1.906772288659796  1.405875958762884  1.574612517731959  2.289454969072165 
 0.985728692456479  0.200032791547389  2.032191102514502  2.822742553191483 
 1.177553737467019  0.985885686015828  2.488716490765178  2.324915303430080 
 1.894064867549669  1.369951854304635  4.129024172185431  1.972138708609272 
-0.047790864095128  0.071371055637471  0.656675939559165  1.064779309744780 
