 0.230261957693840  0.087396638816149  1.132486805555537  1.252423984812188 
-0.264381741647422  0.070302692430775  0.672741508487292  0.659406119553493 
 1.807292152777732  1.119599212031253  1.818013025260363  3.428493836805528 
 1.095391859342485  0.250250435384937  2.695778485226789  1.877277877652903 
 0.914773583831339  0.196325671324481  1.511666721213895  2.263434636708491 
 1.786595841194967  1.076453512421386  3.708504245283025  2.310173301100641 
 1.867668903133902  1.181480952564101  2.227778710113964  1.960161025641018 
 0.711341893511945  0.149969811057456  1.888621087798581  1.267843586152356 
 1.322676259278347  0.337321069484535  2.642253505154650  3.083011443298961 
 1.957061712126695  1.492232720361991  3.408130588235291  3.667178914027148 
