-0.157954093573682  0.070964049213692  0.885659002089823  0.657707628944709 
-0.402286195600477  0.069935855321564  0.508752603765350  0.565216830519198 
 0.949515497688647  0.218579977919883  1.024226461633192  2.445510015408269 
 1.742920537313410  1.255951134328363  2.845978507462734  1.302389921492334 
 0.370520637187490  0.092154577570311  0.973893390625025  1.687876875000002 
 1.068210870689649  0.328221798017247  3.073656724137946  1.431154363793153 
 1.078379403314924  0.266899809513815  1.342248972375678  1.483289370165734 
 0.202573878944321  0.083176129022040  1.325291374709994  0.894411381670532 
 0.683027793739146  0.113413481260871  2.210750956521695  1.657555565217352 
 2.196703197158060  0.950904969804615  2.260502309058624  2.953860923623438 
 0.658507096836015  0.127873459629716  1.726110700538853  2.176989376443415 
 2.288936594202882  1.841338405797109  2.568335615942022  4.111147826086928 
 1.600880617977541  1.053540365168548  1.254764643258400  3.347930337078707 
 1.314298708551475  0.353756209598610  3.049629493891819  3.339469458987771 
 2.188767787878780  2.089498181818185  3.131029696969699  2.414019272727258 
 1.758141601307189  1.430980209150330  4.277891176470606  3.574304901960800 
 0.667608922626025  0.130945398529895  2.000116060961321  0.900323999062133 
 1.263549379586560  1.679044263565895  2.705231524547807  3.363527390180876 
 1.589133531157261  0.133106158367954  1.753399851632036  2.297335905044537 
 1.980974271844663  1.482007864077669  1.579057188025887  1.967512362459545 
 1.074851392523366  0.228219050867824  1.983798184245654  3.063532042723624 
 1.175824676966290  0.890668426966289  2.210275561797756  2.299851966292135 
 2.098554510489509  1.230765699300697  4.165996853146857  2.106470839160845 
 0.012122630753869  0.074169043144783  0.794829407788319  1.128182211682481 
 2.403242307692304  0.996431527472528  3.355479945054952  3.525899175824179 
 1.550600254237287  0.559984370508473  2.283494858757054  4.046752542372884 
 0.347389468407804  0.090431459151668  1.543421774701070  1.451002643171803 
 1.402079482180295  1.187561572327043  3.210694339622640  2.493232285115303 
 0.962047999999999  0.128992944110878  2.633367050209203  2.345927928870288 
 1.990963396226414  0.367005371358490  2.908270188679243  2.255187169811322 
 1.511906954474098  0.347945272998430  2.164690109890111  1.413249769230769 
 1.310987393854748  0.345687436871509  3.792295810055867  2.464849720670392 
