 0.025716060181546  0.078629679922188  1.191284098573179  0.629040523995041 
 0.169384276740237  0.077937963446512  0.671481334465156  1.389386587436219 
 0.772895618860376 -0.017755290943019  1.561786640471399  2.165166994106025 
 1.652511513761431  1.195475917431202  2.716465137614756  1.641640275229046 
 0.246756744920424  0.091386502570378  1.140217294981680  1.484861199510406 
 1.225047410714269  0.160294079464299  3.427092857142890  1.762949553571552 
 0.796695918803440  0.045174151153851  1.249547200854683  1.436986303418787 
 0.356576605990804  0.085070622958518  1.730813824884882  0.715542438248842 
 0.771905071942515  0.290579376618713  2.655724820143694  1.036624262589778 
 2.684680921052566  0.792918105263149  2.456752631578976  2.855342105263125 
 0.558346864952358  0.164690158245714  2.058779809523768  1.844105714285688 
 1.984509677419296  1.459105268817217  1.860878709677394  4.455625806451541 
 1.927217961165104  1.163502718446631  0.934771816504755  3.245866019417674 
 1.530003622047215  0.256948850393730  3.568595275590663  3.781733858267665 
 2.519795294117587  2.226405882352958  3.943163529411779  2.365514117646986 
 1.357968418079092  1.152983728813569  3.695320338983094  3.312780790960475 
 1.067722587719294  0.029644914035088  1.974423245614056  0.798585692982458 
 1.852754918032780  1.108628729508202  2.263111885245897  2.816348360655749 
 1.089214485125851  0.001079849885585  1.896121739130417  1.686429519450849 
 2.313183846153847  1.210117923076918  1.455264361538458  2.031476153846147 
 0.995046072874510 -0.033919593117408  1.943049797570817  3.098481376518188 
 0.768247659793797  0.693468298969049  2.858312371134019  1.830250515463915 
 2.000241999999992  1.047338421052623  4.417088421052635  1.852543789473702 
 0.223256863597429  0.080968173094218  1.480357708779453  1.155110289079227 
 2.488997333333345  0.969517698666671  3.727273333333353  2.938621333333340 
 1.195389776119390  0.312378905970145  2.333091791044771  4.154058955223909 
 0.369162240215925  0.103804978045885  1.560701754385957  1.711079757085008 
 1.700465863453823  1.140863734939759  3.254322489959817  2.571505220883546 
 0.814602092857139 -0.006800061428573  2.801553571428560  2.380050714285717 
 2.158337142857136  0.430438745333333  3.155266666666683  2.092077619047625 
 1.722335882352946 -0.008516375294119  2.455497058823513  1.402066470588230 
 1.517960222222221  0.460362884444444  3.987637222222242  2.496077222222213 
 1.913802173913050  1.098463630434789  4.747527173913038  3.320522826086956 
 2.226321951219513  1.649535609756094  4.242285365853666  4.200268292682908 
 2.461132624113476  1.703606879432624  2.742812765957448  2.374643971631205 
 0.897420956756758  0.453646428648649  3.385691351351339  2.783017837837868 
 1.664521266968325  0.328123932398190  1.324072850678733  1.520005972850684 
 2.134642241379306  0.245721433275863  1.869248965517244  3.668765517241382 
-0.012831522842197  0.074452148818657  1.050025666957284  1.073915518744554 
 0.538275579710150  0.119670267922706  1.036119420289849  0.886629782608696 
 1.387792780748663  1.115172994652406  1.447123636363630  2.472579679144374 
 0.984091287128710  0.204149571287128  0.598764819801978  1.886805940594056 
 2.331908783783784  2.044618918918921  3.063755405405406  3.582721621621610 
 1.587174409448818  0.071787876535433  1.356158740157478  2.508399606299231 
-0.092595363607598  0.070308030273206  0.627391790928270  0.971228523206758 
 1.429072865013776  0.552547746556476  2.734915977961436  2.342920661157028 
 1.126613272727272  0.791431418181818  2.041767272727276  1.940756727272722 
 1.028846300429187  1.260360429184550  2.527323605150217  2.618931330472103 
 1.949029288702930  0.440938905439328  2.113912133891204  2.161386610878656 
 0.476215239015820  0.085031852899825  2.028475219683660  1.282070246045695 
-0.557254918743229  0.089029856338029  0.526370437703148  0.471625099674973 
 1.687499056603772  0.862907421383649  2.013425786163525  1.031342859748429 
 1.498025675675674  1.934817567567563  2.236454729729733  3.163478378378380 
 1.266482969696970  1.205306969696968  2.880503030303033  3.863074545454543 
-0.269131681381958  0.072123900383877  0.848280796545104  0.721063790786946 
-0.208236770806658  0.060787902163892  0.675011882202305  0.414645628937260 
 1.167547421383649  0.374789427672956  1.130371572327042  3.350093710691826 
 1.113704409221903  0.470428389048991  1.855612391930834  2.572581268011531 
 0.949574447272727  0.404795203272728  2.641845818181822  3.154778181818182 
 1.599442342342342  2.159861261261262  3.104581081081081  2.331351351351352 
 1.876163291139241  0.683103105485233  2.801978481012663  3.424576371308019 
 2.532396503496502  1.040973503496504  3.130241258741259  3.885937762237764 
 2.516456637168142  1.638503893805310  1.978744247787611  3.416951327433627 
 1.753223425925926  2.080793518518521  1.940143611111110  1.805444629629630 
 0.403032221311475  0.093117924364754  0.985992028688524  2.000447131147545 
 1.627539318181819 -0.040296874545455  3.023079545454546  2.849565454545451 
 2.592794736842105  1.421663157894736  3.204852631578948  1.320907368421052 
 1.323646851851852  1.089472530864196  1.767635802469136  3.564735185185191 
 0.781652983443708 -0.114765269503311  2.579361258278150  1.676690397350993 
 1.502612953020134  0.673870577315436  3.247202684563758  1.049891563758389 
 0.768769835294117  0.218461988235294  1.149800666666668  2.644504313725491 
 1.379458849840257 -0.065899792971246  2.201889776357825  2.325876357827475 
-0.328641114118896  0.053944416163811  0.423918699893843  0.689239373673036 
 0.994463484419265  0.458426801699717  1.390842549575074  1.936279036827200 
 1.093459420481928  2.044221686746989  3.166659036144579  3.582674698795181 
 1.625685963302753  1.915518348623854  4.045074311926604  2.948510091743121 
 2.072298275862068  1.589948620689655  3.012163793103450  4.952818965517242 
 0.815958789346246  0.377900140498789  1.686563922518162  1.279324600484261 
 0.485314351184669  0.179197983623693  1.897985017421605  2.476854703832752 
 1.591306106870230  0.364648882824427  2.219695801526719  3.097432061068701 
 1.213389320987654  0.388139967376543  2.471929629629628  1.667889814814815 
 1.327664537815126  1.387188907563026  3.712525210084034  1.850973949579831 
 0.838213770491803  0.250827196202186  2.292469398907106  2.317687431693990 
