-0.157600163849780  0.070973187373504  0.886407428273303  0.657639933124764 
-0.402171248613314  0.069949604982689  0.508772349167979  0.565283567115665 
 0.948890708978223  0.215291895774000  1.024632668111365  2.448874303405522 
 1.742920537313410  1.255951134328363  2.845978507462734  1.302389921492334 
 0.371782304374990  0.092036151007811  0.974914992187524  1.689060703125002 
 1.066909178200686  0.328163240224919  3.074958823529427  1.430386558823578 
 1.078767420066159  0.267469115336276  1.342354818081575  1.483318500551256 
 0.203053441333339  0.083207982280578  1.325769524637699  0.895501357681158 
 0.683933274847709  0.113294932506529  2.211212271540426  1.657203307223634 
 2.197809751773028  0.947920758865245  2.263618085106392  2.953630496453893 
 0.659221192294060  0.127469405742110  1.726548267898360  2.178021401077749 
 2.288359057970998  1.840372101449282  2.532959855072456  4.110531159420262 
 1.595237815126064  1.047695658263314  1.256303873949553  3.335546778711539 
 1.319049070175430  0.353379470350883  3.053556842105285  3.340036140350864 
 2.188767787878780  2.089498181818185  3.131029696969699  2.414019272727258 
 1.761571107491856  1.435473107491860  4.277336807817608  3.579610097719885 
 0.669306420494699  0.132289853882215  2.000961955241468  0.898424418374557 
 1.260339118911914  1.675087279792749  2.708107253886014  3.362438082901552 
 1.590105481481472  0.133138045540742  1.755122222222210  2.296933925925952 
 1.980974271844663  1.482007864077669  1.579057188025887  1.967512362459545 
 1.075732423796793  0.229032454679144  1.987470909090902  3.064291042780741 
 1.175824676966290  0.890668426966289  2.210275561797756  2.299851966292135 
 2.098554510489509  1.230765699300697  4.165996853146857  2.106470839160845 
 0.012380735493519  0.074245971794118  0.794695445563312  1.128991470588240 
 2.398277685950409  1.011045994490359  3.358033333333340  3.534483471074382 
 1.550600254237287  0.559984370508473  2.283494858757054  4.046752542372884 
 0.347927264635679  0.090935496603015  1.545657097989950  1.451675942211052 
 1.400805489495800  1.188236785714285  3.210295168067226  2.493382563025210 
 0.961853763598326  0.129117672144351  2.634326464435144  2.346482426778238 
 1.992638301886791  0.368722333622641  2.913237924528300  2.258358490566039 
 1.513081993720566  0.347163797331240  2.168372370486657  1.416229973312402 
 1.310987393854748  0.345687436871509  3.792295810055867  2.464849720670392 
