 0.154698406161710  0.081020846410792  1.320043465981925  0.657091057766594 
 0.164607969526627  0.077920622292893  0.640535094378665  1.323011227810552 
 0.716889886120874  0.098681256405700  1.474282046263242  2.412957829181434 
 1.544743348017585  1.181489471365648  2.897532158590383  1.423619911893975 
 0.269783244721891  0.086609565266741  1.121888115777562  1.516790578887625 
 1.263219888461523  0.367196207384627  3.452939230769259  1.563069726923183 
 0.920436290050608  0.095984490387862  1.499867284991551  1.705401349072501 
 0.422405237741469  0.097800537928673  1.834446656760830  1.080864918276371 
 0.796955266436052  0.291494920069212  2.651672318338914  0.974990643598472 
 2.638384999999944  0.748810822222215  2.422806666666691  2.842029444444416 
 0.576391564349900  0.136653030656501  2.068871749598679  2.143776404494358 
 2.007649166666622  1.455689166666676  2.321383333333313  4.604947499999945 
 1.912450990991043  1.229743603603630  0.950153990990900  3.376332432432619 
 1.560623444444424  0.377950027777798  3.481233888888969  3.759681111111075 
 2.185552482269467  2.113762411347528  3.988553900709230  2.763107801418398 
 1.175869163492059  1.402083756613766  3.637019576719617  3.179106878306901 
 0.920316699029124  0.071371123624595  1.857944660194190  0.732865424595471 
 1.747165676567652  0.970941287128717  2.077833663366332  2.824822772277237 
 1.244431901565988 -0.080304902013421  2.040619015659934  2.090165548098483 
 2.194244285714286  1.228517285714282  1.318762793571425  2.075053571428566 
 0.882327253205142  0.047287020833334  2.045360576923049  3.038249038461519 
 0.935780027027019  0.575649891891879  2.597739729729728  1.827535405405404 
 1.757721985815597  1.211869999999994  4.285082978723409  1.789545177304978 
 0.173862921046890  0.079243302584514  1.425163685932397  1.159907906215921 
 2.461902873563226  0.950182901149429  3.780088505747143  2.881700000000004 
 1.147207883211667  0.354722875182478  2.384266423357660  4.161955474452586 
 0.382693270116280  0.114388173409303  1.602325116279065  1.712312325581382 
 1.638341602787464  1.158373484320559  3.300122996515659  2.486645296167255 
 0.847544961956518  0.050933211168477  2.736251902173909  2.391192391304349 
 2.144869026548666  0.393051466902654  3.183440265486741  2.129836725663723 
 1.578664210526319  0.078491081508771  2.489036491228061  1.424117122807014 
 1.411061314553990  0.377705235680751  3.883168075117390  2.486536619718300 
 1.848662790697678  1.132538635658920  4.625934883720929  3.361562790697674 
 2.116344578313254  1.684074819277104  4.060756626506034  4.457719277108415 
 2.409313218390805  1.623410689655172  2.686685057471266  2.316475287356322 
 0.894692283422461  0.283868695187166  3.311232085561482  2.925975401069547 
 1.676723360655736  0.311439221557378  1.350245901639345  1.542217704918038 
 1.823127118644066  0.235484066779662  1.963650762711866  3.478945762711870 
-0.008555806089508  0.074974901675715  0.994648613352902  1.040861922230376 
 0.708819547038330  0.147442348188153  1.185677038327523  1.158625522648082 
 1.158414224422443  0.785210066006601  1.462703333333328  2.237605610561052 
 0.972371236363634  0.235827183272727  0.697784122181816  1.967924363636362 
 2.315069934640523  2.069775816993465  3.034023529411765  3.554808496732015 
 1.545448986486485  0.102327756554054  1.398383851351351  2.541130067567583 
-0.200908754799017  0.070694640549631  0.583217133716161  0.889938326497133 
 1.393204769647697  0.538003710027101  2.805783197831980  2.382484552845531 
 1.058293662337663  0.548831264935065  1.902529350649356  1.546613818181817 
 1.040783446721313  1.287883770491803  2.444268442622953  2.395145901639347 
 1.839453726708075  0.548887982608693  2.233926397515520  2.069150931677017 
 0.645640156739813  0.092814120329154  2.131691692789970  1.515323040752351 
-0.541837975567189  0.073390913120690  0.510831728010475  0.546076633507853 
 1.744129548387096  0.826754709677421  2.074030967741937  0.960533275483873 
 1.473916337209302  1.872767441860461  2.226023837209305  3.141993604651164 
 1.223268356164383  1.659466438356163  2.967998630136988  3.829654794520545 
-0.196181834004835  0.065890938871878  0.899041740531828  0.611586851732471 
-0.262170519311065  0.067237982682672  0.520492435281837  0.449672691231733 
 1.077624622641511  0.368265209433962  1.150689198113206  3.218833018867925 
 1.085182257336345  0.446656984198646  2.065400225733633  2.504615575620767 
 1.035696028880866  0.693278801444044  2.606612274368233  3.193507220216607 
 1.640744880000000  2.193684000000001  3.207389600000000  2.259946400000000 
 1.862961397058824  0.800034816176471  2.768167647058827  3.413210661764705 
 2.538695070422534  1.053726063380282  3.253757042253522  3.899189436619721 
 2.525346456692915  1.584190000000001  1.960332283464567  3.452396062992125 
 1.711405396825397  1.959289682539684  1.877938174603174  1.838143809523810 
 0.417141989775051  0.081727606257669  0.989043967280164  2.021777709611456 
 1.624551525423729 -0.014139704745763  2.719587457627119  2.881950169491525 
 2.608451282051282  1.517965641025640  3.343582051282052  1.357961538461538 
 1.340792770270271  1.075797027027027  1.703144594594594  3.682308108108112 
 0.813711918439716 -0.092587141843972  2.746237943262413  1.696222695035461 
