 0.006447025665058  0.074647722613469  1.239758153364507  0.626608154929853 
 0.233282871866295  0.084722626378818  0.730018036211635  1.632283565459426 
 0.944749913544471 -0.059089060403448  1.813950720460927  2.248017002881757 
 1.778516751268993  1.115618071066001  2.792586294416330  1.907155329948897 
 0.205676531974505  0.078504045108279  1.196722280254820  1.426623821656053 
 1.213108202247168  0.065276324157320  3.456930898876447  1.871852247191166 
 0.696228342105287  0.178460409710532  1.008231710526295  1.447945921052611 
 0.415876375776425  0.101399653074524  1.763192236024965  0.647776683850923 
 0.627171766283598  0.140510744444453  2.692524521072595  1.334331111110947 
 2.755154198473207  0.822965053435105  2.425003816793929  2.914733587786222 
 0.539330070454521  0.102365334977273  2.130271074380118  1.794038016528897 
 2.098369090908990  1.491298727272748  1.584134363636321  4.518039999999877 
 1.993911666666730  1.128572000000032  0.986392477777665  3.283842222222449 
 1.402593333333295  0.226073686868724  3.557662626262772  3.804803030302962 
 2.534301249999936  2.245396250000018  3.919045000000015  2.370918749999923 
 1.549707177419348  1.013356612903241  3.916354838709743  3.530613709677451 
 1.106409041916161 -0.027879945508982  1.895447904191644  0.869763652694613 
 1.877179425837314  1.095264449760773  2.260986124401910  2.757199521531113 
 1.043799679802949  0.048217120197046  1.897160837438407  1.619339408867045 
 2.299415873015872  1.270708095238091  1.546193253968250  2.048016666666661 
 1.026690930232578 -0.044853834883719  1.894416279069729  3.089713488372059 
 0.820617208333316  0.717021145833310  2.847309895833331  1.846149999999997 
 2.042138679245275  1.156179811320746  4.292808490566040  2.081345283018884 
 0.169974995284325  0.077496012723994  1.503526213592246  1.072496463245493 
 2.553821848739511  0.990357310924376  3.781015966386579  2.940878151260515 
 1.088431363636348  0.255229539999995  2.227232727272722  4.083507272727307 
 0.376505014430015  0.123191673494950  1.596986147186140  1.590744444444432 
 1.872948863636376  1.213636875000000  3.148044318181785  2.717946590909108 
 0.718111015576320  0.058290722772584  2.671121495327089  2.242114018691590 
 2.159904761904755  0.454493278412698  3.157246560846579  2.069230158730167 
 1.812718666666671  0.049890874666665  2.372239999999981  1.375577399999995 
 1.658947247706420  0.214253405504586  4.091789908256911  2.526245871559618 
 1.842893827160501  1.062963012345686  4.790224691358017  3.360846913580247 
 2.233232857142859  1.762664142857139  4.277734285714297  4.219742857142840 
 2.470176612903227  1.741455645161290  2.756383870967746  2.371746774193547 
 0.785565549618322  0.388942422137405  3.454106870228990  2.845751145038212 
 1.607171710526313  0.169512684605264  1.174173092105263  1.415822565789484 
 2.025744262295077  0.332370313606558  1.756394918032789  3.649497540983609 
 0.006343424597207  0.076333699897959  1.073429430719661  1.076314371643399 
 0.513809863387983  0.103350894535520  1.054103087431688  0.838123448087432 
 1.362227272727275  1.462753223140495  1.587733057851229  2.677109917355357 
 0.810131221719454  0.106533154751131  0.654542088687780  2.141902262443437 
 2.429953389830509  2.032587288135595  3.110041525423728  3.515512711864391 
 1.550432620320855 -0.008792740641711  1.276253636363632  2.528994652406443 
 0.060738454077250  0.075488704864091  0.655439397424892  1.185213218884131 
 1.393685937499999  0.438712378906252  2.884643359375003  2.430645703125004 
 1.285833924050633  1.016332974683543  2.049200000000007  1.888796835443028 
 0.974441704142015  1.331503609467455  2.546614201183435  2.656714792899409 
 2.148003378378378  0.348397617567563  2.103797297297280  2.364214864864854 
 0.469663014583336  0.102623638333334  2.030087291666666  1.208306145833334 
-0.589154016282224  0.092510727539092  0.488202225644512  0.525321590230663 
 1.789185611510789  0.823364820143886  1.966260000000004  1.120884676258993 
 1.529716859504130  1.994458677685945  2.408014876033061  3.056177685950416 
 1.347083437499999  1.299400124999998  3.164820625000002  3.615093124999995 
-0.222056507840772  0.069339498442703  0.846719264173700  0.896844704463205 
 0.012284522552448  0.075942323933566  0.774285944055947  0.649869606293706 
 1.126795231788083  0.393708907284769  1.080793576158937  3.337015894039739 
 1.317664959677422  0.561700201612902  1.690169354838705  2.713097177419357 
 0.780623291666665  0.516407411904762  2.411101190476199  3.197589285714285 
 1.629149999999999  2.167394117647061  3.227623529411764  2.142479411764707 
 1.755824117647059  0.974551000000001  2.509522941176474  3.473084117647060 
 2.578641284403670  1.070334504587156  3.331769724770642  3.854468807339450 
 2.465324358974359  1.815048717948719  1.837660256410255  3.184962820512816 
 1.744153977272727  2.133523863636365  1.934046704545453  1.761740000000001 
 0.352342992840095  0.102897569665871  1.116557088305488  1.965519570405736 
 2.031374100719427  0.161361498561151  3.024883453237414  2.884053237410058 
 2.659558461538461  1.383247846153845  3.264436923076923  1.369863846153846 
 1.309909133858269  1.203236535433069  1.721863464566930  3.586722047244101 
 1.097036719576719 -0.221439628941799  2.574088888888896  1.696258201058200 
 1.383127818181819  0.432606149818181  3.167654545454544  1.270980787878788 
 0.748768492857143  0.164287486785714  1.303576285714286  2.617214642857145 
 1.450078461538465 -0.037775131769231  2.215565769230767  2.321127692307687 
-0.265851555425905  0.064612013138857  0.472782681446908  0.819876021003501 
 0.975245384615386  0.489050366300366  1.401375494505499  2.048824542124546 
 0.928796977173913  1.635496739130435  3.469202173913043  2.871169565217390 
 1.698433557692308  1.935634615384616  4.066657692307690  2.949577884615387 
 2.236802325581394  1.482755348837209  3.024334883720933  5.100606976744186 
 0.653340431818180  0.065041812354546  1.518816363636367  1.193680272727274 
 0.474784185409091  0.194623845454546  2.043870000000001  2.518369545454546 
 1.593939523809525  0.287335196666667  2.234763333333334  3.121053809523809 
 1.352993082191782  0.399798880136987  2.488248972602740  1.871054794520548 
 1.306286785714286  1.016127678571430  3.676252678571429  1.788516964285714 
 0.991724741035857  0.302620014581673  2.261443426294827  2.544783665338649 
 1.564467400000001  1.378838499999999  2.809753999999999  1.028692779999999 
 1.493474342105263  2.302932894736841  2.854461842105263  3.932789473684210 
 1.034718053097344  0.311556446902655  2.586665486725665  0.588782209734513 
 1.259099135802469  1.188316419753086  2.591718518518518  4.343180246913581 
 1.500222758620690  0.852287126436782  0.808234058620690  2.111587356321838 
 1.623633653846154  0.461938394230769  1.647718749999999  1.940875480769230 
 2.065033018867924  0.284338849056604  2.791818867924529  3.843311320754717 
-0.338141106334842  0.063673688382353  0.801171730769232  0.521841622171946 
-0.305887608725762  0.055141541426593  0.463015458448754  0.426402096121884 
 1.159771153846152 -0.217859701282051  2.902662179487176  2.816732692307695 
 0.996167044534415  0.470788206477733  2.273253036437249  1.318016518218624 
 0.964472270531400  0.579967922705314  1.569546859903381  1.307089613526570 
 0.892519174917493 -0.020435320231023  1.350629141914190  1.809402640264028 
 0.491488166666666  0.099648472857143  1.616184285714286  2.083683809523810 
 1.604651388888888  1.175225833333333  4.229227777777780  1.024086916666667 
 1.445338784530386  0.840983701657459  3.569941436464088  2.577998342541435 
 0.834486223776223  0.519843881118881  2.007834615384617  2.074901748251750 
 2.453242391304349  1.393530217391304  2.417349999999999  3.858393478260870 
 1.336573463414634  0.467359985365854  2.905270243902438  3.215128780487804 
 1.321619951690822  0.772072608695652  2.414810628019322  2.455836714975846 
