-0.159469594618614  0.071068447855280  0.880486572622738  0.656920863009495 
-0.403914593250800  0.069774505182231  0.507882395886573  0.564489222603809 
 0.944594021840768  0.214533880920444  1.019968726364963  2.440088923556891 
 1.739242567164156  1.251140776119409  2.823264179104524  1.299901891641588 
 0.368681653925445  0.091949556375891  0.970036494845386  1.689551942902461 
 1.070400211505916  0.325405943908635  3.065763113367189  1.436675585448441 
 1.069093885135142  0.257524800123876  1.338268614864852  1.482826846846834 
 0.197823960547791  0.082447465346152  1.323122284382302  0.889954231934730 
 0.679781268877116  0.104045405526085  2.205376304155570  1.649798938992003 
 2.237670766129006  0.932222133064513  2.208916733870979  2.950975604838698 
 0.653584829586304  0.115184738392204  1.718093476531400  2.171391328560060 
 2.249994568690081  1.778878594249207  2.696898083067088  4.128240575079849 
 1.624038417721534  1.003327246835452  1.195686117088578  3.382164240506391 
 1.318991420560739  0.280887766915894  2.997843925233668  3.308381869158867 
 2.256704542682918  2.072884451219517  3.119410975609757  2.400170914634131 
 1.262154772965117  1.461958779069772  3.480565116279091  3.464747674418618 
 0.660191673587081  0.129865394747405  1.992510957324114  0.903134661130333 
 1.360937849462362  1.622310430107531  2.274069086021506  3.108531451612905 
 1.591179027355613  0.121135007203649  1.747432826747709  2.302676139817657 
 1.958564166666670  1.441404666666665  1.537999703666664  1.948756999999998 
 1.064808630376346  0.233089721639785  1.971509327956981  3.051877284946228 
 1.131565615275810  0.798380579915130  2.144870721357854  2.213694766619519 
 1.962203482428114  1.262459105431308  4.091953674121411  2.067093929712466 
 0.012082463541147  0.074183623650374  0.795321318603493  1.127501600997511 
 2.425480421686748  0.879462646987953  3.269865662650613  3.373238855421687 
 1.543112880886425  0.562682429806093  2.277533739612182  4.030984487534631 
 0.345279085373510  0.091760800936597  1.533533521657250  1.449755555555553 
 1.388829671206228  1.110848326848249  3.017147470817119  2.460051167315173 
 0.951944944206008  0.112330864130901  2.627320493562229  2.336337875536478 
 1.991646230158729  0.347869636944444  2.880302976190475  2.236930357142860 
 1.520624685430464  0.342264637251656  2.141711920529801  1.384336975165562 
 1.343455744063325  0.363174692348285  3.790433245382586  2.490592348284961 
 2.074839430894310  1.375248146341463  4.396565853658536  3.589967886178861 
