 0.071578344412568  0.079405774813763  1.290961418337995  0.640938916905698 
 0.142467401910828  0.078224847085980  0.647870786305697  1.345277261146390 
 0.710123490565930  0.101528970613213  1.502629559748337  2.160295754716932 
 1.631521774891741  1.192747316017325  2.720748051948125  1.611403376623083 
 0.260920681515484  0.085902322721009  1.137802640642976  1.455172215843857 
 1.195808443999985  0.207111741600012  3.426949200000029  1.774646000000111 
 0.836222991735555  0.125323809537194  1.375615305785111  1.461411900826434 
 0.425752443820241  0.097763430947560  1.824339887640522  0.881422897003741 
 0.769076575163461  0.265056380392164  2.621731372548843  1.014980800653458 
 2.650213609467396  0.754221881656797  2.429650887573990  2.834406508875710 
 0.542170991967191  0.141901713841530  2.057711111111066  2.120938979963544 
 2.069476146788941  1.458928899082580  2.154934403669703  4.616288990825627 
 1.852430992366456  1.268262137404602  0.982472115267098  3.172077862595577 
 1.540453734939737  0.382904000000022  3.521864457831411  3.769618072289118 
 2.188206382978686  2.112366666666676  3.986663829787244  2.756958865248185 
 1.207634983597880  1.433916296296305  3.612596825396866  3.190143915343938 
 1.031203754646836  0.064493198884758  1.896482156133847  0.831285684758366 
 1.752989677419351  0.977002548387101  2.156958064516126  2.816196129032268 
 1.123032222222215 -0.036582667489711  1.935567078189283  1.867909670781938 
 2.296187692307693  1.209932692307688  1.433085899999996  2.034052307692301 
 0.788792488304106  0.092221610818714  1.956399122806993  2.947901461988286 
 0.904049792284857  0.603819525222538  2.637600000000000  1.794678338278930 
 1.812080999999994  1.193469214285708  4.258928571428577  1.826139000000013 
 0.212868275496687  0.080395548128035  1.475093929359830  1.145921523178806 
 2.473966467065878  0.960341405988028  3.768167065868281  2.917384431137731 
 1.142794460431642  0.297823887769780  2.363925179856111  4.128628776978448 
 0.373793386742425  0.105884642212122  1.596436237373731  1.666038888888876 
 1.621541541095898  1.148260205479453  3.291401712328748  2.490386986301379 
 0.820814095717880  0.055975593627203  2.670684382871531  2.390756926952140 
 2.157600930232551  0.428115425674418  3.151970232558155  2.088939069767447 
 1.583455272727276  0.109572320836363  2.504439636363628  1.431920763636360 
 1.482496031746031  0.438188514285714  3.998774603174622  2.533347089947081 
 1.855345161290326  1.161668580645166  4.646160483870966  3.382578225806451 
 2.119145238095238  1.669894166666663  4.039913095238105  4.471955952380934 
 2.443953012048193  1.675425120481927  2.714800602409639  2.385715662650602 
 0.888737839024391  0.435849292682927  3.322801951219498  2.825588780487832 
 1.652045535714284  0.286948428839286  1.325962366071430  1.517415714285720 
 1.905921674876845  0.252976237733991  1.966407290640396  3.542044334975377 
-0.018723978353909  0.074580475049382  1.028142576131692  1.057184419753086 
 0.574488584905665  0.127925393443397  1.044588136792447  0.899474433962265 
 1.240434132841330  0.823661623616236  1.420187232472319  2.236123616236155 
 0.960752972972971  0.237418016988417  0.695088322779921  1.856382239382237 
 2.218246979865772  2.129030872483223  3.036647651006712  3.662788590604016 
 1.557627626459143  0.126991009727627  1.367834046692606  2.502470817120640 
-0.153404460171105  0.069112233582699  0.617146920152092  0.927595294676811 
 1.418173315926895  0.533065467362926  2.700813838120107  2.272967362924284 
 1.035730925449873  0.574078149100257  1.880345244215943  1.583820205655524 
 1.013928284000002  1.239818120000000  2.454987200000001  2.512626000000000 
 1.890473745173746  0.454592847104245  2.121638223938215  2.100664864864861 
 0.563604298780489  0.116126924192074  2.077707012195123  1.460117378048781 
-0.562568410896708  0.090496067082861  0.553303564131675  0.482479207718501 
 1.746453076923076  0.829678653846155  2.048659615384618  0.988487549358976 
 1.476289079754601  1.921251533742327  2.319358282208592  3.134430674846627 
 1.174876875000000  1.443452937499998  2.948188125000005  3.888799374999998 
-0.213572244525548  0.070074598597628  0.889300346715326  0.667329434306568 
-0.221980461538462  0.060415083484890  0.651474217032967  0.403553614285714 
 1.160301557788946  0.380165417085427  1.215437386934672  3.298084422110554 
 1.059867008733627  0.451234879912664  2.003379039301309  2.432762882096072 
 1.106671280487804  0.477412101219513  2.561784146341465  3.177554878048782 
 1.621975271317829  2.181998449612404  3.204810077519380  2.228250387596898 
 1.863566911764706  0.770676455882353  2.772803308823535  3.414526838235294 
 2.539534666666666  1.071516473333334  3.206508666666668  3.895830000000003 
 2.532472440944883  1.593309685039371  1.990890551181103  3.440959055118109 
 1.681871016949153  1.994372881355934  1.870522966101694  1.858373898305086 
 0.367625240530303  0.091594421950758  0.987898484848485  1.928041666666670 
 1.622525585937501  0.009023291406250  2.989605468749999  2.841762890624997 
 2.606079487179486  1.530373205128204  3.333300000000000  1.367544102564103 
 1.322770886075950  1.149546582278480  1.726827594936709  3.629960126582282 
 0.822939577922077 -0.106938250000000  2.613273051948055  1.714246428571427 
 1.422563880597015  0.791921112089552  3.354253731343284  1.048214626865671 
 0.782442609375000  0.127646008203125  1.071455343750001  2.609100390625001 
 1.474745772058825 -0.083811275955882  2.138672794117645  2.605795220588236 
-0.351130343785632  0.055039382242087  0.405302165678450  0.652611128848346 
