 0.089325292957716  0.080300594783322  1.207600790899152  0.662545873239630 
 0.051183251988899  0.074081468509709  0.687565859204420  1.123834098057292 
 0.610821645199376  0.128073796901601  1.448692872340346  2.235817420212721 
 1.705450458715559  1.243838853211019  3.048446330275305  1.266777013761158 
 0.346010691815839  0.085396908554986  0.880745227621520  1.750036572890028 
 1.273776825545159  0.432159062367611  3.389281931464196  1.577194454828745 
 1.003714319327747  0.056945234285717  1.569081697478972  1.630935529411749 
 0.263066086278596  0.084576564864862  1.588459251559288  1.022095145530144 
 0.743174591885486  0.238668630548931  2.638228878281496  1.174423558472455 
 2.525174399999964  1.211204599999996  2.146138800000017  3.007321599999978 
 0.618456941169139  0.123726149003732  2.073086940298476  2.036607835820876 
 2.058728804347796  1.327077608695659  2.354991304347813  4.406435326086919 
 1.704309900000028  1.158749470000016  1.138962664999949  3.502399500000104 
 1.723448617021263  0.446008684397176  3.247481205673806  3.711203900709197 
 2.048961329787208  2.163922340425539  3.879223404255327  2.622058510638265 
 1.179231818490565  1.444689698113214  3.389547924528330  3.505827547169829 
 0.813292107476634  0.111659465934579  1.889604906542067  0.731899909345796 
 1.509279652605455  1.001298635235733  2.358364267990074  2.984688833746902 
 1.341661392649897 -0.044192153307542  1.926713926499015  2.254211605415902 
 1.958108542713567  1.578535829145725  1.557366452763816  2.100694974874368 
 0.870046159857911  0.154224122309059  2.102750266429824  2.781737655417396 
 1.034991413857674  0.695225973782763  2.570372659176028  2.133168726591755 
 1.982086416184967  1.110661040462424  4.208005780346824  1.905546011560704 
 0.052052439382530  0.076993275805723  1.112250481927712  1.180716844879519 
 2.523073706896561  1.005330560344830  3.267954310344841  3.243878448275865 
 1.102588613445371  0.497835665546216  2.248326470588232  3.955020168067243 
 0.340175533737025  0.100705980832180  1.457531833910030  1.587067214532863 
 1.561937485875712  1.170477090395483  3.290654237288119  2.512581638418086 
 0.902760841487277 -0.005241896262232  2.772215459882583  2.016233659491198 
 2.295141152263367  0.439045663868312  3.187276954732523  2.174904115226345 
 1.562011170212769  0.136045370824467  2.413710638297869  1.373379077127659 
 1.275952866906475  0.364270821942446  3.802236690647494  2.582599640287763 
 1.883909895287961  1.155312062827228  4.490972774869107  3.246165968586386 
 2.316608108108109  1.507119828828826  3.938198198198205  4.429849549549535 
 2.478211173184356  1.844967597765363  2.864936871508378  2.100195865921787 
 0.889277642441860  0.369089799709302  2.878186046511621  3.043709011627921 
 1.954301694915252  0.438304142203391  1.363034351694915  1.742008940677969 
 1.897653709198811  0.279766318278932  2.060284569732937  3.317232344213655 
-0.199952774216251  0.069824422859884  0.851660991682666  0.676221740243124 
 0.755709847198644  0.166465719252971  1.120114006791171  1.190190780984721 
 1.229817457983195  0.700853508403361  1.628523949579830  2.405583193277304 
 1.045607060439561  0.201547838186813  0.826504960439559  2.143027747252745 
 2.252891011235957  2.076479213483145  2.983192696629210  3.654621910112350 
 1.131703972602739  0.219453033698630  1.285902794520548  3.060207945205486 
-0.268907412647863  0.062864207151956  0.486330613557779  0.798407952684263 
 1.546295591397851  0.075607189784946  2.863570698924732  2.747666129032256 
 1.053839586206897  0.576919080459769  1.885440689655174  1.604173103448273 
 1.252852537735850  1.824785377358491  2.579801886792451  2.401171226415094 
 1.808666336633665  0.584825007425742  2.409556683168312  2.237572277227723 
 0.558632340996169  0.099575957994892  2.022862196679442  1.410518569604088 
-0.452420623864324  0.072999116418116  0.528409724409450  0.460692614294366 
 1.656411923076923  1.066184395604396  2.030419780219781  1.159174860989011 
 1.504963450292398  1.882473099415203  2.147310526315791  3.361221637426901 
