 0.018344450851173  0.075950069526086  0.960737108182296  0.963952109829813 
-0.344128125444597  0.069770581046869  0.588623088946641  0.589611970779738 
 1.229411106186460  0.351525432225304  1.395500240073814  2.955594459833763 
 1.664745223684198  0.817333383973687  2.772952894736869  1.420399023289381 
 0.441260036227819  0.103060113902894  1.028777372362298  1.699452072829129 
 1.607042376574307  0.428829342216627  3.673296221662474  2.296372833753183 
 1.470945195729541  0.460457181281141  1.531282605871882  1.682361379003547 
 0.419133181839262  0.094147922817619  1.603842882534780  1.101269110200923 
 1.125931991740418  0.154773048088496  2.455942300884941  2.416288141592887 
 2.297718085106366  0.805331084521273  2.268080385638296  2.780552792553184 
 0.669463708320929  0.134278082404186  1.765556279069746  2.043853953488366 
 2.046496030927827  1.589583814432992  2.578740584192436  4.015499656357385 
 1.517985007874022  1.614162330708667  1.998557515118100  2.675133543307112 
 1.385269918085104  0.409997583191492  2.661478829787240  3.566342340425531 
 2.189966491557219  1.839423583489682  3.425391932457786  2.236082908067538 
 1.906764305032469  1.302639642857143  3.993472077922068  3.487131980519484 
 0.863505013375795  0.170888081700637  2.436123694267518  1.398832996178345 
 1.161413545945946  1.031457472972974  2.966769459459459  2.576730540540541 
