 0.099421031243094  0.079441750676575  1.237411342134124  0.668725369637160 
 0.045913969542253  0.074216484206863  0.700893938204207  1.128655968309799 
 0.630087731283329  0.126918977767384  1.432449117646979  2.226060160427763 
 1.700568749999964  1.242168973214295  3.033833928571502  1.269575397321126 
 0.338309328376686  0.086202461573728  0.890430530359391  1.747544237918218 
 1.272600410658295  0.429923915423207  3.395598746081527  1.587675360501653 
 1.044676803571447  0.053408038660718  1.520654607142836  1.579912857142842 
 0.293541718981983  0.092380735963942  1.650715164369075  1.051482322375395 
 0.765236630769279  0.273697336153852  2.645609487179350  1.083406989743483 
 2.526999999999963  1.206662955465583  2.150369635627548  3.006728340080949 
 0.626027921725939  0.126442097416337  2.047030830039494  2.100994202898532 
 2.068034090909060  1.321820340909098  2.339471590909077  4.426721022727234 
 1.702673131313160  1.151006535353551  1.137727843434292  3.507172727272832 
 1.728428582089538  0.418474809701506  3.258332462686617  3.709386567164155 
 2.048066825396799  2.161757142857150  3.878679894179902  2.626149735449703 
 0.999328565662647  1.375251506024106  3.618622891566309  3.453566867469906 
 0.811258179723501  0.086320729322581  1.857724193548398  0.767744507373273 
 1.517391734693873  0.988782015306124  2.333590306122448  2.962865561224493 
 1.352799381237519 -0.054186289341316  1.920384630738505  2.253806586826390 
 1.957283163265305  1.587214999999996  1.554427163775507  2.095351530612241 
 0.876091858951183  0.159072457793852  2.097845027124758  2.803618444846282 
 1.033499521575981  0.693606604127571  2.571001313320825  2.134926829268288 
 1.982086416184967  1.110661040462424  4.208005780346824  1.905546011560704 
 0.056861061383928  0.075096116569940  1.142416822916668  1.176501458333335 
 2.548508968609875  0.996040717488792  3.278261883408085  3.234352017937224 
 1.101510126582272  0.491342735864977  2.242938818565397  3.953927848101282 
 0.359015106529210  0.105520388180413  1.479788058419240  1.592749656357380 
 1.572132889518419  1.165209830028332  3.284227195467405  2.517249008498590 
 0.886297575638504  0.000032441473476  2.772726719056974  2.018423772102166 
 2.293701652892555  0.436626431074379  3.186638429752080  2.173610743801660 
 1.550612073490816  0.137963760708661  2.433488713910758  1.407861608923884 
 1.280295153846154  0.357674206959707  3.804445054945067  2.579663369963364 
 1.896906397849465  1.155456688172046  4.503330645161287  3.242096236559139 
 2.309106250000001  1.510183937499997  3.937017857142864  4.427472321428557 
 2.478211173184356  1.844967597765363  2.864936871508378  2.100195865921787 
 0.895677920588235  0.369111356176471  2.883582058823522  3.049437941176484 
 1.964818260869563  0.450733402434783  1.357900117391305  1.768571173913047 
 1.899959821428570  0.279039997797619  2.061341666666666  3.321422321428577 
-0.191948895294856  0.069898498826850  0.859319109159352  0.674040928481809 
 0.702555498281789  0.162046093797251  1.104476924398624  1.173590360824743 
 1.232282923728815  0.703257309322034  1.626082203389829  2.405625847457620 
 1.036656723163842  0.211924308474576  0.812228801129943  2.125942655367230 
 2.341404026845640  2.142151006711408  2.947441610738252  3.674839597315426 
 1.133846000000000  0.216519530555556  1.271396500000000  3.055198055555563 
-0.268894603125002  0.063271243267857  0.489870539553571  0.799870133928576 
 1.544233941018768  0.073666178552279  2.861109651474531  2.741567024128684 
 1.035712153846155  0.563484395604395  1.879790329670332  1.623970351648348 
 1.239936208955225  1.820119900497512  2.563062686567163  2.353113930348258 
 1.806369926650368  0.594860889975549  2.407554767726157  2.228668459657702 
 0.599824369338423  0.085453810648855  2.109351017811708  1.506060559796440 
-0.451498528347406  0.073119779979681  0.528861703860074  0.460962096622436 
 1.655735549450549  0.997254065934067  1.970259890109890  1.083049970879121 
 1.541425870967742  1.915409677419353  2.064806580645162  3.312076774193548 
 1.523403755656108  1.505620542986425  2.988995475113124  3.513967420814480 
