 0.019048932114151  0.076176260020506  0.952442443336082  0.970225288999773 
-0.343914632003281  0.069695436055290  0.590031967778074  0.588633923804302 
 1.022357508856627  0.146657472254432  1.462193353462111  2.697479549114295 
 1.887525874999985  1.380056428571431  2.500524821428599  1.558062960714164 
 0.423107670497422  0.105251725977701  1.080930884048043  1.686918674957118 
 1.607139352708055  0.663133845891681  3.680868692206086  1.983836630118931 
 1.384128439363821  0.289328613429426  1.526445792246516  1.491269135188852 
 0.400497312329936  0.091947495366495  1.622273584183682  1.054554068537410 
 0.976800334018515  0.195216625282632  2.931617574511785  2.608216443987605 
 2.314540847201190  0.660354827685324  2.764428593040851  2.820367776096818 
 0.638509488155656  0.115283810933491  1.928026745283004  1.928189433962257 
 2.161892879999991  1.578501620000003  2.797287399999993  4.072925600000001 
 1.914498660714296  1.270922832142860  1.585122880357127  3.231623392857173 
 1.361009552787661  0.394285049655994  2.389741138790043  3.604914709371289 
 2.225021709601867  1.955882716627637  3.566123419203748  2.525316159250581 
 1.788773131115459  1.060882430528378  4.105582583170254  3.493409393346382 
 0.963994520719309  0.242688625903050  2.586673964034409  1.312607939562157 
 1.265435710387811  1.459087146814405  2.833902770083103  2.902689473684207 
 1.429508939157564  0.320381994695789  2.357733697347889  2.250847815912641 
 1.323616419141916  0.935319966996700  1.594888128877888  2.260267326732677 
