-0.171564433120015  0.071039904010670  0.865853967999958  0.647210604693426 
-0.407012590946335  0.069913194541707  0.502852551945915  0.565080484801285 
 0.924480180601893  0.215095409648837  0.995702698327662  2.386208361203958 
 1.674811242424219  1.247560545454552  2.746236363636411  1.314437812121006 
 0.353174805354047  0.088060420630396  0.938132828152014  1.687843523316065 
 1.004775178253113  0.312946230748669  3.041307130124794  1.424126900178303 
 1.016693198653206  0.226065716778903  1.326478832772154  1.464983254769911 
 0.170998612223593  0.082055012044838  1.300174312039333  0.869856867321867 
 0.671703015474078  0.108499755635064  2.148447674418557  1.577758765652911 
 2.108797570850180  0.705202858421049  2.145403036437259  2.959467206477723 
 0.611552932060992  0.117677992793900  1.690851277823553  2.122951854905188 
 2.235190943396207  1.789219811320760  2.258803471698105  3.886811698113182 
 1.580525746753261  0.964572126623386  1.180717347402566  3.327057142857208 
 1.609348419354825  0.388140642258077  3.294982258064561  3.581808709677398 
 1.979443809523790  2.163054365079370  3.691059126984131  2.599293253968231 
 1.217196006129031  1.458313774193554  3.229463870967766  3.565988387096790 
 0.606107218899522  0.122333890964115  1.930493421052639  0.878433799282295 
 1.383002840095462  1.599891861575182  2.238805966587111  2.850155369928399 
 1.524812599681012  0.063920856363637  1.739709218500785  2.273869218500826 
 1.925234312500003  1.229650218749998  1.424895222187497  1.915420374999998 
 0.982767067264578  0.238158525859492  1.815043736920766  2.972145889387140 
 1.135685433070865  0.685762926509181  2.135786089238845  2.098383858267716 
 1.935687653429602  1.088541768953066  3.990388086642604  1.854814436823111 
 0.009215010297829  0.073480766238768  0.793945774255428  1.117123886925800 
 2.500295398773010  0.928659723006136  3.178010122699394  3.181657975460124 
 1.453937915492956  0.537000562253520  2.213892338028167  3.986417183098599 
 0.315746278332281  0.089491430064435  1.486632027795323  1.425951421351862 
 1.344002667334674  1.089544909819641  3.065164529058110  2.475105410821645 
 0.864460492924526  0.075632468537735  2.561101061320750  2.229023938679244 
 1.902013736263735  0.343525228058608  2.819807142857146  2.142339377289382 
 1.506082485875708  0.271879616685499  2.148704519774009  1.248075658568736 
 1.310145252604168  0.323835784635417  3.715188020833337  2.492670572916663 
 1.883153458333335  1.229764975000001  4.458704166666663  3.282339999999999 
 2.243304712041886  1.561087178010469  3.485415706806284  4.376412565445021 
 2.477418473895584  1.753384216867470  2.684353012048192  2.259275742971886 
 1.171151308580858  0.231778569636964  2.681679372937294  2.995499834983498 
