 0.020257824316067  0.075269096124630  1.239517720364621  0.625649062310299 
 0.275074135440180  0.097057673521435  0.752152697516878  1.595995033859895 
 0.765822570805951 -0.036922522135069  1.681614814814687  2.194988017429127 
 1.769281553398018  1.073404320388361  2.684944660194257  1.850630097087051 
 0.202038556742985  0.085009875203561  1.208841272264673  1.448858905852419 
 1.220970052083312  0.100950883854182  3.458554687500039  1.874433333333477 
 0.748474475000023  0.078130314225005  1.105679999999980  1.501522249999981 
 0.411124387573991  0.105438788727801  1.777884319526742  0.659867698816560 
 0.604563275362388  0.163193610507255  2.640678623188216  1.294005978260715 
 2.762965354330631  0.806211354330698  2.430340157480352  2.924454330708623 
 0.568021449625446  0.160503050803371  2.111818352059883  1.837954681647914 
 2.152603030302947  1.471511212121229  1.699807878787843  4.462601515151414 
 1.995459444444508  1.128310444444477  0.973628811110998  3.290561111111338 
 1.408488333333298  0.228046407407442  3.536893518518651  3.783606481481420 
 2.525366666666603  2.246834567901252  3.919634567901249  2.361713580246838 
 1.543867862595413  1.025014198473296  3.890322900763420  3.514335114503847 
 1.077533692307687 -0.015491816923077  1.870120512820537  0.896207025641028 
 1.884306550218334  1.085025895196514  2.279520087336241  2.767941048034946 
 1.046645280373826 -0.002107798130840  1.872763551401851  1.672324065420608 
 2.313674399999999  1.274881039999996  1.537973999999996  2.056024799999995 
 0.996529212598441 -0.014096734251967  1.927817716535401  3.070038976377923 
 0.826868435643548  0.686944702970275  2.855010396039601  1.838405940594057 
 1.992859894736835  1.064170526315781  4.430600000000003  1.857221684210544 
 0.166558400279327  0.075521171751396  1.494297765363142  1.079567011173184 
 2.519763571428584  1.018079785714291  3.767882857142878  2.917918571428580 
 1.070367741935470  0.282356237096770  2.233156451612899  4.035262903225838 
 0.382038700000000  0.106536882157747  1.597924084507035  1.709577605633789 
 1.723464853556494  1.136672050209205  3.280003347280311  2.583612552301268 
 0.704385214501507  0.029473012114802  2.659488821752254  2.280616918429005 
 2.169493939393933  0.415208669292929  3.166633838383856  2.098883838383845 
 1.810505806451618  0.040572072258063  2.372408387096756  1.380161741935479 
 1.536815304878048  0.440279306097560  3.998477439024413  2.521102439024379 
 1.868186746987959  1.058477518072296  4.793446987951800  3.344986746987952 
 2.253381081081082  1.741568783783780  4.268318918918929  4.200004054054038 
 2.489370634920636  1.693726746031746  2.747793650793654  2.369653174603173 
 0.894129613496934  0.465336210429448  3.438776687116551  2.825959509202489 
 1.607538513513511  0.174247601756758  1.169530810810811  1.416302500000010 
 2.077777064220178  0.289133424403671  1.787123669724773  3.679261467889911 
 0.015535304616999  0.076417976920251  1.074744690451210  1.074969359916059 
 0.554783805555561  0.120009753055556  1.047604111111104  0.884583694444445 
 1.365324409448820  1.440740472440945  1.580925196850384  2.645355118110221 
 0.837854220183484  0.089922216513761  0.654062897247703  2.123052752293577 
 2.403412598425198  2.006257480314963  3.080855118110236  3.511661417322820 
 1.551136597938143 -0.005069172680412  1.292234742268037  2.528189690721674 
 0.041503811032528  0.075136070438472  0.654481540028288  1.179108118811893 
 1.386381157556271  0.526176340836015  2.794737942122188  2.427286816720259 
 1.065350765765765  0.886024954954954  1.987253153153157  1.932214864864858 
 1.022087820754720  1.225564952830189  2.516136792452833  2.589260849056604 
 2.098641463414635  0.332823229268289  2.134377439024375  2.379864634146333 
 0.448059575581398  0.093621117829458  1.985197286821707  1.261834980620154 
-0.589389442934782  0.091986414940640  0.488391630842398  0.524771008152173 
 1.759357246376809  0.838761594202899  1.931754637681164  1.092825144927536 
 1.479076030534349  1.930746564885490  2.334701526717561  3.114520610687025 
 1.298720249999999  1.311486249999998  3.126345625000002  3.566455624999997 
-0.224370705250597  0.069565897862769  0.848802852028637  0.888969164677801 
 0.027983614795009  0.076995008538324  0.775460303030306  0.651612254545455 
 1.149935408805034  0.382495874213837  1.097421635220123  3.324848427672960 
 1.268971237458195  0.559020334448160  1.744095317725749  2.618459866220737 
 0.925481468503936  0.453091504724410  2.641416929133864  3.147522440944882 
 1.661697368421051  2.163388596491230  3.122260526315790  2.259567543859650 
 1.752863440860214  0.913164677419356  2.687651075268821  3.407839784946240 
 2.560271111111111  1.124358896296297  3.152023703703704  3.881797777777779 
 2.475319642857142  1.707113392857144  1.978939285714285  3.368358928571427 
 1.740563978494624  2.119309677419356  1.935919462365590  1.786503440860216 
 0.384567934090909  0.094907359681818  1.128522954545453  2.014079545454553 
 1.904338011695909  0.256904989473684  3.045291228070178  2.961363157894726 
 2.637345454545454  1.402081818181817  3.258704545454545  1.353038787878788 
 1.328702000000000  1.127940999999999  1.736526400000000  3.567996000000006 
 1.038137792792792 -0.187058819234235  2.590207207207214  1.678920720720720 
 1.393864444444445  0.463719647485380  3.234738011695907  1.229318415204678 
 0.745750633962264  0.187463312830189  1.275521509433963  2.636079622641510 
 1.386147604166669 -0.071809975902778  2.162112847222220  2.337599999999997 
-0.268405135355893  0.064899436709452  0.473006473745624  0.815206009334889 
 0.954280000000001  0.359745423646724  1.384741766381769  1.983310541310545 
 0.922223354444444  1.648251111111112  3.476842222222222  2.903052222222221 
 1.705417549019608  1.928714705882353  4.094778431372546  2.943574509803923 
 2.235083333333332  1.464620952380952  3.023571428571431  5.114966666666667 
 0.594923878406707  0.096822941165619  1.525739203354298  1.217267379454927 
 0.471593543929962  0.254031757198443  1.950031906614787  2.480294163424124 
 1.570676859504133  0.348045265702479  2.235222727272728  3.109871900826446 
 1.347306869009586  0.411863076677317  2.475079552715657  1.884884664536741 
 1.370797089552239  1.203131417910449  3.697743283582089  1.794871716417910 
 0.964682831858406  0.363729633215339  2.206676401179944  2.379949262536877 
 1.552250400000001  1.402695199999999  2.818419999999999  1.023393779999999 
 1.518729090909091  2.297984415584414  2.849699999999999  3.946233766233765 
 1.036182053571427  0.299351683035715  2.576758035714287  0.585680265178571 
 1.369398556701030  1.165444329896907  2.590264948453608  4.305238144329897 
 1.471617684210527  0.851884842105263  0.822907401052632  2.094562105263158 
 1.650247488584475  0.491038292237443  1.656984474885845  1.929773059360730 
 2.046894444444444  0.276988314814815  2.806159259259259  3.823479629629629 
-0.335206845197740  0.063797229751412  0.801931514124295  0.519781247457627 
-0.305592394846797  0.054993167005571  0.463183761838440  0.424992469916434 
 1.259644593023256 -0.197909420930233  2.928094186046510  2.784394767441862 
 1.008968484848486  0.468577542424243  2.233906060606061  1.299241590909092 
 0.947950850202429  0.452246433198381  1.549301538461539  1.415489392712550 
