 0.011729303370779  0.075651499610676  0.950523285955034  0.963659261797803 
-0.345054275468063  0.069654030871780  0.587882026459243  0.587815796585887 
 1.120911649328804  0.242794301426178  1.427968292785187  2.808614513422788 
 1.631042295719834  0.962660870298317  2.687230739299632  1.463855209727536 
 0.420351914036692  0.100656063201834  1.043885115412863  1.678940527522935 
 1.473989240384614  0.493987809783656  3.661218629807697  2.254929651442341 
 1.421750674157309  0.422122555580526  1.474153903558050  1.664445730337067 
 0.407205491072161  0.093180792438645  1.593455654300863  1.060862221443127 
 0.930973553356901  0.322910582381627  2.524402332155455  2.452129328621864 
 2.262917582417563  0.723931992802196  2.567284065934064  2.822786126373616 
 0.639654746480149  0.123571555317551  1.793541798182668  1.958458727881389 
 2.145778560460641  1.595518598848372  2.661107005758149  4.056952783109403 
 1.781788737300442  1.417897793904213  1.633046962409275  2.824767779390441 
 1.361606658991227  0.399776240131581  2.569118508771937  3.596876644736839 
 2.220298053278683  1.860099979508197  3.460172336065575  2.219724672131142 
 1.921090302491105  1.210316548042705  4.079203914590738  3.475357117437723 
 0.864431564944132  0.184955791180168  2.446390851955310  1.344023090083799 
 1.261020733482141  1.473395282738094  2.892894047619048  2.868408928571425 
 1.587073872976339  0.050758404159402  2.404691033623909  2.186330635118304 
