 0.034337659154881  0.076758042517617  1.235834084506900  0.593987205986225 
 0.257509430267062  0.091970565964379  0.680862305637914  1.623422848664492 
 0.899085562129975 -0.013251559644960  1.772050295857815  2.278564201183342 
 1.749401785714236  1.119447142857156  2.737464880952481  1.860808928571027 
 0.169004660624051  0.078775808484397  1.192407057949529  1.387006389301636 
 1.146634383561615  0.099668244520569  3.499447945205530  1.851971917808408 
 0.601050835266842  0.151784809721583  1.096140533642670  1.442954524361930 
 0.405798475655464  0.109616613445681  1.760267041198647  0.615000644943810 
 0.624675120155112  0.133807567829466  2.677134496123826  1.336435620154874 
 2.776847169811225  0.898878084905648  2.426025471698157  3.078384905660331 
 0.620206309538425  0.017370833166154  2.282995076923008  2.038049846153800 
 2.172041666666552  1.653328541666690  1.618064999999951  4.520562499999860 
 2.197176623376698  0.926837012987050  1.125388636363504  3.275689610389875 
 1.635309999999952  0.261200716049429  3.757995061728572  3.773640740740657 
 2.669601388888817  2.168119444444464  3.901475000000018  2.495029166666581 
 1.406151619047611  1.093893333333351  4.074259047619122  3.422442857142895 
 1.106126477272721 -0.001508990340909  1.902290909090935  0.861649147727275 
 1.882684574468077  1.107885000000008  2.320061170212761  2.918653723404268 
 0.987897666666659  0.021457083611113  2.009947777777758  1.634329722222275 
 2.509847619047619  1.395088412698405  1.419824904761895  1.770288571428565 
 0.936768823529432 -0.058300094117645  1.938643137254860  3.005860294117610 
 0.775859522012558  0.727601886792424  2.817448427672951  1.791235849056599 
 1.845606282051270  1.294123589743579  4.492111538461541  2.105305128205150 
 0.176738060907757  0.079743123549048  1.489245973645694  1.048901317715961 
 2.443280733944971  1.102577431192667  3.790235779816541  3.051414678899095 
 1.105831224489779  0.362388146938770  2.044628571428564  4.096194897959222 
 0.310403963730570  0.081141080003455  1.552009153713288  1.543117616580297 
 1.783641104294492  1.245271349693251  3.155920858895669  2.641709202454005 
 0.723553316872424  0.070454405761315  2.785376954732491  2.340650205761314 
 2.031547663551389  0.100163510467289  3.154757943925266  1.949705607476649 
 1.771768965517247 -0.059903618965519  2.394695689655150  1.399405862068958 
 1.536073529411762  0.160698555294116  4.076243529411799  2.519310588235274 
 1.940154385964922  1.070130596491239  4.896861403508761  3.358035087719298 
 2.427912500000002  1.981804999999994  4.467892500000021  3.997302499999968 
 2.397356198347108  1.783638016528926  2.781550413223143  2.420304132231404 
 0.785488531531533  0.338952269369370  3.518823423423402  2.865263963964015 
 1.828779310344823  0.166585654712645  1.321538160919540  1.286752068965534 
 2.198621126760553  0.206832707887326  1.812047605633808  3.879209859154932 
-0.034793380000000  0.074125066692307  1.128370139860148  0.986286797202804 
 0.331287639423081  0.086465175721154  0.886403918269226  0.980797355769230 
 1.362584214876035  1.420490578512397  1.672451404958667  2.712620661157009 
 0.674948318584068  0.123671952212389  0.813465486725660  2.160670796460173 
 2.567778313253015  2.144643373493978  3.066165060240960  3.602975903614434 
 1.540245348837207  0.011303712209303  1.250271337209298  2.596883720930262 
 0.001490191126276  0.073567639163822  0.848551365187710  1.249819965870324 
 1.315667909090909  0.541617072727275  2.960236363636364  2.271073636363641 
 1.263326322580645  1.010506451612902  2.102183225806458  1.905499999999990 
 0.985429111111115  1.237672222222221  2.572966666666668  2.489778362573098 
 2.298937391304347  0.327393339130429  1.987719130434762  2.460313043478247 
 0.418554813648297  0.071043600839896  2.000226246719161  1.106627821522309 
-0.577936606425703  0.165959058413656  0.425310605020090  0.518718072289154 
 1.838620979020977  0.655154055944057  2.111888811188814  1.193190769230770 
 1.495655892857140  2.062365178571421  2.418246428571434  2.954864285714289 
 1.062365636363635  1.131890363636362  3.185303636363639  3.613335454545447 
-0.203313517721519  0.069348476859494  0.812838886075946  0.906416670886072 
-0.007954499204771  0.076690312703777  0.779139025844934  0.619824846918489 
 1.044651000000005  0.403801472727273  0.943723072727269  3.323257272727279 
 1.237341854838712  0.577068064516129  1.695531854838704  2.661337096774198 
 0.783873116129030  0.452958825806452  2.407741290322591  3.116789677419355 
 1.678332954545454  2.248564772727276  3.430079545454544  2.020979545454546 
 1.759508108108108  0.809469797297299  2.524372297297302  3.584722972972974 
 2.732295121951219  1.099289036585366  3.356300000000001  3.903420731707317 
 2.487629411764706  1.876819117647060  1.843747058823528  3.155307352941172 
 1.794347794117646  2.269136764705885  2.060977941176468  1.899211764705883 
 0.326231794871794  0.106544689020979  1.151059160839159  1.907029370629378 
 1.980491044776124  0.225181698507463  3.020104477611946  2.914585074626852 
 2.660749999999999  1.477725370370369  3.186670370370370  1.294182407407408 
 1.418180930232559  1.348117325581393  1.380316976744187  3.709427906976754 
 1.107123139534882 -0.213532213779070  2.660667441860475  1.708431395348835 
 1.380579041916168  0.433178441437125  3.162745508982035  1.271853473053892 
 0.717477511111111  0.122941473703703  1.295128333333334  2.581053333333334 
 1.468911244979923 -0.032657195020080  2.227177510040157  2.324459036144574 
-0.037824810256412  0.072118063613054  0.459963279254079  1.054464149184151 
 0.950162024793391  0.514859371900827  1.367111487603313  2.059626446280998 
 0.950606573563218  1.664595402298851  3.452933333333332  2.795959770114941 
 1.721292680412371  1.955743298969072  3.990857731958757  3.012128865979384 
 2.257386842105261  1.470654736842105  2.929673684210529  5.149955263157895 
 0.694874736842102  0.084585184962406  1.276141503759406  0.877450263157895 
 0.462034937149759  0.260628231884058  1.990043478260871  2.517546376811592 
 1.613847150259068  0.201765259067357  2.279029533678756  3.137627979274611 
 1.293407938144331  0.395587164948454  2.469452233676975  1.844495189003436 
 1.229812886597939  0.984677628865981  3.651019587628868  1.791193814432989 
 1.034880371621623  0.364950269121621  2.305958783783789  2.494144594594599 
 1.563869166666668  1.386952708333332  2.841473958333333  1.046212687500000 
 1.460510657894737  2.283503947368418  2.871030263157893  3.912047368421051 
 1.024192818181817  0.313546713636364  2.613638181818183  0.589742270000000 
 1.200694328358208  1.156040208955224  2.641832835820895  4.420125373134331 
 1.596011518987343  1.027645949367088  0.876818786075950  2.431705063291138 
 1.635784615384615  0.561212912087912  1.632477472527473  1.954489560439561 
 2.111052688172044  0.355970161290322  2.905810752688172  3.866003225806453 
-0.316966110958903  0.077758881000000  0.845554219178082  0.541942758904110 
-0.251472885740404  0.079778286307130  0.463186786106033  0.424201323948812 
 1.273353129251700 -0.211170714965986  2.915432653061221  2.724603401360547 
 0.963407385321102  0.488634986238532  2.253405504587157  1.237930321100919 
 1.060009246861925  0.463459472803347  1.616142259414224  1.451808200836819 
 0.893013733766235 -0.027314757889610  1.377143441558439  1.762350649350650 
 0.475562810457516  0.095756899564270  1.653559694989107  1.983997603485836 
 1.601081944444444  1.176219722222222  4.253533333333335  1.032256361111111 
 1.458368024691356  0.824201172839506  3.616988271604940  2.584756790123457 
 0.825228415094339  0.523695396226415  1.990049811320758  2.039380754716983 
 2.319354166666668  1.450922291666666  2.422589583333333  3.894927083333334 
 1.323681306532667  0.524035050251256  2.956008542713566  3.032375879396984 
 1.645467906976747  0.599355348837209  2.454879999999998  2.445997674418605 
 2.488061261261262  0.765709909909910  2.860407207207207  2.340793693693693 
 1.178094160583941  1.233517153284673  2.268816058394160  3.312243795620438 
 0.654497023809525  0.137992313752381  1.625079285714284  1.284703666666666 
 2.094289285714285  1.205813303571428  1.821167857142857  2.355464285714288 
 1.826734265734265  1.416961748251748  3.177544755244757  3.499533566433568 
 1.862758333333333  1.392254375000000  3.967675000000000  4.421481250000001 
 1.426903439490446  0.382639700636943  1.663607643312102  3.323262420382163 
-0.329032242857143  0.062857046324675  0.499073036363638  0.763990935064935 
 0.476847980256410  0.154191938461539  2.062656666666667  1.598156153846153 
 1.089017115384615  0.133913252884615  2.895834615384613  3.694180769230770 
 1.236678455882352  0.357907715441177  0.851505808823529  1.575933382352943 
 1.497017301587302  1.467965079365079  1.611923492063493  1.226780634920635 
 2.105793518518518  0.967118888888889  3.571178703703703  1.964597222222220 
 2.452609677419354  0.455819059677420  3.957645161290327  2.534348387096773 
 1.400783333333334 -0.034569089880952  1.671710714285714  1.974702976190475 
-0.512538681102362 -0.041153708255295  0.600427145669291  0.456095291338582 
 0.999349629629630 -0.028693350000000  0.316028696296296  2.082227777777778 
