-0.159469594618614  0.071068447855280  0.880486572622738  0.656920863009495 
-0.403914593250800  0.069774505182231  0.507882395886573  0.564489222603809 
 0.949813489230665  0.219640408723084  1.023569897846064  2.443175692307642 
 1.740614690265464  1.257017551622424  2.844120943952849  1.309467031563221 
 0.369127827760242  0.091777447626182  0.971287823343873  1.688992507886437 
 1.068841929674094  0.326080862521447  3.070659348198985  1.429230053173291 
 1.076430665926755  0.265703965049947  1.340105460599321  1.483583551609311 
 0.197858477751898  0.082454749291786  1.323389015725120  0.889890519510773 
 0.682108862336546  0.113400415387970  2.210314123801177  1.656679075850005 
 2.202868421052609  0.964374067150632  2.245325226860264  2.958306896551716 
 0.658722384868815  0.128437154443673  1.721980632716026  2.173542746913577 
 2.273714982578380  1.828524285714292  2.632922648083618  4.125683623693354 
 1.605893142857157  1.054617800000008  1.246871837142830  3.361709428571485 
 1.316205129982660  0.350496528769503  3.041484748700195  3.337844714038116 
 2.188767787878780  2.089498181818185  3.131029696969699  2.414019272727258 
 1.763997859424920  1.429643495207670  4.265344089456886  3.570117891373817 
 0.663420747416762  0.129707467216992  1.993352468427103  0.904251390585533 
 1.263025999740256  1.673888649350653  2.689697402597406  3.359030909090907 
 1.588743452380943  0.134127718363096  1.749624851190464  2.295736160714312 
 1.978243851132689  1.484307605177993  1.576752980906146  1.971786148867312 
 1.070648536290324  0.227664044489247  1.977516317204294  3.065275268817196 
 1.176655980392155  0.888060658263302  2.208547198879556  2.309173249299721 
 2.091752412587411  1.236999720279718  4.165496153846158  2.105928531468537 
 0.012082463541147  0.074183623650374  0.795321318603493  1.127501600997511 
 2.422770028011203  0.950151901400561  3.350929691876757  3.477076470588238 
 1.552506169014083  0.560070997633802  2.283768112676049  4.045771549295777 
 0.345904494360903  0.091140320922306  1.535790977443609  1.449456077694233 
 1.406437964948454  1.180338329896906  3.203428865979379  2.498096701030927 
 0.956733652173912  0.128732754213250  2.628424637681157  2.344319979296062 
 1.981228705440899  0.365015716735459  2.885747091932456  2.241864727954974 
 1.507020552050474  0.351552867350158  2.155654731861200  1.409626187697160 
 1.316743886740332  0.343842374033149  3.788488121546962  2.463020718232045 
