 0.006447025665058  0.074647722613469  1.239758153364507  0.626608154929853 
 0.234659060941828  0.083100478864254  0.729351454293565  1.633970360110620 
 0.946116399999804 -0.054476725599990  1.813415999999834  2.249535714285628 
 1.776071065989806  1.117683654822346  2.796363959390949  1.908973604060572 
 0.205878078772361  0.078580795025574  1.196910217391348  1.425465089514069 
 1.208527078651662  0.065034133146084  3.456574157303414  1.869436516854088 
 0.696181530343032  0.177878352744069  1.007322295514491  1.447355013192592 
 0.415876375776425  0.101399653074524  1.763192236024965  0.647776683850923 
 0.625898426923150  0.140095555000009  2.692635384615182  1.332992769230605 
 2.756107031249923  0.835540992187490  2.442675000000036  2.934085156249962 
 0.541293121855645  0.105172189956701  2.128733608247376  1.793421649484508 
 2.098369090908990  1.491298727272748  1.584134363636321  4.518039999999877 
 1.993911666666730  1.128572000000032  0.986392477777665  3.283842222222449 
 1.402593333333295  0.226073686868724  3.557662626262772  3.804803030302962 
 2.534301249999936  2.245396250000018  3.919045000000015  2.370918749999923 
 1.549707177419348  1.013356612903241  3.916354838709743  3.530613709677451 
 1.106409041916161 -0.027879945508982  1.895447904191644  0.869763652694613 
 1.888044723618083  1.107802110552772  2.243259798994970  2.760686432160818 
 1.043788378378372  0.048263984766586  1.896534889434872  1.619911056511106 
 2.294926229508196  1.287016065573766  1.541993032786881  2.036137704918028 
 1.026441627906996 -0.044532299999999  1.894675813953450  3.086909302325547 
 0.820196218749983  0.722955677083310  2.837558333333331  1.853747395833330 
 2.042138679245275  1.156179811320746  4.292808490566040  2.081345283018884 
 0.169974995284325  0.077496012723994  1.503526213592246  1.072496463245493 
 2.553821848739511  0.990357310924376  3.781015966386579  2.940878151260515 
 1.088431363636348  0.255229539999995  2.227232727272722  4.083507272727307 
 0.376505014430015  0.123191673494950  1.596986147186140  1.590744444444432 
 1.872232768361594  1.212955875706215  3.145598305084713  2.719333898305102 
 0.712612290220817  0.055886657760251  2.673349526813866  2.238137223974765 
 2.159904761904755  0.454493278412698  3.157246560846579  2.069230158730167 
 1.812718666666671  0.049890874666665  2.372239999999981  1.375577399999995 
 1.658947247706420  0.214253405504586  4.091789908256911  2.526245871559618 
 1.842893827160501  1.062963012345686  4.790224691358017  3.360846913580247 
 2.233232857142859  1.762664142857139  4.277734285714297  4.219742857142840 
 2.470176612903227  1.741455645161290  2.756383870967746  2.371746774193547 
 0.772383096000002  0.383540058400000  3.467737599999982  2.848061600000046 
 1.607171710526313  0.169512684605264  1.174173092105263  1.415822565789484 
 2.031279999999995  0.333800402166668  1.752430666666669  3.652163333333335 
 0.006343424597207  0.076333699897959  1.073429430719661  1.076314371643399 
 0.513809863387983  0.103350894535520  1.054103087431688  0.838123448087432 
 1.362227272727275  1.462753223140495  1.587733057851229  2.677109917355357 
 0.813532648401824  0.114483197260273  0.655264847488581  2.142201369863012 
 2.429953389830509  2.032587288135595  3.110041525423728  3.515512711864391 
 1.550432620320855 -0.008792740641711  1.276253636363632  2.528994652406443 
 0.060738454077250  0.075488704864091  0.655439397424892  1.185213218884131 
 1.368490901960783  0.442486976470591  2.908564705882356  2.442539607843141 
 1.287030759493671  1.014642658227847  2.049074050632918  1.891287974683534 
 0.970320826815646  1.291726927374300  2.542007262569835  2.622569273743016 
 2.190238775510203  0.362564676190472  2.087023129251683  2.371438095238084 
 0.469663014583336  0.102623638333334  2.030087291666666  1.208306145833334 
-0.589154016282224  0.092510727539092  0.488202225644512  0.525321590230663 
 1.789185611510789  0.823364820143886  1.966260000000004  1.120884676258993 
 1.513115118110234  1.977411811023616  2.414497637795279  3.054195275590553 
 1.347083437499999  1.299400124999998  3.164820625000002  3.615093124999995 
-0.222056507840772  0.069339498442703  0.846719264173700  0.896844704463205 
 0.012284522552448  0.075942323933566  0.774285944055947  0.649869606293706 
 1.126795231788083  0.393708907284769  1.080793576158937  3.337015894039739 
 1.300003024193551  0.557795766129031  1.673287096774189  2.712360887096777 
 0.780623291666665  0.516407411904762  2.411101190476199  3.197589285714285 
 1.629149999999999  2.167394117647061  3.227623529411764  2.142479411764707 
 1.750951162790698  0.974380523255815  2.509986627906980  3.466865116279071 
 2.577557407407407  1.070983898148148  3.336022222222222  3.858815740740742 
 2.465324358974359  1.815048717948719  1.837660256410255  3.184962820512816 
 1.744153977272727  2.133523863636365  1.934046704545453  1.761740000000001 
 0.349228028639617  0.104127327899761  1.119673412887827  1.958901193317431 
 2.030875000000003  0.164215273571428  3.022643571428576  2.881475714285700 
 2.659558461538461  1.383247846153845  3.264436923076923  1.369863846153846 
 1.309909133858269  1.203236535433069  1.721863464566930  3.586722047244101 
 1.097036719576719 -0.221439628941799  2.574088888888896  1.696258201058200 
 1.381580662650603  0.433424787469879  3.167727710843372  1.273492951807229 
 0.738869347670251  0.145771603225806  1.289504731182795  2.611364516129034 
 1.455769172932334 -0.034889373157895  2.218000375939848  2.319996992481199 
-0.265851555425905  0.064612013138857  0.472782681446908  0.819876021003501 
 0.976261094890513  0.474146350364964  1.395638722627742  2.025421167883216 
 0.928796977173913  1.635496739130435  3.469202173913043  2.871169565217390 
 1.698433557692308  1.935634615384616  4.066657692307690  2.949577884615387 
 2.236802325581394  1.482755348837209  3.024334883720933  5.100606976744186 
 0.653340431818180  0.065041812354546  1.518816363636367  1.193680272727274 
 0.474428742297298  0.197876513513514  2.040204504504506  2.518869369369370 
 1.596017475728156  0.277197530582524  2.226614077669903  3.136358737864077 
 1.345259016949153  0.399405915254238  2.496548135593221  1.869397288135593 
 1.306286785714286  1.016127678571430  3.676252678571429  1.788516964285714 
 0.978150160000000  0.301344188640000  2.268976800000006  2.541263200000004 
 1.564467400000001  1.378838499999999  2.809753999999999  1.028692779999999 
 1.493474342105263  2.302932894736841  2.854461842105263  3.932789473684210 
 1.034718053097344  0.311556446902655  2.586665486725665  0.588782209734513 
 1.259099135802469  1.188316419753086  2.591718518518518  4.343180246913581 
 1.500222758620690  0.852287126436782  0.808234058620690  2.111587356321838 
 1.624020952380953  0.461109076190476  1.645158095238095  1.943046190476190 
 2.065033018867924  0.284338849056604  2.791818867924529  3.843311320754717 
-0.338141106334842  0.063673688382353  0.801171730769232  0.521841622171946 
-0.305887608725762  0.055141541426593  0.463015458448754  0.426402096121884 
 1.159771153846152 -0.217859701282051  2.902662179487176  2.816732692307695 
 0.994676666666668  0.471896085365854  2.270702439024392  1.316406422764228 
 0.964253707317072  0.579971268292683  1.570336097560975  1.303449024390244 
 0.887925924657536 -0.030482784349315  1.347569623287671  1.807141095890412 
 0.492391650717703  0.102541051674641  1.619494736842105  2.083152870813398 
 1.604651388888888  1.175225833333333  4.229227777777780  1.024086916666667 
 1.445312960893854  0.844309217877095  3.573679329608938  2.576022346368714 
 0.845939204152249  0.522213702422145  1.998493079584777  2.083062283737025 
 2.453242391304349  1.393530217391304  2.417349999999999  3.858393478260870 
 1.336668405797102  0.467278584541063  2.906087439613525  3.213653623188405 
 1.409527847533634  0.724216636771300  2.383904035874440  2.473703587443946 
