-0.183074577458173  0.070627661642263  0.842510643305397  0.653360613912225 
-0.411422454835962  0.069814792260889  0.497167110907532  0.559385928163586 
 0.888041847589319  0.186159363250396  1.046098898289179  2.398425505443183 
 1.661975377049154  1.299551442622958  2.709027540983659  1.280267796721088 
 0.384886259070978  0.095618256082383  0.944535644171807  1.703573531989486 
 1.037097127659568  0.326685873791109  3.104200386847213  1.464897835589996 
 0.904322526539286  0.184883244957540  1.448024405520159  1.493104564755827 
 0.149362322956961  0.081467957522768  1.267216656269517  0.847198558951965 
 0.644849833333351  0.125117634623354  2.208666760828573  1.504202532956644 
 2.108569548133578  0.627576184793710  2.216796463654236  2.990957760314332 
 0.586847927649488  0.120484703728406  1.743995431893666  2.100331229235876 
 2.231405681818162  1.759940416666672  2.235041742424234  3.895948106060580 
 1.594828280254791  0.920750843949054  1.165633200636913  3.300073566879046 
 1.767202031249987  0.445238456562511  3.253890312500043  3.647043124999980 
 1.992717107437995  2.165072727272733  3.710820661157029  2.596071487603282 
 1.216893002931595  1.468174918566781  3.235514006514683  3.554122475570049 
 0.590522940446651  0.110996645218362  1.859105583126559  0.843686471712158 
 1.376197552941173  1.514583129411768  2.212657176470585  2.910382117647058 
 1.411419203007511  0.029676196000001  1.869117984962397  2.271858947368449 
 1.979410326086957  1.423490072463766  1.567418565579707  2.099541485507245 
 1.003609996969701  0.228494770909091  1.819461757575747  2.986151060606057 
 1.137151830238726  0.711079031830233  2.190887267904506  2.121227984084878 
 1.934699706959706  1.064841813186810  3.999331135531140  1.837396333333340 
 0.010977514997405  0.074145086621173  0.782922913233007  1.129737566165027 
 2.601107042253525  1.036821900352114  3.234859154929587  3.113606690140846 
 1.425700550458713  0.530795218960243  2.205156513761466  4.037867278287470 
 0.278271553846154  0.086177132015009  1.463770919324575  1.397450156347714 
 1.382209520920507  1.133431338912136  3.100471757322167  2.473969246861929 
 0.852061879548304  0.069535116587201  2.579545671267248  2.229686700125471 
 1.908244402985074  0.356628178208955  2.829794029850750  2.103053171641796 
 1.453517038461541  0.280412367115384  2.227519423076920  1.198955009038460 
 1.314246093670887  0.330196319240506  3.701182025316462  2.564111139240504 
 1.878080041841006  1.230674368200838  4.462060251046022  3.283580753138075 
 2.228948022598869  1.648886327683614  3.501110169491528  4.379388700564965 
 2.389286475409835  1.822165819672131  2.692054098360655  2.289155163934424 
 1.144985790969898  0.251457216053512  2.723533277591974  3.020829598662207 
 1.636390565552698  0.459792102982005  1.263824465295629  1.694025964010284 
