-0.036195160133275  0.073956709543591  1.062525041643489  0.697447907273835 
-0.365906367633448  0.070072087955355  0.559954223788947  0.584327567479155 
 0.975028367869536  0.207549547694999  1.095658204423680  2.389986030267718 
 1.703467299270060  0.872748874087596  2.837228649635066  1.343871101642213 
 0.380782981761972  0.093846248624419  1.129936571870185  1.650192684183411 
 1.544506805555554  0.540078147561733  3.601987808641989  2.256004320987699 
 1.208620480549205  0.308051414084671  1.447534576659029  1.383812128146441 
 0.331315789651535  0.089390555016894  1.526128410770869  1.014682736114044 
 0.963891273576115  0.118041404491131  2.721664239028901  2.094336414565784 
 2.147201594202876  0.692107110579707  2.481817681159429  2.710300144927531 
 0.669301682694865  0.135678858284336  1.811348775055656  2.151098663697093 
 2.239839541547263  1.781515415472785  2.514374068767902  4.040959025787950 
 1.634359218107006  0.868298024691364  1.366061302469116  3.293298559670819 
 1.231599829721353  0.296882783746136  3.129883746130051  3.124556965944266 
 2.171759656019649  1.954512530712533  2.989674447174452  2.384920049140039 
 1.784998750000000  1.428709720930234  4.239068604651178  3.562917441860482 
 0.940397163705582  0.196052002474619  2.501119416243666  1.092311120558374 
 1.263450398224850  1.565128540433927  2.856624063116372  3.214837869822484 
 1.575914605418132  0.185625015712604  1.988796219081264  2.070246525323930 
 1.912853578947372  1.459713315789472  1.574767318684209  2.104389368421053 
 1.057657728381375  0.214428122128603  2.036773614190682  2.939856651884694 
 1.119313233285917  0.974475206258887  2.395981650071130  2.225530014224752 
 1.986343543859649  1.441599052631577  4.141565263157892  2.007849578947370 
 0.025237147738693  0.075275701835998  0.804127959707630  1.134965550479674 
 2.434024331550799  0.920674039304813  3.360864438502675  3.429650267379682 
 1.505529783080261  0.546886814880693  2.381608416485900  3.951461822125815 
 0.573674022088920  0.109347031404375  1.952866831333803  1.528240021171487 
