 0.261145528789318  0.090524051122213  1.172993575786444  1.258637748331778 
-0.255104651531466  0.070257612004883  0.680231948784104  0.670928636940774 
 1.920073276327585  1.258721180972100  1.950496654365384  3.461583258325801 
 1.179653340898975  0.280636907556743  2.830722340898967  1.970613025812160 
 0.933073836847009  0.206303149452659  1.503506006492342  2.281052449654346 
 1.864752962962960  1.234558804255323  3.665758865248233  2.381081946414512 
 1.850255841874083  1.157812999560762  2.177477929062962  1.944909743777446 
 0.756211323665316  0.155636012458944  1.993414336559478  1.345188535716515 
 1.300609466631352  0.345590304978813  2.528069279661027  3.123988983050839 
 1.878396400730688  1.351416175365344  3.520351148225468  3.756590292275575 
