 0.150332567490211  0.080892353646302  1.314326436930976  0.650354244473572 
 0.156022737837837  0.079093864369363  0.640837933633600  1.323056951951851 
 0.675227210144803  0.102394367826093  1.554921014492650  2.255086050724583 
 1.646000131004332  1.180475109170315  2.728404803493524  1.601234628820664 
 0.257403458636348  0.086092531477271  1.124609272727308  1.494936363636362 
 1.198687763999985  0.208324421600012  3.427261600000029  1.778935200000111 
 0.918648183421536  0.111531680246917  1.477476190476172  1.678389770723092 
 0.417619976851866  0.099078780132711  1.836548919753146  1.061573827160491 
 0.769093000000061  0.260128046496822  2.621252866241867  1.021117722929804 
 2.650273988439249  0.750016289017334  2.425594797687887  2.840936994219624 
 0.556264304081975  0.152204572012478  2.056754010695147  2.106716934046319 
 2.069279279279230  1.439715621621632  2.142288558558537  4.616464864864804 
 1.856752812500045  1.275124765625023  0.988961071093670  3.176914062500161 
 1.543027861271655  0.377231774566495  3.507795953757308  3.754190173410367 
 2.188206382978686  2.112366666666676  3.986663829787244  2.756958865248185 
 1.193398455440411  1.423393626943014  3.608891709844600  3.181061658031111 
 0.923856764705880  0.069964889542484  1.855945751634002  0.735439693464054 
 1.749425581395344  0.996944950166117  2.126790365448500  2.819049501661139 
 1.236154045977005 -0.089055854942527  2.026477241379290  2.086857011494304 
 2.254108955223881  1.215460671641787  1.406541992537310  2.037964179104471 
 0.857017593373506  0.046561606325302  1.968798192771060  2.973580421686727 
 0.929350692520767  0.592449224376719  2.619855401662049  1.815825761772852 
 1.812154893617015  1.192017517730490  4.258074468085112  1.830801134751786 
 0.160010207499998  0.079035864170454  1.421796931818191  1.139664999999999 
 2.465652352941186  0.953759204705887  3.770912941176488  2.917372941176477 
 1.162002291666655  0.288415905555552  2.367519444444441  4.121975000000030 
 0.371750403699285  0.108945499202865  1.592822076372310  1.649784606205239 
 1.628148536585373  1.153262125435541  3.303284668989527  2.489954006968649 
 0.812021556135767  0.068340729660573  2.663012010443860  2.400139425587467 
 2.147641592920347  0.397368157168141  3.163763716814174  2.122081858407086 
 1.574586254295536  0.094724777422680  2.484719931271469  1.438335085910650 
 1.460812797927460  0.420594638341968  3.971859585492249  2.531243523316053 
 1.852412000000004  1.160463232000005  4.642364799999998  3.379170399999999 
 2.119145238095238  1.669894166666663  4.039913095238105  4.471955952380934 
 2.440282035928144  1.675678862275448  2.715013772455090  2.387908383233533 
 0.924882581730770  0.339305192307693  3.313728365384601  2.854158173076948 
 1.670714222222220  0.292936400266667  1.325533200000002  1.524299644444450 
 1.831261440677964  0.241170272288136  1.967869067796611  3.446989830508481 
-0.009659038042678  0.074559368641648  0.985320551876383  1.032423818984549 
 0.703099833024121  0.140995547050093  1.180573617810758  1.137949332096473 
 1.156599431438128  0.782293913043478  1.467073946488289  2.222903678929761 
 0.985376147540981  0.250951722950819  0.690258301639343  1.857934836065572 
 2.218246979865772  2.129030872483223  3.036647651006712  3.662788590604016 
 1.557716423357663  0.108548157810219  1.407318576642336  2.539349270073008 
-0.204859985653652  0.069591371078098  0.574888052631579  0.889732792869275 
 1.426863411458334  0.532555036458335  2.763735156250001  2.345198177083336 
 1.067967512953369  0.547090354922280  1.904018652849745  1.547542797927460 
 1.024909585774060  1.275913012552301  2.448541422594145  2.424194560669459 
 1.864035438596491  0.477567590877191  2.122208070175430  2.118987368421050 
 0.643349099678458  0.093446273585209  2.105098553054663  1.521546463022509 
-0.542867220756376  0.073217024042489  0.510496209586635  0.545574284960421 
 1.737343544303796  0.814750316455697  2.047809493670889  0.983620871518989 
 1.463258922155689  1.910137125748499  2.314176646706589  3.141249700598804 
 1.184388311688312  1.466362922077921  2.949135714285719  3.898398701298699 
-0.197269548594377  0.067308763325301  0.893524064257026  0.614191159036142 
-0.263573970281544  0.067117237966632  0.521940274244005  0.448211895933263 
 1.112125967741937  0.454448860215054  1.192339301075267  3.300456451612905 
 1.094070068965520  0.442652259770115  2.053773103448275  2.494388505747127 
 1.015643058419244  0.613024323711341  2.578757388316153  3.184088659793816 
 1.629977063492064  2.192263492063493  3.215376984126985  2.230903968253967 
 1.864593189964158  0.762292781362007  2.773501075268821  3.409829032258065 
 2.534910596026489  1.072276629139074  3.205461589403974  3.896649668874175 
 2.532472440944883  1.593309685039371  1.990890551181103  3.440959055118109 
 1.688561367521368  1.994868376068377  1.864560769230768  1.855028376068377 
 0.406079488281250  0.083938808515625  0.988006621093750  1.982238671875004 
 1.593793707482994 -0.038083373809524  2.734397959183674  2.860991496598638 
 2.606079487179486  1.530373205128204  3.333300000000000  1.367544102564103 
 1.348358200000001  1.131736799999999  1.722942666666666  3.660804000000004 
 0.804571118466899 -0.098934005540070  2.658844250871083  1.719911498257839 
 1.424864888888889  0.787742289037037  3.352953333333333  1.050356000000000 
 0.843001493562232  0.102652749785408  1.047398746781117  2.629046781115879 
