 0.056976270176893  0.078035115623426  1.168664178601448  0.705053937658111 
-0.112653140494166  0.069561187905968  0.612560675909388  0.967763047357540 
 0.634652037366044  0.126408496404376  1.533108087431631  2.201642185792311 
 1.718777859778568  1.258344723247242  2.754272324723306  1.266534937269122 
 0.343643311455830  0.087017160644390  0.890195576372349  1.767384725536997 
 1.256186717579240  0.472977153659951  3.378630259366015  1.522897691642729 
 1.028791162483498  0.278532876354031  1.705443196829572  1.585977556142656 
 0.201976865615773  0.079000565294578  1.508408374384271  1.063328413793100 
 0.730003785171137  0.238771225855517  2.570118250950474  1.243109279467602 
 2.101418906605902  1.009444669703870  2.265241685649215  2.822011389521631 
 0.608992597269956  0.088133607552073  2.111250657229498  1.814122345803827 
 2.452845641025611  1.474365179487186  2.249129230769217  4.003174358974326 
 1.769475219298268  1.226096859649136  1.197084618421010  3.454283333333425 
 1.756767333333319  0.443144057000013  3.210561666666713  3.681385999999978 
 2.024402885572113  2.170594029850752  3.848831343283589  2.611948756218875 
 1.177412774538744  1.333233468634693  3.466447232472353  3.438334686346883 
 0.613931189224705  0.099045538562418  1.900722339027602  0.912336565308805 
 1.163000359756093  1.369681890243906  2.194217073170726  2.921623475609754 
 1.401963728222989 -0.051589331986062  2.027925609756081  2.225800696864148 
 1.823725707547170  1.700588679245280  1.651293557075468  1.951047641509431 
 0.786858640553001  0.170551191182796  2.144232565284171  2.737330568356367 
 1.177724318529860  0.713796309341495  2.388577335375185  2.064079019908111 
 2.022871081081078  1.063777725225222  4.087898198198202  1.897910630630638 
 0.075429083457123  0.077828271026334  0.991836103983796  1.212204530722490 
 2.582385943775106  0.975943372289160  3.280093574297200  3.125520883534136 
 1.215640602409633  0.680891461445782  2.321740160642566  4.131114457831338 
 0.371978372533545  0.098314964358327  1.491886898184683  1.561695659037088 
 1.475676858173081  1.313469423076928  3.142353846153838  2.432392788461546 
 0.955497484320554  0.060407116620208  2.805269686411147  2.072908013937291 
 2.007085294117646  0.351527301176470  2.845823529411770  2.207699773755660 
 1.555814987080106  0.273870629095607  2.251809302325577  1.147902415245476 
 1.332961172910663  0.357875686167147  3.728921613832861  2.585457925072045 
 1.927256294416247  1.174214842639596  4.499107106598980  3.272856852791876 
 2.280598000000000  1.578140606666664  3.687878666666670  4.403611999999991 
 2.535053658536584  1.830545853658536  2.778427804878048  2.180922243902437 
 1.153459391771018  0.315517257960644  2.831522003577816  2.967802504472277 
 1.924749458483752  0.508281963176896  1.390864321299639  1.741681263537909 
 1.808249476439790  0.252908614554974  2.102460209424086  3.327969633507856 
-0.246671787396563  0.069039031737746  0.797110190961176  0.582225337492046 
 0.787135358931554  0.146478369181970  1.131988831385643  1.162428631051754 
 1.302281157684633  0.595906665269461  1.604686007984030  2.442288822355286 
 1.035253056872037  0.186067118957346  0.878133591469193  2.091784123222745 
 1.782695772357723  2.057475203252034  2.734693495934958  3.546260975609754 
 1.082516564643799  0.215367994459103  1.275875831134564  3.096432981530349 
-0.448972553571429  0.070495486284756  0.471842309126984  0.526721693877553 
