 0.006447025665058  0.074647722613469  1.239758153364507  0.626608154929853 
 0.234659060941828  0.083100478864254  0.729351454293565  1.633970360110620 
 0.952207605633610 -0.052736501295765  1.820696338028005  2.248278028168929 
 1.755198969072122  1.137984278350527  2.789256701031016  1.911479896906869 
 0.206393007197926  0.078507844100255  1.196469267352229  1.424111053984578 
 1.197446272189325  0.051806305917178  3.473696449704187  1.865444970414365 
 0.695359523809548  0.177121337804238  1.007226322751301  1.446710185185165 
 0.415876375776425  0.101399653074524  1.763192236024965  0.647776683850923 
 0.625898426923150  0.140095555000009  2.692635384615182  1.332992769230605 
 2.747232432432343  0.899941684684673  2.444153153153194  3.063262162162117 
 0.543595939473660  0.109522425362348  2.125808502024245  1.791113562753009 
 2.098974074073972  1.503165370370391  1.575623888888845  4.522707407407283 
 1.986598314606806  1.135476741573066  0.983047449438088  3.288548314606971 
 1.401827083333293  0.224362031250039  3.557886458333483  3.817420833333263 
 2.548932051281985  2.228116666666685  3.924497435897451  2.377597435897357 
 1.562539435483864  1.008002822580660  3.917489516129097  3.528066935483903 
 1.106409041916161 -0.027879945508982  1.895447904191644  0.869763652694613 
 1.902244791666659  1.130644062500008  2.203540624999995  2.776585416666680 
 1.040607764127757  0.049975928255530  1.896726044226027  1.618992383292433 
 2.299790833333332  1.292484583333329  1.542596249999995  2.023334999999995 
 0.972685523809543 -0.027983062857141  1.875177142857103  3.056764285714251 
 0.815242219780202  0.725446703296678  2.819461538461535  1.822853846153842 
 2.041362616822422  1.154872523364478  4.286808411214956  2.079977570093474 
 0.169974995284325  0.077496012723994  1.503526213592246  1.072496463245493 
 2.556356410256426  1.010146068376075  3.809964102564127  2.953152991453002 
 1.087633944954113  0.254136783486233  2.215989908256875  4.085266972477100 
 0.373916549562683  0.122200754857143  1.594670553935852  1.589512536443136 
 1.861807428571441  1.228374914285714  3.136524571428538  2.731761142857160 
 0.700931167213111  0.031847481999998  2.652699344262280  2.238463934426229 
 1.996294936708852  0.416931758354430  3.256902531645592  2.012134810126592 
 1.813958666666672  0.055871601333332  2.371579333333315  1.371822066666662 
 1.667721634615383  0.209193886538460  4.091709615384646  2.552178846153830 
 1.836503750000007  1.062587550000007  4.794494999999992  3.365022500000000 
 2.223152941176472  1.772867058823526  4.282069117647071  4.236426470588218 
 2.470469166666668  1.750313333333334  2.748477500000003  2.361790833333332 
 0.775444975000002  0.367098844166667  3.497842499999981  2.867960000000049 
 1.611645945945943  0.164884919324325  1.169133851351351  1.408065743243253 
 2.018550434782603  0.355067471826088  1.747978956521742  3.683998260869568 
 0.006343424597207  0.076333699897959  1.073429430719661  1.076314371643399 
 0.513809863387983  0.103350894535520  1.054103087431688  0.838123448087432 
 1.365395083333335  1.466372000000000  1.588733333333323  2.674557499999985 
 0.814679308755758  0.114078950230414  0.653878302304144  2.138180645161289 
 2.429953389830509  2.032587288135595  3.110041525423728  3.515512711864391 
 1.542963440860214 -0.011653077956989  1.280051774193544  2.531448924731209 
 0.060738454077250  0.075488704864091  0.655439397424892  1.185213218884131 
 1.220830871369295  0.464288477178425  2.934488796680499  2.394827385892121 
 1.274594606060606  1.004379393939393  2.057997575757581  1.913029696969687 
 1.004217751243784  1.245412736318407  2.527913930348259  2.612368159203981 
 2.293330708661415  0.363095779527554  1.982314173228328  2.449635433070854 
 0.468840056485358  0.102226716317992  2.030366736401673  1.207086924686193 
-0.589154016282224  0.092510727539092  0.488202225644512  0.525321590230663 
 1.789185611510789  0.823364820143886  1.966260000000004  1.120884676258993 
 1.497934307692306  1.976943076923071  2.412499230769234  3.047055384615386 
 1.342971739130434  1.301584596273290  3.170063354037269  3.618835403726703 
-0.222056507840772  0.069339498442703  0.846719264173700  0.896844704463205 
 0.012284522552448  0.075942323933566  0.774285944055947  0.649869606293706 
 1.130562567567571  0.392290729729730  1.073371148648645  3.340535135135140 
 1.286636168582378  0.579289923371647  1.678550574712638  2.713377011494256 
 0.773203006097559  0.519448426829269  2.398704878048789  3.192031097560975 
 1.643518999999999  2.199070000000002  3.248728999999999  2.134105000000001 
 1.743252941176471  0.970754529411765  2.505806470588239  3.462635882352943 
 2.577449532710280  1.072903560747663  3.339277570093458  3.863952336448599 
 2.474384931506850  1.850573972602741  1.831671232876711  3.190860273972599 
 1.736192441860465  2.143890697674420  1.929151279069766  1.754090930232558 
 0.346242904306219  0.104380409066986  1.120951985645933  1.953208133971300 
 1.955564071856290  0.203982780239521  3.028916167664674  2.900744910179629 
 2.638890476190476  1.397161111111110  3.271233333333333  1.351169047619048 
 1.305018730158731  1.202267777777776  1.720400476190477  3.588584920634927 
 1.100576455026454 -0.220031851164021  2.576913227513235  1.696028571428570 
 1.374438963414635  0.431915516585365  3.168693902439023  1.273565426829268 
 0.727123266187050  0.136425886690647  1.275618920863309  2.595269064748203 
 1.482019066147863 -0.043545680389105  2.212668482490270  2.311328404669257 
-0.265851555425905  0.064612013138857  0.472782681446908  0.819876021003501 
 0.979791592592594  0.474240000000000  1.389828185185190  2.018521851851856 
 0.932135672826087  1.641802173913044  3.461041304347825  2.871957608695651 
 1.698433557692308  1.935634615384616  4.066657692307690  2.949577884615387 
 2.236802325581394  1.482755348837209  3.024334883720933  5.100606976744186 
 0.653340431818180  0.065041812354546  1.518816363636367  1.193680272727274 
 0.475840317443947  0.200861309417040  2.047305381165920  2.513238116591929 
 1.581758256880734  0.232455766972477  2.194974311926605  3.154884862385320 
 1.333247030716725  0.398469914675768  2.489645733788397  1.867693515358361 
 1.276285871559634  1.025540000000002  3.691594495412845  1.794695412844037 
 1.022398461538462  0.342504680073260  2.277652380952386  2.535394139194142 
 1.564467400000001  1.378838499999999  2.809753999999999  1.028692779999999 
 1.493474342105263  2.302932894736841  2.854461842105263  3.932789473684210 
 1.034718053097344  0.311556446902655  2.586665486725665  0.588782209734513 
 1.246882658227848  1.189773924050633  2.585537974683544  4.348077215189875 
 1.500222758620690  0.852287126436782  0.808234058620690  2.111587356321838 
 1.614857603686636  0.455807124423963  1.643886175115207  1.943875115207373 
 2.059479629629630  0.297921555555555  2.803479629629630  3.844609259259260 
-0.338141106334842  0.063673688382353  0.801171730769232  0.521841622171946 
-0.305887608725762  0.055141541426593  0.463015458448754  0.426402096121884 
 1.164292732919253 -0.212238064596273  2.894011801242233  2.817463354037270 
 0.994830530612246  0.472205253061224  2.269935918367349  1.314886448979593 
 0.964253707317072  0.579971268292683  1.570336097560975  1.303449024390244 
 0.885020819112629 -0.030772471433447  1.347584061433447  1.806726962457339 
 0.495670522565321  0.103784916389549  1.623694774346793  2.080072446555820 
 1.604651388888888  1.175225833333333  4.229227777777780  1.024086916666667 
 1.454095494505493  0.842716538461539  3.571547252747253  2.578481318681317 
 0.848957738515900  0.527490141342756  1.992964310954066  2.092069611307421 
 2.426755056179776  1.409003707865169  2.413213483146067  3.884083146067416 
 1.287206915422886  0.475141671641791  2.877835323383084  3.225087562189053 
 1.622805555555558  0.612027478632478  2.472661538461536  2.451404700854701 
 2.574301086956522  0.635152378260870  2.880768478260869  2.263281521739130 
