 0.041951827296552  0.079156368398959  1.228940892388346  0.622752905512043 
 0.166606721202003  0.077620086093482  0.675906270450713  1.389418864774512 
 0.739825303867277  0.006976469447520  1.581351381215361  2.224636279926277 
 1.630876816143462  1.194699103139023  2.732892825112183  1.623149686098351 
 0.250395130166255  0.090711926128265  1.148921971496476  1.485939786223279 
 1.206072775510189  0.199498756734706  3.427374285714315  1.771058775510317 
 0.801559166666688  0.039669550299150  1.248757799145282  1.453398354700838 
 0.401149412663775  0.091025487161565  1.810270305676940  0.789191371615715 
 0.767751129568170  0.287228056146187  2.622058471760620  1.034239418604512 
 2.662265432098704  0.769840925925918  2.435138271604966  2.854720987654290 
 0.537488515292983  0.170540226841210  2.077059357277836  2.119534026465002 
 2.081305617977467  1.380172741573047  1.845720224719074  4.479169662921274 
 1.938866176470645  1.138479705882382  0.918462716666567  3.259043137255103 
 1.539645846153818  0.266319415384644  3.567509230769340  3.771372307692258 
 2.523008139534824  2.223236046511645  3.938001162790712  2.373109302325509 
 1.363090441988946  1.160269226519347  3.682317679558053  3.309344198895051 
 1.075436576576572  0.022810472072072  1.984358108108130  0.803951207207210 
 1.787852333333328  0.983939466666671  2.232236666666664  2.823788333333343 
 1.068089630390136  0.014805450308010  1.955964681724830  1.748572689938442 
 2.309519685039371  1.219677322834641  1.448416275590547  2.015288976377946 
 0.814158114551096  0.084441230030961  1.984622910216694  2.987985448916388 
 0.839590199999988  0.604497111111094  2.739325925925924  1.801951111111109 
 1.816622518518512  1.154257037037031  4.245208888888893  1.823995259259273 
 0.222399146002075  0.080087649952232  1.494434164070622  1.150518701973000 
 2.469806250000012  0.967881530000005  3.724032500000018  2.925133125000007 
 1.146074130434771  0.286802466666663  2.360549275362314  4.119047101449305 
 0.378924602470742  0.106333703942784  1.582814434330293  1.718392457737310 
 1.607768692579512  1.125746113074207  3.283835335689025  2.483222968197889 
 0.808907199999996  0.060461270184209  2.669861052631573  2.396141842105263 
 2.156493981481475  0.431065446851851  3.152440740740756  2.096719444444450 
 1.590329213483150  0.116679412846441  2.512859550561786  1.424472734082394 
 1.487979378531072  0.421948244067796  4.002220903954823  2.507216384180782 
 1.918898958333339  1.100556500000006  4.749559374999994  3.286503124999999 
 2.226321951219513  1.649535609756094  4.242285365853666  4.200268292682908 
 2.426616455696203  1.679207405063291  2.747167721518989  2.417072151898734 
 0.885051315270937  0.440420911330049  3.322350246305406  2.813506896551752 
 1.685137280701753  0.311487837982457  1.337488157894738  1.530231228070181 
 1.884973933649287  0.238157517819906  1.989201421800950  3.468971563981049 
-0.011266156958763  0.074616966834192  1.051972482817873  1.070978470790380 
 0.547522826603330  0.120917143444181  1.047590783847975  0.885068859857483 
 1.385244634146342  1.105437317073170  1.466229853658530  2.475561463414623 
 0.987518960396036  0.207575650495049  0.607499027722770  1.872348019801977 
 2.311168707482993  2.053714965986397  3.046913605442177  3.603898639455771 
 1.543572324723247  0.080335953874539  1.366220738007378  2.532027306273079 
-0.091119090501046  0.070007934967641  0.628053244050105  0.968779780793326 
 1.412894739583336  0.529411354166668  2.683908854166671  2.250076562500003 
 1.120988718750000  0.698019843750000  2.066446875000004  1.760525312499996 
 1.021675347280337  1.247542384937239  2.510311297071131  2.574405020920500 
 1.944785416666668  0.432229389166664  2.110335833333325  2.151450833333329 
 0.503291408026758  0.105756870852843  2.078009531772576  1.437794648829434 
-0.557172440604752  0.089059201295897  0.526985241900654  0.472391573434125 
 1.727203057324839  0.843436305732485  2.055087898089175  0.990706291082804 
 1.493299333333332  1.921890666666662  2.240651333333336  3.134906666666668 
 1.278891533742332  1.223611104294477  2.875016564417181  3.886390797546010 
-0.259644299534884  0.071944058418605  0.856284037209301  0.716896158139533 
-0.207589510883483  0.061175149282970  0.674008002560820  0.413907831241997 
 1.189753815028903  0.356571855491330  1.198909595375721  3.346570520231215 
 1.070948471910114  0.468472869662922  1.975088988764044  2.483553033707870 
 1.124220582822085  0.445844341104295  2.569825153374234  3.162120245398774 
 1.533013124999999  2.095453125000001  3.193492968750000  2.252132812500000 
 1.878585537190083  0.688136099173554  2.784534297520665  3.411378925619837 
 2.533169444444443  1.040867854166667  3.132005555555556  3.883861111111113 
 2.502972033898305  1.614883983050848  1.974247457627119  3.395153389830508 
 1.758662543859649  2.058386842105266  1.947341315789472  1.812710701754387 
 0.406523783673469  0.090838483653061  0.985274346938775  2.001874285714290 
 1.621722614107884 -0.003355304564315  3.011440248962656  2.839299170124479 
 2.606003947368421  1.423973815789473  3.240575000000001  1.351976973684210 
 1.317048701298702  1.139347207792207  1.716569610389610  3.625646753246758 
 0.826808938906752 -0.099831941479100  2.608575562700969  1.712124115755626 
 1.423321068702290  0.799730068854962  3.365543511450381  1.048560687022901 
 0.774946921259842  0.214969101181102  1.125829173228347  2.655114960629921 
 1.414655867507886 -0.093486889779180  2.193756151419557  2.408168454258674 
-0.329263093453009  0.054088762435385  0.425725105913411  0.690023210137275 
 0.987156310160429  0.448206381550802  1.400836497326205  1.940890909090912 
 1.098411094047619  2.047514285714287  3.156945238095239  3.591039285714286 
 1.609272232142858  1.919115178571429  4.023217857142856  2.945514285714287 
 2.075946551724138  1.594277931034483  3.003437931034484  4.951872413793104 
 0.822441659192825  0.309800039968610  1.681542152466369  1.284647668161434 
