 0.145330200232256  0.081249671026721  1.329140975609663  0.697629377468266 
 0.137119549142856  0.075854537242851  0.647324076857111  1.298614857142762 
 0.741803671377970  0.107312737985872  1.505602438162442  2.419372791519376 
 1.699013862433819  1.231230476190487  3.017555555555644  1.202861105819748 
 0.307305795267728  0.091876705342464  1.046581843088456  1.603347198007471 
 1.250355743478244  0.351035124434796  3.491332608695682  1.512989956521858 
 0.948403750000017  0.079871575500003  1.520241483333315  1.692795666666655 
 0.377227988902601  0.093533151573362  1.756360665844683  1.126917472256472 
 0.748597890804652  0.267950522126443  2.654469540229730  1.056258235632064 
 2.646212154696077  0.775911491712700  2.427182320442013  2.831868508287264 
 0.579939503291319  0.132285438581103  2.078096692913350  2.153290551181077 
 1.945204961240268  1.472182170542645  2.342894573643392  4.576876744185994 
 1.777602111801277  1.204444062111819  1.159518155279440  3.566950931677146 
 1.535532978723385  0.298210430851084  3.415352127659650  3.723959042553157 
 2.178694078947335  2.072705921052640  4.002040789473694  2.766638157894698 
 1.053915040828398  1.315441005917170  3.661085207100637  3.272932544378725 
 0.828137236842103  0.079464151578947  1.854480789473696  0.734785226842107 
 1.744191509433957  1.019192578616356  2.190620440251571  2.829816352201263 
 1.273242009237868 -0.086509617782908  2.041612471131618  2.136937413394969 
 2.195352348993288  1.223649731543621  1.324580262416104  2.168038926174491 
 0.893298867283964  0.029956386419754  2.050962962962937  3.011877469135785 
 1.143905704225346  0.644432136150224  2.772798122065725  1.919890140845068 
 1.944618152866237  1.164421082802543  4.222308280254781  1.822768789808928 
 0.140250462733529  0.076915683470993  1.307037512291058  1.235517600786627 
 2.403991525423737  0.894070235593224  3.653516949152558  2.930930508474581 
 1.189705240963846  0.443020044578310  2.279572891566261  4.154539759036166 
 0.388884641657208  0.116931525234961  1.593186833144149  1.721444494892155 
 1.606494600638985  1.156842907348245  3.265876038338641  2.502591693290741 
 0.895534845605697 -0.031047645106890  2.793706175771969  2.011244655581951 
 2.141233777777768  0.415488682755555  3.176522666666681  2.027048444444450 
 1.511770287539940  0.069758086038338  2.427284345047918  1.340475623003193 
 1.365772627118644  0.400177084322034  3.865188135593236  2.501477542372872 
 1.863924827586210  1.121034855172418  4.599844137931032  3.304371034482757 
 2.105919512195122  1.668978048780484  4.075865853658546  4.459741463414615 
 2.533268181818180  1.722578238636363  2.829710795454544  2.117114886363636 
 0.817262365942029  0.248134166304348  3.073286956521729  2.811995652173931 
 1.711681451612902  0.334429713548388  1.372687459677421  1.539889475806456 
 1.814748863636362  0.217027690378788  2.012078787878786  3.377790151515158 
-0.027039353338391  0.073359108409711  0.956975273141126  0.998322556904405 
 0.703282229729732  0.160971758344594  1.180983462837835  1.170846874999999 
 1.184602373887242  0.815682611275964  1.506749347181004  2.326970029673585 
 1.040461079999998  0.258864174000000  0.698274982399998  1.955677599999998 
 2.395310791366907  2.089790647482015  3.013015107913669  3.546172661870493 
 1.540832792207791  0.120583206623377  1.407853896103896  2.554385064935079 
-0.225599098853618  0.069206770679012  0.563686151675485  0.876452980599652 
 1.584831151832463  0.113697611518325  2.838281151832462  2.764235340314134 
 1.034510877598153  0.556759376443418  1.946281986143191  1.624874133949191 
 1.028705048672567  1.338823318584072  2.488528318584072  2.334540707964604 
 1.837259490084986  0.542184375070819  2.306762039660049  2.132503399433425 
 0.643838969521046  0.092489143352685  2.169239477503630  1.539967343976777 
-0.546588856885688  0.075858725559235  0.523369722142218  0.528170397839783 
 1.678915921787708  0.879921284916202  2.037239664804471  1.068846411731845 
 1.465838913043478  1.852283152173909  2.190689673913044  3.196067934782608 
 1.397018819875775  1.722067080745340  3.089731055900624  3.700977018633541 
-0.197920374278648  0.066368098713932  0.893954880461663  0.591736539983509 
-0.256650587757313  0.066907381180932  0.499858106175515  0.461384775947995 
 1.086226548672568  0.417296581415929  1.197466061946902  3.266050442477877 
 1.065138481781378  0.444417081983806  2.246050607287449  2.460884412955468 
 1.032578517241379  0.750152758620690  2.513791379310347  3.224983448275864 
 1.626943070866142  2.180116535433071  3.218259055118111  2.241627559055118 
 1.852940873015873  0.801827896825397  2.739722222222226  3.464288095238096 
 2.547112765957446  1.041893765957447  3.255214893617022  3.901719858156031 
 2.532432283464567  1.569781653543308  1.961033858267717  3.431407086614173 
 1.714458306451613  1.963262903225808  1.893403306451613  1.854734032258065 
 0.476349365296803  0.094607072762557  0.988602305936073  2.119135616438356 
