-0.086807732330431  0.073224272969369  0.989146794310679  0.673047119803160 
-0.379427643847195  0.069618013780698  0.538812109296815  0.578098885125063 
 1.004202656509601  0.228820746911364  1.028527212742300  2.359673268698016 
 1.705627872807001  1.022742546052636  2.718264692982490  1.308720337061255 
 0.376123887529683  0.097159087458431  1.066041539786243  1.650255463182897 
 1.174980115059218  0.299453822927248  3.255232318104921  1.694504450084650 
 1.190649874285720  0.295165520354288  1.449641817142847  1.412886399999986 
 0.271786267187505  0.086783030614223  1.434794498922431  0.973781853448276 
 0.813310397020175  0.131563462804559  2.381672830850087  1.830380981595054 
 2.123016501650147  0.903393435643561  2.268418481848196  2.944385643564351 
 0.669589571555369  0.113057857076984  1.722702985074602  2.182585310290646 
 2.270291605839398  1.843003467153292  2.446142153284664  4.099764233576613 
 1.609165676392585  0.992607957559689  1.264280034482733  3.316719893899256 
 1.282633655030788  0.359446668172492  3.371211909650949  3.265630390143725 
 2.184319383378010  2.046072922252013  3.130834316353889  2.355289705093822 
 1.777968614864864  1.480461635135138  4.303627027027046  3.549386148648665 
 0.876576135235730  0.180072893126551  2.277221091811424  0.974664001488833 
 1.249885699222795  1.664941735751298  2.696416321243527  3.357639896373056 
 1.655369462647436  0.172459980917432  1.981192647444290  2.065959501965945 
 2.006699344262298  1.494690459016392  1.584227872459014  1.996753213114752 
 1.117349021164022  0.180927141137566  1.851742949735445  2.997744444444437 
 1.121929453471195  0.914146144756275  2.178600147710490  2.262147267355983 
 1.928477469512193  1.101995670426828  4.194238719512195  2.123020426829272 
 0.015174944396757  0.073216635488317  0.796348090987125  1.130320205054844 
 2.381736338797811  1.086310557377050  3.345609562841537  3.630720491803280 
 1.483030445434298  0.502649008151447  2.369824231625830  3.937857461024500 
 0.462933015159756  0.097693914902787  1.758292658055742  1.483739904826644 
 1.380625421906694  1.139433853955375  3.255190872210952  2.504292089249494 
 1.046697820843091  0.193072061077283  2.678050819672130  2.615767915690863 
 2.145186754966887  0.429511229183222  3.078937086092718  2.370570198675496 
