-0.162177211031192  0.071109704301563  0.906982254196593  0.639971219304661 
-0.134672338252570  0.069777271541113  0.574127077679867  0.954249419970585 
 0.922025325657783  0.178499243865139  1.136644264802539  2.512284374999945 
 1.676369046052605  1.231973421052639  2.774818750000052  1.290010322368197 
 0.340600447340966  0.091590017194993  1.024095683003161  1.799198540145988 
 1.040521718446595  0.320538653883501  3.101364077669921  1.453553186407821 
 0.956464161849720  0.207760382716765  1.490441815028886  1.480792716762995 
 0.179743455133935  0.082790808805057  1.332647834821452  0.832452589285714 
 0.652818735323401  0.123580691313435  2.225068756218853  1.511581781094484 
 2.120035497835478  0.863112158008655  2.242013852813864  2.806304978354969 
 0.588230420181961  0.123516612122184  1.746169930675888  2.067174696707099 
 2.239209293680278  1.756659702602236  2.234084089219322  3.866311524163543 
 1.568061957831339  0.910776165662660  1.193092966867441  3.304595481927771 
 1.756462575757564  0.449460957878799  3.233566666666709  3.639625757575739 
 1.966448658008636  2.185389610389616  3.716544588744593  2.605288744588719 
 1.244235625083610  1.488291404682280  3.282339464882968  3.530996655518412 
 0.617800048476455  0.113708061559557  1.900031301939066  0.835974509972298 
 1.339204455882349  1.574958039215690  2.271303921568625  2.875037254901957 
 1.384145586924211  0.018081198276375  1.920297919762248  2.245217087667189 
 1.903675255813955  1.642524558139532  1.585593507441857  1.966193209302323 
 0.892875193700791  0.245471783622047  1.921225039370068  2.881996850393696 
 1.144547903448275  0.720197544827580  2.232857931034479  2.108671448275858 
 1.934979279999998  1.026374171999997  4.070906400000004  1.838549596000007 
 0.092222835894358  0.079288980366146  0.960482202881155  1.196143001200484 
 2.622318181818187  1.005278653454547  3.234308363636373  3.140238181818184 
 1.276847137404577  0.681248892748090  2.268432366412210  4.153928244274820 
 0.317140760878518  0.085412859294441  1.516876389842140  1.402374399450923 
 1.428148048387101  1.158662373271892  3.196779032258054  2.435506451612907 
 0.850948256410254  0.062369839163292  2.601307152496620  2.216791632928474 
 1.895758007812499  0.320180444375000  2.847345898437504  2.124956250000007 
 1.484247131313133  0.300367726585858  2.191818181818180  1.182133807474746 
 1.308852678191490  0.321352931117021  3.699976595744686  2.579094414893614 
 1.891530262008736  1.217182681222709  4.479271615720521  3.287216593886462 
 2.240156571428571  1.663378171428569  3.522487428571432  4.361727428571421 
 2.474400438596491  1.805371491228071  2.777019736842104  2.218619999999996 
 1.116142885509836  0.309725901967799  2.781120393559926  2.988360107334528 
 1.739703727034120  0.558750270078741  1.368870228346458  1.915284015748033 
 1.771583798882681  0.225097750726257  2.083710055865923  3.372625139664808 
-0.430145467401501  0.069556864393203  0.517507426500939  0.514641985647280 
 0.874442953367876  0.177289087046632  0.753643338341970  1.603680854922280 
