 0.055477217668137  0.076541499887898  1.175408331838492  0.699598398206438 
-0.119219883369487  0.070081279608818  0.591367790889355  0.957252017353533 
 0.610539771772697  0.129214259637957  1.472274257178453  2.217093008739032 
 1.730951076923046  1.253759153846163  2.739406923076985  1.254550838461279 
 0.333492758108089  0.084880177999998  0.832321231081120  1.741059459459463 
 1.257616440119749  0.484132345868272  3.387740419161699  1.524131763473135 
 1.045056884176198  0.048641712398045  1.648009641109278  1.600892446982040 
 0.208861319579761  0.077524081637055  1.506766380133750  1.065658844317093 
 0.748699800829914  0.206423275103739  2.583924481327690  1.184290053941822 
 2.445779285714254  1.242839285714282  2.156056071428588  3.006354999999981 
 0.623161692406528  0.119709945793225  2.089546261682212  1.948202453271009 
 2.139639520958050  1.327977389221565  2.188899580838309  4.414313772455050 
 1.654575046296321  1.199831250000014  1.165786587962916  3.419398148148245 
 1.753490897009954  0.472667239202670  3.219882724252535  3.706379069767421 
 2.031786719576693  2.160558201058208  3.875219047619055  2.593852910052878 
 1.153655575378786  1.403868257575765  3.438455303030332  3.447545833333353 
 0.715397346846845  0.115493148864865  1.835571621621633  0.691736658108108 
 1.403632459893043  1.168915026737969  2.260837433155077  3.085730213903743 
 1.356510707269148 -0.042595057288800  1.938925147347723  2.256282514734814 
 1.920276018099547  1.574396425339363  1.581067982352938  1.993487466063345 
 0.825117310231029  0.140372589867987  2.124772277227709  2.725023927392730 
 1.036053110091740  0.702431669724762  2.567511559633025  2.130419633027519 
 1.965010846560842  1.133444603174600  4.164393650793655  1.866909841269851 
 0.055848066666666  0.078044668780649  0.982553412856196  1.183908939695167 
 2.557476000000008  1.085571600000003  3.263268800000012  3.252976000000002 
 1.094060225225218  0.501370285585583  2.257717567567564  4.001458558558578 
 0.345947447078748  0.100960609265030  1.412424216765449  1.599685605419127 
 1.580439562841536  1.161657240437161  3.251451366120205  2.503142076502740 
 0.944378086792450 -0.002836463509435  2.775188867924526  1.990696415094344 
 2.263962499999993  0.427155641874999  3.186684765625012  2.152614453125006 
 1.638630853994493  0.233896209090908  2.356210468319555  1.296823552892560 
 1.267610024647887  0.360085520774648  3.794242253521138  2.580695422535205 
 1.894411117021279  1.151952202127662  4.504209042553188  3.250212234042552 
 2.280099230769231  1.529973315384613  3.842391538461543  4.409309230769218 
 2.542453409090908  1.860344886363636  2.842369886363634  2.133727613636360 
 0.927799094182825  0.396639724099723  2.840169252077556  3.067131855955691 
 1.958975423728811  0.443798117203391  1.338860919491526  1.749016949152544 
 1.866005849582172  0.298997613537605  2.079583286908078  3.320956545961006 
-0.238108094866797  0.068380928044184  0.805851851851857  0.591223895906436 
 0.755299462184875  0.154308112201681  1.116074537815125  1.176847109243698 
 1.218399669421489  0.678878202479339  1.630459752066114  2.394101239669416 
 1.018953803526448  0.185400428463476  0.859798205541561  2.102203778337528 
 1.941876517857144  2.093125892857143  2.788174999999998  3.678435714285707 
 1.126556093750000  0.199636084114583  1.303520260416667  3.053596614583339 
-0.450013212500000  0.070740663714617  0.480956074055555  0.521127804111113 
 1.537102654155497  0.071458157104558  2.864634852546917  2.747406166219836 
 1.103273734939760  0.650670289156627  1.871809879518073  1.517482530120480 
 1.279098138888889  1.888292592592593  2.554650462962963  2.474168518518519 
 1.790106108597286  0.599804203619909  2.396092081447963  2.303639819004526 
 0.509208847133758  0.110252477210191  1.935259872611466  1.342700598726114 
