 0.014551450250131  0.075661134773209  0.955146105614208  0.963054648137903 
-0.344823370467034  0.069776216518216  0.588226837939553  0.588438706923061 
 1.189416396210107  0.292918575142123  1.445377583979278  2.902222308354839 
 1.614124493444566  0.882400455661504  2.686300715137090  1.475458030631621 
 0.427694246529075  0.101928961810506  1.031615587054429  1.691575023452156 
 1.488055440191387  0.469596701363639  3.656340550239240  2.230767308612474 
 1.423956337157992  0.390512041006180  1.500524200353043  1.682178058252416 
 0.409748057222006  0.093581783123070  1.594993660466962  1.084210224455873 
 1.078076477105716  0.205728325929905  2.497294403617847  2.391941661955877 
 2.224110460772088  0.615581220498131  2.545268866749689  2.726824906600240 
 0.646348155449758  0.136655678836843  1.773879425837298  2.018985980861236 
 2.112688236363628  1.578062763636366  2.590703309090901  4.030592181818180 
 1.821538160741893  1.467942148377130  1.674670428284375  2.715910510046391 
 1.363370213024280  0.397834345695367  2.626738278145703  3.586541390728475 
 2.202233820662763  1.850689844054581  3.439474074074074  2.221780292397656 
 1.940757972508593  1.245298075601375  4.055589518900335  3.482006701030930 
 0.867859589960885  0.161578699002608  2.417623337679269  1.369752681877445 
 1.224650732658567  1.380660499325235  2.855880701754386  2.833389338731442 
