 0.102767564539720  0.079537564215488  1.236702259414141  0.678746949790981 
 0.121196896623376  0.077506151259735  0.665725758181789  1.261032259740172 
 0.651029154285615  0.123798999385719  1.440799014285630  2.253613714285666 
 1.699774887892340  1.243402556053821  3.035126905829670  1.267278874439158 
 0.355241694695971  0.089391555873220  0.940646155239364  1.797125873221217 
 1.272600410658295  0.429923915423207  3.395598746081527  1.587675360501653 
 1.056095394495432  0.050049035871563  1.521320091743098  1.580468807339435 
 0.305693342163366  0.091415005600438  1.675261920529841  1.049744977924942 
 0.765836073107099  0.275715728198439  2.650561618798816  1.079621738903286 
 2.514219028340044  1.195323684210523  2.155816194332002  3.003424696356253 
 0.632482456786650  0.127269535385333  2.056400399999969  2.110586533333314 
 2.083206432748506  1.316937894736850  2.327015789473670  4.431660818713411 
 1.702673131313160  1.151006535353551  1.137727843434292  3.507172727272832 
 1.728547822878215  0.421269848708501  3.253125461254662  3.708382656826545 
 2.055066363636337  2.162302673796799  3.877334759358297  2.628046524064139 
 1.024758628301883  1.339395660377369  3.703222012578663  3.354602515723299 
 0.817718983451535  0.085665081716312  1.858386761229325  0.762522520567377 
 1.512938535353531  0.987874141414142  2.343851515151514  2.968846464646469 
 1.357749158316627 -0.050803592304608  1.922599999999982  2.253365731462968 
 1.962338775510203  1.589733877551017  1.555666449489792  2.093472448979588 
 0.881375225688081  0.158705104880734  2.101133394495397  2.806480917431182 
 1.032797764150940  0.695222188679237  2.572027169811320  2.135159056603769 
 1.982086416184967  1.110661040462424  4.208005780346824  1.905546011560704 
 0.123526868189509  0.075854588595600  1.208608485617601  1.260661362098139 
 2.542290222222232  0.998499022222225  3.277885777777791  3.236219111111115 
 1.097980084033606  0.501294026890754  2.239343277310921  3.954294957983210 
 0.389092560442734  0.112742091657363  1.541070548604423  1.633294128970154 
 1.586177314285720  1.160051685714289  3.271803999999984  2.513324857142864 
 0.888345979838707 -0.001389041108872  2.780602620967741  2.024319758064522 
 2.292724999999992  0.433930609666666  3.191331250000013  2.173267916666674 
 1.553185751978895  0.139009242295514  2.434251451187332  1.408565364116095 
 1.285572396296296  0.353486661111111  3.803800740740753  2.574948888888882 
 1.909451912568309  1.151197508196724  4.504296174863385  3.243532786885245 
 2.307873451327434  1.507919477876103  3.930169026548680  4.425586725663702 
 2.477112290502792  1.848918994413408  2.867829050279328  2.098303128491619 
 0.895093576023391  0.371814886257310  2.887769590643267  3.050955263157908 
 1.965927947598251  0.453056875807861  1.356814091703057  1.769563624454151 
 1.899959821428570  0.279039997797619  2.061341666666666  3.321422321428577 
-0.094789370361991  0.071394111254902  0.915381184012071  0.946058235294122 
 0.705070474576273  0.161118458966102  1.120490152542371  1.187850237288137 
 1.232241273885352  0.702595010615711  1.626833970276008  2.406990233545641 
 1.041200401146132  0.213196593696275  0.808866778223495  2.118488252148995 
 2.368252702702705  2.141289189189187  2.935252702702699  3.669497297297287 
 1.139079322033898  0.219886824858757  1.268607175141243  3.060807062146900 
-0.235305758515286  0.066113970279476  0.509885980786026  0.823898157205245 
 1.543006327077749  0.072902559249330  2.859411528150134  2.741376675603215 
 1.044399731543625  0.566800469798657  1.878765771812082  1.626185704697983 
 1.243062819512196  1.820030243902439  2.571802439024389  2.363462439024389 
 1.811663814180930  0.599276293398532  2.412191687041561  2.223641320293398 
 0.618005125164691  0.089527328418973  2.131271936758896  1.505647299077736 
-0.481942031139419  0.073918200882031  0.480801409271057  0.484135171974522 
 1.655735549450549  0.997254065934067  1.970259890109890  1.083049970879121 
 1.560670817610063  1.896670440251570  2.068329056603774  3.289277358490565 
 1.452764311111111  1.555241155555556  3.013588888888891  3.602206666666668 
-0.237719138867925  0.068049627305660  0.797062173584905  0.533217211471698 
