 0.220652725602587  0.086524392177235  1.121681750050620  1.245009923030219 
-0.267576561144638  0.070247903094278  0.670422562409961  0.656118975510989 
 1.808939923664076  1.049740010398647  1.828772404664918  3.459159541984704 
 1.116388667483659  0.254810126760622  2.654883864379078  1.824237990604545 
 0.919559126650160  0.197408053838916  1.506591480803966  2.254368103699388 
 1.766918968824939  1.028619158369307  3.734302318145489  2.296537193445255 
 1.879295264285713  1.249091500285712  2.248114713571433  2.025417142857135 
 0.689192262028152  0.148674809721049  1.861911301983367  1.270310783397312 
 1.284316047088605  0.334123383696202  2.662192000000009  3.042674126582269 
 1.959643876143496  1.502423000896861  3.405375067264572  3.653208340807172 
