 0.023923253944903  0.074461240642214  1.235362568807191  0.592441616514084 
 0.274897446629213  0.086404735196617  0.683621109550497  1.635991573033523 
 0.888877095808178 -0.010910753772445  1.773521556886052  2.266549700598712 
 1.756133734939709  1.118675421686760  2.739896385542270  1.851781325300799 
 0.158564591798086  0.075843903012617  1.208258801261882  1.339545268138805 
 1.161806690647452  0.121626422302180  3.515193525179909  1.863277697841925 
 0.614142688442233  0.142945195954779  1.077994698492438  1.402100251256260 
 0.404988289377322  0.097343070769219  1.774163369963512  0.625196257142847 
 0.643699488263000  0.169152723474189  2.801697652581911  1.404297230046749 
 2.776847169811225  0.898878084905648  2.426025471698157  3.078384905660331 
 0.617690624922081  0.016803806165109  2.282455451713326  2.040656386292789 
 2.172041666666552  1.653328541666690  1.618064999999951  4.520562499999860 
 2.211828378378456  0.910035810810850  1.125256824324186  3.284078378378654 
 1.635309999999952  0.261200716049429  3.757995061728572  3.773640740740657 
 2.669601388888817  2.168119444444464  3.901475000000018  2.495029166666581 
 1.406151619047611  1.093893333333351  4.074259047619122  3.422442857142895 
 1.185156043165459  0.088873742446043  1.845065467625932  0.771708122302160 
 1.875272395833326  1.065125104166675  2.357222395833328  2.897250000000012 
 0.992446504297986  0.002112725214902  2.011371919770752  1.633421203438451 
 2.509847619047619  1.395088412698405  1.419824904761895  1.770288571428565 
 0.937211250000021 -0.063073845999998  1.939767999999958  3.006643499999962 
 0.784657460526294  0.747646710526286  2.816066447368415  1.798205921052627 
 1.845606282051270  1.294123589743579  4.492111538461541  2.105305128205150 
 0.173155931199997  0.081061460454399  1.474347520000014  1.029227712000002 
 2.443280733944971  1.102577431192667  3.790235779816541  3.051414678899095 
 1.105831224489779  0.362388146938770  2.044628571428564  4.096194897959222 
 0.329959034671533  0.091428854419709  1.587729379562033  1.508498175182467 
 1.788930000000014  1.246696562500000  3.159181249999963  2.639710000000017 
 0.723819983539091  0.076903336625512  2.786830452674877  2.345728806584360 
 2.042627184466006  0.092803258446601  3.165484466019451  1.942320388349529 
 1.744292857142863 -0.048222387301589  2.401124603174583  1.405349841269834 
 1.536073529411762  0.160698555294116  4.076243529411799  2.519310588235274 
 1.940154385964922  1.070130596491239  4.896861403508761  3.358035087719298 
 2.427912500000002  1.981804999999994  4.467892500000021  3.997302499999968 
 2.398888333333334  1.776285833333334  2.782064166666669  2.421573333333332 
 0.785488531531533  0.338952269369370  3.518823423423402  2.865263963964015 
 1.813737894736837  0.188385494315791  1.345324421052632  1.283461684210542 
 2.204918309859145  0.201664398028171  1.828533521126765  3.869283098591551 
-0.042444822334294  0.074028919286743  1.125613314121046  0.976234971181563 
 0.312257382566590  0.083518875786925  0.886051380145273  0.982767094430992 
 1.455045593220341  1.393143983050849  1.685311186440667  2.747866949152527 
 0.427612812056736  0.100766401063829  1.011777553191486  2.126356382978719 
 2.573632926829271  2.145312195121953  3.072952439024387  3.604591463414610 
 1.543241666666665  0.007355050595238  1.247473214285710  2.595952380952411 
-0.001400859402465  0.073115674077328  0.850956291739891  1.259803339191581 
 1.341387184466020  0.512778378640779  2.966171359223303  2.259232038834956 
 1.277131753246753  0.973651688311687  2.110170779220786  1.912748051948043 
 1.068782352941182  1.158221705882352  2.659131764705884  2.495052352941174 
 2.289957142857142  0.320476680672263  1.984644537815106  2.446229411764692 
 0.337707641975313  0.075970593395063  1.920538580246916  1.128862407407407 
-0.580031697341513  0.164158985869122  0.420708121267904  0.521625439672799 
 1.848181428571426  0.658132214285715  2.152567857142860  1.230032714285715 
 1.581039814814812  2.042235185185177  2.453451851851858  3.015068518518522 
 1.062365636363635  1.131890363636362  3.185303636363639  3.613335454545447 
-0.200403821106821  0.068922685893180  0.807259601029598  0.913607310167307 
-0.007452968389662  0.075839922047713  0.770661033797221  0.625263713717694 
 1.043709266055051  0.404317908256881  0.943935119266051  3.328866055045878 
 1.261500966386557  0.569720294117647  1.704222689075625  2.678418487394961 
 0.784362292207790  0.450701090909092  2.395497402597414  3.127000000000000 
 1.675790804597700  2.247088505747129  3.437541379310344  2.022773563218391 
 1.759508108108108  0.809469797297299  2.524372297297302  3.584722972972974 
 2.732295121951219  1.099289036585366  3.356300000000001  3.903420731707317 
 2.476994366197183  1.851302816901410  1.849681690140844  3.152425352112672 
 1.854575384615384  2.292829230769233  2.099613846153844  1.908461538461539 
 0.300111661670236  0.112552954796574  1.225628479657385  1.723934261241979 
 1.980491044776124  0.225181698507463  3.020104477611946  2.914585074626852 
 2.660749999999999  1.477725370370369  3.186670370370370  1.294182407407408 
 1.437027558139536  1.331016860465114  1.371157674418606  3.717545348837219 
 1.120947901234567 -0.235302677592593  2.676164814814824  1.735933950617281 
 1.426966751592357  0.444689756178343  3.151972611464967  1.288008152866241 
 0.739024326996198  0.118730519011406  1.307409733840306  2.595530798479090 
 1.444576679841901 -0.037223353992095  2.193261264822131  2.336690513833987 
-0.027647038329241  0.073500582039312  0.457434021621622  1.073622972972975 
 0.945451973684213  0.547844254385965  1.364708377192990  2.115446052631587 
 0.949470603488372  1.670458139534884  3.456329069767440  2.796667441860463 
 1.721292680412371  1.955743298969072  3.990857731958757  3.012128865979384 
 2.257386842105261  1.470654736842105  2.929673684210529  5.149955263157895 
 0.688414590909087  0.124810364863637  1.221995318181828  0.785736736363636 
 0.461020300922331  0.259281378640777  1.991812135922331  2.518104368932037 
 1.605615425531916  0.193963909574468  2.280563297872340  3.140382978723404 
 1.247012596491229  0.385565210526316  2.467802105263158  1.835077894736841 
 1.226305789473686  0.990203473684212  3.655870526315791  1.793495789473684 
 1.032511130136988  0.367651197465753  2.310847260273978  2.495620890410964 
 1.551862795698926  1.401438602150536  2.844560215053763  1.041783526881720 
 1.449828513513514  2.286178378378376  2.885162162162161  3.919551351351350 
 1.023265049504950  0.334696995049506  2.680380198019803  0.603347868316831 
 1.200694328358208  1.156040208955224  2.641832835820895  4.420125373134331 
 1.603138875000001  1.054788375000000  0.880446926250001  2.446921249999998 
 1.619961452513967  0.577878044692737  1.625670949720671  1.938639106145252 
 2.111052688172044  0.355970161290322  2.905810752688172  3.866003225806453 
-0.313031913279132  0.078920846626017  0.849363319783198  0.548035113821139 
-0.253265691123190  0.082592560887681  0.464771452898551  0.422887670652174 
 1.273353129251700 -0.211170714965986  2.915432653061221  2.724603401360547 
 0.973686787564768  0.576853678756477  2.213313989637309  1.243136735751297 
 0.965123010033446  0.402822244147157  1.597883612040133  1.484908461538460 
 0.885511832298138 -0.011380694192547  1.353298819875774  1.785296894409941 
 0.467175599128540  0.090446972766885  1.646752941176472  1.983382352941173 
 1.601081944444444  1.176219722222222  4.253533333333335  1.032256361111111 
 1.456546419753084  0.826261543209876  3.616982098765434  2.583552469135803 
 0.826939320754717  0.515551773584905  1.981649811320758  2.051247547169813 
 2.323302105263159  1.445696210526316  2.421781052631579  3.898447368421053 
 1.320674900990102  0.522977797029703  2.954300495049504  3.025214356435643 
 1.657202764976961  0.546973811059907  2.452980645161289  2.397231336405529 
 2.493250458715597  0.759957798165138  2.864507339449541  2.336148623853210 
 1.198673358778626  1.217899618320612  2.271083206106870  3.317438931297710 
 0.671768644501281  0.063628883979540  1.593308439897697  1.200849079283888 
 2.102150909090908  1.205026272727272  1.825020000000000  2.352108181818184 
 1.826734265734265  1.416961748251748  3.177544755244757  3.499533566433568 
 1.862758333333333  1.392254375000000  3.967675000000000  4.421481250000001 
 1.428840649350649  0.379412162337662  1.662611038961039  3.328542857142855 
-0.325054274234694  0.062543787844388  0.498021885204083  0.766224974489796 
 0.480480183502538  0.162548819796954  2.073773604060914  1.595449238578680 
 1.089017115384615  0.133913252884615  2.895834615384613  3.694180769230770 
 1.258338682170542  0.354599101550388  0.836546279069768  1.551180542635660 
 1.491837536231884  1.466358550724637  1.618815652173913  1.261360579710145 
 2.105793518518518  0.967118888888889  3.571178703703703  1.964597222222220 
 2.452609677419354  0.455819059677420  3.957645161290327  2.534348387096773 
 1.404821764705883 -0.010316382941176  1.656258235294118  1.963462941176469 
-0.509241003787879 -0.035990204154716  0.603679299242424  0.456500507575757 
 0.896060759493671  0.115418102531646  0.618119693670886  2.158234177215190 
 0.774868757575758  1.657246969696970  2.042045454545454  2.526007575757576 
 0.736594132231405  0.052977961570248  2.276817355371902  1.117368966942148 
