 0.008810485961824  0.075429192634327  1.238130675909738  0.603053502599958 
 0.244978005988024  0.089552781526933  0.675546152694542  1.622407784430941 
 0.954237373134123 -0.035385595999990  1.771315820895349  2.266264776119314 
 1.739361827956944  1.115991935483883  2.825580107526974  1.908446774193186 
 0.155600482132545  0.077699812550431  1.182919841498607  1.386644812680119 
 1.175908249999974  0.066498548125019  3.471356250000047  1.866251250000173 
 0.582673209302346  0.130105684395354  1.076284162790678  1.447232093023237 
 0.415721868965548  0.104837163068955  1.734400344827720  0.610923497241370 
 0.630011965384688  0.129702132692316  2.683066923076720  1.341081115384451 
 2.760479816513669  0.912524651376135  2.434422935779859  3.067909174311881 
 0.637532981869655  0.036503376144476  2.269005665722316  2.019432011331403 
 2.176380851063713  1.561696170212790  1.621645106382929  4.558285106382836 
 2.183802857142939  1.036178285714327  1.047789499999854  3.207044285714577 
 1.499605411764660  0.262222011764750  3.648871764706051  3.790472941176391 
 2.675571830985842  2.173295774647908  3.894295774647905  2.516066197183012 
 1.512295794392515  1.018697943925251  3.972337383177645  3.430536448598168 
 1.103033274853795 -0.027361742105263  1.893000000000027  0.876555789473686 
 1.873887368421044  1.115790421052640  2.318148421052627  2.911546315789487 
 1.045706559405933  0.056103459158417  1.915259653465330  1.628793811881237 
 2.492422222222222  1.365081904761897  1.411643952380943  1.747063174603168 
 0.933751980676349 -0.046254870531399  1.929850241545853  3.005146376811558 
 0.784175258823510  0.720754058823503  2.826375882352936  1.806042941176466 
 2.052624545454537  1.175637818181810  4.269734545454547  2.071381818181833 
 0.171348086176468  0.078735418932352  1.497588235294131  1.064801014705883 
 2.520494827586222  0.977962068965523  3.784918103448300  2.949652586206907 
 1.123597422680396  0.368512653608241  2.040658762886590  4.104378350515502 
 0.308053680733946  0.153412455655047  1.546577981651365  1.580582018348609 
 1.828752795031069  1.225325341614907  3.164611180124187  2.669050931677037 
 0.722591411764702  0.041544023529410  2.757571428571410  2.337485294117644 
 2.003852287581691  0.348854489019607  3.265095424836625  2.003045751633997 
 1.811837583892622  0.056613820134227  2.375835570469780  1.372979932885901 
 1.692758526315788  0.200835514736840  4.102616842105296  2.546494736842087 
 1.850460000000008  1.064398186666675  4.823109333333326  3.351277333333333 
 2.420940000000002  1.929222222222217  4.417660000000019  3.992433333333305 
 2.371738345864662  1.793818045112783  2.756516541353387  2.379782706766915 
 0.791375427272729  0.332909256363637  3.557828181818160  2.868980909090961 
 1.693772222222219  0.099029286666668  1.272177870370371  1.361963611111125 
 2.201865333333324  0.266903123466668  1.719399733333338  3.799330666666669 
-0.024077669321149  0.075331808870757  1.115225300261103  1.001179647519589 
 0.470771242774572  0.102045121676301  0.997751271676294  0.847133034682081 
 1.368129495798321  1.437987731092437  1.595196134453771  2.684657142857127 
 0.756850142857140  0.102169958095238  0.695087474285711  2.185873809523806 
 2.563810714285717  2.143561904761907  3.072122619047616  3.598054761904738 
 1.545423280423279 -0.006482282539682  1.272734867724864  2.535865079365105 
 0.055601109065152  0.074076457577903  0.817110722379601  1.196808923512761 
 1.215640088888889  0.513973404444447  2.933672000000000  2.360035555555561 
 1.273052559523809  0.993153154761904  2.080518452380959  1.907399404761896 
 0.994300706586831  1.247490119760478  2.545933532934132  2.496145508982035 
 2.292089830508473  0.331595457627113  1.988983050847438  2.455352542372868 
 0.439127461165052  0.084969658883496  1.997153883495145  1.117249296116503 
-0.592427960057062  0.092936354350928  0.497072373751790  0.483701358059913 
 1.785308148148146  0.819803111111112  1.980160000000004  1.116179777777778 
 1.501792820512818  2.058751282051275  2.405423076923082  2.946320512820516 
 1.044740377358490  1.163872075471696  3.188787735849059  3.606767924528295 
-0.237499135204082  0.068143453838011  0.828383405612242  0.876992410714281 
-0.014039608869565  0.073488962765217  0.770020956521742  0.647163909565218 
 1.079304955752217  0.394933203539823  0.934721132743359  3.309156637168148 
 1.249983895582332  0.588794096385542  1.686792369477907  2.661012048192775 
 0.792493969135801  0.460330333333334  2.419340123456800  3.101105555555556 
 1.687920879120878  2.239626373626376  3.410199999999999  2.014434065934066 
 1.763554609929078  0.818354397163122  2.510091489361707  3.594926950354611 
 2.710937209302325  1.097856523255814  3.338946511627908  3.890458139534883 
 2.491464788732395  1.865319718309860  1.844390140845069  3.173670422535207 
 1.706196913580247  2.139186419753088  1.903051975308640  1.753478271604939 
 0.338070183486238  0.104067846307340  1.121084357798163  1.932654587155971 
 2.020261068702295  0.188968307633588  3.048211450381685  2.889510687022886 
 2.667055000000000  1.417590833333332  3.263484999999999  1.324237500000000 
 1.412357176470589  1.353353999999998  1.377047764705883  3.709650588235304 
 1.102028333333332 -0.218899122956990  2.589726881720438  1.697393548387095 
 1.371720000000000  0.430622937696969  3.168156363636363  1.273448666666667 
 0.710896836879433  0.131542604609929  1.293865921985816  2.582442553191490 
 1.477200000000003 -0.042714255271318  2.203520542635656  2.307760077519376 
-0.061360324735731  0.074955134651163  0.464354073572939  1.034531416490488 
 0.993094710424713  0.495198146718147  1.353325482625489  1.997213899613904 
 0.945389465555555  1.671015555555556  3.469397777777776  2.828563333333332 
 1.704052692307693  1.938569230769231  4.043078846153841  2.948423076923079 
 2.257386842105261  1.470654736842105  2.929673684210529  5.149955263157895 
 0.656715931232089  0.130420391507164  1.476036962750721  1.083135358166191 
 0.462231024341464  0.252483619512195  1.992810731707319  2.522422439024388 
 1.621258461538462  0.209328451282051  2.279778461538461  3.132748205128205 
 1.319472380952382  0.406326717687075  2.487301020408163  1.854735714285713 
 1.284339439252338  0.982015794392525  3.705647663551403  1.790092523364486 
 1.034231590106008  0.360484239081272  2.284245936395766  2.494726148409899 
 1.554557115384616  1.387695673076922  2.802530769230768  1.047735365384615 
 1.471119078947369  2.293082894736840  2.852863157894736  3.921122368421051 
 1.025115826086955  0.316717291304348  2.592649565217392  0.592880345217391 
 1.197133636363636  1.158154454545455  2.630740909090908  4.419398484848488 
 1.542404625000001  0.949585250000000  0.871952676250000  2.313288749999999 
 1.614953521126760  0.447184863849765  1.638612206572770  1.923290140845070 
 2.119777551020409  0.329340642857142  2.892373469387755  3.866261224489797 
-0.336400668421052  0.062823382144737  0.816282552631580  0.496815815789474 
-0.276244506441225  0.064331928518519  0.449019618357488  0.426967639613527 
 1.270540337837837 -0.202217737162162  2.921245270270267  2.725208783783787 
 0.997028942731279  0.475500559471365  2.266145374449340  1.280869030837005 
 0.982775377358489  0.563644622641509  1.544617311320753  1.327664811320755 
 0.934224578754579 -0.002207844065934  1.320793333333331  1.839299267399269 
 0.484640701357466  0.088102693438914  1.657699547511312  2.019907239819003 
 1.604651388888888  1.175225833333333  4.229227777777780  1.024086916666667 
 1.441863953488371  0.834853139534884  3.588587209302327  2.561722674418604 
 0.830782243346007  0.528137566539924  1.963283650190117  2.066685171102665 
 2.315555208333334  1.450905625000000  2.423321875000000  3.890612500000000 
 1.373090894736845  0.541901605263157  2.946206842105262  3.072672105263155 
 1.666080444444447  0.591171111111111  2.475445333333331  2.442801333333334 
 2.582724742268042  0.705212327835052  2.896671134020618  2.245003092783505 
 1.179841605839415  1.241436496350367  2.263518248175182  3.311322627737227 
 0.597738591954023 -0.044961203735632  1.587496839080459  1.469378448275862 
 2.086581355932202  1.173762288135593  1.835581355932204  2.311334745762714 
 1.830351063829787  1.433172482269503  3.177753191489363  3.496295744680852 
 1.837880434782609  1.355663260869565  3.964771739130434  4.462376086956523 
 1.438181273885350  0.381119700636943  1.664808280254777  3.322884713375794 
-0.354358921250000  0.054898151082888  0.494460692875001  0.743118612499999 
 0.494633172817955  0.155999314214464  2.068689526184539  1.597652618453865 
 1.073475865384615  0.106398175961538  2.813711538461536  3.655146153846154 
 1.162102272727272  0.295678092727273  0.676017472727273  1.514338000000000 
