-0.053356179399156  0.073175471034338  1.035800080472062  0.695139106759751 
-0.369516230757049  0.070252947685558  0.552621703927772  0.583040988976858 
 0.983437640606688  0.215823878028010  1.097147161726885  2.401579929988296 
 1.710326084452961  0.920716094049909  2.794252399232276  1.336522790211003 
 0.383484651401862  0.094242552689511  1.127396160955364  1.652339667705089 
 1.538034679245281  0.315776784226421  3.554131886792466  2.053960396226468 
 1.221476627218941  0.316330745928996  1.433504426035492  1.386011491124247 
 0.321933296944156  0.088280377855636  1.513400173867242  0.998544026448893 
 0.911471274491700  0.133599539380778  2.655648613678327  2.066749075785540 
 2.166714903129635  0.709802074962739  2.466962593144571  2.720047540983604 
 0.668233259764247  0.132796076965019  1.797242281368797  2.163546692015201 
 2.292563551401854  1.774318909657326  2.513869937694697  4.068726479750757 
 1.640248851063840  0.876936106382985  1.375398538297851  3.320702978723445 
 1.222826347119637  0.271784956129990  3.117919793205335  3.069937961595266 
 2.201354717514118  2.050520621468929  2.951756497175145  2.399742542372870 
 1.779138318840579  1.421182649275364  4.237451594202915  3.579208695652190 
 0.938506167091835  0.206644322487245  2.482424362244910  1.085153613520407 
 1.265561158413459  1.610674927884619  2.694797596153848  3.376330288461536 
 1.587938331318010  0.163478123022976  2.001773748488505  2.059283434099171 
 1.916381881720433  1.457195430107525  1.556943578225805  2.130175779569893 
 1.074977458942631  0.209493309853768  2.035841844769401  2.956812710911129 
 1.134633200860832  0.938879770444760  2.325932424677193  2.236408034433285 
 2.027835088967970  1.401391672597863  4.161535587188609  1.987621814946621 
 0.028860543069077  0.075218816095967  0.806437387019008  1.141881043115441 
 2.447062049861493  0.913726816343491  3.365379501385043  3.435211634349034 
 1.514399909706546  0.519105983431150  2.425848261851016  3.969425959367947 
 0.567733885394022  0.107272284125000  1.918525747282608  1.514814762228258 
 1.463565927505331  1.183109445628999  3.356922174840083  2.580550959488272 
