 0.100038776881104  0.078322062802624  1.236771406761088  0.666688793893324 
 0.091617107036247  0.076466540927501  0.686023546695072  1.186475298507390 
 0.632847936486392  0.127030830229735  1.431253297297217  2.228439324324279 
 1.700568749999964  1.242168973214295  3.033833928571502  1.269575397321126 
 0.347814225097006  0.087781857554979  0.904786591203141  1.761480853816302 
 1.272600410658295  0.429923915423207  3.395598746081527  1.587675360501653 
 1.048476871609421  0.052008820343584  1.520826907775748  1.579961121157309 
 0.296226407127440  0.092512899799133  1.658850000000039  1.050062624190063 
 0.764404695652222  0.273277470843995  2.644829667519045  1.083506204603474 
 2.514219028340044  1.195323684210523  2.155816194332002  3.003424696356253 
 0.626988497476866  0.126547648532365  2.047554689564037  2.101565521796547 
 2.083206432748506  1.316937894736850  2.327015789473670  4.431660818713411 
 1.702673131313160  1.151006535353551  1.137727843434292  3.507172727272832 
 1.728547822878215  0.421269848708501  3.253125461254662  3.708382656826545 
 2.055066363636337  2.162302673796799  3.877334759358297  2.628046524064139 
 1.024758628301883  1.339395660377369  3.703222012578663  3.354602515723299 
 0.813537958236657  0.085726490779582  1.857251276102099  0.766810780046405 
 1.512474710327451  0.986508438287155  2.343955919395464  2.968338790931994 
 1.352799381237519 -0.054186289341316  1.920384630738505  2.253806586826390 
 1.962338775510203  1.589733877551017  1.555666449489792  2.093472448979588 
 0.875271735507254  0.158553223115942  2.097324275362303  2.803684239130424 
 1.031260065913367  0.694603333333325  2.571617890772127  2.136110734463272 
 1.982086416184967  1.110661040462424  4.208005780346824  1.905546011560704 
 0.087400266167192  0.075494990804416  1.168434447949530  1.209945804416406 
 2.542290222222232  0.998499022222225  3.277885777777791  3.236219111111115 
 1.097980084033606  0.501294026890754  2.239343277310921  3.954294957983210 
 0.367591595302620  0.107127305539296  1.499168563685633  1.605936495031608 
 1.586177314285720  1.160051685714289  3.271803999999984  2.513324857142864 
 0.886297575638504  0.000032441473476  2.772726719056974  2.018423772102166 
 2.293701652892555  0.436626431074379  3.186638429752080  2.173610743801660 
 1.551839473684213  0.137901060078947  2.434209999999997  1.408410718421053 
 1.285572396296296  0.353486661111111  3.803800740740753  2.574948888888882 
 1.909451912568309  1.151197508196724  4.504296174863385  3.243532786885245 
 2.307873451327434  1.507919477876103  3.930169026548680  4.425586725663702 
 2.477112290502792  1.848918994413408  2.867829050279328  2.098303128491619 
 0.895093576023391  0.371814886257310  2.887769590643267  3.050955263157908 
 1.964818260869563  0.450733402434783  1.357900117391305  1.768571173913047 
 1.899959821428570  0.279039997797619  2.061341666666666  3.321422321428577 
-0.165843446243222  0.069052002675445  0.895525360185908  0.850397792408990 
 0.704732182130586  0.164611468024055  1.110881907216493  1.177546340206187 
 1.232282923728815  0.703257309322034  1.626082203389829  2.405625847457620 
 1.036656723163842  0.211924308474576  0.812228801129943  2.125942655367230 
 2.368252702702705  2.141289189189187  2.935252702702699  3.669497297297287 
 1.133846000000000  0.216519530555556  1.271396500000000  3.055198055555563 
-0.242947510648150  0.065539468111111  0.495376285185184  0.811338833333338 
 1.543006327077749  0.072902559249330  2.859411528150134  2.741376675603215 
 1.037946549450550  0.562413032967032  1.880365934065936  1.625153428571425 
 1.243062819512196  1.820030243902439  2.571802439024389  2.363462439024389 
 1.806611002444989  0.595312454767725  2.408732029339849  2.226783618581907 
 0.602638457161291  0.085974546283871  2.112627483870971  1.505877548387099 
-0.500889067398118  0.074210737144444  0.473866074686524  0.491333442006269 
 1.655735549450549  0.997254065934067  1.970259890109890  1.083049970879121 
 1.560670817610063  1.896670440251570  2.068329056603774  3.289277358490565 
 1.452764311111111  1.555241155555556  3.013588888888891  3.602206666666668 
-0.245684549071618  0.068368479195402  0.751812661361626  0.477321380371353 
