-0.161784484939776  0.071124970286148  0.907243259036095  0.638342423976009 
-0.133528688872727  0.069911515642906  0.574305465309075  0.948650225454500 
 0.908887319354729  0.178881002370975  1.080482920322488  2.451112903225752 
 1.676369046052605  1.231973421052639  2.774818750000052  1.290010322368197 
 0.395961676300565  0.095472672466280  0.921612317919106  1.758892967244705 
 1.035637695984697  0.318913284225628  3.095262715105181  1.450770900573668 
 0.954598162816291  0.194926878712874  1.375325665566544  1.450677304730462 
 0.174978946444451  0.082794476617776  1.337033088888913  0.835820133333333 
 0.661771949330801  0.126039596051627  2.203773996175859  1.514076567877587 
 2.119220940170921  0.862376831196578  2.238857905982917  2.796468803418794 
 0.588807601087676  0.123762535656830  1.730331281618866  2.063185160202354 
 2.239209293680278  1.756659702602236  2.234084089219322  3.866311524163543 
 1.564139230769244  0.901446926035512  1.193076582840209  3.298883431952722 
 1.756462575757564  0.449460957878799  3.233566666666709  3.639625757575739 
 1.966448658008636  2.185389610389616  3.716544588744593  2.605288744588719 
 1.244235625083610  1.488291404682280  3.282339464882968  3.530996655518412 
 0.613071265389878  0.113714833715458  1.903042134062936  0.843349734883720 
 1.337689259803918  1.576762205882357  2.270930392156861  2.874162499999997 
 1.380861323529403  0.023913969764707  1.899864411764696  2.253840882352969 
 1.919773212669684  1.621151040723980  1.579112235746603  1.962845882352938 
 0.886713036474168  0.235852230699088  1.895465349544063  2.877746352583582 
 1.146387070844686  0.718927411444136  2.226465803814710  2.109815667574928 
 1.934979279999998  1.026374171999997  4.070906400000004  1.838549596000007 
 0.095493559855769  0.079234999693510  0.963757127403849  1.190943167067312 
 2.620411231884063  1.004759998913046  3.232689492753633  3.140650000000002 
 1.276847137404577  0.681248892748090  2.268432366412210  4.153928244274820 
 0.314200781149733  0.091163295315508  1.507760695187164  1.424907486631014 
 1.429144719540234  1.157605287356325  3.197252643678151  2.435085287356326 
 0.852007391534389  0.059918523571428  2.595155158730153  2.216092460317460 
 1.898914980544747  0.317559187782101  2.839589688715957  2.120833073929968 
 1.474706775431864  0.297553281497120  2.177327639155469  1.194337820921304 
 1.309344198412699  0.320408116666667  3.697034656084662  2.577892592592589 
 1.891530262008736  1.217182681222709  4.479271615720521  3.287216593886462 
 2.240156571428571  1.663378171428569  3.522487428571432  4.361727428571421 
 2.474400438596491  1.805371491228071  2.777019736842104  2.218619999999996 
 1.113815838652479  0.312286682978723  2.777318794326240  2.988081028368796 
 1.688170279898219  0.537638836895675  1.297211010178117  1.895753715012724 
 1.770398328690807  0.226324637214485  2.083908077994430  3.371733147632316 
-0.431625751766368  0.069544877478243  0.517997528638720  0.514386746773434 
