 0.137980300103921  0.082026302966743  1.319344604989521  0.728061553014737 
 0.143333408819345  0.080182083029866  0.657002139118033  1.314489601706874 
 0.665757626436682  0.112556680416672  1.456661091953938  2.288398706896506 
 1.699774887892340  1.243402556053821  3.035126905829670  1.267278874439158 
 0.360280045714265  0.085677801271427  0.974700657142897  1.836104142857141 
 1.272600410658295  0.429923915423207  3.395598746081527  1.587675360501653 
 1.064919211009193  0.050375217706425  1.523831467889887  1.589021100917417 
 0.348202497155869  0.091897833567687  1.722488850967050  1.115419681456198 
 0.765842247311879  0.271276292741941  2.654827688171898  1.067081225806340 
 2.517952282157639  1.193498838174270  2.178481742738607  2.994677178423214 
 0.637192199709927  0.135768203645028  2.068716160220961  2.127451933701638 
 2.082875287356290  1.302192954022996  2.309290114942515  4.434141954022950 
 1.899030487804913  1.224794146341482  1.238256067073110  3.430810365853785 
 1.730536044776106  0.420909175373148  3.258721641791095  3.705775373134305 
 2.055066363636337  2.162302673796799  3.877334759358297  2.628046524064139 
 1.024758628301883  1.339395660377369  3.703222012578663  3.354602515723299 
 0.835955975609754  0.090676874292683  1.840791463414646  0.745067649268294 
 1.513578015267171  0.989756641221375  2.346543511450379  2.969254707379138 
 1.355764599156111 -0.044408363417720  1.965469409282682  2.236385021097092 
 1.970399999999999  1.603363544973541  1.560427111640208  2.088898941798937 
 0.881703035647287  0.176917998424015  2.110277298311428  2.841012007504680 
 1.035396039697538  0.697939943289216  2.576642155009452  2.135521739130430 
 1.982086416184967  1.110661040462424  4.208005780346824  1.905546011560704 
 0.145178716287533  0.077232998644222  1.232005486806193  1.309925568698818 
 2.542320535714295  0.998117767857146  3.280387500000014  3.236691071428575 
 1.097417903930124  0.500633425327509  2.269188646288206  3.961301310043686 
 0.403247583641976  0.118811269168725  1.570796502057609  1.673008127572006 
 1.587608793103454  1.161364080459773  3.273670977011478  2.514910057471271 
 0.891533558762884 -0.005551553381444  2.786720618556700  2.028482268041242 
 2.292724999999992  0.433930609666666  3.191331250000013  2.173267916666674 
 1.556509066666670  0.140560831546666  2.436169333333330  1.406065528000000 
 1.287225230483271  0.355432596654275  3.805149442379194  2.574105947955383 
 1.909451912568309  1.151197508196724  4.504296174863385  3.243532786885245 
 2.307873451327434  1.507919477876103  3.930169026548680  4.425586725663702 
 2.477112290502792  1.848918994413408  2.867829050279328  2.098303128491619 
 0.898645474474474  0.366896189489490  2.902514414414406  3.054042042042055 
 1.961680869565215  0.473043703478262  1.364050813043478  1.780487739130438 
 1.900916975308640  0.284043859753087  2.080397530864197  3.339972839506179 
-0.030056926086956  0.072731998157132  0.940491327231125  0.993309694889402 
 0.691909531502425  0.156815293844911  1.124276138933762  1.213586914378030 
 1.215180748898679  0.722423017621146  1.623436718061672  2.408626651982372 
 1.011194247787610  0.220637808849557  0.775514376401179  2.074245132743361 
 2.368252702702705  2.141289189189187  2.935252702702699  3.669497297297287 
 1.296493800623054  0.090443526479751  1.335202211838007  2.868888473520260 
-0.232224371428573  0.069269583616071  0.556971514285714  0.872901517857147 
 1.543675294117648  0.074413408021390  2.858270053475936  2.740472727272725 
 1.059262430555557  0.584354537037037  1.867807407407410  1.625720601851849 
 1.243062819512196  1.820030243902439  2.571802439024389  2.363462439024389 
 1.814973566084789  0.603198164588527  2.413955860349123  2.217245137157107 
 0.653961903448278  0.096726616648276  2.166060689655176  1.530106206896552 
-0.550021855955678  0.074665326035374  0.522476280055406  0.523940020313942 
 1.660466312849161  1.000264189944135  1.970383798882681  1.078090529050280 
 1.546152645161291  1.900127096774191  2.083307096774194  3.298469032258063 
 1.452764311111111  1.555241155555556  3.013588888888891  3.602206666666668 
-0.199503226151316  0.066628693042763  0.893519893092104  0.591135068256577 
-0.257471372707659  0.068197190755124  0.500798200647249  0.461717311974109 
 1.069828299319728  0.665587503401360  1.068756108843537  3.438644897959184 
