 0.044290309333326  0.076690511833727  1.005894040261417  0.985363114771289 
-0.332630742949549  0.069735483706677  0.594947700931429  0.603739390219908 
 1.121502951383644  0.259992416185494  1.445569356768843  2.778745474943875 
 1.101703310319764  0.365777689135176  2.699463880813961  1.375752865334249 
 0.466419769616021  0.110086382712854  1.081258869616043  1.703533764607679 
 1.636351339726026  0.517023201936076  3.405716712328773  2.301029105022852 
 1.563825204170291  0.482296309956561  1.634202127715026  1.633786967854030 
 0.485272353396392  0.098886343036112  1.712719535683582  1.077441374118651 
 1.110796261714288  0.222964720897144  2.501464171428562  2.430292057142834 
 2.088476424050612  1.115884808955694  1.856279462025310  3.650510601265812 
 0.669529797908527  0.125062454710924  1.888840142095892  1.927097912966247 
 2.013435301914575  1.616088350515467  3.190116053019144  3.806781296023565 
 1.671099329619314  1.314903286908078  2.160053474558951  2.553128876508828 
 1.378991941176469  0.435351431726135  2.728116682738670  3.500258148505300 
 2.084218622754495  1.693038577844311  3.215954491017962  2.024943712574851 
 1.788223274579440  1.235060454205608  4.205880373831768  3.078634766355140 
