-0.007143675642169  0.074014073588428  0.925654335931479  0.940657251845344 
-0.352027788169580  0.069974776842253  0.580750195445423  0.580721120939543 
 0.962203572946793  0.205439133884062  1.152403114589315  2.396092367149729 
 1.656940613496921  0.872492486196323  2.779759509202480  1.361690165183945 
 0.346942449331483  0.091569566781927  1.066861883356402  1.598905163669894 
 1.616885923566873  0.566218324745229  3.822154299363066  2.182243089172021 
 1.228433886639682  0.299163645354253  1.484601062753029  1.407637135627516 
 0.342380371284869  0.086795956425239  1.568633155006870  1.022885516323728 
 0.966556156570378  0.093138361612303  2.775068219944038  2.136513047530245 
 2.322913622290998  0.691589297306499  2.679613467492264  2.911818575851386 
 0.614404171882646  0.132738426433163  1.847763520408147  1.889516173469381 
 2.230620818965506  1.584100193965521  2.721384331896546  4.077192887931031 
 1.606706721044054  0.698745792332793  1.575742370309934  3.545937194127271 
 1.313147669270828  0.399695052343754  2.952343229166678  3.510316666666663 
 2.226507585470079  1.860304102564104  3.431315170940174  2.243570470085462 
 1.866782831683169  1.325199019801983  4.103728712871287  3.460796039603969 
 0.829813427055700  0.190381128850575  2.398205393457126  1.218686108753311 
 1.387208982121805  1.750518958742634  2.549762868369352  3.070410609037328 
 1.573612540485825  0.229562561680163  2.068073370445338  2.178343724696372 
 1.894854844357980  1.393391381322955  1.615069807587548  2.231529630350194 
 0.928164812197482  0.251991649041627  2.033277347531459  2.806140658276858 
 1.280344231060606  0.908823106060606  2.822252398989903  2.449549621212122 
