 0.138736739180643  0.082453211401267  1.331832783613361  0.733654447479178 
 0.148252354945054  0.077201260260983  0.667861955769200  1.325679986263644 
 0.711689499222287  0.119566101664080  1.438780622083891  2.352540902021724 
 1.711548682926790  1.253526146341474  3.049580000000081  1.224977019511865 
 0.351369524147707  0.084483060355112  1.005539389204586  1.840376278409089 
 1.267888518072273  0.373372194056237  3.475461847389586  1.531794136546295 
 1.064199404332148  0.059177364801447  1.511469530685901  1.619459999999987 
 0.353522789170517  0.091520859108291  1.731488479262716  1.129466301843316 
 0.751942173669521  0.249324223249306  2.655981512604891  1.051970044817811 
 2.696226229508143  0.859484098360649  2.296106010928984  2.921063387978114 
 0.604290416067234  0.116626507454679  2.079629093567219  2.168747660818691 
 2.098397109826557  1.279047364161857  2.328686589595363  4.424998265895916 
 1.958290236686424  1.263085976331378  1.185805461538402  3.451551479290063 
 1.658935675675660  0.348696211711729  3.335840540540601  3.758844594594565 
 2.051068702702675  2.171381621621630  3.875977837837846  2.613150270270237 
 1.029725999382712  1.335630864197541  3.696175925925973  3.326869135802497 
 0.840226476190474  0.090613139190476  1.826561666666678  0.753252062380954 
 1.746973177842561  1.026629533527700  2.200210787172010  2.869130612244903 
 1.301178674948235 -0.037950139875775  2.043145962732902  2.170670600414124 
 2.033588439306358  1.650146763005776  1.588601977456643  2.082440924855487 
 0.945839136363647  0.112275775505051  1.988690909090890  2.991055555555544 
 1.117760159737413  0.708359737417933  2.750377461706781  1.949842450765862 
 1.987844879518068  1.122836566265056  4.241122289156630  1.903244337349409 
 0.156629058951175  0.077224740244123  1.258731256781199  1.320395027124775 
 2.443381276595753  0.958851922553195  3.318771489361717  3.243085957446812 
 1.064038457142848  0.500324476571426  2.285226285714281  4.065819428571450 
 0.423307017230445  0.122083120118394  1.590719450317120  1.723085412262146 
 1.586704757575765  1.185085090909094  3.290934545454529  2.516939393939401 
 0.891182397260270 -0.018161076461188  2.802615068493148  2.037052968036533 
 2.203502542372874  0.453008057288135  3.226829661016963  2.110675000000007 
 1.547798039215690  0.128711745182072  2.447207843137252  1.377340988795518 
 1.303110475655430  0.372105326591760  3.810764419475667  2.560731086142315 
 1.923912290502796  1.151528122905031  4.507828491620109  3.257607262569831 
 2.339016260162602  1.560080739837396  3.879572357723584  4.391249593495922 
 2.489989385474859  1.826545810055866  2.855986592178769  2.085388603351954 
 0.800222319865320  0.252934187205387  2.913794949494940  2.937180808080822 
 1.947364186046510  0.490677682325582  1.332711846511628  1.724327255813958 
 1.844828666666665  0.267997937533334  2.105364000000002  3.422402000000006 
-0.025003265060241  0.072821872051205  0.951057055722895  0.998786716867474 
 0.684755785381028  0.155673657138414  1.137531399688956  1.221792923794712 
 1.261702625698326  0.795382374301676  1.528627011173181  2.341970949720665 
 0.958169500000000  0.235106025624999  0.727601204999999  2.036950937499998 
 2.564135862068968  1.996875862068965  2.746109655172411  3.461997241379301 
 1.463502943143813  0.059220090301003  1.329559531772576  2.659733779264229 
-0.224576826288212  0.068990936200873  0.562085533624454  0.879647694323149 
 1.585020256410258  0.118134473333333  2.848557948717950  2.735592564102562 
 1.025356808510639  0.584771843971631  1.888333806146574  1.612897281323875 
 1.227236971698114  1.807505188679245  2.577363679245281  2.368021226415095 
 1.856897720797721  0.591224951566950  2.361260683760678  2.177000569800568 
 0.663625573770493  0.091324375915301  2.171596448087435  1.538431147540984 
-0.546525017985611  0.075859061237689  0.524147384262594  0.528161602517985 
 1.642591966292134  0.994236741573035  1.980026404494382  1.079446206179776 
 1.565250108695652  1.834096739130432  2.120029891304349  3.281653260869565 
 1.504026321243523  1.798519170984454  3.059834715025910  3.746725906735753 
-0.192923841373671  0.067253293327882  0.896204668847095  0.590419364677021 
-0.256704106371490  0.066745834589633  0.500535250539957  0.461550300431965 
 1.087907952380954  0.557302286666667  1.210134238095237  3.359404285714287 
 1.011759557894738  0.579879614736843  2.235631157894736  2.469443368421052 
 1.334117220338983  0.845871559322034  2.715412542372881  3.293579322033900 
