 0.234853822831568  0.087408799756771  1.077009258375383  1.334349052317621 
-0.255086020851144  0.070480471672608  0.691942875878086  0.662114463333944 
 1.716268089887592  0.888792839204845  1.954933844425185  3.626666292134803 
 1.315605659829913  0.394796000435219  2.702178689344665  1.575701903301616 
 1.190017982549683  0.288745047750846  1.328694217014067  2.334904546776543 
 1.806762266187050  1.065154477517987  3.797699190647489  2.326672796762601 
 1.930827788983710  1.449058518231187  2.279372086889064  2.323890643909998 
 0.603973392011836  0.136491524479289  1.764875680473376  1.092744169452663 
 1.246984758321270  0.317785576266280  2.714102797877473  2.848797153883251 
 1.936461994266913  1.440905507518796  3.443277537593984  3.689245864661654 
 0.698573079575154  0.134198355494109  1.948704462691893  2.018353837915029 
