 0.037238897439745  0.078308121794682  1.145334623493937  0.765169955321374 
-0.356374187097719  0.069783680879551  0.579552995699233  0.579172438911628 
 0.957014526848968  0.216607258733540  1.125389318743608  2.381561904761873 
 1.684581435643553  0.806218042937298  2.855469471947222  1.332310491254014 
 0.367146120855608  0.093499644764219  1.128187795819170  1.616094312105006 
 1.477464533613443  0.481570567114850  3.577528291316537  2.400613025210125 
 1.196424973656486  0.302811229726030  1.484295226554259  1.377909462592188 
 0.400619895000004  0.088843992862764  1.652278510638313  1.087598219255317 
 0.985805480657657  0.087678988114121  2.740775725338444  2.217542940038641 
 2.172211641791022  0.668626512477608  2.471152388059708  2.757507164179099 
 0.618703967805003  0.119490300113835  1.866441230936802  1.930072494553368 
 2.170166822916653  1.624212291666673  2.539777994791662  4.152683072916657 
 1.604349371727758  0.730952851134385  1.554624054101204  3.532535602094270 
 1.319733081043951  0.390438975549455  2.893880357142870  3.528165247252741 
 2.225052273838623  1.941133814180932  2.987117848410762  2.365917750611237 
 1.799926403508772  1.471693081871347  4.252206140350890  3.526869005847969 
 0.847465923572742  0.202973658683242  2.455536003683249  1.257117466850827 
 1.300947227348640  1.657063924843425  2.822137578288101  3.210087891440501 
 1.563647274749716  0.213298782914350  1.991141034482751  2.068471301446067 
 1.878342651685397  1.429373685393256  1.542426429438202  2.241310089887640 
 0.984811683148334  0.209780987547932  1.992023410696261  2.849355701311801 
 1.148867784931508  0.991324767123284  2.494305342465759  2.284202328767125 
 1.915466838709677  1.362746129032257  4.091340645161288  1.965051580645162 
 0.001629710245515  0.073271105160056  0.777292461661945  1.118804513692166 
 2.439161263736262  0.939215468956044  3.406633791208791  3.393186263736268 
