 0.057628306919808  0.078095796746841  1.170989704641281  0.706935269198462 
-0.112797345548655  0.069472904609383  0.611696559558301  0.969178405797057 
 0.631172142750480  0.122766766380850  1.526798997772764  2.199463363028914 
 1.718927272727243  1.254825854545464  2.742172000000058  1.270315919999753 
 0.342605373222731  0.086566549312795  0.890125122037949  1.764545142180099 
 1.257718259999989  0.475510349485723  3.383889142857164  1.525133711428649 
 1.029170517241389  0.293179723342177  1.707866578249318  1.580661419098131 
 0.204121277986189  0.079061498296147  1.510083020730539  1.064412349457055 
 0.717142521653579  0.247031166535437  2.564392519684939  1.223575021653462 
 2.100931735159797  1.009969200913240  2.267262785388140  2.822580365296795 
 0.609881816853919  0.088261850734423  2.099417875383017  1.807530439223682 
 2.452845641025611  1.474365179487186  2.249129230769217  4.003174358974326 
 1.773616026200896  1.220756349344992  1.199786432314368  3.450673362445505 
 1.753034352159454  0.434773438538219  3.211688039867155  3.680950830564762 
 2.029041224489769  2.184018877551027  3.857588265306128  2.608700510204050 
 1.173358633206105  1.338743282442755  3.471182824427510  3.454298854961852 
 0.614431735372341  0.096663164688830  1.896108643617028  0.908584569414895 
 1.163800468354425  1.389021898734181  2.176534493670880  2.917228797468352 
 1.403878658318418 -0.036275853059033  1.978149016100161  2.224632200357817 
 1.824293160377359  1.697663679245281  1.651991670283015  1.947602830188676 
 0.780992660910524  0.166883185965464  2.130627472527462  2.715437048665614 
 1.199379083969464  0.699372854961826  2.420320305343507  2.069916183206102 
 2.024180090090087  1.061046477477474  4.088294594594599  1.900372792792800 
 0.074602235341909  0.077887980629655  0.992826547054842  1.210598043331082 
 2.596188477366262  0.983461850617287  3.281294650205773  3.138994650205762 
 1.209690239999994  0.674815991599998  2.319489599999996  4.129640800000013 
 0.371291394131642  0.098433832547185  1.491096907216490  1.561886518635995 
 1.488903519512199  1.341722853658542  3.153309999999991  2.448406585365861 
 0.917840908450701  0.063457416443661  2.770902992957744  2.017695246478878 
 2.037525181598061  0.389753164213075  2.862923970944315  2.190683292978213 
 1.556022842639597  0.260280608274111  2.265402538071061  1.166566687055835 
 1.320561411242603  0.384340242899408  3.735761242603559  2.593560059171594 
 1.927256294416247  1.174214842639596  4.499107106598980  3.272856852791876 
 2.273252348993289  1.580766382550333  3.688226845637588  4.406440268456366 
 2.536634825870646  1.846185422885572  2.776287064676616  2.186829154228853 
 1.089656510067115  0.496920434675615  2.790119910514538  2.989082774049225 
 1.930917883211677  0.505329758394161  1.384391302919708  1.745365000000002 
 1.808032375979112  0.273097367519582  2.090272323759792  3.326658485639689 
-0.242100887892377  0.069078316438180  0.799540845611792  0.584545627930817 
 0.792082140468229  0.148662128996656  1.131382073578595  1.165495702341138 
 1.271718773006137  0.624561574642127  1.621865828220857  2.412106748466253 
 1.033950190930787  0.185606430071599  0.876348939379474  2.092191646778039 
 1.782943102040816  2.057373877551022  2.734920816326529  3.550073469387752 
 1.090577328205128  0.217932840769231  1.280379589743590  3.088539743589749 
-0.448092561173184  0.070541878104084  0.474717823072626  0.526287557541901 
 1.357999490909092 -0.122207417090909  2.840777454545457  2.750709454545456 
