 0.009615036130129  0.075499913445778  0.938696055365273  0.968765593036581 
-0.345586580408954  0.069580518133823  0.588158237109691  0.586176158386278 
 0.981802193072902  0.191496287472369  1.473591692704453  2.594415106853325 
 1.691794233687393  0.966747060698032  2.818828983308064  1.425224744612947 
 0.412309958511116  0.102277082514752  1.058494435587852  1.679958942351336 
 1.522522379182153  0.560461174622061  3.667397149938048  2.253077980173519 
 1.317601659070195  0.313085050237012  1.525167010027343  1.511894202370087 
 0.375125147171420  0.089129485241173  1.587430799659729  1.033645020927261 
 0.884966642553205  0.180054156314895  2.652755148936139  2.372423829787190 
 2.338941756548516  0.705819301787363  2.701526502311252  2.917196918335895 
 0.619029467112776  0.129780791984461  1.867225162907252  1.868803859649113 
 2.173904719535773  1.614637562862672  2.717402765957440  4.043830560928435 
 1.592212935483879  0.718647651129035  1.549131569354823  3.520824677419384 
 1.265891547368418  0.382901813099418  2.769335789473694  3.472966549707594 
 2.235365679824556  1.884120131578950  3.515343859649124  2.326964166666661 
 1.836395268389662  1.221918564612329  4.130029423459241  3.482788270377740 
 0.900841232830818  0.201718503391960  2.530245728643226  1.288583241206026 
 1.297603163324175  1.545882527472529  2.682999862637361  2.858386126373626 
 1.517957936913892  0.342024273009379  2.282915345268540  2.286771184995746 
 1.911162319109465  1.375001447124302  1.615009315584415  2.248798756957330 
