 0.088913183291069  0.081194919417738  1.334688860759290  0.596937929114369 
 0.291068219594594  0.085728503479715  0.673813260135057  1.685401689188967 
 0.868015045592497 -0.025951799878409  1.751265045592527  2.243552887537900 
 1.763876219512144  1.047260365853672  2.732781707317175  1.829764024389832 
 0.166873304553097  0.073274933743674  1.263634738617257  1.311955143338957 
 1.168199758064482  0.154796709677444  3.579886290322639  1.841202419355061 
 0.603503730964490  0.126513185761426  1.059196700507589  1.383079441624343 
 0.452023339366557  0.090345507692294  1.831872850678908  0.616208136651571 
 0.644456965686367  0.175003926960795  2.809463235293857  1.394705343137047 
 2.779158878504578  0.902232028037371  2.423784112149575  3.072343925233598 
 0.568195861333294  0.078381584263333  2.267984333333260  2.020794333333286 
 2.172041666666552  1.653328541666690  1.618064999999951  4.520562499999860 
 2.211825000000075  0.886508815789512  1.169789736841971  3.265323684210795 
 1.649949240506280  0.262330481012705  3.759270886076131  3.776949367088521 
 2.718707547169713  2.084007547169838  3.795339622641534  2.619626415094222 
 1.406151619047611  1.093893333333351  4.074259047619122  3.422442857142895 
 1.182789347826078  0.089849452173913  1.851513043478294  0.764516369565219 
 1.872931770833325  1.058288645833342  2.363686458333329  2.897334895833345 
 0.899760981595084 -0.055985021165642  2.017249386503045  1.632889877300672 
 2.514891803278688  1.374958524590156  1.412850311475400  1.775909508196714 
 0.942545081967236 -0.074600553005463  1.934142622950773  3.022986885245860 
 0.794989111111090  0.749599999999970  2.813960784313720  1.788873856209146 
 1.851624852941163  1.222096176470576  4.541520588235298  2.101832352941202 
 0.190567391304344  0.085679329363478  1.498104521739145  1.008942452173915 
 2.439597247706438  1.101045321100924  3.791413761467917  3.047153211009187 
 1.117186979166650  0.370309139583327  2.040419791666659  4.104027083333373 
 0.310534039014374  0.069324175199179  1.602345995893211  1.510377618069799 
 1.778572258064530  1.275744838709677  3.152432258064477  2.627294838709695 
 0.689797744897955  0.187579872448977  2.870858163265283  2.343486224489792 
 2.063039175257718  0.073680418762886  3.172190721649521  1.940341237113417 
 1.727946825396831 -0.031251204761907  2.390371428571409  1.382492619047612 
 1.540230357142855  0.161729966666665  4.075460714285748  2.525077380952360 
 1.940154385964922  1.070130596491239  4.896861403508761  3.358035087719298 
 2.427912500000002  1.981804999999994  4.467892500000021  3.997302499999968 
 2.427319130434783  1.781693913043479  2.806511304347828  2.438092173913042 
 0.778571718446604  0.331206232038835  3.555407766990269  2.883429126213648 
 1.832113333333328  0.181360688444446  1.330342444444444  1.276405111111128 
 2.205601428571418  0.193450032285716  1.828642571428576  3.875400000000002 
-0.038213501041666  0.073952611138392  1.143950312500010  0.977760550595245 
 0.290896348341237  0.084407413554503  0.885926090047389  0.931791421800947 
 1.466044745762714  1.396272542372882  1.667043389830497  2.753822881355917 
 0.430214367346937  0.126094472789115  1.061482040816323  2.134797619047616 
 2.573632926829271  2.145312195121953  3.072952439024387  3.604591463414610 
 1.559484459459458 -0.014570045270270  1.187723310810806  2.581777702702736 
 0.057819227450976  0.078903509518716  0.903436755793222  1.311502852049930 
 1.403274678899083  0.476445908256883  2.952527522935780  2.231390825688079 
 1.250757448275862  0.987594137931034  2.107337931034491  1.945708275862059 
 1.058187719298250  1.075614385964911  2.683090643274857  2.526794736842104 
 2.306671428571428  0.332771107142851  1.991585714285693  2.453975892857128 
 0.350379030864202  0.077920794320989  1.934691975308644  1.131756234567900 
-0.609275714285714  0.115341818932876  0.484697580034432  0.494072550774525 
 1.846876978417264  0.660241654676260  2.146358273381298  1.237990071942447 
 1.600146808510635  2.058268085106372  2.401188297872348  3.122007446808514 
 1.060809357798164  1.131371926605502  3.187172477064223  3.618644036697241 
-0.154071601864181  0.066217308520640  0.810576098535282  0.969808069241008 
-0.055743988008130  0.077538821280488  0.625393028455288  0.639827306504065 
 1.056593861386144  0.376589920792080  0.904083247524748  3.339962376237631 
 1.221785052631582  0.673661999999999  1.651921052631573  2.750309473684213 
 0.768270282894735  0.437013539473685  2.365963815789486  3.153002631578947 
 1.748323466666666  2.055030666666671  3.621847999999999  2.036897333333333 
 1.758679591836735  0.810237755102042  2.521576870748305  3.587201360544219 
 2.732295121951219  1.099289036585366  3.356300000000001  3.903420731707317 
 2.476994366197183  1.851302816901410  1.849681690140844  3.152425352112672 
 2.015719999999999  2.321266000000003  1.990075999999997  1.862170000000001 
 0.272089962962963  0.092478794749455  1.201057864923745  1.702416122004365 
 1.975453237410076  0.263070607194245  3.023619424460438  2.923321582733800 
 2.655107547169810  1.456374905660376  3.176796226415094  1.294306603773585 
 1.437132209302327  1.329324999999998  1.358597906976745  3.725977906976754 
 1.135460580645160 -0.185188677870968  2.782848387096784  1.727574838709674 
 1.438086849315069  0.456545422739725  3.156124657534245  1.293426095890410 
 0.744699865546218  0.128580390336134  1.291507563025212  2.634442857142859 
 1.613269594594601 -0.151661759459459  2.286675675675668  2.325389864864855 
 0.034158472340423  0.072452990577508  0.493880391489362  1.181813039513679 
 1.014840276497699  0.526821797235023  1.322963824884801  2.101941474654385 
 0.936219901219512  1.672708536585366  3.471018292682926  2.797052439024388 
 1.721153020833333  1.967600000000000  3.987004166666661  3.022738541666670 
 2.257386842105261  1.470654736842105  2.929673684210529  5.149955263157895 
 0.702235952380948  0.128837897476191  1.222092000000010  0.789019152380952 
 0.501886620950000  0.274512215000000  1.938338500000002  2.557273999999998 
 1.599840932642488  0.207217487046632  2.285654404145077  3.139627461139896 
 1.201188795986623  0.348950934448161  2.414957859531773  1.831511036789296 
 1.217122150537636  0.981806344086023  3.652702150537636  1.798410752688172 
 1.061892623574147  0.381283467680608  2.321520912547534  2.504977566539929 
 1.577486966292136  1.379172359550560  2.849717977528089  1.009894584269662 
 1.428026575342466  2.286949315068490  2.895321917808218  3.921458904109587 
 1.033512553191488  0.374953567021277  2.711959574468085  0.593220475531915 
 1.200694328358208  1.156040208955224  2.641832835820895  4.420125373134331 
 1.634158714285716  1.082652142857142  0.816471130000001  2.451261428571426 
 1.658619631901841  0.572933815950920  1.614402453987730  1.933846012269939 
 2.111052688172044  0.355970161290322  2.905810752688172  3.866003225806453 
-0.129703753993609  0.072546844062301  0.992442731629391  0.596383784345048 
-0.332550268382355  0.054732327806985  0.673632628676472  0.345051024632354 
 1.269433178807946 -0.188944060264901  2.932881456953640  2.723552980132452 
 0.979084973262034  0.587605187165775  2.224600000000004  1.237171604278076 
 1.089709000000000  0.395387988000000  1.653496800000001  1.466061719999996 
 0.877992916666667 -0.048570024356061  1.263674848484847  1.828223863636366 
 0.453084875000000  0.069668691105769  1.665542548076924  1.992705528846151 
 1.596387142857142  1.152657428571428  4.261020000000002  1.026532257142857 
 1.469471575757574  0.833730424242424  3.612433939393941  2.594138787878787 
 0.822224876033058  0.523728471074380  1.958850000000004  2.085471900826449 
 2.323302105263159  1.445696210526316  2.421781052631579  3.898447368421053 
 1.305789203980103  0.518430124378109  2.955854228855721  3.028012935323383 
 1.627038073394499  0.569907981651376  2.392505504587154  2.357593577981651 
 2.477210810810812  0.762931801801802  2.882641441441441  2.342294594594594 
 1.199573515625000  1.220625703125002  2.271421093750000  3.316130468750000 
 0.678868905472639  0.073335048845771  1.590527860696517  1.205751840796021 
 2.102150909090908  1.205026272727272  1.825020000000000  2.352108181818184 
 1.823239007092198  1.413656241134752  3.181634042553193  3.502019858156030 
 1.862758333333333  1.392254375000000  3.967675000000000  4.421481250000001 
 1.440524929577465  0.358795873239437  1.654572535211267  3.346635915492955 
-0.335401317636988  0.041286624051901  0.377156522773975  0.534617003424658 
 0.479002387394958  0.180348246498600  2.101290476190476  1.573228851540615 
 1.088263269230769  0.133395368269231  2.904026923076921  3.698712500000000 
 1.257073471074380  0.363626528925620  0.823879173553719  1.531618925619836 
 1.491837536231884  1.466358550724637  1.618815652173913  1.261360579710145 
 2.105276415094339  0.954114339622642  3.578175471698113  1.963312264150941 
 2.452609677419354  0.455819059677420  3.957645161290327  2.534348387096773 
 1.331190428571428 -0.008464301904762  1.722117619047618  1.868928571428571 
-0.391017260083450  0.065954602433936  0.743824631432546  0.669120319888733 
 0.880665782312925  0.114311531972789  0.595716609523809  2.147983673469387 
 0.771220584615385  1.641818461538462  2.029036923076922  2.533760000000000 
 0.776157312775331  0.034194571806167  2.309815859030837  1.112147533039648 
 0.891066855670103 -0.119336707938144  2.423514432989695  2.325968041237111 
 1.440746565656566  1.965310101010101  2.669619191919190  2.167927272727272 
 1.349294811320754  0.219536256792453  1.810269811320755  2.483722169811321 
 2.428372000000000  2.508652000000001  4.222188000000001  2.000299999999999 
 0.631436398671096  0.335766783720930  1.506836146179404  1.657402990033223 
-0.294357057692308  0.065573900038461  0.461335434615384  0.872819596153848 
