 0.019677412102833  0.075632246944034  1.240208562783541  0.628851305597847 
 0.290384427927927  0.097080868310801  0.753604087837786  1.594393018017868 
 0.769213034187888 -0.031837765299138  1.680428632478507  2.196703632478566 
 1.756973113207509  1.057272358490577  2.683462264151023  1.846440094339304 
 0.186762749115628  0.089061792122447  1.201296680272154  1.451942585034017 
 1.216043367875626  0.099402330051829  3.457167357512992  1.872296891191853 
 0.688642083333352  0.066554052063496  1.212624503968239  1.473114880952365 
 0.395240215686299  0.096122814257694  1.756674229691986  0.672695300280104 
 0.587155718309926  0.142048054225360  2.594521126760377  1.273638556337878 
 2.740924087591169  0.788932116788312  2.425859854014633  2.901383941605804 
 0.558073297383155  0.161096361362617  2.109885420560706  1.821918878504647 
 2.152603030302947  1.471511212121229  1.699807878787843  4.462601515151414 
 1.989696067415795  1.128833033707898  0.967401044943706  3.290779775281128 
 1.408488333333298  0.228046407407442  3.536893518518651  3.783606481481420 
 2.525366666666603  2.246834567901252  3.919634567901249  2.361713580246838 
 1.543867862595413  1.025014198473296  3.890322900763420  3.514335114503847 
 1.056670102040811 -0.045283620918367  1.865478571428595  0.899005765306125 
 1.878511467889901  1.098108761467898  2.275837155963299  2.776522477064232 
 1.052914988610473  0.013589558997724  1.868837357630963  1.670914806378178 
 2.321364799999999  1.247285679999995  1.535869199999996  2.064874399999994 
 0.996244196078447 -0.013462154901960  1.923495686274478  3.072928235294088 
 0.807202152284247  0.684214822335003  2.866106091370555  1.818908121827408 
 1.992859894736835  1.064170526315781  4.430600000000003  1.857221684210544 
 0.216931212333734  0.077850305917775  1.487504474002430  1.108934401451025 
 2.519763571428584  1.018079785714291  3.767882857142878  2.917918571428580 
 1.070367741935470  0.282356237096770  2.233156451612899  4.035262903225838 
 0.375191736690648  0.103536159902159  1.596337410071935  1.708263453237396 
 1.720980252100849  1.137717184873950  3.281112605041993  2.582544537815139 
 0.702794593939390  0.028102839424241  2.659667878787867  2.279534545454547 
 2.170613131313124  0.418040891515151  3.167440404040422  2.098229797979804 
 1.811893167701868  0.043857349068322  2.376881366459610  1.391090496894405 
 1.536815304878048  0.440279306097560  3.998477439024413  2.521102439024379 
 1.868186746987959  1.058477518072296  4.793446987951800  3.344986746987952 
 2.253381081081082  1.741568783783780  4.268318918918929  4.200004054054038 
 2.489192187500001  1.694986484375000  2.739486718750003  2.366989062499998 
 0.894129613496934  0.465336210429448  3.438776687116551  2.825959509202489 
 1.532621511627904  0.179834808488373  1.164695581395349  1.407274534883729 
 2.076887962962958  0.290961983888890  1.788842407407410  3.686156481481484 
 0.015699726923077  0.076260585244282  1.077967650727655  1.071691787941793 
 0.578494738219900  0.117727745549739  1.063753874345543  0.898966596858639 
 1.366114062500001  1.437425312500000  1.583180468749990  2.645446093749985 
 0.847329658119655  0.091543953846153  0.677243639316237  2.076766666666665 
 2.403817968750001  2.008335937500002  3.075930468750000  3.507847656249985 
 1.564088888888888 -0.004919295454545  1.298554747474743  2.528967171717196 
 0.042517847777774  0.075035609222222  0.656759512222221  1.182851027777790 
 1.376393894080998  0.531815956386295  2.791215264797509  2.402395950155765 
 1.071756740088105  0.891764669603523  1.988150660792955  1.929454625550654 
 1.019227358851678  1.229588277511962  2.516892822966510  2.592871770334929 
 2.023715204678362  0.367347512280698  2.204884210526302  2.374799999999992 
 0.466388635726797  0.070131731278459  1.923840630472856  1.260644711033274 
-0.589389442934782  0.091986414940640  0.488391630842398  0.524771008152173 
 1.757714285714284  0.841250642857144  1.920238142857147  1.094009785714286 
 1.479076030534349  1.930746564885490  2.334701526717561  3.114520610687025 
 1.298720249999999  1.311486249999998  3.126345625000002  3.566455624999997 
-0.224299000000001  0.069481178199047  0.848871179976159  0.888704815256254 
 0.029963732918150  0.076934268131672  0.775936672597868  0.652492037010676 
 1.148884716981135  0.380819270440252  1.082017295597482  3.319752830188683 
 1.262683020134230  0.556941040268456  1.742484899328856  2.618609731543625 
 0.926612521568627  0.452614675294118  2.641944313725496  3.146207450980392 
 1.661697368421051  2.163388596491230  3.122260526315790  2.259567543859650 
 1.755648936170212  0.912013882978724  2.691224468085110  3.405358510638301 
 2.560271111111111  1.124358896296297  3.152023703703704  3.881797777777779 
 2.477461607142857  1.687809821428572  1.970599999999999  3.378023214285713 
 1.758934895833334  2.108470833333335  1.934200104166665  1.787139791666667 
 0.385556232505643  0.096527645282167  1.125871151241534  2.014213995485335 
 1.884704597701151  0.249877202298850  3.038100574712647  2.951627586206886 
 2.637345454545454  1.402081818181817  3.258704545454545  1.353038787878788 
 1.328702000000000  1.127940999999999  1.736526400000000  3.567996000000006 
 1.036933944954128 -0.194059577385321  2.595641284403676  1.681556880733944 
 1.389116117647059  0.458739857176470  3.239876470588236  1.226850876470588 
 0.745809397769517  0.191378590706320  1.267508884758365  2.631112267657994 
 1.381548498293517 -0.068382430238908  2.162558020477814  2.336831058020475 
-0.268405135355893  0.064899436709452  0.473006473745624  0.815206009334889 
 0.963195365853660  0.373021676693767  1.397393794037943  1.946811382113824 
 0.922223354444444  1.648251111111112  3.476842222222222  2.903052222222221 
 1.705417549019608  1.928714705882353  4.094778431372546  2.943574509803923 
 2.235083333333332  1.464620952380952  3.023571428571431  5.114966666666667 
 0.820524584615384  0.391797849003077  1.602328615384618  1.275904523076921 
 0.464091272976191  0.247807899206349  1.947976587301589  2.482213888888888 
 1.567737448559672  0.350034046502058  2.230583539094651  3.108080246913580 
 1.289513466666668  0.394380710000000  2.469111333333335  1.876833333333334 
 1.370797089552239  1.203131417910449  3.697743283582089  1.794871716417910 
 0.946147941176469  0.363041646058823  2.199297352941181  2.376854705882356 
 1.552250400000001  1.402695199999999  2.818419999999999  1.023393779999999 
 1.518729090909091  2.297984415584414  2.849699999999999  3.946233766233765 
 1.031016521739129  0.312496543478261  2.562189565217392  0.581395649565217 
 1.369398556701030  1.165444329896907  2.590264948453608  4.305238144329897 
 1.468862421052632  0.851742210526316  0.825915190526316  2.105532631578947 
 1.669045777777778  0.487421755555555  1.658378666666667  1.931107999999999 
 2.048246788990825  0.279216862385321  2.810521100917431  3.819943119266055 
-0.334857585118376  0.063903504317926  0.802401510710261  0.519602157835400 
-0.305592394846797  0.054993167005571  0.463183761838440  0.424992469916434 
 1.257063567251462 -0.198588247953216  2.927805263157893  2.785005847953218 
 1.022996177606179  0.462642213127413  2.254456370656371  1.304401698841699 
