 0.099530525770895  0.079446642472474  1.237146156387575  0.668449637665395 
 0.046054378325991  0.074242216792067  0.700688531982360  1.128707383259852 
 0.630087731283329  0.126918977767384  1.432449117646979  2.226060160427763 
 1.700568749999964  1.242168973214295  3.033833928571502  1.269575397321126 
 0.338309328376686  0.086202461573728  0.890430530359391  1.747544237918218 
 1.272600410658295  0.429923915423207  3.395598746081527  1.587675360501653 
 1.044222745098057  0.052800573351162  1.521193725490175  1.580006060606046 
 0.291349521831746  0.092145547405748  1.648159957401531  1.051339510117143 
 0.765236630769279  0.273697336153852  2.645609487179350  1.083406989743483 
 2.521240476190440  1.213938690476187  2.144585317460335  3.008961507936486 
 0.626027921725939  0.126442097416337  2.047030830039494  2.100994202898532 
 2.058728804347796  1.327077608695659  2.354991304347813  4.406435326086919 
 1.704309900000028  1.158749470000016  1.138962664999949  3.502399500000104 
 1.723448617021263  0.446008684397176  3.247481205673806  3.711203900709197 
 2.048961329787208  2.163922340425539  3.879223404255327  2.622058510638265 
 1.178980423863635  1.443957462121219  3.392039772727301  3.505932196969715 
 0.808401204545453  0.086469664831818  1.857351590909102  0.771769718636365 
 1.509836658354110  1.001414763092271  2.357575561097256  2.983784538653370 
 1.352799381237519 -0.054186289341316  1.920384630738505  2.253806586826390 
 1.954318686868686  1.587604747474744  1.555484970202017  2.101706565656562 
 0.877618014414422  0.160382106594595  2.098014594594579  2.803902702702692 
 1.033499521575981  0.693606604127571  2.571001313320825  2.134926829268288 
 1.982086416184967  1.110661040462424  4.208005780346824  1.905546011560704 
 0.056583211251863  0.075235273226527  1.141757481371090  1.176061296572282 
 2.523073706896561  1.005330560344830  3.267954310344841  3.243878448275865 
 1.102588613445371  0.497835665546216  2.248326470588232  3.955020168067243 
 0.358303640343348  0.105372768104722  1.479827811158794  1.592616824034326 
 1.561937485875712  1.170477090395483  3.290654237288119  2.512581638418086 
 0.886297575638504  0.000032441473476  2.772726719056974  2.018423772102166 
 2.295141152263367  0.439045663868312  3.187276954732523  2.174904115226345 
 1.550612073490816  0.137963760708661  2.433488713910758  1.407861608923884 
 1.277316402173913  0.362666552536232  3.804205797101461  2.585928260869559 
 1.883909895287961  1.155312062827228  4.490972774869107  3.246165968586386 
 2.316608108108109  1.507119828828826  3.938198198198205  4.429849549549535 
 2.478211173184356  1.844967597765363  2.864936871508378  2.100195865921787 
 0.894567383480826  0.367055342477876  2.884474041297928  3.046659882005914 
 1.964818260869563  0.450733402434783  1.357900117391305  1.768571173913047 
 1.897653709198811  0.279766318278932  2.060284569732937  3.317232344213655 
-0.191932576238244  0.069957471554858  0.859166231974926  0.674000112852666 
 0.702662577319589  0.162277054278350  1.104289810996562  1.174382113402063 
 1.232282923728815  0.703257309322034  1.626082203389829  2.405625847457620 
 1.036656723163842  0.211924308474576  0.812228801129943  2.125942655367230 
 2.254634463276838  2.077208474576270  2.985925988700561  3.655153672316375 
 1.133768864265928  0.216840085872576  1.272392631578947  3.056852354570644 
-0.268986626899018  0.063181262252011  0.489758288025022  0.800040759606796 
 1.546718123324398  0.073420226809652  2.862742359249330  2.742692493297585 
 1.035712153846155  0.563484395604395  1.879790329670332  1.623970351648348 
 1.248768426540286  1.821518009478673  2.574826066350709  2.374736018957345 
 1.805083495145632  0.595648019417475  2.406583009708734  2.231570145631068 
 0.599331850254454  0.085847934058525  2.109810814249367  1.505252111959289 
-0.451498528347406  0.073119779979681  0.528861703860074  0.460962096622436 
 1.655735549450549  0.997254065934067  1.970259890109890  1.083049970879121 
 1.501328693181818  1.880561931818180  2.173484659090910  3.354975568181819 
