 0.150922456731990  0.080976224776479  1.313092065359373  0.649281233987159 
 0.156143307368421  0.079066188977437  0.640501990676658  1.323317037593884 
 0.671943608617471  0.105185793608624  1.549016876121981  2.245861041292584 
 1.646000131004332  1.180475109170315  2.728404803493524  1.601234628820664 
 0.256119958730143  0.085961065419500  1.125858990929741  1.494110090702946 
 1.199048310483856  0.205808126612915  3.427971774193578  1.776205241935595 
 0.922233829787253  0.113416274468089  1.479808510638279  1.672371099290768 
 0.418296374223616  0.098680038083846  1.836841925465898  1.058746024844717 
 0.769093000000061  0.260128046496822  2.621252866241867  1.021117722929804 
 2.650273988439249  0.750016289017334  2.425594797687887  2.840936994219624 
 0.555874405301397  0.151119742728724  2.055094148936131  2.107859219858129 
 2.069279279279230  1.439715621621632  2.142288558558537  4.616464864864804 
 1.849539692307737  1.268212153846176  0.983316669999922  3.177297692307850 
 1.543027861271655  0.377231774566495  3.507795953757308  3.754190173410367 
 2.188206382978686  2.112366666666676  3.986663829787244  2.756958865248185 
 1.193398455440411  1.423393626943014  3.608891709844600  3.181061658031111 
 0.925926013071893  0.070666481045752  1.855985947712434  0.736407013725492 
 1.744767986798675  0.993374191419146  2.134194389438939  2.823125742574267 
 1.236950712643671 -0.088918406666665  2.025318390804577  2.085988045977063 
 2.251638235294118  1.211730441176466  1.409338433823526  2.046282352941170 
 0.855188301492549  0.044861857611941  1.969788358208931  2.965389253731324 
 0.930133795013842  0.593154432132951  2.619811080332409  1.815049030470913 
 1.812154893617015  1.192017517730490  4.258074468085112  1.830801134751786 
 0.154446834403668  0.077899824965596  1.421907568807349  1.134124667431192 
 2.465652352941186  0.953759204705887  3.770912941176488  2.917372941176477 
 1.163700896551712  0.288445037241375  2.363417241379306  4.120640689655202 
 0.370933919308701  0.108758762731824  1.592744219308696  1.643342550655530 
 1.627430659722229  1.152036562500001  3.303217361111091  2.488102083333342 
 0.811867790575913  0.067913768219894  2.664008638743451  2.400405235602094 
 2.147641592920347  0.397368157168141  3.163763716814174  2.122081858407086 
 1.574586254295536  0.094724777422680  2.484719931271469  1.438335085910650 
 1.460812797927460  0.420594638341968  3.971859585492249  2.531243523316053 
 1.852412000000004  1.160463232000005  4.642364799999998  3.379170399999999 
 2.119145238095238  1.669894166666663  4.039913095238105  4.471955952380934 
 2.440282035928144  1.675678862275448  2.715013772455090  2.387908383233533 
 0.923973735576924  0.340110269230770  3.316297115384601  2.850911057692333 
 1.672235426008967  0.292049327623319  1.326440224215248  1.521670044843055 
 1.836783261802573  0.239604910987125  1.970129613733906  3.443673390557946 
-0.009672114169742  0.074674065301845  0.983600937269376  1.032342848708489 
 0.697417179487182  0.141336397179487  1.182303369963368  1.138434139194138 
 1.156512433333334  0.782387833333333  1.466418366666661  2.224827333333329 
 0.984246260162599  0.250225290243902  0.692296323577234  1.855143495934957 
 2.218246979865772  2.129030872483223  3.036647651006712  3.662788590604016 
 1.559041877256316  0.110727130830325  1.408247978339350  2.535219133574023 
-0.205403275976233  0.069725806561969  0.574548791171477  0.889522538200344 
 1.428366797900264  0.531580955380579  2.764482677165355  2.342666404199477 
 1.067905194805195  0.549460433766234  1.907453506493511  1.552460311688310 
 1.027213655601661  1.273456473029046  2.453075103734442  2.431730290456435 
 1.871315302491103  0.475884901779357  2.125255871886112  2.122758362989321 
 0.641424719101125  0.093402427239166  2.104616051364367  1.520807544141253 
-0.543197186948853  0.073164370666941  0.510410873280427  0.545069878306877 
 1.737343544303796  0.814750316455697  2.047809493670889  0.983620871518989 
 1.463258922155689  1.910137125748499  2.314176646706589  3.141249700598804 
 1.188810256410257  1.461579423076922  2.950494230769235  3.896017948717947 
-0.197543473515249  0.067249521139647  0.893178386837879  0.614124809791330 
-0.263573970281544  0.067117237966632  0.521940274244005  0.448211895933263 
 1.111306042780750  0.437150342245989  1.203926524064169  3.304157754010697 
 1.091897522935782  0.440202619266056  2.053825917431192  2.488636238532110 
 1.014096323024055  0.605234014432990  2.574572508591067  3.179289347079040 
 1.629977063492064  2.192263492063493  3.215376984126985  2.230903968253967 
 1.865905776173286  0.762507386281588  2.775079061371845  3.413029602888087 
 2.539534666666666  1.071516473333334  3.206508666666668  3.895830000000003 
 2.532472440944883  1.593309685039371  1.990890551181103  3.440959055118109 
 1.684476949152543  1.992006779661018  1.866739067796609  1.856520508474577 
 0.406788984435797  0.082725421906615  0.988466517509728  1.980887159533078 
 1.590263775510204 -0.037577149319728  2.736623129251701  2.862159183673468 
 2.606079487179486  1.530373205128204  3.333300000000000  1.367544102564103 
 1.349873708609272  1.128684304635760  1.724103311258278  3.660750331125831 
 0.804571118466899 -0.098934005540070  2.658844250871083  1.719911498257839 
 1.424864888888889  0.787742289037037  3.352953333333333  1.050356000000000 
 0.841043310344827  0.104790434051724  1.047240551724139  2.626621982758620 
 1.591033775510204 -0.041307149319728  2.733903129251701  2.860479183673468 
