 0.006049895447366  0.074534779827326  1.239541224489671  0.625721885400590 
 0.234659060941828  0.083100478864254  0.729351454293565  1.633970360110620 
 0.952921303115953 -0.054743082039650  1.821729178470090  2.247257223795948 
 1.749226455026410  1.120637460317472  2.816072486772577  1.903783597883241 
 0.202583793255495  0.080202584189363  1.192205551232210  1.417545784695204 
 1.199140117647035  0.052354857058841  3.472675294117692  1.868090588235457 
 0.694394867724892  0.171746118227519  1.008887222222201  1.444105158730138 
 0.412811311111139  0.096404597746022  1.765347301587424  0.641969118095229 
 0.626682629343703  0.139541831274140  2.693544787644584  1.334674285714121 
 2.754145871559542  0.897019238532098  2.439721100917473  3.062222018348578 
 0.544212993945695  0.114762885446764  2.131602296450891  1.793759498956130 
 2.160721276595627  1.551530212765981  1.599980638297823  4.559899999999858 
 2.060880379746908  1.098162784810163  0.958853075949238  3.211553164557220 
 1.401827083333293  0.224362031250039  3.557886458333483  3.817420833333263 
 2.561005333333265  2.231316000000019  3.930032000000016  2.403999999999918 
 1.565888536585359  1.006402032520340  3.919782926829334  3.529161788617919 
 1.100774186046505 -0.030974737790698  1.891987790697701  0.879557790697677 
 1.886428571428563  1.134465549450558  2.228775274725269  2.811881318681333 
 1.050056331658284  0.058673243216082  1.902306532663299  1.618724120603065 
 2.412088372093023  1.345594302325575  1.486708139534877  1.926477906976739 
 0.965768056872057 -0.018894773459714  1.874680568720340  3.053993364928875 
 0.804884708571410  0.722296457142831  2.818949142857138  1.814601142857139 
 2.048580373831768  1.159317383177562  4.273120560747666  2.076860747663567 
 0.166160299147725  0.076372605644886  1.503480113636376  1.068980411931819 
 2.556356410256426  1.010146068376075  3.809964102564127  2.953152991453002 
 1.070262268907549  0.284931675630247  2.201805042016801  4.063857983193309 
 0.335399261862918  0.169603849616872  1.597761159929692  1.598971528998228 
 1.857284269662934  1.226582471910112  3.135235955056147  2.725487640449455 
 0.706572190789470  0.026741644769735  2.645917434210511  2.219466776315789 
 1.997949999999991  0.400597354078947  3.262260526315813  2.009743421052642 
 1.813958666666672  0.055871601333332  2.371579333333315  1.371822066666662 
 1.667721634615383  0.209193886538460  4.091709615384646  2.552178846153830 
 1.833119753086427  1.064339555555563  4.801871604938264  3.352264197530864 
 2.223152941176472  1.772867058823526  4.282069117647071  4.236426470588218 
 2.442905645161291  1.743245161290323  2.752658870967744  2.387459677419353 
 0.784213279661019  0.366788570338983  3.509069491525404  2.864655932203440 
 1.613382312925167  0.166267095646259  1.171433673469388  1.404052585034024 
 2.046262727272722  0.368741175090910  1.736069818181821  3.725885454545457 
 0.003790096784566  0.076030241806002  1.072489131832802  1.072349260450166 
 0.508488453038679  0.098355310497238  1.049733756906071  0.836771469613260 
 1.355762796610172  1.465680847457627  1.589251694915244  2.678716101694900 
 0.813483504672894  0.112203748598130  0.648750895327100  2.137758411214952 
 2.429033333333334  2.034900854700857  3.113283760683760  3.519558974358958 
 1.546972580645161 -0.008982862903225  1.279848548387093  2.536684408602177 
 0.060829499142854  0.075647506714285  0.655799626857142  1.185307057142868 
 1.208695000000001  0.486659864406782  2.938531779661017  2.389020762711870 
 1.268773231707317  0.999386646341463  2.056057317073176  1.907939634146332 
 0.989862156626510  1.256438554216866  2.549234337349398  2.494095783132530 
 2.302530578512395  0.339791851239664  1.977085123966923  2.460620661157011 
 0.465232603070178  0.105510248684211  2.040457456140351  1.201261710526315 
-0.589154016282224  0.092510727539092  0.488202225644512  0.525321590230663 
 1.783164705882351  0.817516911764707  1.972556617647063  1.113198308823530 
 1.501496479999997  2.018390399999994  2.420896000000005  2.999027200000003 
 1.357516560509553  1.304566687898087  3.187604458598729  3.620576433121015 
-0.224740892121213  0.069627511768486  0.843279551515148  0.895226569696966 
 0.011474047192983  0.075983270684210  0.773676438596494  0.649539797894737 
 1.139648108108111  0.385752486486487  1.078024797297294  3.334764189189194 
 1.293884285714289  0.574111737451737  1.678598455598450  2.707752123552126 
 0.703729361842103  0.369209126315790  2.503955263157906  3.090694736842105 
 1.675601041666666  2.218542708333335  3.295693749999999  2.115560416666667 
 1.809935294117647  0.923213202614380  2.513707189542489  3.489692810457516 
 2.577449532710280  1.072903560747663  3.339277570093458  3.863952336448599 
 2.482422222222223  1.852311111111112  1.836206944444443  3.185244444444440 
 1.734901785714286  2.149473809523812  1.923763214285713  1.748075238095238 
 0.354116955916473  0.097189402296984  1.122864570765661  1.948533178654300 
 1.956644242424245  0.207518268484848  3.030227878787882  2.904788484848472 
 2.638890476190476  1.397161111111110  3.271233333333333  1.351169047619048 
 1.396946388888890  1.272121111111109  1.534332777777779  3.647812037037044 
 1.102790851063829 -0.219996914202128  2.575536170212774  1.695301063829786 
 1.374438963414635  0.431915516585365  3.168693902439023  1.273565426829268 
 0.729698129032258  0.140370417562724  1.274333189964157  2.595812903225808 
 1.484544664031624 -0.047759090355731  2.213697628458495  2.309783794466400 
-0.264835279670976  0.064331120164512  0.471350643948296  0.819566580493537 
 0.975052145593872  0.484768735632184  1.381619501915714  2.021475478927208 
 0.932135672826087  1.641802173913044  3.461041304347825  2.871957608695651 
 1.697245533980583  1.930577669902913  4.069842718446600  2.953107766990294 
 2.236802325581394  1.482755348837209  3.024334883720933  5.100606976744186 
 0.641555624999998  0.124294346968750  1.516656510416671  1.140335755208336 
 0.479734598153154  0.201309905405405  2.041476126126128  2.509149099099099 
 1.576730803571429  0.230941267857143  2.177013392857142  3.159619642857141 
 1.332526190476192  0.399640017006803  2.489695238095238  1.865886734693877 
 1.275078130841122  1.027127476635516  3.700913084112151  1.793696261682243 
 1.041677627737227  0.354223965912408  2.276621897810225  2.524087956204383 
 1.560415247524753  1.384093564356435  2.808810891089108  1.034918594059405 
 1.500655769230769  2.292916666666665  2.841134615384615  3.926701282051281 
 1.034718053097344  0.311556446902655  2.586665486725665  0.588782209734513 
 1.254178684210526  1.193455526315789  2.588863157894737  4.369347368421054 
 1.500222758620690  0.852287126436782  0.808234058620690  2.111587356321838 
 1.610993301435407  0.445509741626794  1.644629186602870  1.934345454545454 
 2.061835238095238  0.287824171428571  2.808643809523810  3.849272380952381 
-0.338238217687075  0.063479271575964  0.801151315192745  0.521407555555555 
-0.305887608725762  0.055141541426593  0.463015458448754  0.426402096121884 
 1.189769245283017 -0.214297826415094  2.903545911949682  2.793074842767298 
 0.993703791666668  0.474211404166667  2.269131250000001  1.309044500000001 
 0.967480949999999  0.582093449999999  1.569438999999999  1.307705350000000 
 0.930051070110702 -0.001988248819188  1.340251623616235  1.830228044280444 
 0.496218832116788  0.104298763503650  1.621490997566909  2.084806812652067 
 1.604651388888888  1.175225833333333  4.229227777777780  1.024086916666667 
 1.454095494505493  0.842716538461539  3.571547252747253  2.578481318681317 
 0.844480928571428  0.520941071428571  1.984793214285717  2.089067857142858 
 2.419022471910114  1.418700449438202  2.419765168539326  3.875492134831461 
 1.291517960199006  0.481409184079602  2.872440298507463  3.225484577114426 
 1.623528936170215  0.607614085106382  2.479982127659572  2.452981702127660 
 2.571702150537635  0.637972460215054  2.883580645161290  2.258462365591397 
 1.110379078014184  1.092817659574469  2.306606382978724  3.286487234042553 
 0.572570233333333 -0.086825128000000  1.587034333333333  1.511817000000000 
 2.008808219178082  1.142352328767123  1.848413698630137  2.186605479452055 
