 0.072701481363629  0.078526147619699  1.029879281313113  1.023469671717219 
-0.320548065455877  0.069914264560289  0.608787919088243  0.613385394246695 
 1.265546324360658  0.376037557900407  1.602999633243565  2.969898923283960 
 1.163354633428979  0.365010910724535  2.746550573888096  1.394855554304108 
 0.524899942346727  0.114821524421437  1.116560851238342  1.789843507917170 
 1.807200806122449  0.970943455224492  3.722546224489807  2.155886051020424 
 1.561945070539421  0.499573852912865  1.628599834937756  1.692165717842314 
 0.518110815861801  0.105355196007851  1.750773800549671  1.133371887004311 
 1.244249230457442  0.298606435089752  2.729396815286614  2.464817544875492 
 2.088721276864713  1.294999323716814  2.144385537294561  3.725898103666243 
 0.736826924025868  0.133994935406342  1.974953566958680  2.069693909052984 
 2.018995604010344  1.598178221216043  3.782830789133247  3.489151617076321 
 1.856653613518197  1.511152253032931  2.411252331022523  2.376573310225306 
 1.412212018590998  0.540145015166342  2.980918493150683  3.507105088062618 
