 0.234851597602972  0.087360407468003  1.074922675820320  1.342462641377750 
-0.253815024106648  0.070485478442938  0.693014027976297  0.662934881910748 
 1.679714757858914  0.830234619932036  1.912687394222548  3.598080543755280 
 1.341798733954449  0.421353527158387  2.700203985507242  1.549301337836404 
 1.179156436329585  0.284843431418538  1.331330030290271  2.285369653558053 
 1.808946122082585  1.068209604757631  3.803023877917421  2.333331104129274 
 1.930746183800625  1.471465015576323  2.294584524922121  2.373980630841112 
 0.585098745501287  0.131595284260741  1.758477748806467  1.089626659640102 
 1.242239992285435  0.317724425072323  2.724216634522662  2.830646287367397 
 1.944860131632648  1.427470346011131  3.415491743970315  3.711812523191094 
 0.706609003910235  0.133334960265350  1.984382513464989  2.016910341113102 
