 0.230201610293819  0.087382138544075  1.131518471916831  1.253211517089784 
-0.264355582213668  0.070329375335959  0.673071991934546  0.658996426794986 
 1.808444544666042  1.117918293373811  1.818181964527267  3.429035385949668 
 1.095985074290481  0.249947268877297  2.692333013355583  1.872911060100136 
 0.915467798419976  0.196689459295852  1.512238637149537  2.264067698598129 
 1.782307031496062  1.070253218740160  3.712487874015753  2.305213337795287 
 1.867359116179614  1.184258693799001  2.228727518888101  1.961126343549529 
 0.710063337451615  0.149277515534193  1.886652106451614  1.268914596741935 
 1.322425060481800  0.338352918913377  2.645343003587914  3.081604664274723 
 1.958378473688967  1.496458305605787  3.407862206148279  3.662755424954791 
