-0.085103827610731  0.072923209944235  0.990442318206627  0.674425513942141 
-0.378973382917791  0.069783332804348  0.539514251785707  0.578329168530976 
 0.996706443526078  0.228379219380172  1.031431498071543  2.357765564738247 
 1.704738191964269  1.036235401785719  2.716095535714320  1.308638825223063 
 0.376316379460086  0.096938706737088  1.070691920774667  1.649908861502346 
 1.190744970639030  0.299732588635585  3.266948531951654  1.684745267702985 
 1.192257399770911  0.296659249725088  1.447927262313850  1.413645441008004 
 0.275457932566850  0.087506134663100  1.442858283422476  0.971265666844920 
 0.807944589464142  0.138765235867395  2.409452951861897  1.839383469573076 
 2.123802800658960  0.891977873146620  2.271450082372334  2.945710214168034 
 0.675229533941481  0.115200190345651  1.736002463433386  2.181155735180902 
 2.270291605839398  1.843003467153292  2.446142153284664  4.099764233576613 
 1.610113226666679  0.989157866666674  1.262302861333307  3.319702133333386 
 1.285183518518506  0.356414360905357  3.372908230452700  3.264595267489700 
 2.188769946666661  2.046698666666668  3.119260800000002  2.357043359999988 
 1.781033707482993  1.480713414965989  4.307576530612264  3.551985374149676 
 0.889642013801755  0.179997258293601  2.288363864491855  0.987408692848179 
 1.250351752319585  1.662270902061858  2.701550257731962  3.357430670103092 
 1.647683202099730  0.160045685616799  1.996412322834638  2.054228608923905 
 1.998408653846157  1.478540833333332  1.577790612499997  2.012582147435895 
 1.123729512516469  0.180069149802372  1.843925520421603  3.001781422924894 
 1.137390954478706  0.913369339207046  2.174469603524232  2.263981350954479 
 1.917480835913310  1.111618049226005  4.200806191950464  2.126180804953564 
 0.015759187244169  0.073290987443598  0.797658270728226  1.131555754402669 
 2.380896986301366  1.086797627397261  3.344430410958910  3.633149041095892 
 1.482668828828828  0.507623485720720  2.374509414414410  3.940876576576578 
 0.470028997491527  0.098382043269152  1.768513559322031  1.486160772881351 
 1.376881458077710  1.141535316973415  3.256250715746420  2.508749488752557 
 1.054312472320377  0.196227154487632  2.682291519434628  2.624185865724377 
 2.161428794642857  0.445195082187500  3.100854910714288  2.361454017857142 
