-0.176400664569907  0.070951812752692  0.854679220430064  0.647908383763534 
-0.409555341722131  0.069731185763854  0.501482300041588  0.562637210232919 
 0.901239768645254  0.200390795388135  1.046048236834005  2.385626484018215 
 1.678897569230745  1.283226400000007  2.711928923076972  1.312587932307483 
 0.374844841852475  0.094741445874784  0.945308061749599  1.693633533447687 
 1.033656230916024  0.325618142652678  3.098999427480934  1.456620020992420 
 0.872459841772159  0.171839362710973  1.488124556962012  1.554739578059060 
 0.153657598685863  0.081576885737795  1.269633010012538  0.856900869837297 
 0.643709716603433  0.122624061641368  2.207200948766550  1.512309108159351 
 2.106167857142839  0.624703349325394  2.221064880952393  2.991667261904751 
 0.576795836323130  0.117665236322271  1.752745327510892  2.125831965065494 
 2.230826136363617  1.757427537878793  2.234740606060597  3.898329545454520 
 1.601915501618137  0.945284029126224  1.162692702265341  3.308979611650551 
 1.764494672897183  0.444854941121507  3.254617757009389  3.646457943925214 
 2.002670607287429  2.161524291497982  3.703544534412960  2.587905263157871 
 1.216893002931595  1.468174918566781  3.235514006514683  3.554122475570049 
 0.594208912621360  0.112835566924757  1.858044781553406  0.848772374029125 
 1.371516161137437  1.516895402843605  2.195672274881513  2.904772985781988 
 1.440133388305839  0.054280461379311  1.824824827586197  2.242183958021018 
 1.958576018808779  1.191954137931033  1.516627473667709  2.072419373040752 
 1.015755809239944  0.217924624590164  1.809247481371076  2.980637555886731 
 1.130774156706506  0.698264143426289  2.203672642762282  2.123736254980078 
 1.941871345454544  1.069622963636361  3.996172363636368  1.836488723636370 
 0.007191881431535  0.073542923453838  0.780003845331952  1.123280124481331 
 2.599150171821310  1.045349655326462  3.227265979381452  3.104138487972509 
 1.426486261398174  0.531359320972643  2.205767720364740  4.034759270516726 
 0.279516786144965  0.086110508910840  1.467857729313661  1.397130339961511 
 1.381402850311855  1.135469646569649  3.094516424116416  2.481116632016635 
 0.858428328732745  0.065558287227101  2.576104767879545  2.230583814303639 
 1.903084732824427  0.337437334961832  2.835085114503820  2.113224427480922 
 1.453153301343572  0.282323026679462  2.222920537428021  1.209502350671784 
 1.311484941624367  0.332415066243655  3.702098223350260  2.565546700507612 
 1.878080041841006  1.230674368200838  4.462060251046022  3.283580753138075 
 2.228948022598869  1.648886327683614  3.501110169491528  4.379388700564965 
 2.352842857142858  1.849295598455599  2.581075289575289  2.280481312741310 
 1.148237112396693  0.251187937520661  2.717495371900827  3.017744793388430 
 1.489657537537537  0.410207345525525  1.165864825825827  1.456263363363365 
