 0.107928468025441  0.078739079165412  1.077949260131931  1.042281013195143 
-0.311073415395318  0.069730403581337  0.617927174379777  0.626637006074645 
 1.298870232624070  0.385086427517735  1.607496514184353  3.059178014184371 
 1.222600911706997  0.395583783499021  2.856151406147806  1.570362547220357 
 0.561922769708024  0.123093465386861  1.179972318102204  1.828311204379558 
 1.995593109947641  1.109116167120421  3.594384712041895  2.095499612565458 
 1.662734047039744  0.528924721216546  1.718001679724249  1.773915523114344 
 0.604157457301227  0.125292929968653  1.857512232415907  1.189458071177361 
 1.324504400000000  0.358819001212122  2.962515030303020  2.909793575757563 
 2.021896341201706  1.153834482896994  2.406583615879824  3.851758261802573 
 0.821146907625461  0.157541315385149  2.094792900856779  2.184785516115880 
 1.856860901558750  1.474587961630694  3.828650479616306  3.468587410071940 
 1.764503508226692  1.572235173674592  2.310649862888477  2.535267970749541 
