-0.160391165154282  0.071418896173628  0.903393557168734  0.634854400363082 
-0.130863569683591  0.069890616562911  0.571728311111095  0.949657571743883 
 0.877666526470489  0.182737175102947  1.076853958235208  2.258936911764655 
 1.686023874172158  1.226812682119214  2.776765231788132  1.291342112582556 
 0.346335020408149  0.090626340224488  0.942554658163296  1.752813877551023 
 1.047087282208582  0.329898594580784  3.126759304703497  1.457404255623779 
 1.020066776556786  0.230801978021980  1.676417216117201  1.615816923076912 
 0.149697975115569  0.079816054494605  1.352881987673368  0.833652773497689 
 0.629692312707203  0.129310335104974  2.262840331491653  1.503798110497190 
 2.097288503253778  0.903654600867676  2.270829067245131  2.790979175704980 
 0.568019302116436  0.108018278732902  1.758206192236575  2.081946950092408 
 2.267658490566017  1.758684000000005  2.358832452830180  3.881727924528276 
 1.792488675213697  1.244990256410270  1.242308602564061  3.412284188034276 
 1.757631229773449  0.443285094174769  3.250121035598750  3.675611650485416 
 1.969470608695630  2.182752173913050  3.720715652173918  2.605294347826061 
 1.245848160738253  1.484127281879201  3.279015100671165  3.533420134228206 
 0.626423590277779  0.124504137425000  1.920830972222229  0.848660619722222 
 1.320280255208329  1.593401093750004  2.296225520833332  2.875194531249997 
 1.409529791332255  0.022594985136438  1.937233707865156  2.295067897271299 
 1.857587960199006  1.677290049751241  1.619294697014922  1.936460696517410 
 0.836351885668282  0.206148304283414  2.001483252818024  2.839459420289851 
 1.148306265734265  0.726063552447546  2.242348391608389  2.125568671328667 
 1.945880243902437  1.025355012195119  4.065287398373987  1.832038613821146 
 0.069450669106700  0.077584240626551  0.972763442928041  1.187255459057076 
 2.621600000000005  0.988425186842108  3.262315037593995  3.135809398496242 
 1.271815152671752  0.679854129389311  2.277762900763354  4.156870610687034 
 0.323482147950820  0.089751677596995  1.530619945355190  1.430379986338790 
 1.429853611627911  1.156715000000003  3.202147674418594  2.436108372093027 
 0.871696982019361  0.056096281549100  2.621729460580908  2.188655186721992 
 1.900913333333334  0.316364712161616  2.880317171717175  2.144128282828289 
 1.517627789934357  0.285280887658643  2.241738074398247  1.177310535448576 
 1.285622606321839  0.331981347988506  3.734653735632190  2.584116091954020 
 1.880855198237888  1.211346273127755  4.460767400881053  3.252861233480175 
 2.249574375000000  1.667843624999997  3.640478125000003  4.389702499999991 
 2.475897797356828  1.806177092511014  2.777612334801761  2.215427136563873 
 1.150905177935940  0.322891301067616  2.808895373665479  2.984166548042709 
 1.815456509695291  0.562397348753463  1.334264119113574  1.876826703601110 
 1.816259779614324  0.257560685289256  2.115725068870524  3.367446005509645 
-0.432053994818652  0.069544153031705  0.517876515920868  0.515113265850213 
 0.805747891472868  0.147844050449612  1.124429767441861  1.217048325581398 
 1.211197189054727  0.397891589054726  1.274989955223880  3.030891791044775 
