 0.013649636404869  0.075893377803801  0.942431984122461  0.968379137510683 
-0.344978279763542  0.069626365170829  0.588950723150941  0.587457937090993 
 0.988124159473247  0.191917217995614  1.484166164593960  2.609440014630550 
 1.691235168195706  0.969436441896029  2.814666207951093  1.419512150917327 
 0.415105926759296  0.102477431546391  1.065155563245198  1.684704415060508 
 1.552323152454778  0.571167532196387  3.681353617571065  2.233904560723552 
 1.304933610859733  0.309230370054301  1.527358398190041  1.505459085972837 
 0.378565210280377  0.089901456245538  1.595307676295677  1.042442705692434 
 0.911994665116293  0.188474654297676  2.742080558139504  2.460278790697625 
 2.334832006125555  0.702782316784071  2.700825574272593  2.906287442572734 
 0.621407386912275  0.128704937849123  1.889363508771915  1.895077192982448 
 2.181297176015464  1.618192359767894  2.725899613152798  4.035040812379111 
 1.608417208121835  0.741003997461932  1.525180360406075  3.518109983079556 
 1.287598213580244  0.404453838271608  2.735995308641984  3.530810864197524 
 2.236772417582412  1.890023912087914  3.511815164835165  2.330155076923072 
 1.825594543650794  1.212741642857146  4.129479960317457  3.481307142857148 
 0.900953482675260  0.195778745729251  2.540064625302184  1.315222429492341 
 1.305151362002742  1.548227764060359  2.687319478737995  2.857025102880658 
 1.480781598062950  0.340893450234061  2.282927683615817  2.272427037933825 
 1.907275119705343  1.354736022099445  1.606567147513811  2.239661933701658 
