-0.052594625951757  0.073295581998931  1.036851211796205  0.694964522788298 
-0.369440269230771  0.070239002349891  0.552777815542886  0.583133289711915 
 0.982991416278990  0.213071073802331  1.097033473953420  2.398937209302290 
 1.712161534195920  0.893625333271723  2.813464879852155  1.344608583548859 
 0.382521342252059  0.094225791002065  1.130315721074396  1.652608057851240 
 1.550753451463789  0.515242969676430  3.583839137134065  2.212096764252741 
 1.218446526315795  0.318564892760236  1.437060631578937  1.386092397660805 
 0.322719383394644  0.088283464093535  1.515127446137691  1.000527137256962 
 0.940194357209320  0.117939855451164  2.699978697674372  2.089181116279027 
 2.161198227474129  0.705878096454945  2.478402658788784  2.720233087149183 
 0.671008842153026  0.134980653420105  1.807009752438086  2.165915528882211 
 2.244466379310330  1.782971465517246  2.507948994252867  4.038387931034467 
 1.635949458333343  0.885120958333339  1.383755714583312  3.311992291666706 
 1.236906842105255  0.302768845563915  3.130190827067688  3.089600451127813 
 2.159731157635461  1.959580541871924  2.992253694581285  2.386369852216738 
 1.771063898305085  1.413936536723166  4.228785310734478  3.560043785310751 
 0.939537603254066  0.203391894806008  2.506213642052578  1.095132732165205 
 1.252513123799998  1.565654320000002  2.864180800000001  3.210880000000000 
 1.578485747938744  0.174870749988222  2.000212237926965  2.063300588928170 
 1.911051746031749  1.459208306878305  1.566560267460316  2.121924312169313 
 1.074295965246636  0.213009548721973  2.036157286995512  2.958772982062774 
 1.129117167134831  0.962159255617974  2.392097050561805  2.244830617977529 
 1.984497612456747  1.437526228373700  4.141401730103803  2.015432975778548 
 0.028834725057897  0.075215748179250  0.806610738212136  1.141770384437243 
 2.439219946091641  0.920300972237197  3.364415902964961  3.422724797843669 
 1.505926114790287  0.545386827064017  2.423478101545254  3.968679911699780 
 0.575849678030811  0.111125779257870  1.931275686537172  1.519863047555255 
