 0.144430768627419  0.081489023015002  1.329454232987221  0.699883649365833 
 0.137737652496433  0.076087469429381  0.647724926961452  1.298415121255254 
 0.745207623901461  0.108641556590516  1.506629490333818  2.417121089630873 
 1.699013862433819  1.231230476190487  3.017555555555644  1.202861105819748 
 0.310467592230559  0.090945024674184  1.045586629072720  1.607701378446115 
 1.250355743478244  0.351035124434796  3.491332608695682  1.512989956521858 
 0.950518112244915  0.076248988605445  1.521584506802703  1.686530612244886 
 0.367974228536891  0.091176165642076  1.747151874244302  1.132634207980651 
 0.746953598853923  0.267311331518631  2.653650143266321  1.055770504297875 
 2.646212154696077  0.775911491712700  2.427182320442013  2.831868508287264 
 0.579890196824625  0.131023228276462  2.078945497630296  2.153668878357005 
 1.945204961240268  1.472182170542645  2.342894573643392  4.576876744185994 
 1.777602111801277  1.204444062111819  1.159518155279440  3.566950931677146 
 1.535532978723385  0.298210430851084  3.415352127659650  3.723959042553157 
 2.178694078947335  2.072705921052640  4.002040789473694  2.766638157894698 
 1.053915040828398  1.315441005917170  3.661085207100637  3.272932544378725 
 0.824141928020563  0.085344595372751  1.854146786632403  0.740007805141390 
 1.744748275862064  1.017682852664580  2.189204388714732  2.829906896551729 
 1.273242009237868 -0.086509617782908  2.041612471131618  2.136937413394969 
 2.198900675675675  1.225596216216213  1.329370331756753  2.168411486486481 
 0.893298867283964  0.029956386419754  2.050962962962937  3.011877469135785 
 1.143905704225346  0.644432136150224  2.772798122065725  1.919890140845068 
 1.944618152866237  1.164421082802543  4.222308280254781  1.822768789808928 
 0.136301663609171  0.076254887547358  1.297254755732808  1.240172931206381 
 2.403991525423737  0.894070235593224  3.653516949152558  2.930930508474581 
 1.189705240963846  0.443020044578310  2.279572891566261  4.154539759036166 
 0.391219425993190  0.118091725007946  1.592112485811573  1.724310215664006 
 1.606494600638985  1.156842907348245  3.265876038338641  2.502591693290741 
 0.895106255924167 -0.030886480071091  2.793102843601893  2.010574170616117 
 2.141233777777768  0.415488682755555  3.176522666666681  2.027048444444450 
 1.511770287539940  0.069758086038338  2.427284345047918  1.340475623003193 
 1.365772627118644  0.400177084322034  3.865188135593236  2.501477542372872 
 1.863924827586210  1.121034855172418  4.599844137931032  3.304371034482757 
 2.105919512195122  1.668978048780484  4.075865853658546  4.459741463414615 
 2.533268181818180  1.722578238636363  2.829710795454544  2.117114886363636 
 0.817262365942029  0.248134166304348  3.073286956521729  2.811995652173931 
 1.711681451612902  0.334429713548388  1.372687459677421  1.539889475806456 
 1.812253231939162  0.215596008593156  2.015473003802279  3.380603802281376 
-0.027324243673780  0.073082392746951  0.955931410060978  0.996470068597565 
 0.703221905564927  0.160825485430017  1.181410809443505  1.170827908937605 
 1.183174497041421  0.815020532544378  1.506320502958575  2.325911242603545 
 1.042969999999998  0.261560213147410  0.697945799203186  1.956303984063743 
 2.395310791366907  2.089790647482015  3.013015107913669  3.546172661870493 
 1.542555339805824  0.121684393656958  1.408929126213593  2.555128155339820 
-0.225599098853618  0.069206770679012  0.563686151675485  0.876452980599652 
 1.584991338582679  0.112933353280840  2.839537532808400  2.763603674540681 
 1.033785091743120  0.556564449541284  1.943036467889912  1.628577293577981 
 1.028705048672567  1.338823318584072  2.488528318584072  2.334540707964604 
 1.838363636363637  0.542204387499998  2.305992045454537  2.131873863636361 
 0.643660780346822  0.092438963540463  2.167857947976881  1.537632947976878 
-0.546588856885688  0.075858725559235  0.523369722142218  0.528170397839783 
 1.678915921787708  0.879921284916202  2.037239664804471  1.068846411731845 
 1.465838913043478  1.852283152173909  2.190689673913044  3.196067934782608 
 1.397018819875775  1.722067080745340  3.089731055900624  3.700977018633541 
-0.197856906688687  0.066468724805945  0.893973030553260  0.591303578034679 
-0.256650587757313  0.066907381180932  0.499858106175515  0.461384775947995 
 1.086226548672568  0.417296581415929  1.197466061946902  3.266050442477877 
 1.066014595141702  0.444704490890688  2.247683400809716  2.460544939271257 
 1.032578517241379  0.750152758620690  2.513791379310347  3.224983448275864 
 1.626943070866142  2.180116535433071  3.218259055118111  2.241627559055118 
 1.852940873015873  0.801827896825397  2.739722222222226  3.464288095238096 
 2.547112765957446  1.041893765957447  3.255214893617022  3.901719858156031 
 2.532432283464567  1.569781653543308  1.961033858267717  3.431407086614173 
 1.714458306451613  1.963262903225808  1.893403306451613  1.854734032258065 
 0.477342717241379  0.095584806597701  0.990369885057471  2.123277471264368 
