-0.066380613655929  0.072764058219358  1.020906924731141  0.689089389785040 
-0.372322939565782  0.070173660940799  0.547175385385605  0.581210153013590 
 1.006800425157147  0.225467878578622  1.071568135345838  2.414859371069144 
 1.725470864744994  1.029811317073176  2.739950776053251  1.303635595786989 
 0.377573406719993  0.093352224095999  1.113605160533350  1.645386773333332 
 1.477633106312290  0.263541201893693  3.312008471760810  1.884492707641244 
 1.216658004778978  0.316604049354841  1.428924575866178  1.386503536439652 
 0.311479227421921  0.088033530815245  1.502142091053482  0.982839799999999 
 0.837607245856372  0.132818665672193  2.575180939226475  2.096984990791856 
 2.178899698795158  0.728776545632526  2.465565361445793  2.727112048192768 
 0.666460520996944  0.128791579496956  1.736516133942138  2.162990867579902 
 2.303398422712919  1.773292334384863  2.517440851735009  4.067631545741302 
 1.642283579175716  0.874598134490245  1.378157446854642  3.353265509761430 
 1.243311102011486  0.259008875431039  3.150377298850594  3.049273419540222 
 2.175877565445021  2.046253664921469  3.051748952879584  2.372006439790565 
 1.764845731343283  1.439422071641793  4.231964776119421  3.599287462686584 
 0.929924045949213  0.214306809951633  2.478113542926252  1.103308286577991 
 1.277287163741337  1.616671755196308  2.702287528868361  3.371817782909929 
 1.588575397796810  0.145388866022033  1.992677588739282  2.051845654834780 
 1.928236847826091  1.468747635869563  1.546425356249998  2.139851983695653 
 1.078874083428571  0.210902394628571  2.037407657142854  2.970598057142851 
 1.162945825966851  0.898288715469611  2.269607320441991  2.246119060773479 
 2.001286780185759  1.148339117647057  4.198923839009287  2.109187492260064 
 0.026019787586846  0.075151883195461  0.805537773876796  1.137929828624367 
 2.438799447513809  0.915232405248619  3.361421823204422  3.438322375690612 
 1.513130114155250  0.523800837123287  2.444721689497717  3.968152054794522 
 0.559581799140212  0.103941492256614  1.884134788359786  1.503508796296293 
 1.417802325536064  1.116221481481482  3.339835087719296  2.509339376218323 
