-0.160081540540558  0.071255152948407  0.902634201474151  0.631216439680697 
-0.132307233986928  0.069983647065356  0.572854992592577  0.945936862745052 
 0.625014112132979  0.152368601277723  1.571432734952420  2.117992502639881 
 1.691512832167803  1.249154825174834  2.746449650349706  1.287162685314448 
 0.337706021786477  0.084959005577341  0.916732508714629  1.752287908496736 
 1.248547799999989  0.452182163246386  3.367160289855095  1.507042315942108 
 1.056947142857153  0.239478898951510  1.679592005242447  1.554680498034063 
 0.134968122901968  0.079161573026664  1.347279200000025  0.839962556862744 
 0.721920474545488  0.236374076000004  2.539967636363540  1.241257147272651 
 2.096701121076211  1.002891479820625  2.266502914798219  2.825490807174880 
 0.613172861688967  0.082066600277034  2.115027394438695  1.808785066941283 
 2.471242713567809  1.468319597989956  2.261215577889434  3.975912060301476 
 1.729485622317619  1.211143476394863  1.171568381974207  3.457050643776914 
 1.755478305084732  0.439325990169504  3.219112542372928  3.686171864406757 
 1.991254975845385  2.166842028985514  3.802899516908218  2.581724637681130 
 1.179940042960288  1.334302418772569  3.455629241877284  3.433932129963919 
 0.564723605493134  0.095902823777778  1.873979151061179  0.913023665667916 
 1.156076690058474  1.365665233918133  2.170626608187128  2.891404970760232 
 1.373275693311575 -0.006623278238172  1.960859053833592  2.265336215334455 
 1.835654271844660  1.708135922330095  1.656804573300968  1.949974757281550 
 0.769947774760389  0.172121898019170  2.158699840255582  2.753710063897755 
 1.177865071022725  0.698693323863631  2.267949999999996  2.089606107954539 
 2.000407847533630  1.077334820627799  4.089728251121080  1.886932107623326 
 0.063608663470031  0.078014908763407  0.975094025236595  1.187883072555209 
 2.577852549019614  0.944398375294120  3.296760000000011  3.085447843137255 
 1.226077109374994  0.677704304296873  2.291046406249996  4.138624218750013 
 0.327646860429661  0.094695604020790  1.512727096327094  1.462326888426881 
 1.454659610722615  1.257263449883453  3.131754778554772  2.426975757575764 
 0.970883406349203  0.083883586571428  2.789480476190473  2.067440634920642 
 1.975859955752211  0.331573639646017  2.823509955752217  2.189293362831864 
 1.557655303030306  0.275920703181818  2.252506060606057  1.140053067424240 
 1.331695108187134  0.348655816081871  3.734436257309949  2.582798538011694 
 1.937962512315274  1.190441103448278  4.492143842364528  3.270688669950737 
 2.281743046357616  1.581510536423838  3.681414569536428  4.407362251655620 
 2.526537499999999  1.827284134615385  2.781075000000000  2.179161346153844 
 1.165520960144925  0.304974002173913  2.827971195652173  2.974160688405802 
 1.857356346749224  0.584449683591332  1.396578009287925  1.848908482972139 
 1.822105949008498  0.245749864192635  2.134986968838529  3.357787252124648 
-0.433003519867549  0.069533805953789  0.517935474597920  0.514521363954589 
 0.750428368336026  0.141078530597738  1.131069289176091  1.145651663974153 
 1.359229615384617  0.409939644796380  1.510871380090498  2.884575113122171 
 1.042830644391408  0.237867260859188  0.893174719809068  2.025758711217180 
 1.781641606425702  2.054093172690765  2.736337751004014  3.539577510040159 
 0.781502747126436  0.126494638793103  1.181483620689654  2.762992816091956 
