-0.154248188946563  0.070621682457191  0.891030249091812  0.659286508458834 
-0.401407533661419  0.070017084282010  0.509984196574795  0.565418867480290 
 0.945176187403889  0.216229125453156  1.028699636866270  2.455542396313313 
 1.734756308139512  1.258392354651168  2.857040697674464  1.309793964243988 
 0.372571786064308  0.093333318828483  0.979651937212888  1.687183384379788 
 1.098648129090902  0.333451436090915  3.126110000000013  1.469563820000052 
 1.092188642241386  0.269128312941813  1.356310290948263  1.491440431034471 
 0.215278235331056  0.082440026160957  1.339373333333352  0.898234613013697 
 0.698381839473700  0.115479362087721  2.238594824561356  1.658436228070137 
 2.196364981949436  0.956565467509022  2.263358844765353  2.951144584837537 
 0.660721027973994  0.129193237430429  1.737564373088662  2.185511850152903 
 2.269142750929350  1.851096654275100  2.476653717472111  4.107951301115212 
 1.588650406504077  1.005730720867217  1.267004669376668  3.331482926829321 
 1.306693426966283  0.355180056367047  3.089301872659199  3.344253745318339 
 2.202613947368414  2.075122807017547  3.151854093567253  2.402422982456127 
 1.766146655737704  1.439115783606560  4.283609180327888  3.571362950819688 
 0.683832662337662  0.142747988224321  2.030917355371909  0.909941914049586 
 1.254746093489580  1.671031223958337  2.703439322916670  3.361261197916664 
 1.579617518248166  0.132796679912410  1.757877080291960  2.305672992700755 
 1.978865000000003  1.483352161290322  1.576084100322578  1.972192322580643 
 1.081732753369274  0.234163477223720  2.025857061994601  3.082432749326137 
 1.178606901408448  0.896666718309856  2.211924929577468  2.296238591549296 
 2.070669691780821  1.163355575342464  4.176029109589042  2.123253972602745 
 0.013176082051282  0.074586463224359  0.798640292800790  1.129140083826433 
 2.403847554347823  1.055411809782609  3.345781793478267  3.578256250000002 
 1.562654617563738  0.555851133597733  2.309577280453250  4.049247592067991 
 0.357310696739813  0.091291300051411  1.558463949843261  1.462105015673978 
 1.395040719222463  1.193835572354211  3.225197624190065  2.506435853131749 
 0.969675293864370  0.130773525909579  2.635577610333690  2.352804520990307 
 2.008763723608444  0.374708542840691  2.912290978886756  2.315627831094051 
 1.537158012820513  0.343541313942308  2.216721955128206  1.423033754807691 
 1.294306123867069  0.328653638066465  3.775124169184291  2.488194259818732 
