-0.081045396576102  0.072796059993482  0.995794869565175  0.675187703804443 
-0.377992044678716  0.069895805811013  0.540639454250327  0.579366858165976 
 0.994358201657365  0.227977008936470  1.026810148618703  2.362927762430894 
 1.711387511312201  1.061310701357471  2.696697963800940  1.309083718778127 
 0.372460413485707  0.095658644617142  1.085964104571447  1.651319142857143 
 1.225019775652172  0.302357738000006  3.266640695652188  1.695294121739179 
 1.205668884892093  0.314196384064750  1.430312002398071  1.405784256594710 
 0.279475904632593  0.086701544371670  1.453122870074562  0.976879263578274 
 0.794468730294416  0.147638389610638  2.444340265906883  1.842271320037944 
 2.118094051446924  0.845283763665592  2.327253858520912  2.921187299035366 
 0.682509051088423  0.119746386439154  1.743799092970499  2.186033711262278 
 2.277852499999982  1.830916107142864  2.458029464285707  4.085450357142829 
 1.633278503937020  0.959011926509194  1.286050112860867  3.356418635170654 
 1.277766139583320  0.347605327916674  3.386565416666691  3.246166249999987 
 2.186669973118274  2.052729301075271  3.124190322580647  2.358341827956977 
 1.779924101694915  1.479424894915257  4.305800000000019  3.550606101694932 
 0.901088163913594  0.185485570978399  2.303490088945375  0.988197456416771 
 1.251109292676765  1.656669419191922  2.711459343434347  3.350510353535352 
 1.631242728442721  0.146349991171172  1.998004749034741  2.034889703989724 
 2.001408814589669  1.480370364741640  1.561863255623098  2.105167902735561 
 1.131381779548473  0.186397488313413  1.842607795484723  3.007493227091626 
 1.160005487627364  0.918988602620085  2.182211499272201  2.258210043668122 
 1.909387813504821  1.116801414469452  4.216820578778134  2.116879099678460 
 0.018225203507109  0.073833839629858  0.798856254407584  1.133608990521330 
 2.389349999999997  1.086917369318182  3.359782670454552  3.637323011363638 
 1.483475803571428  0.521598601919642  2.405198883928567  3.935891294642858 
 0.500650056844236  0.098628842422117  1.785788132164528  1.491648914362774 
 1.382394642411642  1.129566361746361  3.272967567567565  2.496461954261955 
 1.050454309976247  0.196330161710213  2.669993586698336  2.631424465558190 
 2.186847794117648  0.456166607401960  3.155431372549020  2.345020588235295 
