 0.089325292957716  0.080300594783322  1.207600790899152  0.662545873239630 
 0.050990383918669  0.074090239795745  0.687632609796653  1.123666210720825 
 0.610211874589855  0.127079731838629  1.451376772486694  2.236490740740696 
 1.705450458715559  1.243838853211019  3.048446330275305  1.266777013761158 
 0.345845494238138  0.085223306645325  0.880348486555734  1.750030473751603 
 1.273606400621106  0.432620183291935  3.388815527950332  1.573940962733004 
 1.003714319327747  0.056945234285717  1.569081697478972  1.630935529411749 
 0.261390435466956  0.083176500524656  1.585784994753447  1.021334512067155 
 0.741178657342701  0.235965739627044  2.629003496503373  1.179294967365871 
 2.525174399999964  1.211204599999996  2.146138800000017  3.007321599999978 
 0.618060705438798  0.122827816809642  2.075180222496878  2.028305191594540 
 2.058728804347796  1.327077608695659  2.354991304347813  4.406435326086919 
 1.704309900000028  1.158749470000016  1.138962664999949  3.502399500000104 
 1.723448617021263  0.446008684397176  3.247481205673806  3.711203900709197 
 2.048961329787208  2.163922340425539  3.879223404255327  2.622058510638265 
 1.178611863257574  1.444347992424249  3.387060984848513  3.503155681818200 
 0.813835322352940  0.110658944517647  1.888192000000011  0.730094167529413 
 1.509279652605455  1.001298635235733  2.358364267990074  2.984688833746902 
 1.341661392649897 -0.044192153307542  1.926713926499015  2.254211605415902 
 1.958108542713567  1.578535829145725  1.557366452763816  2.100694974874368 
 0.868765632508841  0.155460384911661  2.103529328621892  2.779850353356879 
 1.034724794392520  0.696113214953262  2.571022242990653  2.134096074766350 
 1.982086416184967  1.110661040462424  4.208005780346824  1.905546011560704 
 0.051913903165034  0.076997685207234  1.112234468726452  1.180488070836474 
 2.523073706896561  1.005330560344830  3.267954310344841  3.243878448275865 
 1.102588613445371  0.497835665546216  2.248326470588232  3.955020168067243 
 0.339413420277297  0.100201574386482  1.456177642980931  1.587278249566715 
 1.565147796610175  1.171009293785313  3.290509039548006  2.511611299435035 
 0.902704344422698 -0.005755358101762  2.772249706457925  2.015994129158517 
 2.295141152263367  0.439045663868312  3.187276954732523  2.174904115226345 
 1.560618302387271  0.134895462679044  2.413415384615381  1.373556851458886 
 1.275952866906475  0.364270821942446  3.802236690647494  2.582599640287763 
 1.883909895287961  1.155312062827228  4.490972774869107  3.246165968586386 
 2.307914285714286  1.507367866071425  3.939161607142864  4.427897321428556 
 2.480735955056178  1.847701685393259  2.864928089887639  2.099153146067414 
 0.889277642441860  0.369089799709302  2.878186046511621  3.043709011627921 
 1.954301694915252  0.438304142203391  1.363034351694915  1.742008940677969 
 1.897653709198811  0.279766318278932  2.060284569732937  3.317232344213655 
-0.199979952688860  0.069815621594110  0.851719807938545  0.676051472471193 
 0.755709847198644  0.166465719252971  1.120114006791171  1.190190780984721 
 1.229817457983195  0.700853508403361  1.628523949579830  2.405583193277304 
 1.045378164383562  0.202266912602739  0.827753439999999  2.142912054794518 
 2.252891011235957  2.076479213483145  2.983192696629210  3.654621910112350 
 1.131703972602739  0.219453033698630  1.285902794520548  3.060207945205486 
-0.268907412647863  0.062864207151956  0.486330613557779  0.798407952684263 
 1.546295591397851  0.075607189784946  2.863570698924732  2.747666129032256 
 1.055909147465438  0.575951267281105  1.885520276497697  1.604354147465435 
 1.252852537735850  1.824785377358491  2.579801886792451  2.401171226415094 
 1.808666336633665  0.584825007425742  2.409556683168312  2.237572277227723 
 0.554329229677419  0.103702178593549  2.012606709677422  1.402632619354839 
-0.452420623864324  0.072999116418116  0.528409724409450  0.460692614294366 
 1.656411923076923  1.066184395604396  2.030419780219781  1.159174860989011 
 1.504963450292398  1.882473099415203  2.147310526315791  3.361221637426901 
