 0.023923253944903  0.074461240642214  1.235362568807191  0.592441616514084 
 0.273580171830985  0.085972748535199  0.684166887323879  1.635897183098406 
 0.844298984126767 -0.033098025904751  1.754535873015687  2.233910476190379 
 1.766809937888147  1.055336956521753  2.738227950310664  1.832766459626910 
 0.158564591798086  0.075843903012617  1.208258801261882  1.339545268138805 
 1.160496377952722  0.153575047244118  3.556562992126041  1.858803937008091 
 0.614105113350148  0.143516987380358  1.077820881612067  1.401441813601994 
 0.404988289377322  0.097343070769219  1.774163369963512  0.625196257142847 
 0.641641995260753  0.170668521800959  2.802403317535294  1.403539857819704 
 2.772878504672803  0.900575485981296  2.424083177570136  3.077778504672851 
 0.561814971043732  0.068347855484848  2.270055892255818  2.023559259259211 
 2.172041666666552  1.653328541666690  1.618064999999951  4.520562499999860 
 2.211828378378456  0.910035810810850  1.125256824324186  3.284078378378654 
 1.649949240506280  0.262330481012705  3.759270886076131  3.776949367088521 
 2.696666176470512  2.183169117647080  3.904308823529431  2.511901470588144 
 1.406151619047611  1.093893333333351  4.074259047619122  3.422442857142895 
 1.182960072463759  0.088983950724638  1.844602173913076  0.768123398550727 
 1.872519587628858  1.055693402061864  2.361927835051542  2.893929381443311 
 0.974847175141235 -0.014618680225987  2.013338418079076  1.645982203389884 
 2.514891803278688  1.374958524590156  1.412850311475400  1.775909508196714 
 0.930323483146091 -0.072696686516852  1.936793820224672  3.033653370786474 
 0.784798214765078  0.752741342281848  2.818591275167779  1.792779865771807 
 1.850501304347813  1.238688985507235  4.545546376811598  2.102773913043503 
 0.173155931199997  0.081061460454399  1.474347520000014  1.029227712000002 
 2.441133636363653  1.106174909090916  3.792226363636391  3.046290000000012 
 1.117186979166650  0.370309139583327  2.040419791666659  4.104027083333373 
 0.329641391224863  0.091064903513712  1.587531444241306  1.508144606946969 
 1.782565189873432  1.262897341772151  3.150059493670848  2.631662025316472 
 0.685697948979587  0.179531224489793  2.864967346938752  2.346546938775506 
 2.042796078431359  0.088668584509803  3.163288235294151  1.939230392156877 
 1.727904615384621 -0.037694160000002  2.385349999999982  1.399889923076916 
 1.536073529411762  0.160698555294116  4.076243529411799  2.519310588235274 
 1.940154385964922  1.070130596491239  4.896861403508761  3.358035087719298 
 2.427912500000002  1.981804999999994  4.467892500000021  3.997302499999968 
 2.427319130434783  1.781693913043479  2.806511304347828  2.438092173913042 
 0.779949971428573  0.328678208571429  3.545942857142835  2.882942857142911 
 1.813737894736837  0.188385494315791  1.345324421052632  1.283461684210542 
 2.204918309859145  0.201664398028171  1.828533521126765  3.869283098591551 
-0.042444822334294  0.074028919286743  1.125613314121046  0.976234971181563 
 0.312257382566590  0.083518875786925  0.886051380145273  0.982767094430992 
 1.457804173913046  1.403293217391306  1.680265391304337  2.746919130434768 
 0.422942564748199  0.100131939208633  1.016620827338127  2.127153956834528 
 2.573632926829271  2.145312195121953  3.072952439024387  3.604591463414610 
 1.565915602836878 -0.005919582978723  1.175865744680846  2.607841843971666 
-0.001400859402465  0.073115674077328  0.850956291739891  1.259803339191581 
 1.368980829268293  0.496103834146344  2.955086829268294  2.246640487804884 
 1.273548954248365  0.971902222222221  2.108686928104582  1.916335947712409 
 1.052175892857148  1.085912976190475  2.676039285714289  2.527230357142856 
 2.292001694915253  0.323351305084740  1.981888983050827  2.449061864406766 
 0.336724785046733  0.076186015451715  1.918881308411218  1.127026853582554 
-0.580031697341513  0.164158985869122  0.420708121267904  0.521625439672799 
 1.847997826086954  0.659692826086958  2.146160869565220  1.234316811594204 
 1.600146808510635  2.058268085106372  2.401188297872348  3.122007446808514 
 1.060809357798164  1.131371926605502  3.187172477064223  3.618644036697241 
-0.200403821106821  0.068922685893180  0.807259601029598  0.913607310167307 
-0.007452968389662  0.075839922047713  0.770661033797221  0.625263713717694 
 1.057283428571434  0.401342400000000  0.919773409523805  3.331298095238102 
 1.244008984771577  0.649833807106598  1.693016751269029  2.723763451776653 
 0.766687966887415  0.435800450331126  2.368527814569549  3.150570860927152 
 1.772664938271604  2.108153086419756  3.665488888888888  2.004654320987654 
 1.758679591836735  0.810237755102042  2.521576870748305  3.587201360544219 
 2.732295121951219  1.099289036585366  3.356300000000001  3.903420731707317 
 2.476994366197183  1.851302816901410  1.849681690140844  3.152425352112672 
 2.015719999999999  2.321266000000003  1.990075999999997  1.862170000000001 
 0.300574733905579  0.111745757274678  1.224706008583688  1.723959012875546 
 1.975037410071946  0.238901925179856  3.021065467625905  2.914557553956822 
 2.660749999999999  1.477725370370369  3.186670370370370  1.294182407407408 
 1.437027558139536  1.331016860465114  1.371157674418606  3.717545348837219 
 1.142596124999999 -0.211372937937500  2.748233125000009  1.719842499999996 
 1.428829281045752  0.450763606013071  3.159977777777777  1.283987450980391 
 0.731121775933610  0.121289227800829  1.282680082987554  2.618724481327803 
 1.550125443786987 -0.078954307692308  2.241027218934905  2.326807692307681 
-0.027647038329241  0.073500582039312  0.457434021621622  1.073622972972975 
 0.945802743362835  0.540999203539824  1.356297389380538  2.107936725663725 
 0.936219901219512  1.672708536585366  3.471018292682926  2.797052439024388 
 1.721153020833333  1.967600000000000  3.987004166666661  3.022738541666670 
 2.257386842105261  1.470654736842105  2.929673684210529  5.149955263157895 
 0.688414590909087  0.124810364863637  1.221995318181828  0.785736736363636 
 0.495619922118227  0.270082655172414  1.937773891625617  2.547858128078817 
 1.604620000000001  0.196871026315789  2.283344210526316  3.139462631578947 
 1.215565362318841  0.382621478260870  2.443502536231887  1.814554347826085 
 1.221444255319150  0.986664787234044  3.651488297872342  1.800790425531914 
 1.065579222222224  0.400491203703703  2.305344814814822  2.510167407407412 
 1.577486966292136  1.379172359550560  2.849717977528089  1.009894584269662 
 1.428026575342466  2.286949315068490  2.895321917808218  3.921458904109587 
 1.023265049504950  0.334696995049506  2.680380198019803  0.603347868316831 
 1.200694328358208  1.156040208955224  2.641832835820895  4.420125373134331 
 1.603446962025318  1.058307721518987  0.875005748101266  2.444540506329111 
 1.621217142857143  0.581537428571428  1.619318285714286  1.934581142857143 
 2.111052688172044  0.355970161290322  2.905810752688172  3.866003225806453 
-0.313031913279132  0.078920846626017  0.849363319783198  0.548035113821139 
-0.253265691123190  0.082592560887681  0.464771452898551  0.422887670652174 
 1.271032770270270 -0.205598399324324  2.921511486486484  2.720164864864867 
 0.973090952380954  0.579142486772487  2.210152910052913  1.236389894179896 
 0.964426732026145  0.398320450980392  1.596220261437908  1.489128202614378 
 0.882244519230770 -0.013317652339744  1.339782756410254  1.791735897435901 
 0.460691901565995  0.099867041387025  1.650787919463088  1.971903355704694 
 1.596387142857142  1.152657428571428  4.261020000000002  1.026532257142857 
 1.469471575757574  0.833730424242424  3.612433939393941  2.594138787878787 
 0.824884563492063  0.519323888888889  1.967381746031749  2.054698412698416 
 2.323302105263159  1.445696210526316  2.421781052631579  3.898447368421053 
 1.307270591133008  0.516735246305419  2.956427586206896  3.026575369458128 
 1.648366981132078  0.544428490566037  2.429479245283019  2.358331132075471 
 2.490807339449542  0.757937155963303  2.868170642201834  2.340328440366972 
 1.199573515625000  1.220625703125002  2.271421093750000  3.316130468750000 
 0.672710306122451  0.063268927642857  1.593244897959183  1.201415790816327 
 2.102150909090908  1.205026272727272  1.825020000000000  2.352108181818184 
 1.823239007092198  1.413656241134752  3.181634042553193  3.502019858156030 
 1.862758333333333  1.392254375000000  3.967675000000000  4.421481250000001 
 1.439756556291391  0.368968033112583  1.661109271523179  3.332431125827812 
-0.325054274234694  0.062543787844388  0.498021885204083  0.766224974489796 
 0.484122021447029  0.162335277260982  2.075143152454783  1.577858397932816 
 1.089725523809523  0.135098840952381  2.901014285714284  3.695341904761905 
 1.258338682170542  0.354599101550388  0.836546279069768  1.551180542635660 
 1.491837536231884  1.466358550724637  1.618815652173913  1.261360579710145 
 2.106140740740740  0.955679444444445  3.573239814814814  1.968239814814813 
 2.452609677419354  0.455819059677420  3.957645161290327  2.534348387096773 
 1.405967901234568 -0.019182827777778  1.666301234567901  1.925594444444444 
-0.509241003787879 -0.035990204154716  0.603679299242424  0.456500507575757 
 0.885258481012658  0.117471963291139  0.619604883544304  2.138093037974683 
 0.766467781250000  1.647470312500001  2.032340624999999  2.535596875000000 
 0.742783458333334  0.048845277500000  2.286166250000001  1.116559125000000 
 0.915230386473430 -0.091418595845411  2.418334782608699  2.310661352657003 
 1.440746565656566  1.965310101010101  2.669619191919190  2.167927272727272 
 1.283172639593909  0.155129485482233  1.751091878172588  2.492006091370558 
