 0.018123112730265  0.075891900526260  0.960328223260907  0.964083828430074 
-0.344128125444597  0.069770581046869  0.588623088946641  0.589611970779738 
 1.235259392698073  0.364358525592168  1.393528130008853  2.952031077471027 
 1.640823490683218  0.830372230832301  2.792514534161515  1.468917910186248 
 0.440543521254028  0.102989140516367  1.033339719502095  1.697799972337481 
 1.535455649473683  0.510665928126317  3.601631789473689  2.346151610526344 
 1.475648045774651  0.482963346619720  1.529696726320418  1.683126698943650 
 0.418932389747577  0.094338197457086  1.605460031067965  1.098043466873782 
 1.114178753686514  0.222685185838341  2.494375314036032  2.432853413435251 
 2.295705660377339  0.863575526113205  2.218691949685532  2.765189308176094 
 0.675198753047268  0.130337570522717  1.773265305185843  2.042242863698938 
 2.052680376712322  1.596232003424659  2.558529657534245  4.017113698630133 
 1.349134650375945  1.536224661654138  2.329085200501247  2.675248997493755 
 1.380891247959182  0.425479314489798  2.682458265306128  3.548832857142856 
 2.172981657657654  1.804849351351353  3.432709189189188  2.243110432432428 
 1.877900607596900  1.301360775193799  3.971411472868208  3.464131472868221 
 0.875568890151513  0.163743818604798  2.442059974747475  1.396326157828284 
