 0.026878569323465  0.076280009686115  0.982377352232243  0.967445624212595 
-0.338411641165515  0.069465429703647  0.591058801250658  0.597108156785509 
 1.160058064680796  0.325278678076600  1.396936161702079  2.888780085106351 
 1.669008087499988  0.803030214775003  2.780673750000024  1.452726565874912 
 0.430022631820180  0.102199461560158  1.049781225914519  1.676723111502864 
 1.555862719549641  0.513386821617197  3.593306038894581  2.349894094165841 
 1.464648908296947  0.468726958742360  1.544545407074231  1.659351921397368 
 0.454075063591026  0.097450105902742  1.647310133000838  1.079416095677468 
 1.145924754444448  0.226443137477779  2.488231277777766  2.458844611111076 
 2.244050695322358  0.969620716814157  2.009978204804041  2.793431479140319 
 0.666488436000926  0.127814598966173  1.785801946246501  2.013779657089893 
 2.046220441426139  1.598646451612905  2.563239202037349  4.009534974533104 
 1.299653575483877  1.520858322580647  2.435511961290314  2.652865806451631 
 1.427977478388996  0.428038058212183  2.672198998035367  3.550012278978389 
 2.210993206521736  1.787419456521741  3.389623731884057  2.227585307971010 
 1.890266960842435  1.315551014040562  3.987142745709820  3.456029017160690 
 0.862605749999999  0.172065199652407  2.498681617647056  1.453835421122995 
