 0.024413607291631  0.078078198203134  1.188453541666563  0.626696697916897 
 0.174501593162393  0.080137041829053  0.669355258119619  1.395870256410142 
 0.767691934235844 -0.018032650077363  1.596612959380932  2.185985106382916 
 1.762063207547131  1.062723396226426  2.689338207547249  1.847640566037417 
 0.229830184438759  0.086448584311223  1.146268647959225  1.469917346938777 
 1.199904502617780  0.095333631937189  3.460098429319410  1.862825654450406 
 0.743386245059308  0.082592621620557  1.238093695652158  1.445640513833978 
 0.376442921319819  0.090711845862936  1.740074873096546  0.687120655329942 
 0.644434479289997  0.198362972485214  2.527868934911084  1.238683491124135 
 2.728557246376740  0.784900507246368  2.435878260869598  2.867484782608659 
 0.537980364165080  0.158674623037523  2.087260787992454  1.833651782363952 
 2.101517187499914  1.491272500000018  1.688334687499963  4.475198437499897 
 1.972240526315850  1.126941789473715  0.976267189473577  3.287913684210741 
 1.461148809523779  0.199459920634950  3.472800793650907  3.788819841269789 
 2.533396385542106  2.228726506024114  3.926512048192786  2.365725301204745 
 1.542688248175176  1.043155620437969  3.874944525547504  3.504901459854043 
 1.066495098039211 -0.026500018137255  1.883094607843160  0.892129529411766 
 1.874353361344531  1.097099243697486  2.301641596638651  2.833971008403373 
 1.040694054054047  0.009107297972974  1.889978828828812  1.678806981982028 
 2.325546031746031  1.241013571428567  1.534235634920631  2.055534920634915 
 0.993963699187008 -0.031944680894308  1.941445121951186  3.076186178861758 
 0.808612273170716  0.683711902439003  2.854896097560972  1.824617560975606 
 1.992859894736835  1.064170526315781  4.430600000000003  1.857221684210544 
 0.210253778555797  0.079913540048140  1.463329759299791  1.126975678336979 
 2.515964539007105  0.965316204255324  3.722471631205694  2.928414893617029 
 1.117586074074062  0.276652099259255  2.274476296296292  4.023105925925955 
 0.367875048143054  0.106401802382394  1.567817331499305  1.702540302613467 
 1.718233054393314  1.123939037656904  3.283052719665248  2.588670292887042 
 0.791786513207543  0.008548799245281  2.788210188679233  2.412981509433965 
 2.167716836734687  0.423823501122448  3.177561224489813  2.105832653061231 
 1.729653703703708 -0.077023327777779  2.469333333333316  1.479072716049377 
 1.537557116564416  0.452805786503067  3.999536196319041  2.517812269938640 
 1.901020454545461  1.070087204545461  4.777752272727266  3.328214772727272 
 2.247515384615386  1.711618205128202  4.224844871794881  4.208383333333317 
 2.484965891472869  1.693187364341085  2.740055813953491  2.368338759689921 
 0.905873777108435  0.459381803012049  3.441971084337335  2.831598795180758 
 1.579836144578311  0.188259319638555  1.193886144578313  1.409666385542177 
 2.104790833333329  0.260023235500001  1.892788166666669  3.704660833333335 
-0.015707459982332  0.074795448228798  1.042217164310959  1.072130954063607 
 0.545254851485153  0.119819518861387  1.026759702970291  0.886059133663367 
 1.371690579710146  1.368408478260869  1.607608768115933  2.633808695652160 
 0.839232595744678  0.097678655744680  0.649978900425530  1.997200425531912 
 2.399747727272727  1.985850757575759  3.068898484848485  3.511437878787864 
 1.587333177570092  0.031336712616823  1.318837102803735  2.530920560747686 
-0.091400698719320  0.069884060831376  0.624434960298826  0.971651760939174 
 1.394541043478262  0.527521310144929  2.768797391304351  2.359355652173917 
 1.096086582278480  0.867739915611814  2.068486075949370  1.948422784810120 
 1.020252349056606  1.231276320754717  2.523451415094342  2.602032075471699 
 1.990415463917526  0.390940899999997  2.211440206185556  2.320961340206178 
 0.469433482173177  0.066746005239389  1.909262818336165  1.259768811544991 
-0.557451193058569  0.089122910737528  0.526308475054236  0.471623011930586 
 1.771736363636362  0.762106181818183  1.985211515151518  1.122902666666667 
 1.489603484848482  1.931824999999994  2.289071212121215  3.114044696969699 
 1.288006306818182  1.250822102272725  3.069111363636365  3.561082954545452 
-0.269686630872483  0.072305899232982  0.847383604985616  0.722014602109298 
-0.208407014084507  0.060716597042253  0.674393956466070  0.414783708322663 
 1.170016898734179  0.373845101265823  1.122787848101263  3.349110759493673 
 1.151259190751446  0.510308283236994  1.802715895953755  2.590904624277460 
 0.943674505617977  0.420060816104869  2.639292883895135  3.118270786516853 
 1.661697368421051  2.163388596491230  3.122260526315790  2.259567543859650 
 1.892552017937219  0.658286753363229  2.800503587443952  3.407671748878927 
 2.545738028169013  1.054978880281690  3.128321126760563  3.888126760563382 
 2.505586725663717  1.639053451327434  1.974161061946903  3.418310619469025 
 1.752076804123712  2.102894845360827  1.928573298969070  1.781190927835052 
 0.366106385106382  0.105291718702128  1.041322765957447  1.983266808510645 
 1.630259198113209 -0.045030710377359  3.020092924528303  2.859137735849053 
 2.637345454545454  1.402081818181817  3.258704545454545  1.353038787878788 
 1.331607662337663  1.105448636363636  1.754308181818182  3.565420779220784 
 0.827758449612403 -0.160297630193799  2.601522480620160  1.750354263565891 
 1.386931479289942  0.455745737988165  3.245934319526628  1.216713781065089 
 0.762791221311475  0.211950252868852  1.169335532786886  2.652823770491804 
 1.386279548611113 -0.082355184236111  2.176678472222219  2.349140625000000 
-0.328641114118896  0.053944416163811  0.423918699893843  0.689239373673036 
 0.949618342696630  0.423896044101124  1.396507471910115  1.947942696629218 
 0.953509297938144  1.659950515463918  3.458044329896906  2.925302061855668 
 1.714381089108912  1.931761386138614  4.099349504950492  2.933194059405943 
 2.235083333333332  1.464620952380952  3.023571428571431  5.114966666666667 
 0.871969518072288  0.453957213855422  1.705581325301206  1.277729397590361 
 0.487188397244898  0.198735427210884  1.941084693877553  2.479916666666665 
 1.575017063492064  0.372286822619048  2.212778174603176  3.103584126984126 
 1.234539774193548  0.380758665903226  2.433678064516129  1.675315806451615 
 1.370797089552239  1.203131417910449  3.697743283582089  1.794871716417910 
 0.909377553763441  0.271205730403226  2.283157795698927  2.294241935483872 
 1.557003434343435  1.407649797979797  2.819453535353534  1.023451292929292 
 1.535555500000000  2.316359999999999  2.839608750000000  3.930539999999999 
 1.046849629629630  0.397038285185185  2.512280740740741  0.649122664444444 
 1.407328190476190  1.135241809523809  2.591950476190476  4.293807619047620 
 1.515931855670104  0.883426082474227  0.861029001030928  2.103804123711341 
 1.631316814159291  0.469639513274336  1.685850442477877  1.930041150442476 
