 0.099421031243094  0.079441750676575  1.237411342134124  0.668725369637160 
 0.045913969542253  0.074216484206863  0.700893938204207  1.128655968309799 
 0.630087731283329  0.126918977767384  1.432449117646979  2.226060160427763 
 1.700568749999964  1.242168973214295  3.033833928571502  1.269575397321126 
 0.338309328376686  0.086202461573728  0.890430530359391  1.747544237918218 
 1.272600410658295  0.429923915423207  3.395598746081527  1.587675360501653 
 1.044676803571447  0.053408038660718  1.520654607142836  1.579912857142842 
 0.293541718981983  0.092380735963942  1.650715164369075  1.051482322375395 
 0.765236630769279  0.273697336153852  2.645609487179350  1.083406989743483 
 2.514219028340044  1.195323684210523  2.155816194332002  3.003424696356253 
 0.626027921725939  0.126442097416337  2.047030830039494  2.100994202898532 
 2.070691954022957  1.319352183908054  2.331109770114929  4.427781034482719 
 1.702673131313160  1.151006535353551  1.137727843434292  3.507172727272832 
 1.727117323420061  0.416746873605962  3.254776208178489  3.708477695167263 
 2.049215585106356  2.162268617021284  3.881310106382986  2.629762234042521 
 0.996100011656438  1.365046012269949  3.630903680981641  3.441631288343586 
 0.811258179723501  0.086320729322581  1.857724193548398  0.767744507373273 
 1.513535612244894  0.986713112244899  2.333181632653060  2.960978826530616 
 1.352799381237519 -0.054186289341316  1.920384630738505  2.253806586826390 
 1.962338775510203  1.589733877551017  1.555666449489792  2.093472448979588 
 0.875271735507254  0.158553223115942  2.097324275362303  2.803684239130424 
 1.033136738721801  0.693023533834578  2.571738721804511  2.134349624060146 
 1.982086416184967  1.110661040462424  4.208005780346824  1.905546011560704 
 0.056861061383928  0.075096116569940  1.142416822916668  1.176501458333335 
 2.550008108108118  0.995807567567570  3.280634234234248  3.235694594594599 
 1.097980084033606  0.501294026890754  2.239343277310921  3.954294957983210 
 0.359015106529210  0.105520388180413  1.479788058419240  1.592749656357380 
 1.575095698005704  1.164173561253564  3.282064672364656  2.515925641025648 
 0.886297575638504  0.000032441473476  2.772726719056974  2.018423772102166 
 2.293701652892555  0.436626431074379  3.186638429752080  2.173610743801660 
 1.550612073490816  0.137963760708661  2.433488713910758  1.407861608923884 
 1.280295153846154  0.357674206959707  3.804445054945067  2.579663369963364 
 1.896906397849465  1.155456688172046  4.503330645161287  3.242096236559139 
 2.307873451327434  1.507919477876103  3.930169026548680  4.425586725663702 
 2.474621666666665  1.846193333333333  2.867821666666665  2.099344777777777 
 0.895677920588235  0.369111356176471  2.883582058823522  3.049437941176484 
 1.964818260869563  0.450733402434783  1.357900117391305  1.768571173913047 
 1.899959821428570  0.279039997797619  2.061341666666666  3.321422321428577 
-0.191948895294856  0.069898498826850  0.859319109159352  0.674040928481809 
 0.702555498281789  0.162046093797251  1.104476924398624  1.173590360824743 
 1.232282923728815  0.703257309322034  1.626082203389829  2.405625847457620 
 1.036656723163842  0.211924308474576  0.812228801129943  2.125942655367230 
 2.363572297297300  2.146952027027025  2.937427027027024  3.673422972972963 
 1.133846000000000  0.216519530555556  1.271396500000000  3.055198055555563 
-0.268894603125002  0.063271243267857  0.489870539553571  0.799870133928576 
 1.543889465240643  0.074499958823529  2.859713101604278  2.741375935828875 
 1.035712153846155  0.563484395604395  1.879790329670332  1.623970351648348 
 1.239936208955225  1.820119900497512  2.563062686567163  2.353113930348258 
 1.807328186274511  0.595374029411764  2.407723284313721  2.227586519607843 
 0.599824369338423  0.085453810648855  2.109351017811708  1.506060559796440 
-0.451498528347406  0.073119779979681  0.528861703860074  0.460962096622436 
 1.655735549450549  0.997254065934067  1.970259890109890  1.083049970879121 
 1.555851960784314  1.916306535947710  2.057685751633988  3.297405228758170 
 1.517542380952380  1.519357272727273  2.993800000000002  3.524516450216450 
