 0.071651887927100  0.078447349150597  1.026720006074393  1.023714950645453 
-0.321091548753667  0.069915069947777  0.608794759066465  0.612412484652968 
 1.249910523201034  0.362971244277071  1.593886405514416  2.942901815736355 
 1.164662106831393  0.369303807957850  2.750580087209306  1.387177938008668 
 0.524200882978718  0.115117897033551  1.113701365220964  1.787527684124382 
 1.792309373716633  0.946500390266943  3.748327618069826  2.185391468172501 
 1.558861089271091  0.491214105454547  1.630940525061422  1.695784791154781 
 0.512742628707002  0.104479418996440  1.745396785290634  1.126945546144714 
 1.240995863847045  0.303273312514485  2.729561703360361  2.454213615295467 
 2.072920595533483  1.313966222158809  2.105840409429276  3.677394416873446 
 0.728713936958701  0.133555037020860  1.977924155193974  2.053498122653318 
 2.002922093935638  1.580828285891091  3.753695049504951  3.508965594059403 
 1.859255903930131  1.520106550218343  2.446438349344971  2.340838462882099 
 1.426503285167464  0.508029241626795  2.907710526315789  3.513356937799040 
