 0.078139826648413  0.078381410998758  1.038892812888760  1.024171283901515 
-0.319313252266668  0.069945517630619  0.609241195903024  0.615184690230290 
 1.267407161904720  0.368406037782317  1.605143193877509  2.998681700680248 
 1.160944877155170  0.373897800107760  2.757177370689659  1.405776524928109 
 0.527879564431950  0.116395133540746  1.122259356322777  1.794340128462461 
 1.831733134479272  0.997487725904956  3.690276643073822  2.131595864509617 
 1.569408176567659  0.502226018778879  1.638215735231020  1.700122450495039 
 0.531867913198577  0.107122360167260  1.764820717399926  1.141947053586992 
 1.256211914485168  0.301638549098314  2.719216695753333  2.480231529959262 
 2.084863006451598  1.268158308464516  2.185932516129028  3.781993677419351 
 0.742109447576780  0.134638161324780  1.983158855700443  2.078245982330669 
 2.019402704503306  1.621579000000001  3.787070860927153  3.470376423841055 
 1.845737326989620  1.518368486159172  2.361618261245667  2.421464316608998 
 1.413455083166333  0.541735404308618  3.068334669338676  3.477418236472944 
