 0.019479816473182  0.076140521507465  0.954697028192349  0.970167569928186 
-0.343545669167804  0.069753627428733  0.590067088703949  0.589128544938592 
 1.028307116555259  0.205314368002973  1.463760933184812  2.685498960653275 
 1.861296285211253  1.402168309859158  2.456279947183128  1.571458024647768 
 0.424411201621156  0.103337241459044  1.083475632081927  1.687124765358361 
 1.609494316730521  0.667024152413797  3.663128352490431  1.982219066411279 
 1.416122768102663  0.409234583464713  1.481464847846010  1.617491319889997 
 0.416847003598330  0.093036070816735  1.622870560669464  1.054801518493719 
 0.985837814070367  0.179630316281408  2.920428944723584  2.613290351758734 
 2.320376980567991  0.660237774439460  2.757513303437970  2.848374887892370 
 0.645788840963129  0.117951121603226  1.925161612903212  1.920397695852528 
 2.151420571992102  1.591776291913218  2.754716765285990  4.065329783037474 
 1.831258027314121  1.267031623672234  1.557155516084963  3.044389074355108 
 1.368811092307691  0.406293694508879  2.376335242603556  3.617393254437867 
 2.228195976744179  1.953136790697677  3.563483488372094  2.526411627906973 
 1.794398978805394  1.061187576107902  4.097196917148363  3.501645279383432 
 0.986237415037592  0.233869139045113  2.573900225563917  1.317089266691730 
 1.252223659172413  1.450406344827587  2.826916275862070  2.888422620689651 
 1.416693298662702  0.379039990074295  2.322662481426445  2.261795616641904 
 1.027357116555259  0.211234368002973  1.464990933184812  2.679578960653274 
