 0.034926143055508  0.077961326649317  1.231048628472082  0.592550439236416 
 0.262923883040935  0.089205575526303  0.675823815789407  1.624326315789280 
 0.898840445103654 -0.011568294243313  1.773524035608135  2.280057863501393 
 1.749401785714236  1.119447142857156  2.737464880952481  1.860808928571027 
 0.168245050807616  0.078804047151246  1.190828957415613  1.387640381791485 
 1.146634383561615  0.099668244520569  3.499447945205530  1.851971917808408 
 0.599662214611892  0.153835155000005  1.098811438356143  1.444270547945187 
 0.402002014925407  0.108017293992526  1.757841417910592  0.615489933582079 
 0.624675120155112  0.133807567829466  2.677134496123826  1.336435620154874 
 2.776847169811225  0.898878084905648  2.426025471698157  3.078384905660331 
 0.620206309538425  0.017370833166154  2.282995076923008  2.038049846153800 
 2.172041666666552  1.653328541666690  1.618064999999951  4.520562499999860 
 2.197176623376698  0.926837012987050  1.125388636363504  3.275689610389875 
 1.635309999999952  0.261200716049429  3.757995061728572  3.773640740740657 
 2.669601388888817  2.168119444444464  3.901475000000018  2.495029166666581 
 1.406151619047611  1.093893333333351  4.074259047619122  3.422442857142895 
 1.105164914285708 -0.004487556000000  1.902940000000026  0.861143200000002 
 1.882684574468077  1.107885000000008  2.320061170212761  2.918653723404268 
 0.987897666666659  0.021457083611113  2.009947777777758  1.634329722222275 
 2.509847619047619  1.395088412698405  1.419824904761895  1.770288571428565 
 0.936768823529432 -0.058300094117645  1.938643137254860  3.005860294117610 
 0.775859522012558  0.727601886792424  2.817448427672951  1.791235849056599 
 1.845606282051270  1.294123589743579  4.492111538461541  2.105305128205150 
 0.177738421542937  0.079554579889374  1.488567394468718  1.048324046579332 
 2.443280733944971  1.102577431192667  3.790235779816541  3.051414678899095 
 1.105831224489779  0.362388146938770  2.044628571428564  4.096194897959222 
 0.310115757314975  0.080955845648882  1.550884681583466  1.544597074010314 
 1.783641104294492  1.245271349693251  3.155920858895669  2.641709202454005 
 0.723553316872424  0.070454405761315  2.785376954732491  2.340650205761314 
 2.031547663551389  0.100163510467289  3.154757943925266  1.949705607476649 
 1.771768965517247 -0.059903618965519  2.394695689655150  1.399405862068958 
 1.536073529411762  0.160698555294116  4.076243529411799  2.519310588235274 
 1.940154385964922  1.070130596491239  4.896861403508761  3.358035087719298 
 2.427912500000002  1.981804999999994  4.467892500000021  3.997302499999968 
 2.397356198347108  1.783638016528926  2.781550413223143  2.420304132231404 
 0.785488531531533  0.338952269369370  3.518823423423402  2.865263963964015 
 1.818644943820220  0.166683954606743  1.320213707865169  1.289392471910129 
 2.198621126760553  0.206832707887326  1.812047605633808  3.879209859154932 
-0.036318023356643  0.074288740818181  1.127966825174833  0.988338447552454 
 0.331682801886797  0.086912023820755  0.889477830188675  0.972653443396226 
 1.362584214876035  1.420490578512397  1.672451404958667  2.712620661157009 
 0.751397927927925  0.095206955855855  0.701840754954952  2.164009459459457 
 2.567778313253015  2.144643373493978  3.066165060240960  3.602975903614434 
 1.539252601156067  0.010222534682081  1.247476589595371  2.594603468208121 
 0.002221090753420  0.073102019777397  0.844107380136983  1.249705650684949 
 1.315667909090909  0.541617072727275  2.960236363636364  2.271073636363641 
 1.263326322580645  1.010506451612902  2.102183225806458  1.905499999999990 
 0.985429111111115  1.237672222222221  2.572966666666668  2.489778362573098 
 2.298937391304347  0.327393339130429  1.987719130434762  2.460313043478247 
 0.420001494791670  0.071779512291668  1.998731510416667  1.106462291666666 
-0.587305403050109  0.183370746623095  0.454464106753824  0.508366230936816 
 1.838620979020977  0.655154055944057  2.111888811188814  1.193190769230770 
 1.495655892857140  2.062365178571421  2.418246428571434  2.954864285714289 
 1.062365636363635  1.131890363636362  3.185303636363639  3.613335454545447 
-0.205916918444166  0.069849913323715  0.814331242158090  0.903380853199494 
-0.020345909633911  0.074479018477842  0.774510154142586  0.623555988439306 
 1.046717207207212  0.396682990990991  0.937532594594590  3.320400900900907 
 1.235871686746990  0.577122610441767  1.695058634538147  2.660408032128518 
 0.783873116129030  0.452958825806452  2.407741290322591  3.116789677419355 
 1.678332954545454  2.248564772727276  3.430079545454544  2.020979545454546 
 1.759508108108108  0.809469797297299  2.524372297297302  3.584722972972974 
 2.732295121951219  1.099289036585366  3.356300000000001  3.903420731707317 
 2.487629411764706  1.876819117647060  1.843747058823528  3.155307352941172 
 1.794347794117646  2.269136764705885  2.060977941176468  1.899211764705883 
 0.335171850111856  0.107306467539150  1.135003109619686  1.924459731543631 
 1.980491044776124  0.225181698507463  3.020104477611946  2.914585074626852 
 2.660749999999999  1.477725370370369  3.186670370370370  1.294182407407408 
 1.418180930232559  1.348117325581393  1.380316976744187  3.709427906976754 
 1.107123139534882 -0.213532213779070  2.660667441860475  1.708431395348835 
 1.380579041916168  0.433178441437125  3.162745508982035  1.271853473053892 
 0.712145928057554  0.126520067985611  1.284538920863310  2.574753597122302 
 1.468911244979923 -0.032657195020080  2.227177510040157  2.324459036144574 
-0.040741510599081  0.071272037995392  0.461061743778802  1.049556751152076 
 0.950683225806454  0.510860475806452  1.358897177419362  2.054825000000006 
 0.950606573563218  1.664595402298851  3.452933333333332  2.795959770114941 
 1.721292680412371  1.955743298969072  3.990857731958757  3.012128865979384 
 2.257386842105261  1.470654736842105  2.929673684210529  5.149955263157895 
 0.703985931558932  0.089380362737643  1.281707604562745  0.881864714828898 
 0.462034937149759  0.260628231884058  1.990043478260871  2.517546376811592 
 1.613847150259068  0.201765259067357  2.279029533678756  3.137627979274611 
 1.293407938144331  0.395587164948454  2.469452233676975  1.844495189003436 
 1.229812886597939  0.984677628865981  3.651019587628868  1.791193814432989 
 1.034880371621623  0.364950269121621  2.305958783783789  2.494144594594599 
 1.563869166666668  1.386952708333332  2.841473958333333  1.046212687500000 
 1.460510657894737  2.283503947368418  2.871030263157893  3.912047368421051 
 1.022561441441440  0.315025481981982  2.608317117117118  0.589502339639639 
 1.200694328358208  1.156040208955224  2.641832835820895  4.420125373134331 
 1.596011518987343  1.027645949367088  0.876818786075950  2.431705063291138 
 1.635784615384615  0.561212912087912  1.632477472527473  1.954489560439561 
 2.111052688172044  0.355970161290322  2.905810752688172  3.866003225806453 
-0.323678620643431  0.075595373498660  0.836960777479893  0.528361828418231 
-0.257260797297299  0.082763944162162  0.452873210810811  0.428073178738739 
 1.273353129251700 -0.211170714965986  2.915432653061221  2.724603401360547 
 0.963407385321102  0.488634986238532  2.253405504587157  1.237930321100919 
 1.061580418410041  0.464927297071129  1.617846861924684  1.445589748953974 
 0.901680625000001 -0.029924067203947  1.366152368421050  1.766967105263159 
 0.476492987012987  0.094900771645022  1.652879870129870  1.983535930735927 
 1.601081944444444  1.176219722222222  4.253533333333335  1.032256361111111 
 1.458368024691356  0.824201172839506  3.616988271604940  2.584756790123457 
 0.825228415094339  0.523695396226415  1.990049811320758  2.039380754716983 
 2.319354166666668  1.450922291666666  2.422589583333333  3.894927083333334 
 1.323681306532667  0.524035050251256  2.956008542713566  3.032375879396984 
 1.645467906976747  0.599355348837209  2.454879999999998  2.445997674418605 
 2.488061261261262  0.765709909909910  2.860407207207207  2.340793693693693 
 1.178094160583941  1.233517153284673  2.268816058394160  3.312243795620438 
 0.654209739336494  0.136830146625592  1.624642417061609  1.298021563981041 
 2.094289285714285  1.205813303571428  1.821167857142857  2.355464285714288 
 1.826734265734265  1.416961748251748  3.177544755244757  3.499533566433568 
 1.862758333333333  1.392254375000000  3.967675000000000  4.421481250000001 
 1.426903439490446  0.382639700636943  1.663607643312102  3.323262420382163 
-0.336349532026144  0.063862426235294  0.491061260522877  0.763224104575163 
 0.476074773969072  0.154514765463918  2.063957474226804  1.598489432989690 
 1.089017115384615  0.133913252884615  2.895834615384613  3.694180769230770 
 1.251601470588235  0.328031641911765  0.790178117647059  1.585948088235295 
 1.497017301587302  1.467965079365079  1.611923492063493  1.226780634920635 
 2.105793518518518  0.967118888888889  3.571178703703703  1.964597222222220 
 2.452609677419354  0.455819059677420  3.957645161290327  2.534348387096773 
 1.400783333333334 -0.034569089880952  1.671710714285714  1.974702976190475 
-0.518499834024897 -0.058670044405996  0.573781576763486  0.466264622406639 
