-0.110101831080348  0.072958380935184  0.966086603878073  0.664170540166302 
-0.385034931938095  0.069697992881923  0.531067094372135  0.574009775659492 
 0.968478859674936  0.232016102319061  1.013758164844818  2.409025553914280 
 1.724105662983404  1.185474861878458  2.898758287292862  1.310705093093735 
 0.344302751191234  0.089523892002575  1.044110238892486  1.659627237604637 
 1.178749697123515  0.288694100423018  3.240568527918795  1.657928984771621 
 1.052162371794879  0.250975125267097  1.353077200854688  1.481798450854688 
 0.254529425418245  0.084556377827306  1.402612865623331  0.956660269832702 
 0.790751346525963  0.133866132999122  2.342797361477526  1.775721459982371 
 2.143403859649104  0.924521945614032  2.269640175438607  2.959848596491220 
 0.653008979508052  0.125879953192742  1.727796048387071  2.206902177419353 
 2.269208088235276  1.850238602941183  2.448731801470581  4.098070955882323 
 1.612794021739143  0.992816603260877  1.260319709239104  3.326831521739183 
 1.278309488188965  0.351649414173235  3.340732480314983  3.255908267716523 
 2.195500754189938  2.058384357541901  3.146300000000002  2.392687039106132 
 1.786000707070706  1.466122168350171  4.303733333333353  3.567691582491598 
 0.757612259114582  0.165359395390625  2.208595442708342  0.942360080989582 
 1.243562155584413  1.668702883116886  2.707488831168834  3.357956623376621 
 1.565078344827580  0.115880166400001  1.834119517241370  2.252851586206921 
 1.988219462025320  1.505234936708859  1.597986712341769  2.000626265822782 
 1.105383965612106  0.220353924759285  1.957177909215950  3.086838651994489 
 1.166514576271184  0.898717316384178  2.208836299435031  2.277087429378530 
 1.954480495626820  1.066636058017492  4.176153644314869  2.170989096209916 
 0.011434629465575  0.073450391727973  0.791936325854599  1.119455320173330 
 2.382467750677503  1.072809934959350  3.335230623306240  3.612358536585368 
 1.522924739454093  0.524538298163771  2.376341141439200  3.994354590570720 
 0.426393333543861  0.091738031275789  1.714440561403507  1.482426175438594 
 1.379354937131631  1.116384931237721  3.246333988212180  2.512732023575639 
 0.989453750000000  0.153488509760765  2.686629306220095  2.523291148325355 
 2.096147499999998  0.395920539208333  2.975971458333335  2.368812708333333 
 1.589756964285714  0.396010161178572  2.115562821428571  1.373224326785713 
