-0.007141567119252  0.074014364593863  0.925579638665855  0.940802217237361 
-0.352027788169580  0.069974776842253  0.580750195445423  0.580721120939543 
 0.961028702127593  0.202774171731146  1.153320254932245  2.395759381044458 
 1.651917042682916  0.877436074695127  2.772806707317099  1.366034584908433 
 0.348344840202386  0.091680234291628  1.067400756669749  1.599056899724011 
 1.632461453287191  0.553161738650525  3.860396885813159  2.158383321799357 
 1.239039257375388  0.298518197975587  1.488322634791447  1.413143530010158 
 0.344299918943538  0.087310823634789  1.568093265027333  1.023354564754095 
 0.961540179018301  0.092498954773822  2.783627333974932  2.140198075072138 
 2.330594984325995  0.697323040846392  2.684403134796242  2.909914106583065 
 0.614185850454075  0.131994565718878  1.849408163265289  1.889072551020401 
 2.207491791666655  1.616205729166670  2.712283604166660  4.060091249999999 
 1.609328980263166  0.697813191940793  1.571653080592089  3.550305427631606 
 1.326872042440313  0.399140737665786  2.941756763925742  3.531375729442967 
 2.224447002141321  1.869623169164883  3.433403640256963  2.248509807280507 
 1.864556934455446  1.330227633663369  4.099427722772276  3.466884752475256 
 0.831518520524015  0.190968190157206  2.397462270742366  1.224579553711786 
 1.359181738656984  1.676347441016336  2.502935571687841  2.985494918330307 
 1.558182401574798  0.244382143641733  2.091011013779520  2.185622244094504 
 1.905152792968753  1.373339511718747  1.606252853710937  2.218178378906250 
 0.930181222537878  0.256792122594697  2.037630776515148  2.799865719696964 
 1.305204198701301  0.866860012987013  2.946023116883119  2.468061948051951 
