 0.006447025665058  0.074647722613469  1.239758153364507  0.626608154929853 
 0.234659060941828  0.083100478864254  0.729351454293565  1.633970360110620 
 0.952207605633610 -0.052736501295765  1.820696338028005  2.248278028168929 
 1.780166834170812  1.131467135678403  2.778061809045312  1.911059798994637 
 0.206393007197926  0.078507844100255  1.196469267352229  1.424111053984578 
 1.206905895953734  0.054023385549150  3.469276878612761  1.865520231214033 
 0.695359523809548  0.177121337804238  1.007226322751301  1.446710185185165 
 0.415876375776425  0.101399653074524  1.763192236024965  0.647776683850923 
 0.625898426923150  0.140095555000009  2.692635384615182  1.332992769230605 
 2.736485217391218  0.916385660869554  2.444717391304388  3.039851304347782 
 0.543595939473660  0.109522425362348  2.125808502024245  1.791113562753009 
 2.098974074073972  1.503165370370391  1.575623888888845  4.522707407407283 
 1.986598314606806  1.135476741573066  0.983047449438088  3.288548314606971 
 1.402978350515424  0.223104587628904  3.561130927835200  3.810964948453539 
 2.548932051281985  2.228116666666685  3.924497435897451  2.377597435897357 
 1.562539435483864  1.008002822580660  3.917489516129097  3.528066935483903 
 1.106409041916161 -0.027879945508982  1.895447904191644  0.869763652694613 
 1.900695287958107  1.131657120418856  2.201399999999995  2.775604188481689 
 1.040607764127757  0.049975928255530  1.896726044226027  1.618992383292433 
 2.299790833333332  1.292484583333329  1.542596249999995  2.023334999999995 
 0.974078483412342 -0.026872384834122  1.875979146919392  3.055663033175321 
 0.817553282608678  0.726347228260845  2.819273369565214  1.825611956521735 
 2.041362616822422  1.154872523364478  4.286808411214956  2.079977570093474 
 0.169974995284325  0.077496012723994  1.503526213592246  1.072496463245493 
 2.539632758620705  1.027568879310351  3.805770689655197  2.969802586206908 
 1.087633944954113  0.254136783486233  2.215989908256875  4.085266972477100 
 0.373916549562683  0.122200754857143  1.594670553935852  1.589512536443136 
 1.860630681818194  1.225067159090909  3.130573863636331  2.729205681818199 
 0.701961659016390  0.032849931180326  2.653753442622937  2.235653442622950 
 1.996238749999992  0.459886942625000  3.230241250000022  2.019989375000010 
 1.814103311258283  0.054238610596025  2.375756953642366  1.374257682119201 
 1.674232857142856  0.208852449523808  4.088473333333364  2.535866666666650 
 1.836503750000007  1.062587550000007  4.794494999999992  3.365022500000000 
 2.223152941176472  1.772867058823526  4.282069117647071  4.236426470588218 
 2.471484166666667  1.749385000000000  2.751833333333336  2.357395833333332 
 0.775444975000002  0.367098844166667  3.497842499999981  2.867960000000049 
 1.611645945945943  0.164884919324325  1.169133851351351  1.408065743243253 
 2.018550434782603  0.355067471826088  1.747978956521742  3.683998260869568 
 0.006343424597207  0.076333699897959  1.073429430719661  1.076314371643399 
 0.513809863387983  0.103350894535520  1.054103087431688  0.838123448087432 
 1.365395083333335  1.466372000000000  1.588733333333323  2.674557499999985 
 0.814679308755758  0.114078950230414  0.653878302304144  2.138180645161289 
 2.429953389830509  2.032587288135595  3.110041525423728  3.515512711864391 
 1.542963440860214 -0.011653077956989  1.280051774193544  2.531448924731209 
 0.060738454077250  0.075488704864091  0.655439397424892  1.185213218884131 
 1.230973959183674  0.457892053061227  2.930686530612246  2.396280000000004 
 1.273183395061729  1.007961975308641  2.054156790123463  1.907460493827151 
 1.002684417910451  1.245875970149253  2.529999502487563  2.614562686567165 
 2.297315384615383  0.364808723076918  1.990841538461521  2.448460769230757 
 0.468840056485358  0.102226716317992  2.030366736401673  1.207086924686193 
-0.589154016282224  0.092510727539092  0.488202225644512  0.525321590230663 
 1.789185611510789  0.823364820143886  1.966260000000004  1.120884676258993 
 1.497934307692306  1.976943076923071  2.412499230769234  3.047055384615386 
 1.342971739130434  1.301584596273290  3.170063354037269  3.618835403726703 
-0.222056507840772  0.069339498442703  0.846719264173700  0.896844704463205 
 0.012284522552448  0.075942323933566  0.774285944055947  0.649869606293706 
 1.130562567567571  0.392290729729730  1.073371148648645  3.340535135135140 
 1.281860347490350  0.576824131274130  1.672453667953663  2.716659459459462 
 0.777293610778441  0.520549113772456  2.402588023952104  3.190431137724550 
 1.643518999999999  2.199070000000002  3.248728999999999  2.134105000000001 
 1.743252941176471  0.970754529411765  2.505806470588239  3.462635882352943 
 2.576824528301887  1.069090386792453  3.336176415094339  3.867988679245284 
 2.474384931506850  1.850573972602741  1.831671232876711  3.190860273972599 
 1.736192441860465  2.143890697674420  1.929151279069766  1.754090930232558 
 0.346242904306219  0.104380409066986  1.120951985645933  1.953208133971300 
 1.938267901234570  0.208054781481481  3.012904938271609  2.890858024691346 
 2.647275000000000  1.392985156249999  3.265107812500000  1.360782031250000 
 1.305018730158731  1.202267777777776  1.720400476190477  3.588584920634927 
 1.098770478723403 -0.221088509946809  2.575006914893625  1.694623404255318 
 1.374438963414635  0.431915516585365  3.168693902439023  1.273565426829268 
 0.726090859205776  0.134727965703971  1.275838844765342  2.595404693140796 
 1.481843410852716 -0.042504301782946  2.214049999999998  2.311584883720927 
-0.265851555425905  0.064612013138857  0.472782681446908  0.819876021003501 
 0.979791592592594  0.474240000000000  1.389828185185190  2.018521851851856 
 0.931423891397850  1.637263440860215  3.464384946236558  2.866379569892472 
 1.698433557692308  1.935634615384616  4.066657692307690  2.949577884615387 
 2.236802325581394  1.482755348837209  3.024334883720933  5.100606976744186 
 0.653340431818180  0.065041812354546  1.518816363636367  1.193680272727274 
 0.473970549045455  0.198210372727273  2.042644090909092  2.514079545454546 
 1.580461009174313  0.230513289908257  2.196407339449540  3.156013761467888 
 1.345005743944638  0.395294757785468  2.490190311418687  1.866869204152249 
 1.280085370370371  1.023742222222224  3.690850000000001  1.789524074074074 
 1.006510112359551  0.333948092359550  2.283730337078656  2.533156179775285 
 1.564467400000001  1.378838499999999  2.809753999999999  1.028692779999999 
 1.493474342105263  2.302932894736841  2.854461842105263  3.932789473684210 
 1.034718053097344  0.311556446902655  2.586665486725665  0.588782209734513 
 1.246882658227848  1.189773924050633  2.585537974683544  4.348077215189875 
 1.500222758620690  0.852287126436782  0.808234058620690  2.111587356321838 
 1.615018981481481  0.455116046296296  1.642165277777777  1.942608333333333 
 2.059479629629630  0.297921555555555  2.803479629629630  3.844609259259260 
-0.338141106334842  0.063673688382353  0.801171730769232  0.521841622171946 
-0.305887608725762  0.055141541426593  0.463015458448754  0.426402096121884 
 1.161730621118011 -0.210710368944099  2.892824223602482  2.815755279503108 
 0.994676666666668  0.471896085365854  2.270702439024392  1.316406422764228 
 0.964253707317072  0.579971268292683  1.570336097560975  1.303449024390244 
 0.885020819112629 -0.030772471433447  1.347584061433447  1.806726962457339 
 0.495670522565321  0.103784916389549  1.623694774346793  2.080072446555820 
 1.604651388888888  1.175225833333333  4.229227777777780  1.024086916666667 
 1.454095494505493  0.842716538461539  3.571547252747253  2.578481318681317 
 0.850640140350877  0.528334842105263  1.994913333333335  2.092548421052632 
 2.426755056179776  1.409003707865169  2.413213483146067  3.884083146067416 
 1.299441250000001  0.469970685000000  2.887847000000000  3.226899999999999 
 1.591198305084748  0.633633771186440  2.434294491525422  2.455261440677966 
 2.630363855421686  0.501260945783133  2.994193975903614  2.349207228915662 
