 0.026220833203596  0.078636583942940  1.191452581063451  0.629695309987259 
 0.169295455932203  0.077790750118637  0.671932993220300  1.389356610169378 
 0.770542797618911 -0.020842468432533  1.558349999999885  2.168907341269774 
 1.642351187214575  1.197820867579918  2.734608675799163  1.626178904109279 
 0.247890365783117  0.090948673132529  1.143504313253051  1.487106144578315 
 1.219314201680656  0.175730209243710  3.423709243697509  1.772718487395074 
 0.794645638297894  0.046160844127664  1.251196276595727  1.439118361702111 
 0.356179443935947  0.084344348659032  1.732372997711759  0.717430819679628 
 0.782131184669056  0.297916106968649  2.643012543553822  1.036514686411004 
 2.684680921052566  0.792918105263149  2.456752631578976  2.855342105263125 
 0.595518443669703  0.177315582860551  2.088491559632984  1.901721100917406 
 1.984509677419296  1.459105268817217  1.860878709677394  4.455625806451541 
 1.927217961165104  1.163502718446631  0.934771816504755  3.245866019417674 
 1.530003622047215  0.256948850393730  3.568595275590663  3.781733858267665 
 2.523008139534824  2.223236046511645  3.938001162790712  2.373109302325509 
 1.365646166666662  1.156226222222232  3.686763333333376  3.310791111111135 
 1.067666592920349  0.027845019469026  1.971395132743383  0.796858929203542 
 1.852436213991763  1.103904279835396  2.265621810699584  2.818969547325114 
 1.090601428571422  0.002346665306124  1.898721541950096  1.680247845805036 
 2.309759541984734  1.210584198473278  1.454550893129767  2.025980916030528 
 0.997336280000016 -0.028302357999999  1.940800399999967  3.098336799999970 
 0.772279723076906  0.704371487179464  2.870850769230767  1.830044102564100 
 1.813004060150370  1.158732255639091  4.247332330827073  1.816131278195502 
 0.223385797014924  0.080133615852878  1.482135714285724  1.155191172707888 
 2.477678343949056  0.973933470063699  3.719384713375815  2.929478343949051 
 1.195389776119390  0.312378905970145  2.333091791044771  4.154058955223909 
 0.371364059526939  0.103367593077530  1.577243101182648  1.717135085413917 
 1.607280539568352  1.140837805755398  3.299624820143864  2.484281654676268 
 0.800892257731956  0.059583100180411  2.661615979381437  2.371140979381444 
 2.157050934579432  0.428450451028037  3.153846261682259  2.093584579439258 
 1.713051351351356  0.011400471351350  2.499635135135120  1.378061783783779 
 1.538172530120480  0.433738850602409  4.021172891566287  2.507028313253002 
 1.918898958333339  1.100556500000006  4.749559374999994  3.286503124999999 
 2.226321951219513  1.649535609756094  4.242285365853666  4.200268292682908 
 2.445197297297298  1.701764662162162  2.752389864864866  2.385018918918918 
 0.894122894179896  0.444168356084656  3.388489947089934  2.773156084656115 
 1.667255156950672  0.330664838834081  1.328059192825112  1.519214439461888 
 2.134642241379306  0.245721433275863  1.869248965517244  3.668765517241382 
-0.012831522842197  0.074452148818657  1.050025666957284  1.073915518744554 
 0.540498623188410  0.119016038454107  1.035533043478255  0.886999782608696 
 1.380366751269036  1.103353299492386  1.459457969543141  2.468078172588821 
 0.983715931372546  0.205991095098039  0.602588056862743  1.885877450980389 
 2.313485810810811  2.050783783783786  3.050354054054055  3.593499999999989 
 1.582689615384614  0.079712848615385  1.360803538461537  2.512245384615402 
-0.092595363607598  0.070308030273206  0.627391790928270  0.971228523206758 
 1.429409613259671  0.551438734806632  2.732205248618787  2.347305801104974 
 1.112987881944443  0.763199826388889  2.063856597222226  1.940205208333328 
 1.035949730434785  1.261499434782609  2.506076086956523  2.612714347826086 
 1.951494214876034  0.442782840495865  2.118461157024784  2.158506611570243 
 0.476055203418805  0.085846029692308  2.037271282051285  1.302839692307694 
-0.557254918743229  0.089029856338029  0.526370437703148  0.471625099674973 
 1.709927654320986  0.852575493827162  2.051256790123460  1.013257516666668 
 1.486384827586205  1.928579310344823  2.240461379310348  3.145427586206898 
 1.266482969696970  1.205306969696968  2.880503030303033  3.863074545454543 
-0.269131681381958  0.072123900383877  0.848280796545104  0.721063790786946 
-0.208125751918159  0.060817697685422  0.675469283887469  0.414519151150895 
 1.170241604938273  0.378005672839506  1.137802962962960  3.343082716049385 
 1.079837266009853  0.445922426108374  1.943768719211821  2.536556650246309 
 0.949284848375451  0.405209967148015  2.644519494584841  3.154985559566787 
 1.543326614173228  2.101439370078741  3.190900000000001  2.254874015748031 
 1.878261087866109  0.688117472803348  2.807432635983268  3.421503347280337 
 2.537063194444443  1.044900770833334  3.130001388888889  3.882204861111113 
 2.513164035087720  1.642730175438597  1.979741228070176  3.414148245614034 
 1.748844414414414  2.065391891891895  1.938114504504503  1.807097477477478 
 0.404816518367346  0.094863785897959  0.987564489795918  2.003340204081637 
 1.613612521739131 -0.037974684347826  3.024271304347828  2.840885217391301 
 2.605073333333333  1.421368133333332  3.244654666666667  1.345240666666667 
 1.324990122699387  1.094838343558281  1.766416564417178  3.566336809815956 
 0.780968516891892 -0.121628371959459  2.591781418918923  1.674828040540539 
 1.419915488721805  0.798176985112782  3.359145112781955  1.054430150375940 
 0.771005432950191  0.222122757471264  1.159491072796936  2.646384674329502 
 1.358826495468279 -0.052061842296072  2.201848036253774  2.317736555891238 
-0.328641114118896  0.053944416163811  0.423918699893843  0.689239373673036 
 0.997716787709498  0.461797963687151  1.400026117318438  1.941859776536317 
 1.093459420481928  2.044221686746989  3.166659036144579  3.582674698795181 
 1.605094504504505  1.922193693693694  4.027114414414413  2.947464864864866 
 2.072298275862068  1.589948620689655  3.012163793103450  4.952818965517242 
 0.812790382775119  0.373689093363636  1.685988995215313  1.276859593301435 
 0.514546924106583  0.186293818808778  1.951021003134797  2.479053291536049 
 1.595372796934867  0.360536119923372  2.218832950191572  3.099616091954021 
 1.207922422360248  0.387877078975156  2.483892236024844  1.693326086956523 
