-0.086807732330431  0.073224272969369  0.989146794310679  0.673047119803160 
-0.379427643847195  0.069618013780698  0.538812109296815  0.578098885125063 
 1.002818641770307  0.228027841313976  1.029010577593279  2.357960165975058 
 1.706936806167385  1.024271411894278  2.718001982378889  1.307149721806018 
 0.376007969513634  0.096860969323842  1.066816259193377  1.650504626334518 
 1.180472969072161  0.300617593384886  3.260254467353966  1.690374278350564 
 1.190533036529686  0.294831478321920  1.450249874429213  1.412961643835603 
 0.272999434728937  0.086585783048844  1.436719157273232  0.973051545893720 
 0.813938987643442  0.136759949126215  2.394134863195012  1.836931421006140 
 2.122607730263140  0.902300315789470  2.269437993421064  2.943210361842099 
 0.672158299291817  0.113734378256031  1.727756264591416  2.182095797665364 
 2.270291605839398  1.843003467153292  2.446142153284664  4.099764233576613 
 1.609175691489374  0.994442127659582  1.263908704787208  3.316930851063882 
 1.284712119341551  0.358969690123464  3.372746707818955  3.265566666666655 
 2.184319383378010  2.046072922252013  3.130834316353889  2.355289705093822 
 1.777968614864864  1.480461635135138  4.303627027027046  3.549386148648665 
 0.877746763613859  0.179130773341584  2.279870420792089  0.980137221782177 
 1.249885699222795  1.664941735751298  2.696416321243527  3.357639896373056 
 1.656064435695530  0.172538209238846  1.981301036745398  2.066196719160126 
 2.006699344262298  1.494690459016392  1.584227872459014  1.996753213114752 
 1.118982142857143  0.181429138492064  1.848170462962958  2.997661243386237 
 1.125552908011868  0.915511023738870  2.179680860534127  2.262766320474777 
 1.918867623456788  1.107799320679011  4.198550617283950  2.123084259259262 
 0.015348177809524  0.073180060770952  0.796682231809525  1.130493319047623 
 2.381736338797811  1.086310557377050  3.345609562841537  3.630720491803280 
 1.483030445434298  0.502649008151447  2.369824231625830  3.937857461024500 
 0.465476758333334  0.097653627928184  1.761271815718155  1.486160636856364 
 1.380982180894309  1.140336056910569  3.255777642276422  2.503781300813009 
 1.053687589473684  0.195772592000000  2.681866081871344  2.621907368421049 
 2.159147427293065  0.432091872080537  3.093377628635350  2.363886577181207 
