 0.154698406161710  0.081020846410792  1.320043465981925  0.657091057766594 
 0.164480099851851  0.078106860251845  0.640101738962930  1.323077911111012 
 0.714685669039023  0.097926039323849  1.475680622775698  2.410686832740154 
 1.579153961352618  1.186535845410638  2.822666666666750  1.505138840579383 
 0.269619907499984  0.086266042045453  1.121200318181855  1.516149431818179 
 1.218612126530597  0.295014601714298  3.429456326530642  1.680180612245010 
 0.919832727272745  0.101338519865323  1.498653198653181  1.707485690235678 
 0.422405237741469  0.097800537928673  1.834446656760830  1.080864918276371 
 0.779483756756821  0.275586577364872  2.631106418918738  1.004555962837697 
 2.638384999999944  0.748810822222215  2.422806666666691  2.842029444444416 
 0.575972383716089  0.141433111226476  2.066640350877156  2.141698564593278 
 2.007649166666622  1.455689166666676  2.321383333333313  4.604947499999945 
 1.912450990991043  1.229743603603630  0.950153990990900  3.376332432432619 
 1.560623444444424  0.377950027777798  3.481233888888969  3.759681111111075 
 2.185552482269467  2.113762411347528  3.988553900709230  2.763107801418398 
 1.172499849732616  1.404599090909100  3.632495187165816  3.183933689839595 
 0.920495097402595  0.070371938961039  1.858329545454561  0.731588364285716 
 1.745849013157890  0.971298388157899  2.079099999999996  2.825195065789483 
 1.243370293453718 -0.082845138148983  2.035493453724584  2.089749661399598 
 2.194244285714286  1.228517285714282  1.318762793571425  2.075053571428566 
 0.888847794788288  0.037476001628666  2.031717589576520  3.031558631921804 
 0.933166164383553  0.580574684931494  2.594717534246574  1.828218904109588 
 1.787471463414627  1.223976341463407  4.304498373983746  1.811367398373998 
 0.173862921046890  0.079243302584514  1.425163685932397  1.159907906215921 
 2.465931213872842  0.945998293641623  3.794254913294815  2.863169364161855 
 1.141171942446031  0.347583164748198  2.385135971223017  4.155147482014419 
 0.381831185362999  0.115468140318502  1.600578103044492  1.709970374707247 
 1.642066460481107  1.157137010309280  3.306779037800667  2.484920962199320 
 0.845189989247308  0.050920582446235  2.716468548387092  2.398710752688173 
 2.141076233183849  0.393951585291479  3.174432735426024  2.120552017937225 
 1.584102857142860  0.076716929392856  2.489237499999990  1.423318285714282 
 1.439270447761193  0.407621568159203  3.948467164179124  2.516660696517403 
 1.849684126984131  1.147281142857148  4.633495238095237  3.369563492063492 
 2.116344578313254  1.684074819277104  4.060756626506034  4.457719277108415 
 2.415172514619883  1.626855321637426  2.685132748538013  2.325888888888889 
 0.908576189743590  0.289534389743590  3.317682564102550  2.904708717948745 
 1.676723360655736  0.311439221557378  1.350245901639345  1.542217704918038 
 1.820092436974788  0.233752893949580  1.966271344537816  3.476697478991603 
-0.008555806089508  0.074974901675715  0.994648613352902  1.040861922230376 
 0.708819547038330  0.147442348188153  1.185677038327523  1.158625522648082 
 1.158481551155116  0.788252244224422  1.463564719471942  2.238957095709567 
 0.972371236363634  0.235827183272727  0.697784122181816  1.967924363636362 
 2.315069934640523  2.069775816993465  3.034023529411765  3.554808496732015 
 1.549059589041095  0.103477636780822  1.395457945205479  2.538154452054810 
-0.200908754799017  0.070694640549631  0.583217133716161  0.889938326497133 
 1.392320972972974  0.537456997297298  2.808871621621623  2.386193783783786 
 1.062301391076116  0.545289388451444  1.903916797900267  1.537810288713909 
 1.037257514522823  1.287152863070539  2.447765145228218  2.400493360995854 
 1.841446687697162  0.543752272555203  2.232508832807563  2.073819873817034 
 0.642619441786285  0.093115693413079  2.124637480063797  1.519124401913876 
-0.541837975567189  0.073390913120690  0.510831728010475  0.546076633507853 
 1.745812941176469  0.824236209150328  2.063756862745100  0.970290181045753 
 1.473916337209302  1.872767441860461  2.226023837209305  3.141993604651164 
 1.223268356164383  1.659466438356163  2.967998630136988  3.829654794520545 
-0.196181834004835  0.065890938871878  0.899041740531828  0.611586851732471 
-0.262170519311065  0.067237982682672  0.520492435281837  0.449672691231733 
 1.076963177570095  0.366706263551402  1.151671074766353  3.214588785046730 
 1.096003678160922  0.448297319540230  2.055028965517241  2.505195632183908 
 1.022819293286219  0.681667413427562  2.598672438162546  3.191079858657244 
 1.640744880000000  2.193684000000001  3.207389600000000  2.259946400000000 
 1.863912363636364  0.801962036363636  2.771960000000004  3.410576727272727 
 2.538827972027971  1.055248258741259  3.253457342657344  3.894249650349653 
 2.525346456692915  1.584190000000001  1.960332283464567  3.452396062992125 
 1.711405396825397  1.959289682539684  1.877938174603174  1.838143809523810 
 0.417141989775051  0.081727606257669  0.989043967280164  2.021777709611456 
 1.627330952380953 -0.013659904421769  2.729306462585034  2.877539115646258 
 2.618588311688311  1.528171558441557  3.342327272727273  1.373442077922078 
 1.340792770270271  1.075797027027027  1.703144594594594  3.682308108108112 
 0.823935982517482 -0.095170268531469  2.713269580419582  1.706139860139860 
 1.408723723404255  0.874640212765957  3.450586170212766  1.002389893617021 
