 0.062078604549485  0.077363610923289  1.182428492417412  0.696418139161622 
-0.112945316250891  0.069760378103347  0.600156218674254  0.968474262295036 
 0.622420907163600  0.130391816491035  1.517014517937154  2.199853923766778 
 1.723766715867129  1.264689188191891  2.766357933579395  1.275294457564325 
 0.339418340476173  0.086151105499998  0.879681098809558  1.751944166666672 
 1.257035642441849  0.475539175348846  3.386675000000021  1.534745956395428 
 1.073738888888903  0.066849690016106  1.651407262479851  1.599153832528165 
 0.200002665957456  0.078599262653769  1.498031334622858  1.084485145067695 
 0.738703963597469  0.222348342612424  2.599425910064127  1.196825762312544 
 2.101736426914133  1.005838816705334  2.280672621809756  2.824267053364260 
 0.604066281454905  0.113570877017418  2.098394467213087  1.786809836065558 
 2.429255135135104  1.476927081081088  2.204951891891877  4.023284864864830 
 1.779697844827608  1.223315387931048  1.203945961206854  3.421290086206986 
 1.756370996677727  0.450685976744199  3.218696345514995  3.670831893687686 
 2.023991134020591  2.187343814432996  3.861109793814439  2.602931958762855 
 1.182571584230768  1.352921384615392  3.464758076923106  3.457473846153866 
 0.594457164473684  0.090816633350000  1.895295000000006  0.909348179210528 
 1.160092695652169  1.389252795031058  2.170000621118008  2.909279192546581 
 1.415357263969164 -0.028667164084777  1.965033526011542  2.252237764932600 
 1.861835265700483  1.699663285024152  1.659449440096614  1.967685942028982 
 0.785806037441503  0.147397351731670  2.118266614664576  2.662609984399368 
 1.231604226006189  0.673265557275536  2.486293188854485  2.126847987616095 
 2.023839909090906  1.060053004545451  4.094565909090912  1.901909363636371 
 0.064029324202127  0.078509443410904  0.990173856382980  1.193554986702133 
 2.602702390438253  1.058092361752991  3.278201593625510  3.196702788844623 
 1.263573869565211  0.688952590869564  2.299687739130428  4.189183478260884 
 0.375226598546043  0.106553461253635  1.485822697899834  1.573237883683352 
 1.485586026699033  1.337517621359229  3.156446359223291  2.454619174757288 
 0.903406251724134  0.038965947827585  2.752939655172412  2.007740862068970 
 2.125656509695286  0.416403215290858  2.893394182825491  2.187255955678673 
 1.604288524590167  0.234303225846994  2.312807650273218  1.215167389890708 
 1.303730350299401  0.383738605089820  3.740328742514980  2.590632035928139 
 1.918631071428574  1.169165428571431  4.500616836734689  3.270626530612243 
 2.269426206896552  1.583833110344825  3.698370344827590  4.417226206896542 
 2.529020918367346  1.860568877551020  2.775466836734692  2.184850306122446 
 0.950139589680590  0.469225388943489  2.736174201474197  3.119736117936127 
 1.971632793522264  0.516099679352227  1.363200676113361  1.777793562753039 
 1.813531818181817  0.274999296149733  2.090953208556151  3.332580213903746 
-0.235835236434109  0.068404725529715  0.807399670542641  0.592111560594318 
 0.766477258883250  0.148042473502538  1.121007309644670  1.152061827411168 
 1.268223685300209  0.626833540372671  1.629925983436851  2.407519668737056 
 1.027688529411764  0.197410618137255  0.859478543137254  2.106761764705879 
 1.783281500000000  2.065717083333335  2.728227916666665  3.555310833333330 
 1.094202101522842  0.219589451269035  1.304601649746192  3.095942893401020 
-0.446712258724100  0.070960067091772  0.480453038876772  0.524743548200656 
 1.440157835051547  0.044183828092784  2.831554639175260  2.738448453608246 
 1.051313591731267  0.682805607235142  1.872854005167960  1.457720852713178 
