 0.215111868433976  0.085787589009009  1.113768360286575  1.240905981576293 
-0.269145783858963  0.070283264543645  0.669633567698329  0.653854320705181 
 1.802157934232669  1.024429660421590  1.838417481450200  3.483459106239434 
 1.119421715328466  0.256933348341445  2.647787956204371  1.798991988645549 
 0.922267577963179  0.198506603339859  1.502962409000589  2.252955961426066 
 1.773812247191011  1.032165792231142  3.733868298555381  2.291076106741584 
 1.883440837473385  1.258644975443574  2.247042527395320  2.054781923349886 
 0.676139335885319  0.147058356886578  1.845117369250160  1.275436854410837 
 1.272910734170851  0.331746059447235  2.666604522613072  3.014495678391950 
 1.950730744096599  1.494062509838998  3.407538998211090  3.657033273703039 
