-0.173253876203368  0.071113056473773  0.862285981611639  0.642057314115832 
-0.408329179958679  0.070004607262936  0.501990235247925  0.564342265867743 
 0.913734441127582  0.205141707081268  1.009853389054630  2.387171807628470 
 1.670658492307668  1.281180553846161  2.717613846153895  1.310511624615175 
 0.358371597594490  0.088981902139174  0.938084033505183  1.686422680412373 
 1.007534589416052  0.311206513594897  3.058662043795637  1.434856790146037 
 0.919481361556072  0.218049683237989  1.448779061784883  1.531085560640721 
 0.158489772239176  0.080898663763879  1.280690213544866  0.875549280048811 
 0.650965408581769  0.113771464769649  2.171208130081251  1.546290822041513 
 2.098105394990348  0.640269549248552  2.217399421965330  2.975758574181107 
 0.597685516686528  0.123436305757241  1.705736286200998  2.135498892674610 
 2.233880597014907  1.763981604477617  2.248243358208947  3.888607089552214 
 1.603886375404544  0.949681213592243  1.170611466019386  3.317572815534046 
 1.764106257861622  0.441490868239005  3.262451886792496  3.644702830188659 
 2.006860941176451  2.163822352941182  3.678863137254906  2.580160784313703 
 1.212213986731390  1.459412071197417  3.232983495145656  3.562374433656974 
 0.583375648714811  0.111106257951040  1.877431089351293  0.856681794614442 
 1.369457909738714  1.543158479809979  2.197427553444178  2.889405938242278 
 1.454862518968125  0.055643074871018  1.806485827010611  2.229237177541759 
 1.895664542772863  1.109092035398228  1.467648177286133  2.005933480825957 
 1.012935474302500  0.219425910572687  1.808952364170326  2.971170925110128 
 1.133930402684562  0.692834442953014  2.205618657718119  2.115516510067113 
 1.935432903225805  1.066276290322578  3.989768458781366  1.834365229390687 
 0.004029425846154  0.073060936625128  0.784447881435899  1.116084656410260 
 2.599025862068970  1.043582240344829  3.228263793103457  3.102251034482760 
 1.436770291545187  0.535320019241981  2.207891486880464  4.001991253644323 
 0.301364130006481  0.089091224168503  1.480164419961113  1.420353208036290 
 1.379850351129368  1.133373901437373  3.088693429158103  2.481496714579059 
 0.853899679706599  0.063658545134474  2.563423227383859  2.230961491442543 
 1.900950954198473  0.335344424656488  2.833443320610690  2.110845419847334 
 1.462601702544032  0.292410520352250  2.199349706457923  1.204516310567513 
 1.309296535802470  0.326791277283951  3.695580246913586  2.543990370370368 
 1.877021286307056  1.231755327800831  4.457867219917009  3.280562655601659 
 2.224567231638418  1.640340903954800  3.498407344632771  4.390555932203382 
 2.380047859922179  1.820005291828794  2.514968482490273  2.248276887159531 
 1.147455054455445  0.246327874917492  2.717343564356437  3.012132508250826 
 1.488558590308370  0.280578625814978  1.046466823788547  1.323411497797357 
