 0.087424296207987  0.079814437686898  1.207391105092002  0.663097444203877 
 0.049675561896080  0.074542876443934  0.691045117411102  1.119505870556001 
 0.611079084795153  0.125373412509912  1.453716169088429  2.239164729194142 
 1.707224324324288  1.253420000000010  3.051673423423497  1.282542743242939 
 0.347589409560705  0.085879134999998  0.874591974160243  1.751343410852716 
 1.266128315950908  0.433072559263813  3.383912269938672  1.564900797546096 
 1.005549814814831  0.057120640404044  1.570369882154863  1.629850404040388 
 0.259428719112998  0.082130209081306  1.582246145723374  1.020042270327348 
 0.739469604494424  0.226667858426971  2.613876629213364  1.183026721348222 
 2.515349805447435  1.217755447470813  2.160399221789901  3.005061089494142 
 0.616500306479202  0.122036004644254  2.075000488997524  2.017475672371619 
 2.063073369565187  1.326746739130442  2.346759239130422  4.409008152173877 
 1.720000052083362  1.151631114583349  1.112376161458280  3.498923958333441 
 1.730166701388876  0.449394163194457  3.244816666666713  3.703339236111089 
 2.039177165775374  2.164494117647066  3.876189304812841  2.607987165775368 
 1.159865471747211  1.434714163568780  3.400916356877351  3.459975836431246 
 0.814627721153844  0.112774998605769  1.883026923076934  0.721382887500001 
 1.502960351758789  0.998569623115579  2.357706030150753  2.988577638190959 
 1.343117470817115 -0.044065959649804  1.927585797665352  2.253271789883310 
 1.958108542713567  1.578535829145725  1.557366452763816  2.100694974874368 
 0.866383206349214  0.151872271358025  2.106598589065239  2.774284126984116 
 1.033809747663548  0.697460299065412  2.569698130841120  2.133005607476630 
 1.984357848837205  1.107891046511624  4.210984883720934  1.906862558139546 
 0.052147630681818  0.076800192628788  1.112802818181819  1.182766681818182 
 2.542870940170949  1.040579743589746  3.275645299145312  3.253723076923080 
 1.097694025423722  0.496186942372879  2.252659745762708  3.954787288135610 
 0.338806644965278  0.099374482501737  1.450964670138885  1.589657204861102 
 1.579630922190208  1.155828559077812  3.278234582132548  2.511280979827097 
 0.903979182879375 -0.007343108929962  2.769151945525291  2.015357782101172 
 2.298719183673462  0.443056393142856  3.186181224489809  2.175284081632660 
 1.571400800000003  0.139684771813333  2.410890666666663  1.377290701333333 
 1.277085960431654  0.361477658992805  3.801771582733824  2.578162230215821 
 1.890054157894739  1.150815652631582  4.498293684210523  3.251734210526315 
 2.295662393162394  1.518792572649570  3.900059829059835  4.420364957264943 
 2.491811560693640  1.858353179190751  2.863131791907512  2.101429248554911 
 0.891153827485380  0.366376494444445  2.876773391812859  3.043407602339195 
 1.954301694915252  0.438304142203391  1.363034351694915  1.742008940677969 
 1.896574260355028  0.281247630946746  2.059852958579881  3.318132248520715 
-0.201085555261459  0.069878526100710  0.851798812136867  0.673953111684960 
 0.755308126064738  0.165578651856899  1.118852896081771  1.190065877342421 
 1.229950020920503  0.701429205020921  1.627601464435145  2.410323221757316 
 1.043936923076924  0.200084431593406  0.832329383516483  2.141102747252744 
 2.174434602272730  2.092887499999999  2.991162499999997  3.655084659090899 
 1.130313668478261  0.221039286141304  1.289836467391305  3.060507336956529 
-0.268801377384198  0.062923989700272  0.486747451680290  0.798573878292466 
 1.544385837837839  0.073143742162162  2.863120810810812  2.743513783783781 
 1.057568986175116  0.575956221198156  1.884946313364057  1.602684792626726 
 1.246106293838864  1.834985781990522  2.577358767772510  2.412740284360190 
 1.801801228501230  0.590210034398033  2.407854054054050  2.243934398034398 
 0.548453657622740  0.106945794198966  1.994388242894059  1.392266046511628 
-0.452421351515151  0.073023644367461  0.528182960606062  0.460734149212121 
 1.656411923076923  1.066184395604396  2.030419780219781  1.159174860989011 
 1.518606627906977  1.853738953488371  2.099292441860467  3.374772674418606 
