 0.223994722193154  0.086517963079277  1.124686943661953  1.247990959758590 
-0.266837232453417  0.070304947315665  0.671159592993006  0.656900313897506 
 1.809847134404012  1.055843670549455  1.829316369484309  3.454622062552803 
 1.111121428336078  0.253349851445636  2.661055848434918  1.839905980230612 
 0.920287167140356  0.197814350694192  1.509717369010801  2.257729325941057 
 1.769128618473895  1.033513393670686  3.735286425702816  2.293806689959851 
 1.875551809045225  1.242812089303659  2.247370566403451  2.014112907394106 
 0.698513284832001  0.150920522716160  1.870388393600001  1.269097180767998 
 1.294405876398776  0.336107794404882  2.667608646998993  3.050233977619522 
 1.961015936960429  1.508858584532374  3.404950179856113  3.651284172661868 
