 0.138727319727148  0.082522977181539  1.332370524658887  0.733597160545831 
 0.148252354945054  0.077201260260983  0.667861955769200  1.325679986263644 
 0.716418978394955  0.116418124953709  1.436641111111021  2.358346604938222 
 1.714082857142817  1.211373152709370  3.019299507389245  1.214932655172081 
 0.351530774147707  0.084324097286930  1.005801605113677  1.841413778409089 
 1.262179466942132  0.354171290578525  3.477300413223169  1.520392190082758 
 1.052655794223845  0.061261119314083  1.514620252707562  1.621789241877243 
 0.353762906250010  0.090379381604163  1.730493750000043  1.132054837962961 
 0.751694358543471  0.251584242857149  2.652461344537664  1.051764694677755 
 2.655491954022931  0.784084137931027  2.400141379310369  2.801566091953992 
 0.602014425022074  0.117022264357880  2.078806774668597  2.165953755522805 
 1.950855517241332  1.509177931034493  2.314553448275841  4.624462068965459 
 1.769172250000036  1.180575587500018  1.158312956249937  3.575845625000129 
 1.537062412060284  0.307827427135697  3.366973366834240  3.732121608040167 
 2.184816993464018  2.063896078431380  3.994447712418311  2.779803267973817 
 1.028558707453412  1.332424223602495  3.674365838509363  3.306139751552823 
 0.826090287769782  0.089723538848921  1.828391127098333  0.752006969304558 
 1.755383850931671  1.024611211180128  2.172667080745342  2.856584161490688 
 1.296057629937624 -0.043379126735965  2.042982328482311  2.173374636174682 
 2.014160115606936  1.643580289017337  1.589422208670516  2.033670982658954 
 0.928256459102914  0.115212037203167  2.000844063324518  2.986852506596294 
 1.126959530201337  0.672212147650997  2.757602237136461  1.941176286353466 
 1.942043597560971  1.118598536585361  4.221330487804883  1.872547317073182 
 0.156629058951175  0.077224740244123  1.258731256781199  1.320395027124775 
 2.380697752808997  0.894006487640453  3.560053370786532  2.967807303370790 
 1.091922832369932  0.503410259537569  2.270488439306354  4.084634104046263 
 0.422106335774948  0.123253631244162  1.590628768577490  1.724080254777059 
 1.575126583072108  1.178760971786836  3.268249843260171  2.524786833855805 
 0.889345972222219 -0.022052734930557  2.804015509259256  2.038087037037041 
 2.159059641255597  0.411960316233183  3.201538565022435  2.074962331838573 
 1.538039420289859  0.124580973999999  2.429577971014489  1.360366327536231 
 1.291923283524904  0.378248380076628  3.804940229885069  2.541636398467426 
 1.870420129870133  1.118700935064939  4.569761688311686  3.274631818181816 
 2.111855555555555  1.790952111111108  3.962727777777785  4.448513333333315 
 2.504317241379308  1.721842356321839  2.836845402298848  2.093959310344828 
 0.793187608996540  0.242968109342561  2.905613494809679  2.932223183391018 
 1.931458571428570  0.460580316476191  1.305929080952382  1.676305000000005 
 1.795680291970801  0.204920645109489  2.047556569343064  3.365379562043802 
-0.025003265060241  0.072821872051205  0.951057055722895  0.998786716867474 
 0.681453984375002  0.154515877406250  1.137252890624998  1.221890234375000 
 1.270336544943822  0.788696910112360  1.520754691011232  2.338162921348308 
 0.955324545454545  0.232884094670846  0.727935754231974  2.040303448275860 
 2.506182307692309  2.037223846153847  2.862626923076921  3.480421538461528 
 1.491725636363636  0.063110386909091  1.329409454545455  2.625353090909107 
-0.224576826288212  0.068990936200873  0.562085533624454  0.879647694323149 
 1.578870649350651  0.117197985974026  2.838858701298703  2.749951948051947 
 1.021795849056605  0.591307075471698  1.890566037735852  1.614999882075469 
 1.141124200000002  1.578350243902440  2.485075121951220  2.301590731707318 
 1.839543181818182  0.563632252840907  2.334456818181811  2.156674431818180 
 0.662910506849317  0.092229072835617  2.171810000000003  1.538712191780822 
-0.546525017985611  0.075859061237689  0.524147384262594  0.528161602517985 
 1.640455917159762  0.955430473372782  1.955178698224851  1.049744939053255 
 1.488930734463277  1.870806779661013  2.167264971751413  3.233537288135593 
 1.469620813953488  1.770946511627905  3.080698837209306  3.667870930232560 
-0.192923841373671  0.067253293327882  0.896204668847095  0.590419364677021 
-0.256704106371490  0.066745834589633  0.500535250539957  0.461550300431965 
 1.063993157894739  0.480890895693780  1.224532822966506  3.299021052631580 
 1.013515394456291  0.562955046908316  2.233109808102343  2.470954584221748 
 1.296936595744681  0.846831134751773  2.704123049645390  3.254580496453902 
 1.704641428571428  2.282029464285714  3.298708928571429  2.160916964285715 
 2.143054726368159  0.878925621890548  2.619092039800998  3.721463681592040 
 2.597323853211008  1.005977623853212  3.500422935779816  3.920811926605507 
 2.571211650485437  1.532294077669903  1.770536116504855  3.296796116504854 
