-0.179939061007570  0.070671522146099  0.835334690176282  0.674006972191523 
-0.411219230980559  0.069245448071135  0.500070891504639  0.555367634573092 
 0.890768018838198  0.177419960078500  1.054156674411213  2.407776766090999 
 1.676912838283801  1.233544587458754  2.773946534653517  1.288831148514627 
 0.387058399264017  0.094721267884083  0.945198988040507  1.722947470101199 
 1.038754005736131  0.321778712715111  3.097903441682619  1.455115852772520 
 0.946065432900441  0.193061574621215  1.388008961038949  1.457688755411245 
 0.143875814131818  0.081340217559567  1.270927129277589  0.839725477820026 
 0.656849411380614  0.126444109486942  2.203659794776070  1.505417966417870 
 2.117606423982850  0.859462905781582  2.238625267665964  2.790560171306201 
 0.582129822223127  0.126010397759505  1.735694876033037  2.061496115702474 
 2.239209293680278  1.756659702602236  2.234084089219322  3.866311524163543 
 1.574370566037750  0.950235707547179  1.173779827043995  3.294757547169874 
 1.756462575757564  0.449460957878799  3.233566666666709  3.639625757575739 
 1.966448658008636  2.185389610389616  3.716544588744593  2.605288744588719 
 1.242723706333331  1.486617266666673  3.280704333333358  3.531813000000018 
 0.584594210918115  0.112247615441687  1.865955955334996  0.848564424565756 
 1.340505897560972  1.574531902439028  2.272068780487803  2.876864878048778 
 1.369142790014676  0.022700411806168  1.894715418502193  2.253550807635856 
 1.916129132420092  1.615477534246573  1.586340475342462  1.949465936073056 
 0.908849085106387  0.237520332522797  1.844773920972634  2.903566413373856 
 1.145694191374662  0.716216051212932  2.225540700808622  2.115871832884094 
 1.934979279999998  1.026374171999997  4.070906400000004  1.838549596000007 
 0.026385583025830  0.075210627948867  0.792679316710598  1.146983421191358 
 2.618074007220222  1.005247868953071  3.232351624548746  3.139732129963900 
 1.279153218390801  0.678737126053638  2.266262375478923  4.155938314176256 
 0.283482341140025  0.087650557058240  1.464103965303591  1.395403035935561 
 1.426598736720559  1.157386374133952  3.198139030023084  2.434793764434184 
 0.851340560943641  0.059773765163826  2.589894495412838  2.219416644823066 
 1.899155405405405  0.313118568571429  2.834448841698845  2.121563899613906 
 1.471004828244277  0.296299944007633  2.179574045801525  1.189615371564884 
 1.310117168865436  0.320729915831135  3.694502374670190  2.580106068601580 
 1.891530262008736  1.217182681222709  4.479271615720521  3.287216593886462 
 2.240156571428571  1.663378171428569  3.522487428571432  4.361727428571421 
 2.472275109170305  1.803034061135372  2.777432751091702  2.218145676855891 
 1.107894875216635  0.309492511611785  2.764882495667243  2.990015424610053 
 1.689048151898734  0.528558331392406  1.298520043037974  1.892591164556963 
 1.784221153846153  0.234118232857143  2.072951373626374  3.369715934065938 
