 0.006447025665058  0.074647722613469  1.239758153364507  0.626608154929853 
 0.233282871866295  0.084722626378818  0.730018036211635  1.632283565459426 
 0.943565964912080 -0.059914976491218  1.811131286549537  2.247173684210438 
 1.780248979591795  1.088180000000012  2.735303061224576  1.875230102040472 
 0.205676531974505  0.078504045108279  1.196722280254820  1.426623821656053 
 1.217086666666645  0.073093550273240  3.452596721311517  1.874728961748785 
 0.696228342105287  0.178460409710532  1.008231710526295  1.447945921052611 
 0.412398801857613  0.101015601517018  1.765246439628603  0.649399604334357 
 0.625898426923150  0.140095555000009  2.692635384615182  1.332992769230605 
 2.766202343749923  0.820830874999990  2.424564062500037  2.916007812499962 
 0.534664745473659  0.099425815008421  2.130056421052583  1.791973473684181 
 2.098369090908990  1.491298727272748  1.584134363636321  4.518039999999877 
 1.993911666666730  1.128572000000032  0.986392477777665  3.283842222222449 
 1.402593333333295  0.226073686868724  3.557662626262772  3.804803030302962 
 2.534301249999936  2.245396250000018  3.919045000000015  2.370918749999923 
 1.549707177419348  1.013356612903241  3.916354838709743  3.530613709677451 
 1.106409041916161 -0.027879945508982  1.895447904191644  0.869763652694613 
 1.873961160714279  1.074987991071435  2.279849107142852  2.753552232142870 
 1.044325269607837  0.048508942401962  1.897870343137238  1.620135049019657 
 2.298981599999999  1.272571359999996  1.540497199999996  2.048880799999995 
 1.024205882352960 -0.040417160633483  1.898661538461501  3.078294570135713 
 0.831738835051529  0.703727268041214  2.845678350515461  1.829131958762883 
 2.037667289719618  1.153582523364478  4.291046728971965  2.083404672897212 
 0.170059168888886  0.077534228019444  1.503043472222235  1.072751513888889 
 2.551947107438032  0.994321652892568  3.771257024793413  2.940820661157035 
 1.087534234234219  0.255638192792788  2.224738738738734  4.078824324324358 
 0.376499674855492  0.123157326202313  1.596601011560686  1.590505780346808 
 1.865450526315801  1.198993789473684  3.162452105263128  2.633734736842122 
 0.716296965732083  0.051653619968846  2.665540498442354  2.245764797507789 
 2.166238674033142  0.416649174696132  3.157572375690627  2.069707734806638 
 1.812718666666671  0.049890874666665  2.372239999999981  1.375577399999995 
 1.661080454545453  0.218315647272726  4.089492727272757  2.526385454545439 
 1.842893827160501  1.062963012345686  4.790224691358017  3.360846913580247 
 2.233232857142859  1.762664142857139  4.277734285714297  4.219742857142840 
 2.471560000000001  1.735504560000000  2.757032800000004  2.369491999999998 
 0.795031963235296  0.381031480147059  3.443766911764689  2.844630147058866 
 1.607171710526313  0.169512684605264  1.174173092105263  1.415822565789484 
 2.025744262295077  0.332370313606558  1.756394918032789  3.649497540983609 
 0.006343424597207  0.076333699897959  1.073429430719661  1.076314371643399 
 0.514635313351504  0.103471546049047  1.055137411444136  0.837583901907357 
 1.356974380165291  1.461152396694214  1.583965289256188  2.663836363636348 
 0.810131221719454  0.106533154751131  0.654542088687780  2.141902262443437 
 2.429953389830509  2.032587288135595  3.110041525423728  3.515512711864391 
 1.549515957446808 -0.006402034574468  1.275945372340421  2.529729787234068 
 0.060738454077250  0.075488704864091  0.655439397424892  1.185213218884131 
 1.410472867924529  0.495178950943398  2.824143773584908  2.415141509433967 
 1.289080963855422  0.970112228915662  2.043874698795187  1.950341566265051 
 1.020647588571431  1.288047999999999  2.540049714285719  2.642437142857144 
 2.132000649350649  0.343534866233762  2.103503246753230  2.368209740259730 
 0.471666771309774  0.103276645322246  2.030430769230769  1.209951808731809 
-0.589154016282224  0.092510727539092  0.488202225644512  0.525321590230663 
 1.792056204379560  0.825323284671534  1.958963065693435  1.119155255474453 
 1.496402647058821  1.960344117647054  2.406337500000003  3.037275000000002 
 1.354436890243901  1.301715365853656  3.168682926829270  3.603788414634141 
-0.222056507840772  0.069339498442703  0.846719264173700  0.896844704463205 
 0.012284522552448  0.075942323933566  0.774285944055947  0.649869606293706 
 1.125517763157898  0.395058782894737  1.083744276315787  3.335427631578952 
 1.326892834645671  0.569108188976377  1.720254330708658  2.707101968503940 
 0.770962613924049  0.482108039240507  2.425477848101274  3.210997468354429 
 1.629149999999999  2.167394117647061  3.227623529411764  2.142479411764707 
 1.763204733727811  0.979789171597634  2.511450295857991  3.475557396449705 
 2.574477272727273  1.070486009090909  3.330146363636364  3.849684545454546 
 2.465324358974359  1.815048717948719  1.837660256410255  3.184962820512816 
 1.744153977272727  2.133523863636365  1.934046704545453  1.761740000000001 
 0.352342992840095  0.102897569665871  1.116557088305488  1.965519570405736 
 1.989803378378382  0.199419711486486  3.037521621621626  2.894614864864851 
 2.659558461538461  1.383247846153845  3.264436923076923  1.369863846153846 
 1.281939153846155  1.209959538461536  1.731187384615386  3.594125384615391 
 1.096727643979057 -0.217018847486911  2.574776963350793  1.696192146596857 
 1.384373558282209  0.432057022822085  3.166891411042944  1.265821656441718 
 0.753796975438597  0.171108197543859  1.303730736842105  2.619344210526318 
 1.447070634920638 -0.053330662539682  2.215250793650791  2.336399603174598 
-0.265851555425905  0.064612013138857  0.472782681446908  0.819876021003501 
 0.975915291970805  0.490947956204380  1.404197116788326  2.049933576642339 
 0.928796977173913  1.635496739130435  3.469202173913043  2.871169565217390 
 1.698433557692308  1.935634615384616  4.066657692307690  2.949577884615387 
 2.236802325581394  1.482755348837209  3.024334883720933  5.100606976744186 
 0.653340431818180  0.065041812354546  1.518816363636367  1.193680272727274 
 0.478238465113123  0.192132963800905  2.045141628959276  2.528959728506787 
 1.587990566037736  0.304139675943396  2.239232075471699  3.122389622641509 
 1.366152708333335  0.391847927083333  2.474479166666667  1.886095486111111 
 1.320934956521740  1.024124956521741  3.665026086956523  1.788661739130434 
 1.031542600000001  0.325111174640000  2.250884400000007  2.524014400000004 
 1.561358400000001  1.380659499999999  2.806133999999999  1.027450779999999 
 1.493474342105263  2.302932894736841  2.854461842105263  3.932789473684210 
 1.034718053097344  0.311556446902655  2.586665486725665  0.588782209734513 
 1.261565375000000  1.184934125000000  2.600903750000000  4.343438750000002 
 1.502307727272728  0.850181590909091  0.812779126136364  2.116597727272726 
 1.623667149758454  0.459605439613526  1.647400483091787  1.939526086956521 
 2.065033018867924  0.284338849056604  2.791818867924529  3.843311320754717 
-0.338141106334842  0.063673688382353  0.801171730769232  0.521841622171946 
-0.305887608725762  0.055141541426593  0.463015458448754  0.426402096121884 
 1.181990060975608 -0.200794122560976  2.905360365853656  2.786316463414637 
 1.001267768924304  0.479008713147410  2.275316733067730  1.318822629482073 
 0.966261826923076  0.582215192307692  1.568914423076922  1.308622836538462 
 0.892519174917493 -0.020435320231023  1.350629141914190  1.809402640264028 
 0.490864510739857  0.099377108830549  1.615711694510740  2.084050835322196 
 1.604651388888888  1.175225833333333  4.229227777777780  1.024086916666667 
 1.430438971428571  0.829223257142857  3.564138285714284  2.581588571428571 
 0.812011444043321  0.491197617328520  2.006592418772563  2.057719494584839 
 2.453242391304349  1.393530217391304  2.417349999999999  3.858393478260870 
 1.324668140703518  0.463027003517588  2.900968341708541  3.223376381909545 
 1.065438805970149  0.767024626865672  2.473035074626867  2.428592537313432 
