 0.158071533759555  0.081187253777502  1.321344501278670  0.658364762148564 
 0.164607969526627  0.077920622292893  0.640535094378665  1.323011227810552 
 0.717761137745852  0.100801726475856  1.471551717352311  2.410696243291531 
 1.564510427350392  1.154083846153856  2.893148717948790  1.370707649572360 
 0.269266022096940  0.085965131905297  1.123715253664072  1.517657497181508 
 1.272511287937728  0.359744359221802  3.458984046692634  1.551789607003998 
 0.929139646464664  0.089201685016838  1.506895454545437  1.696558080808070 
 0.426767154185035  0.100977017071948  1.829228193832655  1.094652804698969 
 0.762674728096734  0.246841837462242  2.655290332326121  1.026752888217397 
 2.638384999999944  0.748810822222215  2.422806666666691  2.842029444444416 
 0.574684860895746  0.133150223288274  2.085574429967390  2.164627198697044 
 1.971053174603132  1.474377777777787  2.341754761904743  4.585894444444392 
 1.912450990991043  1.229743603603630  0.950153990990900  3.376332432432619 
 1.565452834224579  0.349318887700555  3.464741711230023  3.730968983957184 
 2.174551748251712  2.106040559440569  3.990211888111898  2.766510489510448 
 1.078033636874995  1.354042812500011  3.702983125000047  3.215259375000027 
 0.909967548387094  0.075922610322581  1.854414516129048  0.725095536129034 
 1.744008881578943  0.971557532894741  2.080327631578943  2.821557894736851 
 1.238493363228693 -0.076151280717487  2.036973991031369  2.101984080717538 
 2.181986713286713  1.215764685314682  1.312181056643352  2.093122377622372 
 0.878405790625013  0.040601056875001  2.054915624999973  3.030756874999981 
 0.920263074792236  0.578230914127411  2.622455124653738  1.816621052631578 
 1.779795958904104  1.207288767123282  4.263232876712332  1.796553219178095 
 0.173850109110627  0.078830129577006  1.426645336225605  1.164170477223426 
 2.453604597701158  0.944783993103452  3.778318965517258  2.897901149425292 
 1.141499571428560  0.371388813571425  2.391479999999996  4.163068571428601 
 0.391090551791908  0.118160675297111  1.608690867052019  1.719771098265884 
 1.607563585526323  1.177470953947370  3.294255592105244  2.518639473684217 
 0.865992154255315 -0.063003873643618  2.809078989361699  2.077548404255320 
 2.139197854077247  0.401727860600858  3.181818025751089  2.124212446351936 
 1.505439062500004  0.038019391968749  2.502058437499993  1.421237374999998 
 1.381223886462882  0.400432101310043  3.873914410480366  2.528330131004359 
 1.861276000000004  1.135891872000005  4.639567999999999  3.361358399999999 
 2.109512345679013  1.679817407407403  4.076837037037047  4.461962962962944 
 2.405886857142857  1.623316914285714  2.687570285714287  2.314134285714286 
 0.803393746887967  0.238162563900415  3.111252282157665  2.841016182572635 
 1.674528691983121  0.295980118396625  1.346205063291140  1.554316962025321 
 1.827891845493560  0.232763861630902  1.962563862660945  3.481302145922752 
-0.008414716788856  0.075011223595308  0.994885307917892  1.040513115835779 
 0.710318649122809  0.151428376947368  1.185252596491225  1.160916719298244 
 1.153337746031747  0.774233555555555  1.475710825396820  2.237866666666661 
 0.972371236363634  0.235827183272727  0.697784122181816  1.967924363636362 
 2.380313286713287  2.084495104895105  3.024558041958042  3.560195104895094 
 1.540652491694351  0.104479069568107  1.404958538205980  2.544755481727589 
-0.200908754799017  0.070694640549631  0.583217133716161  0.889938326497133 
 1.377266902887140  0.516598965879266  2.795384251968505  2.382967716535436 
 1.042974386422976  0.550070783289817  1.923787728459535  1.569969007832897 
 1.039844053719010  1.280632603305785  2.433414049586780  2.393168181818185 
 1.837589538461539  0.542617293538459  2.241859384615377  2.077666769230768 
 0.642935907153731  0.077507605433790  2.165764079147641  1.534882343987823 
-0.541837975567189  0.073390913120690  0.510831728010475  0.546076633507853 
 1.717290497237568  0.805123038674034  2.000005524861880  1.047019103314919 
 1.464651046511628  1.875808720930229  2.220675000000002  3.159279651162791 
 1.333243433734939  1.684616265060239  3.075590963855424  3.721446987951806 
-0.195872182329317  0.065981731839358  0.899951807228914  0.611507175100399 
-0.262170519311065  0.067237982682672  0.520492435281837  0.449672691231733 
 1.077238773584908  0.372178067924528  1.151809009433960  3.218941037735850 
 1.054765545851531  0.425032244541485  2.106679694323145  2.501453711790393 
 1.061498644688644  0.721399304029304  2.599928205128208  3.205301098901100 
 1.638065158730159  2.194789682539684  3.201214285714286  2.253482539682540 
 1.869558582089553  0.793549626865672  2.757309328358213  3.411286567164178 
 2.545647517730496  1.044612843971632  3.249782978723405  3.902713475177308 
 2.519226984126985  1.567131111111112  1.954207936507937  3.452546825396825 
 1.714281290322581  1.970447580645163  1.887607338709677  1.848544516129033 
 0.418733961460446  0.081834008843813  0.990604462474645  2.020460446247468 
 1.607036092715232 -0.013203327483444  2.710704635761589  2.867999999999999 
 2.608451282051282  1.517965641025640  3.343582051282052  1.357961538461538 
 1.336400333333334  1.081079733333333  1.711362666666667  3.685667333333337 
