-0.180313560586681  0.070848189290670  0.849502090666624  0.651344151360093 
-0.410347933403363  0.069631555284162  0.499926814831923  0.560335358571402 
 0.901668445783030  0.200731497846392  1.049825740361358  2.383939156626456 
 1.680015248447180  1.288449409937895  2.708619565217440  1.313933906832087 
 0.376322202753861  0.094527798786574  0.946752289156654  1.696210843373497 
 1.037871007677536  0.329426327735131  3.102504606525930  1.458956815739018 
 0.872063705263165  0.171875590368423  1.488662084210514  1.555097599999988 
 0.151571054086094  0.081520135938239  1.268313961322543  0.851824909544604 
 0.642663654683083  0.125047214730371  2.210935288552455  1.505803017975360 
 2.106053174603157  0.624253686626981  2.220718849206361  2.994037301587291 
 0.575596817287080  0.116228115793679  1.757808428445981  2.122462071992969 
 2.230826136363617  1.757427537878793  2.234740606060597  3.898329545454520 
 1.601915501618137  0.945284029126224  1.162692702265341  3.308979611650551 
 1.764494672897183  0.444854941121507  3.254617757009389  3.646457943925214 
 2.001714390243882  2.159939024390250  3.706147154471549  2.589332520325180 
 1.216893002931595  1.468174918566781  3.235514006514683  3.554122475570049 
 0.595092007343942  0.110858029554468  1.854769522643827  0.846820729742961 
 1.370465843230400  1.516707743467936  2.195981472684082  2.906130403800473 
 1.440284708520172  0.055348815754859  1.824324603886387  2.241808520179400 
 1.959023501577289  1.205009116719241  1.526499886750786  2.074566813880126 
 1.014968747023813  0.217605410416667  1.808798749999988  2.980292410714281 
 1.129820172185430  0.698156953642378  2.202495761589402  2.124239072847681 
 1.941871345454544  1.069622963636361  3.996172363636368  1.836488723636370 
 0.009058026645930  0.073768404312597  0.780424149196477  1.125351969932611 
 2.599150171821310  1.045349655326462  3.227265979381452  3.104138487972509 
 1.424929207317071  0.530768556707316  2.205134695121949  4.035970426829277 
 0.278922195535715  0.085923952099490  1.466328571428569  1.395499298469385 
 1.380511475103739  1.134729709543570  3.095212655601651  2.480910995850626 
 0.858155580928479  0.064822465395231  2.576173525721452  2.230557340025095 
 1.903259809523809  0.338607473371428  2.834614095238098  2.113852571428577 
 1.453314149139581  0.282822307648183  2.225262523900572  1.208705706883364 
 1.312400272264632  0.331279175826972  3.702790330788810  2.566013740458013 
 1.878080041841006  1.230674368200838  4.462060251046022  3.283580753138075 
 2.228948022598869  1.648886327683614  3.501110169491528  4.379388700564965 
 2.353314341085272  1.854769224806202  2.586769379844961  2.283229302325579 
 1.148237112396693  0.251187937520661  2.717495371900827  3.017744793388430 
 1.495829940476190  0.411846000178571  1.165530616071429  1.459419345238097 
