 0.028587565306075  0.078358385289127  1.228379778911427  0.590526076530911 
 0.263564598240469  0.089072286891483  0.675877111436883  1.626549853372240 
 0.946758895348638 -0.030264529244176  1.764327906976575  2.267119767441773 
 1.730053333333287  1.122140000000012  2.796167222222316  1.897965555555181 
 0.165621830813934  0.079415274869184  1.187657107558187  1.388099854651164 
 1.152335033557019  0.080151273154383  3.502886577181258  1.860304026845822 
 0.601218548752855  0.148613095442182  1.099313106575943  1.442323809523791 
 0.400479884758398  0.107654107026011  1.762727137546612  0.614958223791811 
 0.623804435294192  0.131399021568636  2.678754901960577  1.335553686274343 
 2.761569158878410  0.908677915887838  2.430548598130884  3.073692523364440 
 0.638942856410223  0.034691050652422  2.276507407407344  2.011711680911639 
 2.181793617021160  1.631767446808534  1.612613191489312  4.523525531914751 
 2.197176623376698  0.926837012987050  1.125388636363504  3.275689610389875 
 1.543436521739088  0.294234032608736  3.692370652174068  3.775282608695579 
 2.678088405797026  2.190169565217412  3.898869565217410  2.528242028985418 
 1.420925288461530  1.079584134615402  4.057794230769306  3.426426923076961 
 1.102407374999993 -0.037994095625000  1.912315000000029  0.863221312500002 
 1.873887368421044  1.115790421052640  2.318148421052627  2.911546315789487 
 1.047833820512813  0.017817525641027  1.942570769230752  1.660161794871844 
 2.502289062500000  1.387583749999992  1.415421390624991  1.763152812499993 
 0.933751980676349 -0.046254870531399  1.929850241545853  3.005146376811558 
 0.784538781065069  0.720720236686364  2.822592307692303  1.806820710059168 
 1.855998571428560  1.300322077922067  4.497529870129872  2.096906493506515 
 0.181982363584634  0.081394812779516  1.491494310099587  1.054396813655762 
 2.493188429752081  0.989151074380171  3.799426446281016  2.977961983471086 
 1.117186979166650  0.370309139583327  2.040419791666659  4.104027083333373 
 0.313597955706985  0.080970981809200  1.552831345826225  1.548361499148197 
 1.830700000000013  1.225245000000000  3.162042073170695  2.661265243902457 
 0.718940915254233  0.042601430508472  2.757733050847439  2.339080932203387 
 1.945034057971005  0.236693042173912  3.190026811594228  1.999374637681171 
 1.792993442622956 -0.046388211475412  2.396550819672110  1.367390655737698 
 1.692758526315788  0.200835514736840  4.102616842105296  2.546494736842087 
 1.947937500000009  1.061876937500009  4.850401562499990  3.346851562499999 
 2.427912500000002  1.981804999999994  4.467892500000021  3.997302499999968 
 2.393221774193549  1.774441129032259  2.780728225806454  2.417961290322579 
 0.791375427272729  0.332909256363637  3.557828181818160  2.868980909090961 
 1.754942391304344  0.085678956086958  1.298936304347827  1.316832391304364 
 2.198621126760553  0.206832707887326  1.812047605633808  3.879209859154932 
-0.034601965294924  0.074677330308641  1.125830699588484  0.991532949245549 
 0.355807586538466  0.085851278173077  0.900977235576918  0.960382499999999 
 1.368162416666669  1.423110500000001  1.653557666666656  2.714522499999984 
 0.746478516746409  0.096966029665071  0.685943720574159  2.173199521531097 
 2.567778313253015  2.144643373493978  3.066165060240960  3.602975903614434 
 1.535787634408601 -0.009413970430107  1.269641827956985  2.536928494623682 
 0.009733582524268  0.072192999595469  0.830084142394819  1.237672734627847 
 1.216094260089686  0.513546573991034  2.939209865470851  2.354488789237674 
 1.274606428571428  0.997493392857142  2.086635119047625  1.910298809523800 
 0.992897698795185  1.247801506024095  2.548831325301205  2.495981325301204 
 2.287610344827585  0.325622706896546  1.982788793103428  2.455071551724124 
 0.426908229007637  0.078048607430026  1.994279643765903  1.107650941475827 
-0.591082292263610  0.092485225214901  0.489645710601726  0.484650088825213 
 1.843404166666665  0.681034722222223  2.078032638888891  1.213148263888889 
 1.495655892857140  2.062365178571421  2.418246428571434  2.954864285714289 
 1.047623177570092  1.159361682242988  3.189071962616825  3.609342990654199 
-0.215503413878563  0.069310616120199  0.825584014869886  0.886007261462201 
-0.026800575774135  0.073923565701275  0.772419289617490  0.622704732240437 
 1.079304955752217  0.394933203539823  0.934721132743359  3.309156637168148 
 1.243165325203254  0.579259756097560  1.686043495934954  2.658139837398378 
 0.792493969135801  0.460330333333334  2.419340123456800  3.101105555555556 
 1.683467777777777  2.234008888888892  3.432561111111110  2.018278888888889 
 1.763554609929078  0.818354397163122  2.510091489361707  3.594926950354611 
 2.723906976744186  1.103447686046512  3.348726744186047  3.898015116279069 
 2.484464285714286  1.861955714285715  1.844087142857142  3.146402857142853 
 1.794347794117646  2.269136764705885  2.060977941176468  1.899211764705883 
 0.336818108647450  0.108853902416852  1.134897871396894  1.924070066518854 
 2.020906923076927  0.190094671538462  3.049634615384621  2.893699999999985 
 2.665537735849056  1.479246603773584  3.174403773584905  1.291297169811321 
 1.418180930232559  1.348117325581393  1.380316976744187  3.709427906976754 
 1.107573085714284 -0.212054215828572  2.654615428571438  1.704290285714283 
 1.378628742514971  0.434937603113772  3.169368862275448  1.275962455089820 
 0.708840063604240  0.134678243462897  1.286260141342757  2.580923321554771 
 1.472417187500003 -0.039275490468750  2.204981249999997  2.312567578124996 
-0.056209089495800  0.074001913214286  0.466280581512605  1.029426638655464 
 0.997214603174606  0.512640753968254  1.372312261904768  2.011498809523815 
 0.950606573563218  1.664595402298851  3.452933333333332  2.795959770114941 
 1.713704897959184  1.951317346938775  3.996387755102035  3.009751020408166 
 2.257386842105261  1.470654736842105  2.929673684210529  5.149955263157895 
 0.711890629921256  0.091961555118111  1.316297086614181  0.881315039370079 
 0.462075211220658  0.248359544600939  1.991113615023476  2.513075586854458 
 1.621258461538462  0.209328451282051  2.279778461538461  3.132748205128205 
 1.314484175084176  0.408341531986532  2.480287878787879  1.849287542087541 
 1.265763979591838  0.985513367346941  3.675684693877552  1.776661224489795 
 1.034826901408452  0.362110703028168  2.287704577464795  2.495461971830991 
 1.560492323232324  1.378215656565655  2.836820202020201  1.054142606060606 
 1.471119078947369  2.293082894736840  2.852863157894736  3.921122368421051 
 1.025189557522123  0.316278305309735  2.598893805309736  0.588634953097345 
 1.200694328358208  1.156040208955224  2.641832835820895  4.420125373134331 
 1.579061666666667  1.009791785714285  0.894617786904762  2.411303571428570 
 1.607572727272726  0.430171095693780  1.640834928229665  1.924457416267943 
 2.116913829787235  0.345751117021276  2.915255319148936  3.866008510638299 
-0.350551197969542  0.060555911586295  0.809604784263960  0.509209784263960 
-0.275440895214522  0.062626507937294  0.449880760726073  0.422384099339934 
 1.270540337837837 -0.202217737162162  2.921245270270267  2.725208783783787 
 0.980396891891894  0.457270675225225  2.278412162162163  1.267797252252253 
 1.035924644549762  0.515640151658767  1.625111848341230  1.336450189573459 
 0.919546254416962 -0.011525697632509  1.312498515901058  1.824653710247352 
 0.485620104602510  0.092410706066946  1.651982008368201  1.987158577405855 
 1.601081944444444  1.176219722222222  4.253533333333335  1.032256361111111 
 1.439083625730992  0.834248421052632  3.589113450292399  2.565592397660818 
 0.819230929368030  0.524553531598513  1.956728996282531  2.061641263940523 
 2.318203157894738  1.454622526315789  2.418073684210526  3.889943157894737 
 1.374074322916669  0.542969401041666  2.947709895833332  3.071888020833331 
 1.664925225225228  0.595155180180180  2.471554504504502  2.447177927927929 
 2.579155789473685  0.687049218947369  2.854177894736841  2.266151578947367 
 1.176954074074074  1.240087407407409  2.268195555555555  3.315679259259260 
 0.677655119047620  0.120953368752381  1.615157380952378  1.331945499999999 
 2.083948717948717  1.180840512820513  1.829793162393162  2.319014529914532 
 1.831532167832167  1.422394755244755  3.178600000000001  3.499897902097903 
 1.863957446808510  1.398555531914894  3.962921276595745  4.432221276595746 
 1.436263205128205  0.376208865384615  1.665324358974359  3.322833974358972 
-0.351581228930818  0.059569461970201  0.493583829308178  0.747228289308176 
 0.491446326666667  0.150297167901235  2.065977037037037  1.591845432098765 
 1.075396132075471  0.111931134905660  2.821021698113205  3.662962264150944 
 1.249969999999999  0.353151179674797  0.754909544715447  1.590897073170733 
 1.498209672131148  1.474927868852459  1.600068524590165  1.223650491803279 
 2.237046999999999  0.952651500000000  3.708842000000000  2.012718000000000 
