 0.021054530815668  0.075445005030222  1.240943293051239  0.627761953172472 
 0.290384427927927  0.097080868310801  0.753604087837786  1.594393018017868 
 0.768160490404971 -0.032208281791038  1.680237739871943  2.197342857142791 
 1.763870388349475  1.068868737864089  2.682332524271927  1.849957766989963 
 0.186847582336938  0.087539221752716  1.201227663043523  1.450914945652177 
 1.218850051813450  0.101248288601052  3.457276165803147  1.872038860103770 
 0.691632076271207  0.059252965338987  1.197463241525408  1.481381144067779 
 0.397192620289881  0.090789885768107  1.768286086956634  0.667314933913036 
 0.592552201388955  0.151183046527786  2.598709374999817  1.273793229166519 
 2.764593846153770  0.798687015384606  2.421270769230805  2.909440769230732 
 0.563747488992515  0.167020659755597  2.115113992537272  1.828646828358183 
 2.152603030302947  1.471511212121229  1.699807878787843  4.462601515151414 
 1.995459444444508  1.128310444444477  0.973628811110998  3.290561111111338 
 1.408488333333298  0.228046407407442  3.536893518518651  3.783606481481420 
 2.525366666666603  2.246834567901252  3.919634567901249  2.361713580246838 
 1.543867862595413  1.025014198473296  3.890322900763420  3.514335114503847 
 1.068856349999995 -0.031471668500000  1.858308000000023  0.908480900000002 
 1.884167567567560  1.094643693693701  2.280014864864861  2.778360360360372 
 1.048788758465005  0.020706113769753  1.867783747178313  1.667574943566637 
 2.321364799999999  1.247285679999995  1.535869199999996  2.064874399999994 
 0.994845429687516 -0.012639568359374  1.922089062499968  3.072959765624971 
 0.815744028985491  0.674569951690800  2.857843478260866  1.828353623188403 
 1.992859894736835  1.064170526315781  4.430600000000003  1.857221684210544 
 0.206114076426797  0.072432556196029  1.488907071960310  1.103675781637715 
 2.519763571428584  1.018079785714291  3.767882857142878  2.917918571428580 
 1.070367741935470  0.282356237096770  2.233156451612899  4.035262903225838 
 0.372874161103048  0.101696979872280  1.597728447024666  1.711338896952091 
 1.723464853556494  1.136672050209205  3.280003347280311  2.583612552301268 
 0.701703908814586  0.027888927082065  2.658562310030383  2.282610030395138 
 2.169432160804013  0.417768977487436  3.165271356783937  2.099341708542720 
 1.816888125000005  0.044241613749999  2.371213749999983  1.392102312499995 
 1.536815304878048  0.440279306097560  3.998477439024413  2.521102439024379 
 1.868186746987959  1.058477518072296  4.793446987951800  3.344986746987952 
 2.253381081081082  1.741568783783780  4.268318918918929  4.200004054054038 
 2.486864566929135  1.692246220472441  2.746505511811026  2.366029133858266 
 0.894129613496934  0.465336210429448  3.438776687116551  2.825959509202489 
 1.526371999999998  0.187701640342858  1.166463085714286  1.401231200000008 
 2.076887962962958  0.290961983888890  1.788842407407410  3.686156481481484 
 0.015716063787721  0.076261896987512  1.077710905306976  1.071536628511971 
 0.572551276595750  0.110904704255320  1.057594069148930  0.897235452127660 
 1.366114062500001  1.437425312500000  1.583180468749990  2.645446093749985 
 0.847329658119655  0.091543953846153  0.677243639316237  2.076766666666665 
 2.403412598425198  2.006257480314963  3.080855118110236  3.511661417322820 
 1.563196954314720 -0.005929088832487  1.295969746192889  2.528141116751293 
 0.042015021418634  0.075157608678720  0.656494657579971  1.182846091794171 
 1.381948025889968  0.528140686084144  2.797994174757283  2.426313268608416 
 1.071466531531531  0.894175765765765  1.979629729729733  1.922645045045038 
 1.020548535211271  1.224053943661972  2.515035680751176  2.587840845070423 
 2.041636363636364  0.360439876363632  2.180587878787865  2.405305454545446 
 0.460719947841729  0.067429374028778  1.935075179856117  1.266218039568344 
-0.589389442934782  0.091986414940640  0.488391630842398  0.524771008152173 
 1.757714285714284  0.841250642857144  1.920238142857147  1.094009785714286 
 1.479076030534349  1.930746564885490  2.334701526717561  3.114520610687025 
 1.298720249999999  1.311486249999998  3.126345625000002  3.566455624999997 
-0.224299000000001  0.069481178199047  0.848871179976159  0.888704815256254 
 0.029548160249554  0.077111762370766  0.775516060606064  0.652267762566845 
 1.148884716981135  0.380819270440252  1.082017295597482  3.319752830188683 
 1.262559393939396  0.557194208754208  1.741203030303027  2.618940067340068 
 0.925481468503936  0.453091504724410  2.641416929133864  3.147522440944882 
 1.661697368421051  2.163388596491230  3.122260526315790  2.259567543859650 
 1.752863440860214  0.913164677419356  2.687651075268821  3.407839784946240 
 2.560271111111111  1.124358896296297  3.152023703703704  3.881797777777779 
 2.475319642857142  1.707113392857144  1.978939285714285  3.368358928571427 
 1.758934895833334  2.108470833333335  1.934200104166665  1.787139791666667 
 0.385556232505643  0.096527645282167  1.125871151241534  2.014213995485335 
 1.902658235294120  0.255724254117647  3.048509411764709  2.961607058823519 
 2.637345454545454  1.402081818181817  3.258704545454545  1.353038787878788 
 1.328702000000000  1.127940999999999  1.736526400000000  3.567996000000006 
 1.036322901785714 -0.186091789598215  2.594786160714292  1.678975892857142 
 1.391136918604652  0.461443114651162  3.234208139534885  1.230292145348837 
 0.747279434944238  0.192380784014870  1.266645687732343  2.628550557620819 
 1.385116815068495 -0.073988126917808  2.159449657534244  2.332835273972599 
-0.268405135355893  0.064899436709452  0.473006473745624  0.815206009334889 
 0.962471417112301  0.375060504545455  1.398595748663104  1.939905614973265 
 0.922223354444444  1.648251111111112  3.476842222222222  2.903052222222221 
 1.705417549019608  1.928714705882353  4.094778431372546  2.943574509803923 
 2.235083333333332  1.464620952380952  3.023571428571431  5.114966666666667 
 0.739140839694657  0.335902390651400  1.565469720101783  1.262642315521627 
 0.468846917148438  0.251697779687500  1.952297265625001  2.479501562499999 
 1.568808264462811  0.346644683057851  2.234630991735538  3.110911157024794 
 1.328364089456870  0.410206175718850  2.475209904153357  1.888996805111822 
 1.370797089552239  1.203131417910449  3.697743283582089  1.794871716417910 
 0.962727329376854  0.362443963382789  2.203002077151339  2.382399406528194 
 1.552250400000001  1.402695199999999  2.818419999999999  1.023393779999999 
 1.518729090909091  2.297984415584414  2.849699999999999  3.946233766233765 
 1.031016521739129  0.312496543478261  2.562189565217392  0.581395649565217 
 1.369398556701030  1.165444329896907  2.590264948453608  4.305238144329897 
 1.468862421052632  0.851742210526316  0.825915190526316  2.105532631578947 
 1.668318222222222  0.484525435555555  1.656815111111111  1.931138666666666 
 2.046894444444444  0.276988314814815  2.806159259259259  3.823479629629629 
-0.334857585118376  0.063903504317926  0.802401510710261  0.519602157835400 
-0.305592394846797  0.054993167005571  0.463183761838440  0.424992469916434 
 1.259644593023256 -0.197909420930233  2.928094186046510  2.784394767441862 
 1.023920631970261  0.466878480297398  2.226333828996283  1.303699814126395 
