 0.102251607621076  0.078576136609214  1.066771260683742  1.037171419753131 
-0.313813536090227  0.069975984592647  0.615334488510333  0.623349752631566 
 1.315253773049603  0.386485693574472  1.597010946808469  3.043988439716285 
 1.235260194960212  0.388980110324936  2.840156498673739  1.544719318766530 
 0.547010866417906  0.119926547223880  1.172080310298522  1.823299552238803 
 1.911469989010986  1.123023670329673  3.638885274725285  2.079400692307703 
 1.584378626198084  0.490072436709267  1.674594465734822  1.729337619808296 
 0.581394444088102  0.118305072294435  1.847628593508507  1.179509461437395 
 1.253795849476441  0.387302194371729  2.811646989528785  2.782019895287944 
 1.969802647398833  1.198727916832369  2.344304612716758  3.870118265895951 
 0.804642125037439  0.146624910802413  2.078532237936756  2.168213685524134 
 1.902236045571424  1.704552657142857  3.762454571428571  3.439750428571426 
 1.847765130748422  1.531178070333637  2.290472669071228  2.471893137962128 
 1.751005077720206  0.460596065803109  3.507625043177897  3.390428324697758 
