 0.131662386354464  0.079886960568678  1.089980068339664  1.093202066323144 
-0.301330295127922  0.069892361736664  0.631126616929917  0.631041820956606 
 1.342517411504382  0.389333338171096  1.719730039085500  3.214768584070767 
 1.268536323834197  0.376561794799225  2.849824676165806  1.519815908484412 
 0.684651445773828  0.148281818085681  1.183726538247791  1.926399652643759 
 1.946963802559413  1.390369833546620  3.505072212065818  2.193821261425972 
 1.794729574309190  1.050409406422704  1.916916384690069  2.094850843913357 
 0.642283039787892  0.136238524241532  1.835780030790288  1.231682790352374 
 1.353436340749413  0.392974775644029  2.989561533957840  2.848076053864156 
 2.013067769652648  1.446278200182813  2.405228793418646  3.594012065813526 
 0.882969004812694  0.164919618352065  2.102372629969404  2.194241055045876 
 1.843492097557837  1.269465420308483  3.853525964010281  3.609523521850900 
