-0.158993132884279  0.071339941564609  0.905405633802766  0.631853988854976 
-0.132938254492754  0.069813238992026  0.573145380289840  0.945383876811548 
 0.637352762824846  0.144995104049413  1.484454199785114  2.198056928034332 
 1.688415349650321  1.248809650349659  2.749194405594461  1.289132615384378 
 0.338496225352097  0.083405912806066  0.915577858071537  1.745571289274110 
 1.212839695530716  0.435923850055875  3.347213966480469  1.453905363128567 
 1.047388933500637  0.235794086700128  1.684848933500610  1.573844542032610 
 0.139703506723345  0.079346272746520  1.350846970633718  0.846584188562596 
 0.683204493846182  0.209727753076926  2.453482153846073  1.321310815384551 
 2.082032214765082  0.930018926174493  2.262352572706947  2.802576733780751 
 0.611790519479152  0.072975259905209  2.063176979166636  1.891665937499986 
 2.446615350877171  1.650773289473690  2.371049122807008  3.796642543859619 
 1.754390079681295  1.214738725099614  1.232453597609523  3.408929880478170 
 1.756715886287612  0.443048990301016  3.250564882943190  3.690401672240781 
 1.977453363636340  2.201100454545461  3.728413181818187  2.606906363636337 
 1.251523182116786  1.388323211678839  3.387867518248202  3.466521167883232 
 0.579012675641026  0.094414003007692  1.874312820512826  0.891117007948719 
 1.315419207865164  1.591763988764049  2.306348876404492  2.837351123595503 
 1.398968676923069  0.029691320676924  1.944419692307680  2.304932307692337 
 1.857587960199006  1.677290049751241  1.619294697014922  1.936460696517410 
 0.773239960063903  0.177498721821087  2.149489936102225  2.762132747603828 
 1.146340014306149  0.735361745350495  2.232239628040053  2.133722603719594 
 2.005286051502144  1.070593854077250  4.085978111587985  1.905193819742497 
 0.066439550409062  0.077756279351794  0.973513530522343  1.185765707992452 
 2.612316465863460  0.971503034939762  3.264753815261054  3.135463052208836 
 1.274164153225802  0.600852410887095  2.249176129032254  4.134802822580658 
 0.330760064857531  0.095736196677069  1.522578086838533  1.471473066485744 
 1.448858252403851  1.175273966346157  3.192987499999991  2.439543269230774 
 0.980370157973171  0.094373762354694  2.772997615499252  2.077353204172880 
 1.965610515021459  0.340416043175965  2.856311158798288  2.179068454935628 
 1.539642780373835  0.292587895934579  2.256522429906538  1.157368959579437 
 1.295459813056380  0.348363489910980  3.731585163204755  2.610756973293766 
 1.912020837209305  1.208446716279072  4.473155813953483  3.260586046511627 
 2.270366233766234  1.635031818181815  3.662011688311691  4.399259090909082 
 2.496161395348837  1.812746046511629  2.779056279069766  2.192126790697670 
 1.170692290909088  0.316130344000000  2.817086000000000  2.989899272727277 
 1.845193993993993  0.585094497897898  1.388795576576576  1.876515135135138 
 1.813569230769230  0.258856224615385  2.114102747252748  3.347350549450553 
-0.432708021256495  0.069558208685078  0.518166751676903  0.514508414454418 
 0.771866570512821  0.148375773621795  1.132931891025641  1.166484150641028 
 1.144020180000002  0.337816264600000  1.363237420000000  2.985404600000000 
 1.040352593457944  0.224147271495327  0.869543237383177  2.120562616822430 
 1.430660204081633  1.932217687074830  2.560233333333334  3.967093877551019 
