-0.066618424115770  0.072902464784569  1.019746907824181  0.688193850482409 
-0.372895925138033  0.070083165528842  0.546702399902558  0.581444560636551 
 1.016484904255228  0.232078355412240  1.039773733510559  2.408301861702085 
 1.741097242990637  1.082232205607482  2.724400000000038  1.297915756308252 
 0.376193368517513  0.093483976485174  1.109734213477106  1.645345606469002 
 1.403328350628928  0.279923249433968  3.252136006289320  1.800103867924574 
 1.212246642771809  0.316428283524494  1.431252592592582  1.386873106332124 
 0.308387728320005  0.087901094671998  1.496767365333348  0.983795137173333 
 0.834574755265818  0.100531934764294  2.490263490471366  1.962850250752211 
 2.203651777434289  0.756048644976812  2.480111282843904  2.717068315301388 
 0.669005300296792  0.130851555219939  1.717712861491606  2.176749010654483 
 2.295696518987326  1.790398006329120  2.497543196202525  4.051765506329090 
 1.658082420091335  0.898676582191787  1.398032609589018  3.389624885844793 
 1.420850243902428  0.217494421013140  3.289033583489704  3.096012945590984 
 2.172400342105258  2.065218157894739  3.126760789473687  2.376163842105251 
 1.772118509316769  1.436314639751555  4.249520807453435  3.619897204968961 
 0.933865737179485  0.226163133884615  2.436090000000013  1.065668132051280 
 1.274424512244896  1.601374444444447  2.726787981859411  3.343826303854874 
 1.608947328244267  0.152802250814251  1.990815890585234  2.047039312977120 
 1.936771206434319  1.481200643431634  1.554366035120641  2.177313512064344 
 1.163608337662338  0.180409537532468  1.923501870129865  2.994598051948044 
 1.170803477653631  0.899977388268154  2.246670949720674  2.244204329608940 
 1.991551681681682  1.044128594294293  4.175412012012010  2.128320300300302 
 0.025282501348210  0.075067577414691  0.804747835332405  1.137307903300794 
 2.448848680351904  0.969168814369502  3.367795014662760  3.478511730205284 
 1.491922227272727  0.536088952636363  2.473705454545453  3.956680227272728 
 0.547218850000000  0.103239656963464  1.864053382949930  1.497633964817317 
 1.414299925553321  1.117887967806841  3.350256338028167  2.490519315895371 
 0.902861867741935  0.299608125419355  2.688453548387096  2.721218870967737 
