-0.164044018652243  0.070961650827320  0.905866155234607  0.642456194825617 
-0.132798096102941  0.069949514712497  0.574937257205867  0.954824272058777 
 0.860885788856206  0.167601423856311  1.193130253665604  2.361649706744815 
 1.683020690789447  1.222754144736850  2.779675000000052  1.291694664473461 
 0.328125995939072  0.093564478365481  1.054877847715768  1.786946802030461 
 1.052510969758057  0.322820517641135  3.116843951612922  1.450760868951669 
 0.965157279236286  0.216962923806685  1.536467064439125  1.488448448687341 
 0.173516397655075  0.083504437317698  1.322640748865380  0.825245295007564 
 0.648359909469322  0.126941388563998  2.249049115504627  1.488941945889653 
 2.094527429805598  0.895178555075591  2.273225701943856  2.790629589632820 
 0.572831077604055  0.111049800739131  1.793330249768708  2.038247178538380 
 2.267658490566017  1.758684000000005  2.358832452830180  3.881727924528276 
 1.804582925764215  1.257248253275122  1.248196825327468  3.403895196506641 
 1.757224763406927  0.445212921451116  3.245340694006352  3.659030599369065 
 1.969470608695630  2.182752173913050  3.720715652173918  2.605294347826061 
 1.244125763973062  1.485464074074080  3.280101010101035  3.533626936026954 
 0.628335688665712  0.112265122591105  1.884390100430424  0.819650410616929 
 1.321519057291662  1.594681458333337  2.297414843749999  2.873624999999997 
 1.394692496194816  0.015884189406394  1.931283866057828  2.235465296803681 
 1.864783235294119  1.670759803921566  1.608961392647055  1.929138725490193 
 0.851049686119878  0.215631997255521  2.014514195583586  2.827157728706620 
 1.144113860845839  0.721383656207361  2.233246793997269  2.114373669849928 
 1.934220079999998  1.020806251999997  4.069475600000004  1.835378796000007 
 0.091521646994535  0.078515599465695  0.959567298117792  1.202658184578024 
 2.621600000000005  0.988425186842108  3.262315037593995  3.135809398496242 
 1.274992576923073  0.682828507307691  2.288969538461534  4.159165384615395 
 0.320989044674966  0.082855086508990  1.529341009681879  1.376943430152139 
 1.429853611627911  1.156715000000003  3.202147674418594  2.436108372093027 
 0.865239940170938  0.058293350441595  2.630582193732189  2.194989316239315 
 1.894351593625498  0.313114361593625  2.875443027888451  2.137871314741043 
 1.488097525773198  0.300808632288659  2.202660206185564  1.182970092164947 
 1.286294272988506  0.329953704310345  3.727380747126442  2.587644252873561 
 1.882059424778763  1.212287805309736  4.463453539823005  3.254567256637167 
 2.249574375000000  1.667843624999997  3.640478125000003  4.389702499999991 
 2.474400438596491  1.805371491228071  2.777019736842104  2.218619999999996 
 1.142594430379744  0.316430490415913  2.806153164556961  2.983647016274869 
 1.787643085106383  0.563376914627660  1.383318343085107  1.899490797872342 
 1.816466483516483  0.254087559780220  2.116223076923078  3.363292307692311 
-0.429382255254554  0.069484638900658  0.518046489163943  0.514791887622607 
 0.847783630289533  0.185502171046770  0.798749440089088  1.556796993318486 
 1.236495095367848  0.414105144959128  1.275179841961853  3.098771662125340 
