-0.163953253758285  0.070950675090202  0.906135153337292  0.643058415995295 
-0.132500411976488  0.070018743577513  0.575063342983085  0.954744099926478 
 0.863743899852625  0.165389874919005  1.193176484535997  2.362577614138386 
 1.683020690789447  1.222754144736850  2.779675000000052  1.291694664473461 
 0.328128701431478  0.094823274222903  1.054267883435615  1.789687832310842 
 1.052761048289731  0.322478886820932  3.115836016096599  1.451257527163034 
 0.966003672248814  0.218131149700960  1.533493062200941  1.485923133971282 
 0.173652568075478  0.083509153308677  1.322569788679269  0.825324392452830 
 0.649624079875538  0.125610756649379  2.247937655601604  1.490437562240619 
 2.097872727272709  0.889455261904759  2.278221428571440  2.788723809523800 
 0.573410639861863  0.112791018967772  1.791179834254119  2.039085451197043 
 2.266822556390957  1.752143834586471  2.355277443609014  3.877191729323282 
 1.805366913043501  1.256644130434796  1.250845969565175  3.403181304347916 
 1.756521855345899  0.445802377672968  3.243402830188722  3.658416666666646 
 1.969470608695630  2.182752173913050  3.720715652173918  2.605294347826061 
 1.244997163545148  1.485753946488300  3.284925083612065  3.534762876254199 
 0.627263531518626  0.112820040753582  1.885495988538690  0.821035911461317 
 1.323142423772605  1.591591317829461  2.294720671834623  2.871314728682167 
 1.396569663608553  0.014987165810399  1.932202752293567  2.234536085626940 
 1.864783235294119  1.670759803921566  1.608961392647055  1.929138725490193 
 0.852779185243333  0.217077403861853  2.014419937205642  2.825915855572994 
 1.143469575923392  0.720946279069761  2.233995212038301  2.111103693570447 
 1.934220079999998  1.020806251999997  4.069475600000004  1.835378796000007 
 0.092128901396478  0.078584934620522  0.959712440801459  1.203708026715244 
 2.622459245283024  0.985362263018870  3.261983773584916  3.134396603773586 
 1.272927898832681  0.685377626070037  2.293441556420229  4.162910505836586 
 0.321935505931035  0.081757931097931  1.527776896551722  1.377754827586203 
 1.429853611627911  1.156715000000003  3.202147674418594  2.436108372093027 
 0.864649297142855  0.058372708585713  2.631221285714281  2.196127428571428 
 1.892794411177644  0.311614521996008  2.875241916167670  2.135330538922163 
 1.487897113402064  0.301832290020618  2.200974845360822  1.182071741649483 
 1.286294272988506  0.329953704310345  3.727380747126442  2.587644252873561 
 1.884175688888891  1.210908195555557  4.465706666666663  3.254828888888888 
 2.251308074534161  1.675296770186333  3.631633540372674  4.385446583850922 
 2.474400438596491  1.805371491228071  2.777019736842104  2.218619999999996 
 1.142594430379744  0.316430490415913  2.806153164556961  2.983647016274869 
 1.788975401069519  0.563675481016043  1.383118441176471  1.902734064171125 
 1.814505769230769  0.252066246593407  2.112671153846155  3.364145054945058 
-0.429299028244631  0.069523534960929  0.518170785854342  0.514675122035481 
 0.848302606741573  0.185529561348314  0.795855727191012  1.561030359550562 
 1.234524523160763  0.414427733514986  1.275279024523160  3.101782016348773 
