 0.196638304365355  0.084386011207594  1.064718167022520  1.283012384341684 
-0.265376459550564  0.070429524538998  0.678706244691976  0.651905911894605 
 1.443914881226009  0.510059370620695  1.899240247509533  3.408474176245182 
 1.254093667677379  0.367269141764708  2.735764220739844  1.453129279987829 
 1.001436631268431  0.212057622227138  1.236106557325478  2.188780580137660 
 1.907078331854480  1.328601681366460  3.633619343389533  2.240483966282172 
 1.818403897637799  1.156744484251967  2.005944496929137  2.141452535433058 
 0.574016333215799  0.124657374503526  1.730452954866013  1.126791028279263 
 1.282147847609037  0.330180259852864  2.856923016290070  2.662132369942189 
 2.061064254431696  1.624047330552655  2.558855151199167  3.526394264859227 
 0.752422500328416  0.143254832117712  2.021836642066418  2.052413653136528 
 1.762210339229841  1.018979183874850  3.715884717208183  3.662038628158847 
