 0.022210798160279  0.077952460210258  1.187791576872432  0.626538704336632 
 0.170341916808149  0.077883231697786  0.671650994906582  1.391156706281719 
 0.769320075901198 -0.009612425218210  1.590913282732338  2.172583301707719 
 1.765480952380914  1.054917952380962  2.692682380952461  1.850517142856821 
 0.246014096088003  0.090880113202933  1.140134816625956  1.485387163814183 
 1.175944554455426  0.123005142079223  3.434381683168353  1.781181930693206 
 0.792844555314556  0.052343983817792  1.241164967462021  1.442363687635558 
 0.355644121839101  0.082536929572407  1.723994942528826  0.710902915402293 
 0.675724478395120  0.191955287962970  2.555741049382551  1.239537530864067 
 2.671214743589680  0.789679435897428  2.455840384615413  2.857905769230737 
 0.550285373545944  0.167223323694184  2.078838649155680  1.850005065666015 
 1.986589411764642  1.442620470588249  1.832563764705854  4.452681176470509 
 1.930458333333390  1.158041960784343  0.930905853921469  3.248683333333534 
 1.472958617886148  0.193115577235803  3.483260162601741  3.773922764227589 
 2.533396385542106  2.228726506024114  3.926512048192786  2.365725301204745 
 1.576412352941171  1.060321372549032  3.794649019607896  3.460729411764732 
 1.064964949999995 -0.022332642500000  1.905281500000023  0.854940770000002 
 1.837051882845181  1.122381924686199  2.241157322175727  2.837541004184112 
 1.083045714285707  0.004655781264639  1.883333723653378  1.677626697892321 
 2.302343846153846  1.201534846153842  1.447866669230765  2.020339230769225 
 0.994809640000016 -0.032376349999999  1.942945999999967  3.095319599999970 
 0.816058114832520  0.702243205741605  2.825663636363633  1.812729186602868 
 1.992859894736835  1.064170526315781  4.430600000000003  1.857221684210544 
 0.217472657395142  0.083584268730684  1.471350331125838  1.149087615894038 
 2.518256428571441  0.962440177142862  3.719952142857164  2.921417857142865 
 1.147842213740445  0.317979186259538  2.323377862595415  4.139287786259571 
 0.370456391891892  0.105394885718920  1.557607297297290  1.708974999999988 
 1.704891869918707  1.136072560975610  3.266643495934937  2.589432113821151 
 0.800188593406589  0.008699495604394  2.800287179487168  2.394232600732603 
 2.166046938775503  0.411636256224489  3.178662755102058  2.109750000000007 
 1.720367096774198 -0.102366426451614  2.489750967741918  1.471026838709672 
 1.530518402366863  0.443678693491124  3.992060946745584  2.505152662721883 
 1.895774444444450  1.072076377777784  4.768636666666660  3.335412222222222 
 2.236064556962027  1.709381265822782  4.222582278481021  4.208418987341756 
 2.491569230769232  1.700698230769231  2.736120769230772  2.365522307692306 
 0.911020530054646  0.465120214754099  3.422427868852445  2.810413114754130 
 1.652849295774647  0.325152628920188  1.310174600938967  1.521623568075123 
 2.104591869918695  0.260771839512196  1.884308780487807  3.698311382113823 
-0.012795728832753  0.074486115587979  1.049603954703837  1.073921393728226 
 0.539139854721554  0.119283668087167  1.037275617433408  0.883802009685230 
 1.399289551282052  1.188980448717948  1.412761666666659  2.487564102564090 
 0.982595742574254  0.200793368316831  0.599732295049503  1.888891584158413 
 2.396224060150376  1.981560902255641  3.069307518796992  3.510583458646602 
 1.597177731092436  0.057006157983194  1.327551680672266  2.498605042016826 
-0.091858100211643  0.070265874073016  0.626666315132275  0.971508835978843 
 1.424031571428572  0.523833234285716  2.743226571428573  2.367332857142861 
 1.152383333333332  0.811122473118279  2.027722222222225  1.952211469534045 
 1.013515372197312  1.242107399103139  2.514390582959644  2.605963677130045 
 1.939958898305085  0.422423438135591  2.093228813559313  2.176353389830503 
 0.463303682226214  0.065088931059247  1.956047755834833  1.280748850987434 
-0.557451193058569  0.089122910737528  0.526308475054236  0.471623011930586 
 1.759499999999999  0.759141890243903  2.015160975609759  1.093237012195123 
 1.471433115942027  1.922100724637676  2.262317391304351  3.106268840579713 
 1.256780710382514  1.237077759562841  2.926571584699456  3.843985245901636 
-0.269187128352490  0.072150877298851  0.847757509578542  0.722193448275860 
-0.208407014084507  0.060716597042253  0.674393956466070  0.414783708322663 
 1.166570955414014  0.374571394904459  1.125918343949042  3.354357961783442 
 1.148161354466860  0.495504337175792  1.811978674351583  2.587003170028821 
 0.948571351449275  0.418358909057972  2.638421739130439  3.134541666666666 
 1.643368421052630  2.151745614035089  3.118333333333335  2.295066666666668 
 1.874946638655462  0.690359773109244  2.801322689075635  3.415836134453785 
 2.535752413793102  1.048116627586207  3.114135172413793  3.901523448275864 
 2.511621238938054  1.642707433628319  1.973763716814159  3.425048672566371 
 1.751167129629630  2.059237962962965  1.922702870370369  1.826694629629630 
 0.410006969818913  0.091164573420523  0.993220784708249  2.007881690140849 
 1.631237793427231 -0.047464377464789  3.025291549295776  2.852892488262907 
 2.632622388059701  1.412562686567163  3.258391044776119  1.359024776119403 
 1.327492327044026  1.103405220125785  1.766291194968553  3.568652201257867 
 0.805196447876448 -0.156505233938224  2.569994980694986  1.745488030888030 
 1.495035306122449  0.514865923265306  3.219440136054422  1.172650673469387 
 0.768879677165354  0.211905274409449  1.151243779527560  2.645207874015748 
 1.392306202090594 -0.081152965365853  2.180243205574909  2.344317770034842 
-0.328641114118896  0.053944416163811  0.423918699893843  0.689239373673036 
 0.990833117977529  0.453113350280899  1.390394297752812  1.942435112359554 
 0.957807517592593  1.641298518518519  3.455209259259259  3.058079629629628 
 1.714381089108912  1.931761386138614  4.099349504950492  2.933194059405943 
 2.185079999999999  1.438602000000000  3.017926666666669  5.097646666666668 
 0.826407935323383  0.397358328174129  1.696559701492539  1.282909253731342 
 0.496587247649007  0.191855968874172  1.933661589403975  2.487263576158938 
 1.591410227272728  0.363305478409091  2.218078030303032  3.097300757575756 
 1.243535197368421  0.374466014572369  2.441255592105264  1.662578947368423 
 1.364317372262773  1.200658686131388  3.698627737226277  1.797854087591241 
 0.907475983606557  0.265334851803278  2.293300273224045  2.298641530054645 
 1.516194255319150  1.484743829787233  2.799223404255318  1.079031361702127 
 1.545475675675676  2.349441891891892  2.837641891891891  3.926694594594593 
 0.989495763779527  0.444305569291339  2.543028346456694  0.637294249606299 
