 0.006049895447366  0.074534779827326  1.239541224489671  0.625721885400590 
 0.234659060941828  0.083100478864254  0.729351454293565  1.633970360110620 
 0.952921303115953 -0.054743082039650  1.821729178470090  2.247257223795948 
 1.737686096256639  1.114520160427819  2.825069518716669  1.909815508021030 
 0.202775183896086  0.080210820012985  1.191870103896148  1.417354025974028 
 1.177605030674821  0.059639360122718  3.467450306748512  1.873621472392808 
 0.694136269841294  0.170812848386249  1.008826111111090  1.443463359788339 
 0.412811311111139  0.096404597746022  1.765347301587424  0.641969118095229 
 0.628331007722081  0.137157198069507  2.692399227799024  1.337069652509487 
 2.761753636363545  0.913692609090897  2.436367272727314  3.074164545454500 
 0.543691156784943  0.115723334298539  2.131579123173230  1.793184968684731 
 2.170039583333219  1.555419166666690  1.605424791666618  4.550597916666527 
 2.059688961039035  1.101574935064972  0.952296012986881  3.213357142857407 
 1.421373191489321  0.221309202127699  3.565422340425684  3.823034042553120 
 2.676943835616367  2.167878082191800  3.899173972602757  2.540413698630053 
 1.573763008130074  1.003288617886194  3.920569918699253  3.532318699187024 
 1.100774186046505 -0.030974737790698  1.891987790697701  0.879557790697677 
 1.856908021390367  1.110568342245998  2.296606951871653  2.883466844919799 
 1.047404520202013  0.057231330303032  1.907055808080791  1.618872474747525 
 2.498825000000001  1.364774374999992  1.400869828124991  1.773523124999993 
 0.965768056872057 -0.018894773459714  1.874680568720340  3.053993364928875 
 0.787939847058804  0.727080882352914  2.820058823529406  1.806290588235290 
 2.052779816513753  1.171325321100909  4.265783486238534  2.066607339449556 
 0.166160299147725  0.076372605644886  1.503480113636376  1.068980411931819 
 2.527998245614050  0.975112894736848  3.789156140350902  2.947238596491239 
 1.068591818181804  0.291323300826441  2.203809090909086  4.056915702479371 
 0.334263994727593  0.168977629933217  1.597527240773277  1.598832688927929 
 1.823795180722905  1.214044337349398  3.158483132530085  2.683971084337367 
 0.705447676567653  0.026679937326731  2.645214521452130  2.218727722772277 
 2.001570322580636  0.350370689161290  3.259653548387120  2.005318064516139 
 1.813958666666672  0.055871601333332  2.371579333333315  1.371822066666662 
 1.669161499999998  0.206056241999998  4.101346000000031  2.566183999999983 
 1.844956578947376  1.033064526315797  4.818285526315781  3.362909210526316 
 2.225725373134330  1.772030746268653  4.288523880597027  4.244843283582072 
 2.382291538461539  1.788542307692308  2.751400000000003  2.360925384615382 
 0.799162495652176  0.335284959130435  3.512850434782588  2.869558260869616 
 1.609762237762234  0.156737433986015  1.165030419580420  1.401405104895115 
 2.046262727272722  0.368741175090910  1.736069818181821  3.725885454545457 
 0.003790096784566  0.076030241806002  1.072489131832802  1.072349260450166 
 0.508488453038679  0.098355310497238  1.049733756906071  0.836771469613260 
 1.353704285714288  1.468087731092437  1.589689915966376  2.666705882352926 
 0.813483504672894  0.112203748598130  0.648750895327100  2.137758411214952 
 2.607982191780825  2.181858904109591  3.026375342465750  3.591471232876684 
 1.545934594594594 -0.010050067567567  1.277149891891888  2.535771351351378 
 0.060829499142854  0.075647506714285  0.655799626857142  1.185307057142868 
 1.205022892561984  0.502367545454548  2.933897520661157  2.386951239669427 
 1.274124593023256  0.982687848837208  2.077671511627913  1.911632558139526 
 0.988366169696974  1.255338484848484  2.546782424242425  2.491480000000000 
 2.305071794871793  0.325453367521362  1.979999145299125  2.456480341880328 
 0.464631312087915  0.104865128351649  2.040490109890110  1.201553714285714 
-0.589154016282224  0.092510727539092  0.488202225644512  0.525321590230663 
 1.783971532846713  0.819724087591241  1.973384671532851  1.117230437956205 
 1.495443471074377  2.035620661157019  2.412585950413229  2.978838016528929 
 1.136088220338982  1.205411101694912  3.212148305084748  3.629977118644062 
-0.224740892121213  0.069627511768486  0.843279551515148  0.895226569696966 
 0.011474047192983  0.075983270684210  0.773676438596494  0.649539797894737 
 1.137015666666670  0.387564853333334  1.081585133333330  3.329929333333338 
 1.301667586206900  0.571854367816091  1.686301532567045  2.704134865900385 
 0.705710086092713  0.365778392052981  2.501791390728488  3.085758940397350 
 1.686279347826086  2.240826086956524  3.410170652173912  2.023613043478261 
 1.796743055555556  0.907049513888890  2.569477083333338  3.547757638888889 
 2.621433333333334  1.061043441176470  3.326916666666667  3.878029411764706 
 2.493256164383562  1.851608219178083  1.839383561643835  3.174894520547941 
 1.706196913580247  2.139186419753088  1.903051975308640  1.753478271604939 
 0.354116955916473  0.097189402296984  1.122864570765661  1.948533178654300 
 1.962910493827163  0.200762150000000  3.035214814814819  2.902323456790111 
 2.666998360655737  1.413417213114753  3.262286885245901  1.334143442622951 
 1.397628796296297  1.267951666666665  1.526523518518520  3.648538888888896 
 1.102790851063829 -0.219996914202128  2.575536170212774  1.695301063829786 
 1.374438963414635  0.431915516585365  3.168693902439023  1.273565426829268 
 0.727910928057554  0.139185922661870  1.275726115107914  2.595225899280578 
 1.485472440944885 -0.046835826220472  2.214120078740155  2.308455118110233 
-0.264835279670976  0.064331120164512  0.471350643948296  0.819566580493537 
 0.973965038461540  0.483915192307693  1.381109192307698  2.022709615384620 
 0.954558515053763  1.649017204301075  3.467407526881719  2.832204301075267 
 1.682181612903226  1.916920430107526  4.174655913978491  2.930453763440864 
 2.235083333333332  1.464620952380952  3.023571428571431  5.114966666666667 
 0.641597279792744  0.127363873668394  1.517828497409331  1.139376139896375 
 0.479734598153154  0.201309905405405  2.041476126126128  2.509149099099099 
 1.571645000000001  0.224571336363636  2.176250454545454  3.164347272727272 
 1.324670468227426  0.402480016722408  2.491709364548495  1.861271571906354 
 1.278686111111112  0.977444259259261  3.710333333333335  1.793500925925926 
 1.045045018050543  0.355567460866425  2.277442599277984  2.524165342960293 
 1.554557115384616  1.387695673076922  2.802530769230768  1.047735365384615 
 1.466683108108109  2.304504054054052  2.851162162162161  3.925464864864864 
 1.034718053097344  0.311556446902655  2.586665486725665  0.588782209734513 
 1.233789999999999  1.188845694444444  2.594418055555555  4.384498611111113 
 1.481897528089888  0.846654719101124  0.837444877528090  2.138564044943819 
 1.615133023255814  0.446304353488372  1.642928372093023  1.923280930232558 
 2.066310576923077  0.286676423076923  2.811540384615385  3.850445192307693 
-0.338238217687075  0.063479271575964  0.801151315192745  0.521407555555555 
-0.305887608725762  0.055141541426593  0.463015458448754  0.426402096121884 
 1.191032499999998 -0.209854125625000  2.900962499999997  2.778463750000003 
 0.990343896103898  0.474834662337662  2.266472727272728  1.289547922077923 
 0.977501188118810  0.581084752475247  1.564408910891088  1.326658019801980 
 0.931126250000001 -0.002236420698529  1.340701433823528  1.828657720588236 
 0.496218832116788  0.104298763503650  1.621490997566909  2.084806812652067 
 1.604651388888888  1.175225833333333  4.229227777777780  1.024086916666667 
 1.447659209039547  0.831958813559322  3.581766101694916  2.567722033898305 
 0.844480928571428  0.520941071428571  1.984793214285717  2.089067857142858 
 2.326156382978724  1.459342978723404  2.424344680851064  3.883586170212767 
 1.295567044334976  0.474270904926108  2.869859605911330  3.224505418719210 
 1.659837053571431  0.593474732142857  2.481955357142855  2.461406696428573 
 2.574476041666667  0.690693706250000  2.888392708333332  2.253484374999999 
 1.124274357142856  1.115246428571429  2.296968571428572  3.269516428571428 
 0.572570233333333 -0.086825128000000  1.587034333333333  1.511817000000000 
 2.090481355932202  1.172106271186441  1.822340677966102  2.307255932203392 
 1.908148818897638  1.660876377952755  3.258324409448820  3.403515748031497 
