 0.042472171803753  0.078284928302778  1.147621674925630  0.774261675421297 
-0.356325280099358  0.069639270966191  0.582050446902389  0.577654759263573 
 0.955800634194763  0.218734250566605  1.137058904174892  2.399094731610307 
 1.687582866344594  0.817442046731083  2.852727536231910  1.345472073590873 
 0.366204390168668  0.093066255460240  1.126646171566281  1.614775759036143 
 1.481293437235540  0.471535552778566  3.575378420310306  2.394631029619223 
 1.198615502092056  0.306416814131801  1.476479675732210  1.384026976987433 
 0.402524072242945  0.088934874044751  1.654632978156647  1.088740613851889 
 0.979217579303692  0.085411962969053  2.738590425531868  2.191763249516395 
 2.258832944606392  0.650599230408161  2.663520845481053  2.889318075801742 
 0.623505059239884  0.120920292727224  1.865969649595670  1.935169218328832 
 2.251836036036025  1.560055000000005  2.673651869369364  4.087790090090083 
 1.615702538330502  0.753275483304945  1.566654621805774  3.553689097103948 
 1.299212544011539  0.388582131601736  2.924966089466103  3.535561183261179 
 2.238937276995297  1.913301478873242  3.016527230046952  2.384962816901398 
 1.967458371607516  1.313351158663885  4.100080584551152  3.505079331941556 
 0.853890587751369  0.207476278820841  2.447302925045710  1.255094368372941 
 1.303346725933607  1.664765456431536  2.813633817427386  3.223741493775935 
 1.604088470066513  0.221893594057650  1.993734356984472  2.099256762749461 
 1.896543140495871  1.415486962809915  1.589811324586776  2.265260785123967 
 1.005523590312815  0.209323965650858  2.017465792129158  2.858555398587279 
 1.178963237662338  0.971974896103893  2.496159480519486  2.328518961038961 
 1.889370977198697  1.368273192182410  4.120901302931596  1.979516905537460 
-0.003682187085934  0.073691090364378  0.767823996063370  1.116042184349499 
