 0.106830195584409  0.078761853123496  1.075227404958657  1.041376387249159 
-0.311716775127849  0.069795033553302  0.617545712017661  0.625985064435134 
 1.302129333333291  0.392080611302525  1.610774877450937  3.056805392156836 
 1.221936802356020  0.398188841930630  2.852948952879578  1.567182784489480 
 0.559719109197503  0.122868334979846  1.178465482447797  1.827967387321360 
 1.980352995780588  1.099859767510552  3.612929430379757  2.100524335443050 
 1.639389130781503  0.505766487448167  1.711942018421052  1.764821459330133 
 0.596653648847044  0.123271905879322  1.854655995388168  1.186698952421205 
 1.328003171912833  0.357229738498790  2.959951815980620  2.909966464891029 
 2.013315680600203  1.163883592775990  2.411178703108248  3.857691103965701 
 0.815887855633172  0.157492895984069  2.096066053921554  2.183907843137264 
 1.858628592650600  1.477049518072288  3.825680240963854  3.467286385542167 
 1.790776697841726  1.564658246402881  2.314607994604310  2.507506573741005 
