-0.106984119255678  0.072835617037760  0.967872831715168  0.672962370550256 
-0.383398643230985  0.069802366979521  0.532154549651074  0.574608887718052 
 1.008239913888795  0.229923509402784  1.030123802222140  2.364429027777732 
 1.702729088937077  1.020808071583519  2.713993492407843  1.311313977657120 
 0.377220815337789  0.096774702422397  1.057723245891681  1.653983566646378 
 1.175470476821189  0.298152066804642  3.242654801324516  1.683207731788126 
 1.188932684869175  0.294253302514223  1.452564334470979  1.415343799772455 
 0.263891855382136  0.085618955282022  1.411290726587746  0.955075769644778 
 0.797009178540789  0.138562949974251  2.364673991416263  1.777894334763911 
 2.119761348684193  0.903337832236839  2.268337335526326  2.950529605263151 
 0.669834372761527  0.112862127737693  1.722508692307668  2.178112846153841 
 2.270291605839398  1.843003467153292  2.446142153284664  4.099764233576613 
 1.606281226666679  0.993892906666674  1.261659127999974  3.315481066666718 
 1.284378179999988  0.358691874800007  3.358536400000023  3.258732199999987 
 2.184319383378010  2.046072922252013  3.130834316353889  2.355289705093822 
 1.777968614864864  1.480461635135138  4.303627027027046  3.549386148648665 
 0.869290251937983  0.177598153307494  2.250588242894065  0.947145523514210 
 1.255097241842102  1.673467394736845  2.702897631578951  3.363856578947367 
 1.648984093872222  0.174374231342896  1.978121629726197  2.067114471968730 
 1.999462175324678  1.493488928571427  1.585576302272725  1.995558214285712 
 1.118439713168188  0.187483425554107  1.866162411994780  3.000788917861791 
 1.117377142011832  0.913794630177512  2.186882396449707  2.279136834319526 
 1.934677708333331  1.090816094940475  4.182463095238096  2.121199404761908 
 0.015356837704918  0.073450618716972  0.794159000385729  1.132393529411768 
 2.381456130790187  1.085225705722072  3.345826430517718  3.628960217983653 
 1.484886479820627  0.502223508206277  2.370417892376677  3.941393049327355 
 0.445106510145889  0.098241521928382  1.726810278514586  1.467778514588856 
 1.379795390532545  1.124631143984220  3.246661538461538  2.506789940828404 
 1.017634296167248  0.161677810871080  2.670629152148662  2.576538908246222 
 2.139665638766519  0.421532805770925  3.054033039647580  2.376701982378854 
