 0.014253248953383  0.075954699613175  0.951916806586637  0.964366595590337 
-0.344933585946095  0.069710673027037  0.588154293206813  0.588024236303614 
 1.058454227495853  0.224091949263506  1.434701280687350  2.759150654664452 
 1.702861512859292  1.050266426626327  2.652114372163414  1.438977347503680 
 0.416465572404489  0.099351910912359  1.056605654651702  1.682666314606741 
 1.538927576499386  0.549789041664629  3.664529008567940  2.171914455324394 
 1.388683330215160  0.394873460767074  1.455868951356405  1.613024546304945 
 0.407206685538213  0.093340886709941  1.606957124075603  1.061779276581754 
 0.905769452813866  0.216133564389612  2.715226666666638  2.565325974025919 
 2.364869470404964  0.730992060436135  2.736908566978197  2.873512149532701 
 0.646584212325360  0.127967186736521  1.848627660571945  1.945932770745421 
 2.141818023952085  1.629121237524953  2.673259181636720  4.080732135728545 
 1.845259838472841  1.319645359765055  1.575801757856080  2.846223201174766 
 1.412146422222220  0.421513624400003  2.478798200000007  3.616074555555550 
 2.244329120879114  1.903927098901099  3.465676483516484  2.267936879120873 
 1.845378171846436  1.193496221206583  4.091346435100540  3.484150457038392 
 0.904325140413398  0.189902767163222  2.512781824661443  1.348154600855309 
 1.264155173098590  1.508007647887324  2.803929718309861  2.860898028169010 
 1.498055183374080  0.331660274278729  2.301952811735938  2.252011002444988 
