 0.010696844776074  0.074867284825882  1.240043184079468  0.616955426202613 
 0.229024144970414  0.085208200976319  0.679930399408216  1.614068639053060 
 0.963467492446923 -0.042495282960715  1.781371299093480  2.258222054380573 
 1.737686096256639  1.114520160427819  2.825069518716669  1.909815508021030 
 0.190784427692290  0.082917105269229  1.174865487179529  1.397322948717951 
 1.177660617283925  0.060288689506191  3.470312962963009  1.871907407407578 
 0.692106720000024  0.159608816240006  1.007745626666646  1.438617999999979 
 0.418057553633249  0.102526727647048  1.736584775086639  0.614118457439437 
 0.630633973282515  0.131574933206116  2.682008396946363  1.342812938931135 
 2.760479816513669  0.912524651376135  2.434422935779859  3.067909174311881 
 0.627946276583989  0.064873403771350  2.235795592286442  2.014231955922826 
 2.176380851063713  1.561696170212790  1.621645106382929  4.558285106382836 
 2.155628378378456  1.043993783783823  1.033442364864727  3.186478378378653 
 1.427295483870926  0.219172634408642  3.562613978494778  3.821264516128960 
 2.675571830985842  2.173295774647908  3.894295774647905  2.516066197183012 
 1.541100454545447  0.997099818181835  3.924936363636437  3.464560909090945 
 1.103033274853795 -0.027361742105263  1.893000000000027  0.876555789473686 
 1.871547395833325  1.116843958333342  2.309742187499995  2.911993229166680 
 1.049287537688435  0.060881355527640  1.908435929648224  1.620065075376935 
 2.487271875000000  1.361254062499992  1.405387015624991  1.753596562499993 
 0.948765817307712 -0.030021010576922  1.912467788461498  3.011858653846118 
 0.786168729411745  0.724163470588209  2.821159411764701  1.807289999999996 
 2.052779816513753  1.171325321100909  4.265783486238534  2.066607339449556 
 0.169853634061133  0.078386545668122  1.501559388646301  1.071686390101893 
 2.523698260869580  0.973872173913050  3.786119130434807  2.948006956521750 
 1.069973050847443  0.291837571186436  2.234199999999994  4.064383898305117 
 0.319578023423424  0.160090826003604  1.553642522522511  1.591459279279265 
 1.822942592592606  1.219355740740741  3.161491358024655  2.672102469135820 
 0.719730748936166  0.018756867276593  2.734693191489343  2.268945106382977 
 2.003852287581691  0.348854489019607  3.265095424836625  2.003045751633997 
 1.813958666666672  0.055871601333332  2.371579333333315  1.371822066666662 
 1.669161499999998  0.206056241999998  4.101346000000031  2.566183999999983 
 1.839893333333341  1.022369386666675  4.817710666666658  3.362318666666666 
 2.420940000000002  1.929222222222217  4.417660000000019  3.992433333333305 
 2.377627067669174  1.791180451127820  2.756541353383462  2.373839097744359 
 0.802336464912282  0.336324651754386  3.516179824561383  2.872545614035139 
 1.611134507042250  0.158289084929578  1.165101056338028  1.398439647887334 
 2.190956962025308  0.275878408354432  1.728550379746840  3.787084810126585 
-0.021202888227848  0.075315358234177  1.107528911392412  1.025888772151905 
 0.489082457627124  0.103404101977402  1.022234293785304  0.842666497175142 
 1.370653500000002  1.445600333333333  1.574198416666656  2.683317499999984 
 0.806441520737324  0.110176411059907  0.654283601843315  2.117935023041473 
 2.588497435897438  2.169139743589745  3.050865384615381  3.588099999999974 
 1.540731550802138 -0.009813205882353  1.271250267379675  2.542535828877031 
 0.061815968998625  0.074471330919067  0.780725994513030  1.186097462277105 
 1.211063093220339  0.509066423728816  2.934900847457627  2.385925847457633 
 1.275858058823529  0.991731647058823  2.080075294117653  1.914497647058814 
 0.995682036144583  1.248197831325300  2.553851807228916  2.496775903614457 
 2.299108771929823  0.329158719298240  1.983520175438576  2.445428070175424 
 0.437024670025192  0.084395354307306  2.004457682619647  1.113570906801006 
-0.593759953917051  0.101110690322582  0.493782033794171  0.460941738863285 
 1.783378676470586  0.816404411764706  1.977881617647063  1.115801250000000 
 1.492091612903223  2.038524193548381  2.403548387096780  2.966482258064519 
 1.057781037735848  1.171677924528299  3.186254716981134  3.611898113207540 
-0.234930112965340  0.067128190255457  0.838501001283695  0.874719794608468 
-0.006813267311072  0.076826783110720  0.771008980667842  0.651723862917399 
 1.086403157894742  0.410203964912281  0.929656824561399  3.330927192982463 
 1.294238565737055  0.571698127490039  1.689228685258959  2.678044621513947 
 0.704037299319726  0.386310736054422  2.499531972789126  3.092231292517007 
 1.685329787234042  2.237490425531917  3.414806382978723  2.035272340425532 
 1.788346853146853  0.856622727272729  2.562367132867138  3.593069930069931 
 2.700375000000000  1.097907965909091  3.332407954545455  3.895451136363636 
 2.491464788732395  1.865319718309860  1.844390140845069  3.173670422535207 
 1.706196913580247  2.139186419753088  1.903051975308640  1.753478271604939 
 0.355193512195121  0.090108799312639  1.107081906873613  1.935369179600894 
 1.967276129032261  0.205466376129032  3.053437419354843  2.896403225806439 
 2.666998360655737  1.413417213114753  3.262286885245901  1.334143442622951 
 1.408802795698926  1.371198817204299  1.440403118279570  3.693008602150547 
 1.103243968253967 -0.217730374973545  2.577050264550273  1.693426984126983 
 1.371720000000000  0.430622937696969  3.168156363636363  1.273448666666667 
 0.728150593639576  0.138370227915194  1.274003215547703  2.596772791519435 
 1.481414453125003 -0.047457890078125  2.212721874999997  2.305409765624996 
-0.119672293774321  0.074132309571985  0.445332032684825  0.979768287937743 
 0.965701889763781  0.486531968503937  1.363404724409454  2.012766929133862 
 0.958429590322581  1.669288172043011  3.479740860215052  2.830032258064514 
 1.702637938144330  1.911126804123711  4.139548453608242  2.951931958762890 
 2.257386842105261  1.470654736842105  2.929673684210529  5.149955263157895 
 0.651332216216214  0.120616457394595  1.501655945945951  1.116898918918921 
 0.477165789365080  0.234939317460318  2.020113756613759  2.558095767195766 
 1.620190547263682  0.212423548756219  2.246787064676616  3.143300497512435 
 1.317577181208055  0.406045553691275  2.490474161073825  1.856172483221476 
 1.278686111111112  0.977444259259261  3.710333333333335  1.793500925925926 
 1.042683614035089  0.355338297052631  2.283257543859655  2.508613333333338 
 1.554557115384616  1.387695673076922  2.802530769230768  1.047735365384615 
 1.466683108108109  2.304504054054052  2.851162162162161  3.925464864864864 
 1.025115826086955  0.316717291304348  2.592649565217392  0.592880345217391 
 1.221779714285714  1.194432428571428  2.586881428571428  4.375680000000002 
 1.479363111111112  0.851286333333333  0.829770712222222  2.148058888888888 
 1.619322641509434  0.448173518867924  1.640985849056604  1.922794811320754 
 2.092506930693070  0.307843792079207  2.877693069306932  3.865519801980199 
-0.325370493455497  0.061422765039267  0.816215170157068  0.481829602617802 
-0.271249570422536  0.064330909154930  0.427615281690141  0.458811262597809 
 1.202963006535946 -0.207927549673203  2.909330718954245  2.777081045751638 
 0.997028942731279  0.475500559471365  2.266145374449340  1.280869030837005 
 0.977423019801979  0.577341534653465  1.557688613861385  1.326332772277228 
 0.945483358490567  0.002705690452830  1.351493169811319  1.827580754716982 
 0.489097888888889  0.105938872666667  1.637481333333333  2.064467333333332 
 1.604651388888888  1.175225833333333  4.229227777777780  1.024086916666667 
 1.446632840909090  0.830031875000000  3.580375000000001  2.565620454545454 
 0.844216653846153  0.553885269230769  1.959658076923080  2.085321153846156 
 2.332294623655915  1.456467096774193  2.422461290322580  3.886408602150539 
 1.291716633165830  0.463044390452261  2.864108542713568  3.199185929648239 
 1.667834361233482  0.588242202643171  2.487303083700438  2.448936563876653 
 2.574476041666667  0.690693706250000  2.888392708333332  2.253484374999999 
 1.152492318840579  1.137228333333334  2.283855797101450  3.260018115942029 
 0.572139134615385 -0.070039796153846  1.571450320512820  1.500162820512821 
 2.085247058823528  1.174709663865546  1.829880672268908  2.311244537815128 
 1.853429166666666  1.523806319444444  3.216115972222223  3.464249305555557 
 1.837880434782609  1.355663260869565  3.964771739130434  4.462376086956523 
 1.386307724137931  0.399713280689655  1.678695172413793  3.398046896551722 
-0.397984218958612  0.049630074013765  0.534589738718292  0.721686408544726 
 0.495962445169082  0.147237412560387  2.054703381642513  1.592099516908212 
