-0.006974775236415  0.074027230864068  0.925123533037801  0.941178995862937 
-0.352027788169580  0.069974776842253  0.580750195445423  0.580721120939543 
 0.957829426911840  0.222479871800585  1.148757525266157  2.397795546950600 
 1.665940445544543  0.835012770660071  2.826067161716200  1.314705260230912 
 0.345033146697453  0.092088474064664  1.067263891454981  1.600172378752887 
 1.579552912482060  0.619628620832143  3.774350645624111  2.257090086083255 
 1.185627046153852  0.299536787600002  1.472730923076916  1.385516646153832 
 0.338290548298072  0.086195451748849  1.569352902483912  1.020709008371662 
 1.036211834829458  0.114247023527829  2.817539676840172  2.171865260323117 
 2.255579806362359  0.664912358312584  2.683608575380364  2.874124619640380 
 0.606543352457225  0.116180845883359  1.857332192846019  1.901196993260750 
 2.268215468409575  1.558807102396519  2.708225555555550  4.077393899782129 
 1.594577152103567  0.707777347411007  1.588660296116488  3.553953883495173 
 1.295292373333329  0.397474292266671  2.969442133333346  3.485394399999996 
 2.210333864118889  1.849495244161360  3.415018895966035  2.206162484076426 
 1.929081340425533  1.320660031914896  4.147621489361705  3.474727872340436 
 0.824243536082472  0.189051789286942  2.393698883161520  1.237560540378003 
 1.384806726070761  1.718813314711360  2.765654934823093  3.171716014897579 
 1.590556136606185  0.223187926189969  1.995174375667015  2.100814300960530 
 1.938447309236950  1.445604999999997  1.623781106626506  2.270527630522088 
 0.962115034449760  0.205599591349282  2.037774928229661  2.812832918660281 
 1.187619333771353  0.997801760840996  2.505019710906706  2.323137319316688 
