 0.152330171907181  0.080758840146916  1.317947280927732  0.655031268041465 
 0.162932186885245  0.078758087436655  0.639227010134095  1.323013397913462 
 0.714156260073134  0.099125190659347  1.469302032966927  2.413070879120817 
 1.636941101321551  1.180490660792960  2.732314096916374  1.603505638766221 
 0.270156583636348  0.086821967954544  1.117444977272763  1.514252386363634 
 1.198687763999985  0.208324421600012  3.427261600000029  1.778935200000111 
 0.917340153061243  0.105182311054425  1.482629761904745  1.704400680272097 
 0.419256995481941  0.099841225189754  1.832737198795239  1.075421249999997 
 0.769093000000061  0.260128046496822  2.621252866241867  1.021117722929804 
 2.645267613636307  0.751599761363629  2.429454545454570  2.846973863636335 
 0.562480255098990  0.148983398579208  2.023785313531315  2.115651980197996 
 2.050952991452945  1.470461538461549  2.249173675213655  4.610392307692250 
 1.879162786885293  1.260541557377073  0.979735041803195  3.250609016393612 
 1.562054350282465  0.372124378531094  3.480932203389911  3.758891525423692 
 2.186035211267569  2.109847887323953  3.985183802816911  2.761454225352071 
 1.177441286702124  1.406663989361711  3.621519680851105  3.183285106383001 
 0.920038677419352  0.070723894193548  1.857780000000015  0.734227794193550 
 1.743710561056101  1.002172805280532  2.099909240924088  2.820511221122122 
 1.234018459821422 -0.085468333928570  2.020618526785694  2.091783705357193 
 2.252941911764707  1.220869338235290  1.399145566176467  2.045977941176464 
 0.875500068403923  0.028006122149838  2.017835830618866  3.013243973941348 
 0.927499476584013  0.591869228650125  2.618090082644627  1.816248209366390 
 1.812154893617015  1.192017517730490  4.258074468085112  1.830801134751786 
 0.168998980983605  0.078761261715847  1.422437486338806  1.156139267759562 
 2.465472455089830  0.946187813173657  3.771120958083850  2.907280838323359 
 1.149069928057542  0.315135474100715  2.380143884892082  4.132579856115139 
 0.380011972215710  0.114356371667058  1.588477842907382  1.694129308323551 
 1.627724146341470  1.155486655052266  3.303055749128899  2.493251219512203 
 0.808889124681930  0.068033279567429  2.657143511450378  2.396483460559796 
 2.147215555555548  0.398325482311110  3.163095111111126  2.118320000000006 
 1.574586254295536  0.094724777422680  2.484719931271469  1.438335085910650 
 1.461084381443298  0.418954408247422  3.971347938144350  2.534645360824733 
 1.852412000000004  1.160463232000005  4.642364799999998  3.379170399999999 
 2.120768292682927  1.676544024390240  4.049385365853669  4.464832926829249 
 2.442182926829269  1.665115060975609  2.705411585365855  2.362191463414634 
 0.929593116822431  0.334951570093458  3.307175700934565  2.861263551401894 
 1.667414847161570  0.296038209868996  1.320546593886464  1.526535021834067 
 1.824622406639002  0.234704725145229  1.960250954356848  3.473943983402495 
-0.009535687417703  0.074961786528164  0.991818098024876  1.038373306510609 
 0.707223267857145  0.145917005107143  1.179791196428569  1.148456946428570 
 1.155692724252492  0.791290365448505  1.462647275747503  2.236908637873750 
 0.978841851851850  0.251331182962963  0.687029242962961  1.971572962962962 
 2.265117105263158  2.086816447368423  3.037286184210527  3.585829605263148 
 1.533395774647886  0.097408118450704  1.373820563380281  2.546087323943678 
-0.201506353024028  0.069811961085335  0.580458240265120  0.890143421706716 
 1.427962305699483  0.534469155440416  2.762195336787566  2.347281606217619 
 1.069233282051283  0.546539556410257  1.902597179487184  1.548131333333332 
 1.026463508547010  1.286665128205128  2.452749145299148  2.415052136752140 
 1.861045422535211  0.479224885211265  2.120109859154921  2.116389084507040 
 0.643812560386475  0.093878034090178  2.106080193236716  1.522177616747182 
-0.542064243219597  0.073310919016895  0.510270848906390  0.546266764654417 
 1.744917707006368  0.818965541401275  2.054207006369429  0.982848775159237 
 1.465180783132530  1.894818674698791  2.269450602409641  3.143811445783133 
 1.182140596026490  1.562422317880794  2.965296026490069  3.899002649006620 
-0.197476371567043  0.066737043893377  0.896568239095313  0.611331222132469 
-0.262740373563219  0.067340645987461  0.521288467084640  0.448795912434691 
 1.079716919431282  0.373675883412322  1.146119715639809  3.224658293838864 
 1.092060045977014  0.447799066666667  2.056255632183908  2.505131264367816 
 1.024515586206896  0.648548637931035  2.578318620689657  3.179988965517242 
 1.630896141732284  2.190655118110237  3.213796062992127  2.236650393700787 
 1.858302888086643  0.795290252707581  2.766714079422387  3.412061010830325 
 2.548180689655172  1.065706903448276  3.250797241379312  3.893336551724141 
 2.520569841269842  1.588053412698413  1.975003968253969  3.448184920634919 
 1.691205000000000  1.997455172413795  1.866409568965516  1.848723448275863 
 0.417901887525562  0.079746706462168  0.987677995910021  2.023037218813910 
 1.614522128378379 -0.027920259797297  2.738130067567568  2.861850675675674 
 2.606079487179486  1.530373205128204  3.333300000000000  1.367544102564103 
 1.346934866666667  1.097510600000000  1.709024666666666  3.682798000000004 
 0.805123662020906 -0.098458940069686  2.658164808362372  1.719687804878048 
 1.424864888888889  0.787742289037037  3.352953333333333  1.050356000000000 
