 0.015035273611103  0.075646684420557  0.956225807777756  0.962777234444494 
-0.344651261114161  0.069804602120281  0.588179135592748  0.588913980021938 
 1.204161841379254  0.315627187103452  1.442789241379260  2.924680258620661 
 1.619350998810928  0.869808475980978  2.698494054696813  1.469102220808478 
 0.428261977340818  0.101738515252809  1.031478132771555  1.693465238764043 
 1.490474587951806  0.463578108843376  3.661167710843379  2.237658192771119 
 1.428395932504444  0.391266804138545  1.500516801953817  1.684135559502653 
 0.410184598257430  0.093568634832474  1.595203596039609  1.085399036514848 
 1.079792041072453  0.195895543964633  2.493168568168837  2.390987963491127 
 2.225880976220259  0.622176495694617  2.531402878598247  2.724076720901117 
 0.650102416614283  0.136709697842381  1.768418142857121  2.025205333333325 
 2.100806105263150  1.584615298245616  2.578011789473678  4.013287017543858 
 1.819383693548393  1.494348983870973  1.694909422741921  2.675278387096799 
 1.365764686318129  0.395405142602894  2.636576751946615  3.584956173526139 
 2.189968762088970  1.853186905222437  3.440488201160541  2.231602495164405 
 1.946592164948455  1.247483491408935  4.052662371134012  3.483505841924401 
 0.863520271963823  0.165126100303618  2.413558656330749  1.374350067183463 
 1.211849125033286  1.340528002663115  2.854858721704394  2.812705592543274 
