 0.014244357888787  0.075902632462322  0.944228893028484  0.968098766017550 
-0.344841667537109  0.069665648742800  0.588849824106644  0.587566956349626 
 1.003321212969733  0.195367548489318  1.478278597641815  2.622348268238733 
 1.690559877488502  0.969475793261873  2.815041807044433  1.421418187901887 
 0.416058477613274  0.103316467824136  1.064611853566638  1.688144481830415 
 1.568071173402867  0.570167796505871  3.689425293350724  2.235112033898342 
 1.305373481414329  0.308318290036267  1.526880172257476  1.504901804170430 
 0.381717656252635  0.089840202821893  1.598923229473693  1.049377789136837 
 0.911042823585825  0.195782525762226  2.768481208053660  2.465170661553162 
 2.334928153846135  0.702805450553844  2.697538769230774  2.905305846153839 
 0.625316077745287  0.127013793463330  1.892804806739331  1.910295787908813 
 2.183512959381035  1.619907911025148  2.734620116054152  4.038421470019343 
 1.626469946808518  0.787763463120571  1.522918586879415  3.515975886524854 
 1.291234126201920  0.394013004567311  2.708318629807701  3.531934855769226 
 2.236772417582412  1.890023912087914  3.511815164835165  2.330155076923072 
 1.820018500000000  1.211217816000003  4.128261199999996  3.483167600000006 
 0.902495667473767  0.196088978571429  2.542591364003237  1.314693870056494 
 1.305628064511691  1.548013713892712  2.691346079779915  2.858009766162311 
 1.471822285031843  0.344616251464969  2.285421894904458  2.271882324840772 
 1.911695869158881  1.359284523364483  1.609209646915887  2.229774822429908 
