 0.017325580455981  0.076119459527698  1.248520065146449  0.637016599348821 
 0.225580137535816  0.084060060659014  0.716651071633172  1.631510888251960 
 0.953080821529551 -0.054924314334268  1.820703682719381  2.245602832861104 
 1.737686096256639  1.114520160427819  2.825069518716669  1.909815508021030 
 0.198932052795821  0.080941669973991  1.189824603381058  1.412279583875165 
 1.177605030674821  0.059639360122718  3.467450306748512  1.873621472392808 
 0.690470000000024  0.167260152868427  1.009081236842085  1.441883289473664 
 0.413141792993659  0.096728579904449  1.766404140127512  0.642113414649673 
 0.628331007722081  0.137157198069507  2.692399227799024  1.337069652509487 
 2.760479816513669  0.912524651376135  2.434422935779859  3.067909174311881 
 0.543691156784943  0.115723334298539  2.131579123173230  1.793184968684731 
 2.176380851063713  1.561696170212790  1.621645106382929  4.558285106382836 
 2.155628378378456  1.043993783783823  1.033442364864727  3.186478378378653 
 1.427295483870926  0.219172634408642  3.562613978494778  3.821264516128960 
 2.675571830985842  2.173295774647908  3.894295774647905  2.516066197183012 
 1.541100454545447  0.997099818181835  3.924936363636437  3.464560909090945 
 1.100774186046505 -0.030974737790698  1.891987790697701  0.879557790697677 
 1.871547395833325  1.116843958333342  2.309742187499995  2.911993229166680 
 1.047404520202013  0.057231330303032  1.907055808080791  1.618872474747525 
 2.487271875000000  1.361254062499992  1.405387015624991  1.753596562499993 
 0.946848695652194 -0.031730590338163  1.911905314009621  3.012745893719771 
 0.785883278106490  0.726770769230742  2.821618343195261  1.806793491124256 
 2.052779816513753  1.171325321100909  4.265783486238534  2.066607339449556 
 0.167630113256481  0.075576646072046  1.506457780979840  1.072267291066283 
 2.523698260869580  0.973872173913050  3.786119130434807  2.948006956521750 
 1.069973050847443  0.291837571186436  2.234199999999994  4.064383898305117 
 0.333319043706295  0.168406033972029  1.596436013986005  1.598587237762223 
 1.822942592592606  1.219355740740741  3.161491358024655  2.672102469135820 
 0.705447676567653  0.026679937326731  2.645214521452130  2.218727722772277 
 2.003852287581691  0.348854489019607  3.265095424836625  2.003045751633997 
 1.813958666666672  0.055871601333332  2.371579333333315  1.371822066666662 
 1.669161499999998  0.206056241999998  4.101346000000031  2.566183999999983 
 1.839893333333341  1.022369386666675  4.817710666666658  3.362318666666666 
 2.420940000000002  1.929222222222217  4.417660000000019  3.992433333333305 
 2.377627067669174  1.791180451127820  2.756541353383462  2.373839097744359 
 0.799162495652176  0.335284959130435  3.512850434782588  2.869558260869616 
 1.609762237762234  0.156737433986015  1.165030419580420  1.401405104895115 
 2.190956962025308  0.275878408354432  1.728550379746840  3.787084810126585 
 0.001881334420698  0.075472529364454  1.081471687289094  1.064831653543313 
 0.511606890756308  0.097958135574230  1.049491148459378  0.836877624649860 
 1.365343801652894  1.442869752066116  1.574578595041312  2.681309917355356 
 0.804236405529951  0.112201070046082  0.650203878341010  2.121903225806450 
 2.588497435897438  2.169139743589745  3.050865384615381  3.588099999999974 
 1.541911827956989 -0.012553723118279  1.275185107526878  2.538398387096800 
 0.067398741002946  0.075757275663717  0.693039165191739  1.194915176991162 
 1.205255583333333  0.505208691666669  2.935292916666666  2.385339583333339 
 1.273285639534883  0.989252499999999  2.077062209302332  1.914184883720921 
 0.992931844311381  1.247798443113771  2.549719760479043  2.496806586826347 
 2.299108771929823  0.329158719298240  1.983520175438576  2.445428070175424 
 0.465045566079298  0.104997223348018  2.041070925110132  1.201515506607929 
-0.590234350547730  0.110528344287951  0.461328080281698  0.472311427230045 
 1.783378676470586  0.816404411764706  1.977881617647063  1.115801250000000 
 1.492091612903223  2.038524193548381  2.403548387096780  2.966482258064519 
 1.057781037735848  1.171677924528299  3.186254716981134  3.611898113207540 
-0.227306276864729  0.068261328329963  0.855308874841970  0.884930252844496 
 0.019424339266055  0.074882003834862  0.765031119266058  0.689468088073394 
 1.087996206896556  0.406917862068966  0.936027396551720  3.324816379310351 
 1.295679920000003  0.571078999999999  1.689071199999995  2.678393600000003 
 0.695719609589039  0.381736371232877  2.504453424657545  3.088529452054794 
 1.685329787234042  2.237490425531917  3.414806382978723  2.035272340425532 
 1.788346853146853  0.856622727272729  2.562367132867138  3.593069930069931 
 2.700375000000000  1.097907965909091  3.332407954545455  3.895451136363636 
 2.491464788732395  1.865319718309860  1.844390140845069  3.173670422535207 
 1.706196913580247  2.139186419753088  1.903051975308640  1.753478271604939 
 0.354230446952595  0.093840122776524  1.121347178329571  1.939195711060956 
 1.967276129032261  0.205466376129032  3.053437419354843  2.896403225806439 
 2.666998360655737  1.413417213114753  3.262286885245901  1.334143442622951 
 1.408802795698926  1.371198817204299  1.440403118279570  3.693008602150547 
 1.104482962962962 -0.218918941111111  2.576838095238103  1.697224338624337 
 1.374438963414635  0.431915516585365  3.168693902439023  1.273565426829268 
 0.732019074204947  0.140048538869258  1.277779893992933  2.598688692579507 
 1.486586904761908 -0.046692380396825  2.213056349206346  2.304926190476186 
-0.210435962662339  0.072247383571429  0.452010634415584  0.899280405844156 
 0.973447374517376  0.484281544401545  1.378324247104252  2.021704247104251 
 0.958429590322581  1.669288172043011  3.479740860215052  2.830032258064514 
 1.702637938144330  1.911126804123711  4.139548453608242  2.951931958762890 
 2.257386842105261  1.470654736842105  2.929673684210529  5.149955263157895 
 0.642269142857141  0.127374013600000  1.517825714285719  1.139122571428574 
 0.475742241050229  0.206418776255708  2.042498630136989  2.503485388127854 
 1.620158706467662  0.212470563681592  2.247432835820895  3.144177611940296 
 1.318359630872484  0.406637130872484  2.489390268456376  1.856903691275167 
 1.278686111111112  0.977444259259261  3.710333333333335  1.793500925925926 
 1.047851949458485  0.356145287581227  2.279812996389898  2.525689530685925 
 1.554557115384616  1.387695673076922  2.802530769230768  1.047735365384615 
 1.466683108108109  2.304504054054052  2.851162162162161  3.925464864864864 
 1.034718053097344  0.311556446902655  2.586665486725665  0.588782209734513 
 1.221779714285714  1.194432428571428  2.586881428571428  4.375680000000002 
 1.479363111111112  0.851286333333333  0.829770712222222  2.148058888888888 
 1.616524766355140  0.446215355140187  1.642205607476636  1.921749065420560 
 2.092506930693070  0.307843792079207  2.877693069306932  3.865519801980199 
-0.275172713615023  0.068704900453834  0.858086431924884  0.454586097652583 
-0.272885619887165  0.068536299506347  0.449173118476728  0.464350221156559 
 1.188308860759492 -0.207061696835443  2.909013291139237  2.772029113924054 
 0.990112782608698  0.474644682608696  2.265593043478262  1.288125956521740 
 0.976830833333332  0.579708774509803  1.561739705882352  1.328842254901961 
 0.932230333333335 -0.001066834925926  1.341077370370368  1.827687777777779 
 0.495577111650485  0.105349251941748  1.619547572815533  2.085116990291262 
 1.604651388888888  1.175225833333333  4.229227777777780  1.024086916666667 
 1.446632840909090  0.830031875000000  3.580375000000001  2.565620454545454 
 0.842800392857142  0.520732535714285  1.985429285714288  2.089467142857144 
 2.332294623655915  1.456467096774193  2.422461290322580  3.886408602150539 
 1.291716633165830  0.463044390452261  2.864108542713568  3.199185929648239 
 1.667834361233482  0.588242202643171  2.487303083700438  2.448936563876653 
 2.574476041666667  0.690693706250000  2.888392708333332  2.253484374999999 
 1.151740575539568  1.133302733812950  2.282833812949641  3.260003597122302 
 0.572570233333333 -0.086825128000000  1.587034333333333  1.511817000000000 
 2.085247058823528  1.174709663865546  1.829880672268908  2.311244537815128 
 1.853429166666666  1.523806319444444  3.216115972222223  3.464249305555557 
 1.837880434782609  1.355663260869565  3.964771739130434  4.462376086956523 
 1.386307724137931  0.399713280689655  1.678695172413793  3.398046896551722 
-0.428327088948787  0.032333530561065  0.631738935309974  0.659100822102426 
