 0.023011841460199  0.078200310586710  1.189706505866911  0.627111934811182 
 0.170341916808149  0.077883231697786  0.671650994906582  1.391156706281719 
 0.770089009523679 -0.010208861123803  1.590194476190366  2.173108761904701 
 1.763125821596206  1.054194600938977  2.700892957746558  1.843343192487945 
 0.246709159268277  0.091419298292682  1.139821134146381  1.485880365853660 
 1.200966074766337  0.156854408411229  3.437779439252370  1.782162616822559 
 0.796993706896574  0.046108880474142  1.245382758620672  1.437722823275845 
 0.357134511467910  0.084600858633020  1.729844495412934  0.716371922477058 
 0.767163369565287  0.299204661956530  2.651564855072272  1.033394076086805 
 2.671798064516065  0.792522980645153  2.459392903225835  2.856383870967710 
 0.550524342395414  0.168297560511407  2.071843536121631  1.855652661596932 
 1.961297701149362  1.503128275862082  1.833657701149398  4.436326436781533 
 1.930458333333390  1.158041960784343  0.930905853921469  3.248683333333534 
 1.523041612903196  0.240874951612933  3.543991129032372  3.792970161290270 
 2.508680459770055  2.221163218390821  3.941429885057485  2.357358620689584 
 1.404011656804729  1.116786508875750  3.714322485207146  3.336915976331384 
 1.069638193832595  0.037738327753304  1.977900440528655  0.791519286343614 
 1.828450607287442  1.124165789473690  2.245546963562747  2.835845344129565 
 1.080117720930225 -0.001906229302324  1.882869999999982  1.678080232558188 
 2.314430000000001  1.209626384615380  1.455781284615381  2.026653846153840 
 0.994809640000016 -0.032376349999999  1.942945999999967  3.095319599999970 
 0.808956366197168  0.694914272300449  2.815188732394363  1.807125821596241 
 1.994251443298961  1.047393092783496  4.410227835051550  1.849938762886616 
 0.222271173950483  0.081515046254036  1.479036275565134  1.152267631862216 
 2.499965753424670  0.964096813698635  3.723003424657554  2.938531506849322 
 1.184365877862583  0.315915140458011  2.324151908396941  4.158156488549647 
 0.372639535809019  0.103283078822282  1.561606366047738  1.704007161803702 
 1.697960162601634  1.141894634146342  3.264081300812986  2.583483333333345 
 0.800844211267601 -0.006222800000002  2.791540845070411  2.379386267605636 
 2.166528787878781  0.403433164242424  3.176615151515169  2.106391414141421 
 1.713356329113928 -0.081289325316457  2.487660759493653  1.454698481012653 
 1.538417976190475  0.440203269047618  3.990488095238117  2.505408333333323 
 1.914144680851070  1.086240893617027  4.735274468085101  3.324163829787234 
 2.266682278481014  1.600865189873415  4.242883544303806  4.189144303797450 
 2.487439230769232  1.706113615384615  2.743946153846156  2.364449230769230 
 0.906536267759564  0.447755569945355  3.402798360655725  2.787150273224075 
 1.652849295774647  0.325152628920188  1.310174600938967  1.521623568075123 
 2.128598360655733  0.263700543114755  1.882549836065576  3.686647540983609 
-0.012696594168842  0.074467286940818  1.049817180156662  1.073820400348132 
 0.537805192307697  0.119493295480770  1.038476514423071  0.884998100961539 
 1.395805272727273  1.188055333333333  1.428981939393932  2.475723636363624 
 0.982595742574254  0.200793368316831  0.599732295049503  1.888891584158413 
 2.380554887218045  1.963487218045115  3.023529323308271  3.503772180451114 
 1.597177731092436  0.057006157983194  1.327551680672266  2.498605042016826 
-0.091858100211643  0.070265874073016  0.626666315132275  0.971508835978843 
 1.425541737891739  0.522383367521369  2.738506267806270  2.363684330484334 
 1.144859640287768  0.806295935251798  2.034162949640291  1.953039208633088 
 1.008162663793106  1.248392801724138  2.554359482758623  2.614047844827586 
 1.938741772151899  0.423145237974681  2.094176371308007  2.174970042194087 
 0.474335222222225  0.084172571957673  2.025559082892419  1.279805238095239 
-0.557451193058569  0.089122910737528  0.526308475054236  0.471623011930586 
 1.746801190476189  0.761468035714286  2.014626785714289  1.084218373214287 
 1.497242957746477  1.969321830985911  2.251842957746482  3.172816901408453 
 1.272113470588236  1.212017352941175  2.887370000000003  3.873174117647056 
-0.269187128352490  0.072150877298851  0.847757509578542  0.722193448275860 
-0.208407014084507  0.060716597042253  0.674393956466070  0.414783708322663 
 1.166570955414014  0.374571394904459  1.125918343949042  3.354357961783442 
 1.148595375722544  0.494420881502890  1.812814739884391  2.587500867052026 
 0.949700373188405  0.404579604710145  2.641472826086961  3.153923913043478 
 1.624367339449541  2.150164220183487  3.086466055045872  2.342871559633029 
 1.875829661016949  0.682826466101695  2.804380508474581  3.423422457627121 
 2.526461379310344  1.052637800000001  3.121131034482759  3.894076551724139 
 2.520327927927928  1.636859819819821  1.969852252252252  3.425015315315314 
 1.746820283018868  2.066271698113210  1.922365188679244  1.815992641509435 
 0.410006969818913  0.091164573420523  0.993220784708249  2.007881690140849 
 1.628363317757010 -0.048821226168224  3.026045327102805  2.855644859813080 
 2.618830434782609  1.424786956521738  3.263157971014493  1.365884927536232 
 1.320033687500000  1.088966874999999  1.766582500000000  3.567468750000006 
 0.776538444805195 -0.105166096396104  2.572013961038966  1.676875649350649 
 1.512035743243243  0.572206054189189  3.249605405405406  1.109594614864864 
 0.768879677165354  0.211905274409449  1.151243779527560  2.645207874015748 
 1.393723623693381 -0.082272366062718  2.180526132404178  2.343744599303134 
-0.328641114118896  0.053944416163811  0.423918699893843  0.689239373673036 
 0.991259635854343  0.454672696638656  1.390630448179274  1.941093837535018 
 0.993149551764706  1.895585882352942  3.237558823529412  3.380989411764707 
 1.636651826923078  1.907067307692308  4.066179807692305  2.944009615384617 
 2.178286956521738  1.428417608695652  3.003243478260872  5.093745652173914 
 0.818365134474327  0.383971515955990  1.687672616136921  1.279157603911980 
 0.496922886345515  0.192037450498339  1.934114617940201  2.488500996677739 
 1.589528136882130  0.362182343346008  2.219185551330800  3.097005703422052 
 1.226343642172524  0.367351145782748  2.438091373801917  1.645832907348244 
 1.302305937500000  1.312146953125001  3.708946093750001  1.886830156250000 
 0.906883060109290  0.265845597704918  2.293324863387980  2.302158469945356 
 1.514650652173914  1.493363260869565  2.787791304347825  1.073986826086956 
 1.772020408163266  2.432881632653062  3.249628571428572  4.091667346938774 
