 0.237592471502236  0.087511588255607  1.088003320627784  1.326420199551613 
-0.254825293041382  0.070397995373967  0.691037274652065  0.663342404379283 
 1.751839590093890  0.938214126097358  1.969611834329581  3.617638855678880 
 1.290853772750123  0.371075176304677  2.718680894922063  1.596539258270453 
 1.203052979104477  0.294395404631839  1.326747775970158  2.359151681592043 
 1.807559400000000  1.072109899090911  3.803925363636370  2.329635263636375 
 1.915329295558960  1.424702327718223  2.298276493108732  2.267127373660021 
 0.628743632692310  0.141955002812307  1.782000838461541  1.089784343923077 
 1.245437013908870  0.313935065035970  2.707651127098321  2.859206043165458 
 1.933693969457655  1.442165784966698  3.454018363463367  3.687643387250238 
 0.696381635876762  0.135589389802465  1.919512605633802  2.015585105633804 
