 0.048569128496006  0.078390516873360  1.235110474933931  0.622482643799706 
 0.161063576065573  0.076337856836059  0.668015284917995  1.384519999999890 
 0.740212264150814 -0.005659766773578  1.561135471698003  2.219069433962205 
 1.630946909871210  1.195385536480695  2.717806437768313  1.613336824034044 
 0.267716924716538  0.088378641145123  1.152975827664436  1.468206349206350 
 1.195808443999985  0.207111741600012  3.426949200000029  1.774646000000111 
 0.823261219512213  0.099333097519167  1.371985923344932  1.422590766550510 
 0.434746935950432  0.103313004793382  1.813410537190163  0.800950223553714 
 0.771576818181880  0.264907486688319  2.622666233766060  1.020493912337527 
 2.650213609467396  0.754221881656797  2.429650887573990  2.834406508875710 
 0.538764405547288  0.161980189237477  2.068769387755057  2.119089424860826 
 2.069476146788941  1.458928899082580  2.154934403669703  4.616288990825627 
 1.926171238938104  1.220929026548699  0.952052894690175  3.245695575221420 
 1.540453734939737  0.382904000000022  3.521864457831411  3.769618072289118 
 2.188206382978686  2.112366666666676  3.986663829787244  2.756958865248185 
 1.207634983597880  1.433916296296305  3.612596825396866  3.190143915343938 
 1.061282366412209  0.057698516793893  1.914716030534369  0.894832053435116 
 1.772716118421048  0.989349802631583  2.192264473684206  2.823035526315799 
 1.080297681728872  0.023317505108056  1.966922986247527  1.782133398821260 
 2.307231200000001  1.211590559999995  1.434394935999996  2.013200799999994 
 0.815387344410888  0.086011263746224  1.976858610271879  2.976165256797564 
 0.904385701492528  0.606537104477598  2.632843880597014  1.800022089552237 
 1.812080999999994  1.193469214285708  4.258928571428577  1.826139000000013 
 0.218685819007390  0.079684987966209  1.497111193241825  1.137853157338964 
 2.473966467065878  0.960341405988028  3.768167065868281  2.917384431137731 
 1.143378478260857  0.300996814492750  2.369750724637677  4.129480434782639 
 0.379577358076924  0.107240412989745  1.587800641025634  1.703694102564091 
 1.621005601374577  1.148116769759451  3.293337113402042  2.489830240549837 
 0.811476631043253  0.059278892290075  2.677527226463098  2.387778371501272 
 2.157450697674412  0.429532123348837  3.150951627906992  2.092784186046517 
 1.590907142857146  0.114279463270676  2.518187593984953  1.420657593984959 
 1.482496031746031  0.438188514285714  3.998774603174622  2.533347089947081 
 1.855345161290326  1.161668580645166  4.646160483870966  3.382578225806451 
 2.119145238095238  1.669894166666663  4.039913095238105  4.471955952380934 
 2.463980254777070  1.671287707006369  2.729317834394906  2.397647133757961 
 0.889163612745099  0.438619681372549  3.322472549019594  2.827897549019635 
 1.664229955947135  0.299149357092512  1.326784757709252  1.530716828193838 
 1.896087922705312  0.247159247632851  1.976088309178746  3.529857971014500 
-0.009863852510638  0.074517069357446  1.050217182978727  1.068404468085108 
 0.576143132530125  0.131971513542169  1.048947518072283  0.896293493975904 
 1.370190235849057  1.047001981132076  1.466913160377352  2.411428773584895 
 0.974050420168065  0.225681463865546  0.660787157983192  1.861087394957980 
 2.218246979865772  2.129030872483223  3.036647651006712  3.662788590604016 
 1.539743636363635  0.074240071418182  1.373439345454543  2.536340727272743 
-0.094623438900417  0.070034612654564  0.631600207468880  0.961157966804986 
 1.417847021276598  0.535415760638299  2.703986968085109  2.269754521276598 
 1.041957337662339  0.633559610389611  1.903704545454550  1.508436201298696 
 1.005644379166668  1.245035500000000  2.480986250000001  2.522907500000000 
 1.877586590038315  0.474104449808427  2.102213793103438  2.096249808429115 
 0.520799261941450  0.113189857889061  2.055513559322036  1.427596302003084 
-0.557095382955772  0.089023494498383  0.527147738942832  0.472644872707659 
 1.758393289473683  0.839275986842106  2.043397368421056  0.987118537500002 
 1.479010125000000  1.935389374999996  2.308207500000003  3.138047500000001 
 1.174876875000000  1.443452937499998  2.948188125000005  3.888799374999998 
-0.258361271028038  0.072053308317757  0.861097186915886  0.713853280373830 
-0.208050926640927  0.060934335379665  0.675097554697555  0.413352556241956 
 1.195519485714287  0.359445320000000  1.193276114285712  3.350121714285716 
 1.077453326271188  0.459857577118644  1.998509110169490  2.450862711864410 
 1.104449629629628  0.480104009876544  2.565222222222224  3.177675308641977 
 1.614551640625000  2.173933593750001  3.209773437500000  2.231402343749999 
 1.865295167286246  0.767301063197026  2.773928996282534  3.419000743494425 
 2.539534666666666  1.071516473333334  3.206508666666668  3.895830000000003 
 2.532433333333334  1.598921269841271  1.994889682539683  3.443326984126983 
 1.756472090909091  2.066613636363638  1.935023727272726  1.818989272727274 
 0.390771115234375  0.089455838652344  0.993922675781251  1.971835351562504 
 1.621071062992126  0.011725746456693  2.990763385826771  2.853100787401572 
 2.613881818181818  1.516675454545453  3.341977922077922  1.378622597402597 
 1.321574213836478  1.149642515723269  1.723122767295597  3.630222012578620 
 0.813316713815789 -0.099836417105263  2.617570394736846  1.702750328947368 
 1.423321068702290  0.799730068854962  3.365543511450381  1.048560687022901 
 0.771750148437500  0.207391506640625  1.122335703125001  2.655223828125000 
 1.468777319587629 -0.101678441237113  2.211813745704465  2.464842268041236 
-0.329654957188160  0.054362165989757  0.425620988689218  0.688297103594080 
 0.937643704735377  0.454469445682451  1.436274122562676  1.979441225626744 
