-0.180069134288601  0.070701919336353  0.835247727501216  0.674626400100640 
-0.411219230980559  0.069245448071135  0.500070891504639  0.555367634573092 
 0.890768018838198  0.177419960078500  1.054156674411213  2.407776766090999 
 1.676369046052605  1.231973421052639  2.774818750000052  1.290010322368197 
 0.387144327808459  0.094915007541435  0.945376095764301  1.723228268876615 
 1.036629531548750  0.319310720363295  3.095656022944569  1.452324437858562 
 0.948093755411264  0.192037278084418  1.387302976190464  1.457887348484838 
 0.143890264739523  0.081491645177254  1.271617960609934  0.839415364675985 
 0.656611279439269  0.126733117168226  2.202714392523315  1.506248663551361 
 2.117606423982850  0.859462905781582  2.238625267665964  2.790560171306201 
 0.582137122122200  0.126145847472337  1.735464327002456  2.061222956234512 
 2.239209293680278  1.756659702602236  2.234084089219322  3.866311524163543 
 1.574370566037750  0.950235707547179  1.173779827043995  3.294757547169874 
 1.756462575757564  0.449460957878799  3.233566666666709  3.639625757575739 
 1.966448658008636  2.185389610389616  3.716544588744593  2.605288744588719 
 1.242723706333331  1.486617266666673  3.280704333333358  3.531813000000018 
 0.584594210918115  0.112247615441687  1.865955955334996  0.848564424565756 
 1.340505897560972  1.574531902439028  2.272068780487803  2.876864878048778 
 1.370238272327956  0.022660820556370  1.894797510980957  2.252140995607640 
 1.916129132420092  1.615477534246573  1.586340475342462  1.949465936073056 
 0.908849085106387  0.237520332522797  1.844773920972634  2.903566413373856 
 1.145694191374662  0.716216051212932  2.225540700808622  2.115871832884094 
 1.934979279999998  1.026374171999997  4.070906400000004  1.838549596000007 
 0.027275354397051  0.074979465992101  0.793287147867300  1.147235018430756 
 2.620411231884063  1.004759998913046  3.232689492753633  3.140650000000002 
 1.279153218390801  0.678737126053638  2.266262375478923  4.155938314176256 
 0.283899678810409  0.087827473415118  1.464336307311026  1.395395662949192 
 1.429144719540234  1.157605287356325  3.197252643678151  2.435085287356326 
 0.851340560943641  0.059773765163826  2.589894495412838  2.219416644823066 
 1.899165183752417  0.313773198297872  2.835635589941977  2.122207156673121 
 1.471004828244277  0.296299944007633  2.179574045801525  1.189615371564884 
 1.309743176315790  0.321145100263158  3.694135789473690  2.578407368421049 
 1.891530262008736  1.217182681222709  4.479271615720521  3.287216593886462 
 2.240156571428571  1.663378171428569  3.522487428571432  4.361727428571421 
 2.474400438596491  1.805371491228071  2.777019736842104  2.218619999999996 
 1.107894875216635  0.309492511611785  2.764882495667243  2.990015424610053 
 1.690115867346939  0.533225678316327  1.298349099489796  1.894084719387756 
 1.784221153846153  0.234118232857143  2.072951373626374  3.369715934065938 
