-0.159493765865148  0.071111942077892  0.880537788813341  0.656795526293870 
-0.403911938274073  0.069789244497126  0.507826036476220  0.564312869916076 
 0.945764973228239  0.211734583732290  1.017131218267625  2.446202519684987 
 1.741296309523787  1.280323095238101  2.795725892857189  1.333338357142655 
 0.362780914879989  0.094040526871999  0.965721216000025  1.686658320000002 
 1.058924982964219  0.333174440971045  3.074354514480423  1.430117512776880 
 1.056170079726658  0.242401109396358  1.326084749430512  1.480586833712972 
 0.197508181802229  0.082668190891748  1.322873107080182  0.889041194850788 
 0.688554063675974  0.099114096994775  2.193002613240375  1.645657926829229 
 2.259453995680318  0.871552399568031  2.219000863930899  2.916161771058302 
 0.638611408175110  0.105802177626023  1.700996890343674  2.164922094926345 
 2.260365019011387  1.923334220532326  2.532784790874517  3.869536882129249 
 1.621316524590179  1.011102295081976  1.179814796721280  3.388434426229573 
 1.323547495429607  0.249516943875692  2.991246069469857  3.276508957952457 
 2.248147468749991  2.080855937500005  3.151487812500001  2.402851437499983 
 1.259817257507082  1.436522067988673  3.370787252124668  3.513156090651572 
 0.655729254375729  0.128495447194866  1.990675845974337  0.900822393465576 
 1.400400284237723  1.578418888888893  2.205746511627907  2.969862273901809 
 1.587697230769221  0.113061538676924  1.750633076923065  2.292706615384643 
 2.000972483221479  1.387210805369125  1.516503258724829  1.928101711409394 
 1.052918551677855  0.249139038120805  1.966552939597307  3.005649395973147 
 1.104211291248203  0.757396011477756  2.088098708751797  2.126228694404591 
 1.947136075949366  1.256445506329112  4.078405063291143  2.039528955696208 
 0.011182987193597  0.073923641530265  0.795336865332668  1.126021010505257 
 2.434485542168676  0.873403119578315  3.268797289156637  3.318825602409639 
 1.512924525745255  0.524658912357722  2.178168238482380  3.864935501355020 
 0.340687547167410  0.090837805596435  1.533638446849140  1.445382558879692 
 1.354947321626621  1.102831090573013  2.965741589648798  2.475474491682072 
 0.934561677139760  0.113677875807150  2.612917334777896  2.330250920910074 
 1.931078666666665  0.355688485942857  2.863406666666665  2.186313333333338 
 1.531688083182641  0.325570848028933  2.151968716094032  1.331226274321879 
 1.362483906565657  0.397103950505051  3.786808585858587  2.513510101010101 
 2.037282547528518  1.432579901140685  4.372851330798477  3.540759315589353 
 1.998090680272108  1.053523394557823  2.961495238095239  4.664619047619049 
