 0.006919827187457  0.074522763984385  1.240060874999875  0.626561360937775 
 0.233282871866295  0.084722626378818  0.730018036211635  1.632283565459426 
 0.938075331411906 -0.056550227550422  1.812864841498391  2.241021613832767 
 1.776644999999959  1.078629550000011  2.680582000000085  1.853518999999662 
 0.205859374489779  0.078483735216835  1.196353431122492  1.426493367346941 
 1.221138524590142  0.074236938251383  3.453539344262337  1.874655191256982 
 0.696181530343032  0.177878352744069  1.007322295514491  1.447355013192592 
 0.412367486322216  0.102860462279626  1.772254711246318  0.654289672340417 
 0.618322177865688  0.149802835177875  2.694042687746827  1.327100869565048 
 2.767031746031668  0.806284619047609  2.426883333333370  2.926037301587263 
 0.562802030434760  0.161373738429112  2.122476181474438  1.817866162570862 
 2.152603030302947  1.471511212121229  1.699807878787843  4.462601515151414 
 1.995459444444508  1.128310444444477  0.973628811110998  3.290561111111338 
 1.405820892857109  0.245131669642890  3.516519642857271  3.779271428571369 
 2.525366666666603  2.246834567901252  3.919634567901249  2.361713580246838 
 1.541565793650787  1.024244920634935  3.895596031746095  3.537523015873048 
 1.105081369047613 -0.026770005357143  1.895651190476217  0.871649583333336 
 1.886251569506719  1.084593766816151  2.263761883408068  2.767983408071761 
 1.043514724220617  0.057741774820145  1.900758273381279  1.632043645083982 
 2.315833884297519  1.288096363636359  1.530751652892558  2.051716528925614 
 1.003934132231421 -0.017573733471073  1.921189669421454  3.085154132231374 
 0.876948618357472  0.701935845410606  2.869145893719804  1.845753140096615 
 2.043258653846146  1.148501249999992  4.305667307692310  2.087523076923093 
 0.170431529999997  0.077496078019444  1.502827222222235  1.072834027777778 
 2.538277165354345  0.994765984251974  3.764662992126008  2.954402362204734 
 1.069869672131134  0.277427322950815  2.229640983606553  4.042031967213148 
 0.374437143065694  0.120483827054015  1.594254598540138  1.589725839416046 
 1.855155555555567  1.198962804232804  3.180640211640181  2.581920634920651 
 0.712734418461535  0.045095076953845  2.668621538461526  2.251370769230770 
 2.167062765957440  0.396756258085106  3.155676595744700  2.091795744680859 
 1.807703311258283  0.033278153642383  2.372337086092697  1.376328543046353 
 1.633869292035397  0.246962930973450  4.097449557522153  2.517846017699100 
 1.842893827160501  1.062963012345686  4.790224691358017  3.360846913580247 
 2.253381081081082  1.741568783783780  4.268318918918929  4.200004054054038 
 2.491905600000001  1.719985360000000  2.742379200000003  2.375659999999998 
 0.818647335714287  0.380302259285714  3.435759285714270  2.856902142857184 
 1.597403246753244  0.161282351038962  1.179100064935065  1.417632012987023 
 2.077777064220178  0.289133424403671  1.787123669724773  3.679261467889911 
 0.006343424597207  0.076333699897959  1.073429430719661  1.076314371643399 
 0.514635313351504  0.103471546049047  1.055137411444136  0.837583901907357 
 1.360659523809525  1.449265317460317  1.581749206349196  2.633876984126969 
 0.810131221719454  0.106533154751131  0.654542088687780  2.141902262443437 
 2.407390476190477  2.005584126984129  3.079543650793651  3.525038888888874 
 1.552927225130889 -0.000751939790576  1.280153036649210  2.537717277486936 
 0.060738454077250  0.075488704864091  0.655439397424892  1.185213218884131 
 1.388083243243245  0.523488418918921  2.781317567567569  2.436163175675679 
 1.099690575221238  0.863915884955752  2.045671238938057  1.969155752212383 
 1.015220575609759  1.236980926829269  2.520680000000003  2.596160487804879 
 2.131941666666667  0.340994279487175  2.110519230769215  2.369844871794862 
 0.468956164969452  0.099383724643585  2.033152342158861  1.226502892057027 
-0.589154016282224  0.092510727539092  0.488202225644512  0.525321590230663 
 1.789196323529409  0.822436985294118  1.949606176470592  1.112723308823529 
 1.483895877862593  1.934176335877857  2.342020610687026  3.112033587786262 
 1.299166646341462  1.305235609756096  3.126317073170733  3.551346341463411 
-0.222056507840772  0.069339498442703  0.846719264173700  0.896844704463205 
 0.012284522552448  0.075942323933566  0.774285944055947  0.649869606293706 
 1.136762467532470  0.393224512987013  1.088256688311686  3.329316233766237 
 1.320617432950194  0.567280455938697  1.736607662835246  2.707225287356323 
 0.939256584677419  0.461991799193549  2.639344758064521  3.160680241935484 
 1.641937168141592  2.157436283185843  3.142659292035399  2.218001769911505 
 1.767257692307692  0.927780769230770  2.671359340659345  3.410697252747256 
 2.562771969696969  1.118505689393940  3.162527272727273  3.884172727272728 
 2.475319642857142  1.707113392857144  1.978939285714285  3.368358928571427 
 1.740563978494624  2.119309677419356  1.935919462365590  1.786503440860216 
 0.354126675990675  0.103736688321678  1.122149230769230  1.968262937062945 
 1.916856626506027  0.247730019277108  3.038984337349401  2.959275301204808 
 2.651819696969697  1.382577424242423  3.263269696969697  1.376556818181818 
 1.329806054421769  1.138936394557822  1.740218095238095  3.578200680272114 
 1.067652376237623 -0.209577098366337  2.573417326732680  1.695550495049504 
 1.381444451219513  0.434708626341463  3.171495121951219  1.264264817073170 
 0.754964748251748  0.170890305244755  1.302312097902098  2.616582517482519 
 1.448791699604746 -0.052802944505929  2.217067193675886  2.340815019762841 
-0.265851555425905  0.064612013138857  0.472782681446908  0.819876021003501 
 0.958146677852351  0.492746711409396  1.436333758389265  2.043186577181212 
 0.927826687777778  1.655996666666667  3.470166666666666  2.899423333333332 
 1.701702843137255  1.934979411764706  4.076487254901958  2.948593137254904 
 2.235083333333332  1.464620952380952  3.023571428571431  5.114966666666667 
 0.653325665914219  0.064123112045147  1.521034537246053  1.194745869074493 
 0.488717079618644  0.217025864406780  2.047587288135595  2.527620762711863 
 1.574059227467812  0.332860855364807  2.256191416309013  3.118866523605150 
 1.373362041522493  0.400136169550173  2.469978892733565  1.892561245674741 
 1.341839193548387  1.075799677419356  3.664546774193549  1.818370967741935 
 0.995344259818731  0.380113243685800  2.210973716012089  2.404839577039279 
 1.558565050505051  1.383575252525252  2.807079797979797  1.024250282828282 
 1.518729090909091  2.297984415584414  2.849699999999999  3.946233766233765 
 1.034718053097344  0.311556446902655  2.586665486725665  0.588782209734513 
 1.369398556701030  1.165444329896907  2.590264948453608  4.305238144329897 
 1.499797528089888  0.845562359550562  0.814724866292135  2.113546067415729 
 1.629101809954751  0.483965276018099  1.658609502262443  1.939829411764705 
 2.050555660377358  0.277814273584905  2.806189622641510  3.828223584905660 
-0.338141106334842  0.063673688382353  0.801171730769232  0.521841622171946 
-0.305887608725762  0.055141541426593  0.463015458448754  0.426402096121884 
 1.229483154761904 -0.197065419047619  2.908958928571426  2.795717261904764 
 1.002712304526751  0.470806609876543  2.279302057613170  1.306197448559672 
 0.965248399999999  0.579320550000000  1.564589499999999  1.295038750000000 
 0.891029141914193 -0.022630818580858  1.346070726072607  1.812124422442245 
 0.491217558685446  0.102973521830986  1.636159624413146  2.081118075117372 
 1.611471621621621  1.196887297297297  4.221154054054056  1.038379162162162 
 1.416326588235294  0.820469647058824  3.542425882352940  2.602760588235293 
