 0.156911829520261  0.080871749020918  1.329251623616138  0.679066400984227 
 0.156945054005934  0.076981741795246  0.637333596142400  1.316826691394560 
 0.724068052909932  0.103570077777784  1.479397054673619  2.418032804232745 
 1.570343928571392  1.164602366071438  2.898815625000075  1.354876294642555 
 0.284093200714269  0.087902288095237  1.093153035714324  1.550940238095236 
 1.258852198312220  0.340247613164570  3.484952320675135  1.534742527426276 
 0.927994522613083  0.090948405025129  1.508491457286415  1.698655276381898 
 0.419794459039561  0.099049998765532  1.817584463276890  1.091303460451975 
 0.763254867647114  0.253404338823536  2.654228823529253  1.040027811764584 
 2.650910857142800  0.760884857142850  2.426362285714310  2.845594285714256 
 0.573678059399331  0.138221998537338  2.088947727272691  2.159276785714261 
 1.945204961240268  1.472182170542645  2.342894573643392  4.576876744185994 
 1.770431265822820  1.209015974683563  1.155734132911328  3.577437974683674 
 1.532899473684191  0.320347057894756  3.416151052631654  3.724455789473650 
 2.165233793103412  2.101424137931044  3.988989655172424  2.768041379310304 
 1.054096538323349  1.321062814371268  3.665246107784477  3.280210179640745 
 0.896146343749997  0.076064096250000  1.842935312500015  0.723906050625002 
 1.721931999999996  1.041575533333337  2.055365333333330  2.856256666666675 
 1.239219004424772 -0.065458317256636  2.035431637168121  2.102984292035446 
 2.176143624161074  1.224297449664426  1.279120007382546  2.147477852348988 
 0.887325340694020  0.021667442271294  2.062225236593032  3.013228391167174 
 1.063653152709352  0.618042044334964  2.713767733990145  1.903709605911327 
 1.785654999999994  1.218870070422529  4.276485915492962  1.796843450704238 
 0.173931710687829  0.079267381661375  1.407587619047627  1.207814846560846 
 2.445402259887014  0.917634868361586  3.754571751412445  2.911583615819213 
 1.207660731707308  0.435795837804875  2.266992682926825  4.169489024390266 
 0.393612271709008  0.116630707427253  1.608390184757502  1.723690877598140 
 1.596113194888186  1.176202332268373  3.286201597444071  2.511751757188504 
 0.871364154228852 -0.026240436542290  2.789854975124376  2.065192537313436 
 2.133557272727263  0.451344470999999  3.215659545454562  2.047616363636370 
 1.505923778501633  0.040058711498371  2.492722149837127  1.397774560260584 
 1.372090855855856  0.408352437837837  3.892910360360377  2.517323873873866 
 1.860141984732828  1.138820030534356  4.623576335877861  3.345138167938930 
 2.105919512195122  1.668978048780484  4.075865853658546  4.459741463414615 
 2.412885714285714  1.628976914285714  2.690542857142858  2.319375428571429 
 0.819539316602317  0.292052837451738  3.095149034749024  2.824220077220096 
 1.691640082644626  0.300324082892563  1.365792231404960  1.561440991735542 
 1.816723247232471  0.221342831217713  2.022534317343173  3.356359778597792 
-0.007781403865791  0.075164657318745  0.995188293216634  1.039197221006566 
 0.708532331606220  0.152322804594128  1.183714594127804  1.167070846286700 
 1.161434245283020  0.774851855345912  1.478737767295592  2.236441823899366 
 0.992378726591758  0.241220226217228  0.706333871161047  1.946689138576777 
 2.396715942028986  2.092025362318841  3.013577536231884  3.551178260869555 
 1.534383277591972  0.108256373377927  1.388155518394649  2.546528762541821 
-0.202558285212420  0.070851573472222  0.584327521241830  0.886493455882358 
 1.534852956298202  0.398259059125964  2.792127763496149  2.659864524421596 
 1.041347032418952  0.557878329177057  1.948675311720703  1.576161172069824 
 1.051735245967743  1.270524838709678  2.448052016129035  2.406645967741938 
 1.853182477341389  0.541561463444107  2.269394259818723  2.104535649546827 
 0.644277771048746  0.090462183412113  2.179323485967503  1.538202806499260 
-0.544329514134275  0.072731751445504  0.514109328886930  0.544711053003533 
 1.719931758241757  0.807882252747254  1.998664285714288  1.049154712637365 
 1.449066514285714  1.875250857142853  2.190580000000001  3.207440000000000 
 1.397495217391303  1.723386335403725  3.086247826086959  3.701139130434783 
-0.192611775444265  0.066405357786753  0.904431260096929  0.607168823101775 
-0.263673991273101  0.067605620236140  0.517666543121150  0.453285614168377 
 1.082709517543861  0.421721435964912  1.188773903508771  3.255287719298247 
 1.062195105932205  0.436393737288136  2.134442372881355  2.488502966101695 
 1.024009054545454  0.727864065454546  2.497110909090912  3.269504363636365 
 1.638065158730159  2.194789682539684  3.201214285714286  2.253482539682540 
 1.864892045454545  0.802730795454545  2.747498863636368  3.429951136363636 
 2.542142253521126  1.042910711267606  3.253758450704226  3.902550000000002 
 2.547272500000001  1.561447250000001  1.955980833333334  3.455791666666666 
 1.714281290322581  1.970447580645163  1.887607338709677  1.848544516129033 
 0.429952938997821  0.083447926928105  0.981255315904140  2.063304357298480 
 1.585394615384615 -0.281076221301775  2.857226035502958  2.724865680473371 
 2.619739473684210  1.536196184210525  3.341830263157895  1.362063157894737 
