-0.006954292289521  0.074046448521125  0.925995494239267  0.940675430428413 
-0.351913096307957  0.069947162265686  0.580643388694898  0.581153123411546 
 0.964646764762760  0.202218550406587  1.155739103194522  2.398695062923495 
 1.649397832061058  0.882255762900768  2.767282595419873  1.368800271297606 
 0.348866019541278  0.091976848325687  1.067441098623869  1.600231972477064 
 1.645310160714279  0.547962812392863  3.871146250000010  2.142005839285765 
 1.242415649087228  0.297326210557811  1.487473275862061  1.415372099391466 
 0.344553291761497  0.087243061311787  1.568174651797917  1.023413165316337 
 0.959400355685146  0.089761121486882  2.788078911564583  2.144275801749224 
 2.330347343749977  0.700362812593747  2.681928281250003  2.908632343749993 
 0.614343708914366  0.133024433643731  1.849362945973479  1.889940417940869 
 2.207491791666655  1.616205729166670  2.712283604166660  4.060091249999999 
 1.609784876441524  0.697978633772656  1.572076561779226  3.551369851729846 
 1.326311626666661  0.398953048266671  2.939592666666679  3.534851733333329 
 2.222065203426117  1.868420385438973  3.435404282655250  2.246701456102777 
 1.865938793452382  1.330475505952384  4.100692063492063  3.466332539682548 
 0.831478802092412  0.190532046843941  2.397850130775945  1.225208098517868 
 1.360819960216995  1.673390162748646  2.499424593128391  2.982661301989149 
 1.550052954764191  0.254416835649664  2.106985466794987  2.184630510105886 
 1.907031442495130  1.369168908382064  1.604043764327485  2.219292651072125 
 0.929858416508538  0.257398127571158  2.039537191650850  2.799830645161284 
 1.303347131853787  0.865805287206267  2.985346736292430  2.479601436031333 
