 0.028587565306075  0.078358385289127  1.228379778911427  0.590526076530911 
 0.263564598240469  0.089072286891483  0.675877111436883  1.626549853372240 
 0.885341249999791  0.003850075731718  1.773075304877870  2.282335670731614 
 1.746905882352892  1.118493176470601  2.744818823529511  1.868095882352544 
 0.165621830813934  0.079415274869184  1.187657107558187  1.388099854651164 
 1.133623076923048  0.089988347552469  3.501183216783269  1.857288811189004 
 0.600803872437378  0.148762038929390  1.098478997722075  1.441325512528455 
 0.400479884758398  0.107654107026011  1.762727137546612  0.614958223791811 
 0.622737169291413  0.132426655511820  2.680319291338374  1.335825157480147 
 2.776847169811225  0.898878084905648  2.426025471698157  3.078384905660331 
 0.637302357020023  0.034367658392550  2.279141547277874  2.013957306590216 
 2.181793617021160  1.631767446808534  1.612613191489312  4.523525531914751 
 2.197176623376698  0.926837012987050  1.125388636363504  3.275689610389875 
 1.583942159090865  0.286958386363678  3.705113636363799  3.762236363636287 
 2.669601388888817  2.168119444444464  3.901475000000018  2.495029166666581 
 1.411728349514555  1.092341747572834  4.080363106796193  3.415420388349553 
 1.102407374999993 -0.037994095625000  1.912315000000029  0.863221312500002 
 1.877402083333325  1.107893854166675  2.316074999999995  2.913288020833346 
 1.019593835616430  0.032241213972605  1.968556986301351  1.636868493150736 
 2.509847619047619  1.395088412698405  1.419824904761895  1.770288571428565 
 0.936755637254922 -0.054132986274508  1.935799019607802  3.008838725490159 
 0.779712285714266  0.722365476190449  2.815763690476186  1.803458333333329 
 1.845606282051270  1.294123589743579  4.492111538461541  2.105305128205150 
 0.181982363584634  0.081394812779516  1.491494310099587  1.054396813655762 
 2.443280733944971  1.102577431192667  3.790235779816541  3.051414678899095 
 1.110906288659777  0.366700035051540  2.042622680412364  4.100387628866018 
 0.313628837606838  0.080923631319659  1.552085470085460  1.548530940170926 
 1.783641104294492  1.245271349693251  3.155920858895669  2.641709202454005 
 0.719989941422590  0.052630864435144  2.766176150627596  2.340989958158994 
 1.993152892561973  0.137854426611569  3.154100000000028  1.949314876033070 
 1.770474561403515 -0.073945454385967  2.379215789473662  1.398627017543852 
 1.531874404761902  0.159570204761903  4.081707142857177  2.516964285714265 
 1.944981034482768  1.053921620689666  4.892946551724127  3.368477586206896 
 2.427912500000002  1.981804999999994  4.467892500000021  3.997302499999968 
 2.397356198347108  1.783638016528926  2.781550413223143  2.420304132231404 
 0.783094790909093  0.340752108181818  3.520978181818160  2.869037272727324 
 1.782515909090905  0.134706556363638  1.303837954545455  1.269216250000017 
 2.198621126760553  0.206832707887326  1.812047605633808  3.879209859154932 
-0.034601965294924  0.074677330308641  1.125830699588484  0.991532949245549 
 0.355807586538466  0.085851278173077  0.900977235576918  0.960382499999999 
 1.366336050420170  1.425334957983194  1.657722016806712  2.711954621848724 
 0.746674952380949  0.096015000952380  0.687898750476187  2.173231904761901 
 2.567778313253015  2.144643373493978  3.066165060240960  3.602975903614434 
 1.540172254335258  0.012741609826590  1.250471965317915  2.595946820809278 
 0.009733582524268  0.072192999595469  0.830084142394819  1.237672734627847 
 1.254137926267281  0.520056202764979  2.945780645161290  2.311214285714291 
 1.270932000000000  0.998521515151514  2.088663030303036  1.910129696969688 
 0.992899228070180  1.240429824561402  2.560970175438597  2.496239181286548 
 2.299521367521366  0.329109094017088  1.982002564102544  2.449970085470072 
 0.426908229007637  0.078048607430026  1.994279643765903  1.107650941475827 
-0.591082292263610  0.092485225214901  0.489645710601726  0.484650088825213 
 1.845838028169012  0.656493943661973  2.109855633802820  1.194568169014085 
 1.495655892857140  2.062365178571421  2.418246428571434  2.954864285714289 
 1.053475045871558  1.153785504587154  3.194147706422021  3.615672477064213 
-0.215503413878563  0.069310616120199  0.825584014869886  0.886007261462201 
-0.026800575774135  0.073923565701275  0.772419289617490  0.622704732240437 
 1.057652385321106  0.395853688073395  0.930639614678895  3.322877064220190 
 1.239404480000002  0.578981520000000  1.688599599999995  2.657676800000004 
 0.791657285714284  0.459423751552796  2.416477639751563  3.105317391304348 
 1.678332954545454  2.248564772727276  3.430079545454544  2.020979545454546 
 1.761013793103448  0.811802827586208  2.515256551724143  3.588728275862070 
 2.732295121951219  1.099289036585366  3.356300000000001  3.903420731707317 
 2.484464285714286  1.861955714285715  1.844087142857142  3.146402857142853 
 1.794347794117646  2.269136764705885  2.060977941176468  1.899211764705883 
 0.335615316258351  0.108666901982183  1.133992071269486  1.924271492204907 
 1.983410447761198  0.225998489552239  3.030883582089559  2.900099999999986 
 2.660749999999999  1.477725370370369  3.186670370370370  1.294182407407408 
 1.418180930232559  1.348117325581393  1.380316976744187  3.709427906976754 
 1.106257167630057 -0.213124900404625  2.658692485549142  1.706931791907512 
 1.375489090909092  0.435256725575757  3.169179393939393  1.271506242424242 
 0.705817125448029  0.135255451254480  1.283411541218639  2.581125806451613 
 1.467444664031624 -0.027131772964427  2.221798023715412  2.323323320158099 
-0.056209089495800  0.074001913214286  0.466280581512605  1.029426638655464 
 0.997909596774197  0.512420967741936  1.372906814516136  2.013773387096779 
 0.950606573563218  1.664595402298851  3.452933333333332  2.795959770114941 
 1.721292680412371  1.955743298969072  3.990857731958757  3.012128865979384 
 2.257386842105261  1.470654736842105  2.929673684210529  5.149955263157895 
 0.711890629921256  0.091961555118111  1.316297086614181  0.881315039370079 
 0.458085932966508  0.251658923444976  1.994299521531102  2.514061244019137 
 1.613283505154640  0.204327345360825  2.278462371134020  3.136417010309278 
 1.315656426116840  0.401777027491409  2.479857044673539  1.842480412371133 
 1.229812886597939  0.984677628865981  3.651019587628868  1.791193814432989 
 1.035256388888890  0.364224790486111  2.294501736111117  2.494862500000006 
 1.558898350515465  1.382058247422679  2.840181443298968  1.045918742268041 
 1.471119078947369  2.293082894736840  2.852863157894736  3.921122368421051 
 1.025189557522123  0.316278305309735  2.598893805309736  0.588634953097345 
 1.200694328358208  1.156040208955224  2.641832835820895  4.420125373134331 
 1.579793580246914  1.023221111111111  0.879248075308642  2.432459259259258 
 1.620583157894736  0.506449957894737  1.627444736842105  1.922281578947368 
 2.116913829787235  0.345751117021276  2.915255319148936  3.866008510638299 
-0.350551197969542  0.060555911586295  0.809604784263960  0.509209784263960 
-0.275440895214522  0.062626507937294  0.449880760726073  0.422384099339934 
 1.274496643835615 -0.210953870547945  2.917238356164380  2.723469863013702 
 0.978485045871561  0.462830559633027  2.278944954128442  1.264296743119267 
 1.035924644549762  0.515640151658767  1.625111848341230  1.336450189573459 
 0.902770958904110  0.004813197157534  1.322907465753422  1.810353424657536 
 0.479266558441558  0.092572806277056  1.650239177489178  1.980813636363633 
 1.601081944444444  1.176219722222222  4.253533333333335  1.032256361111111 
 1.454158404907974  0.825120122699386  3.615187116564419  2.581105521472392 
 0.818973256704981  0.530508888888889  1.962260919540233  2.054133333333336 
 2.319354166666668  1.450922291666666  2.422589583333333  3.894927083333334 
 1.350195918367350  0.534259668367347  2.958210714285712  3.052485714285713 
 1.646736320754719  0.594667641509434  2.466815094339621  2.443404716981133 
 2.488061261261262  0.765709909909910  2.860407207207207  2.340793693693693 
 1.178328676470588  1.236755735294119  2.269761764705882  3.314780882352942 
 0.674881811594204  0.121961794386473  1.616384782608693  1.328226594202897 
 2.085828070175437  1.179810614035087  1.824563157894737  2.330772807017547 
 1.828083802816901  1.421008098591549  3.175563380281691  3.501121126760565 
 1.862758333333333  1.392254375000000  3.967675000000000  4.421481250000001 
 1.430806794871795  0.381782391025641  1.662853205128205  3.323791025641023 
-0.351581228930818  0.059569461970201  0.493583829308178  0.747228289308176 
 0.486639730075188  0.149662378446115  2.065459147869674  1.592099248120300 
 1.071577156862745  0.118534091176471  2.862818627450978  3.686213725490196 
 1.248539279999999  0.347898040800000  0.759278192000000  1.591180320000001 
 1.504874032258064  1.473556451612903  1.609822258064517  1.225346451612903 
 2.105793518518518  0.967118888888889  3.571178703703703  1.964597222222220 
 2.452609677419354  0.455819059677420  3.957645161290327  2.534348387096773 
 1.363369350649351 -0.121836890259740  1.659024025974026  2.014051948051947 
