-0.159469594618614  0.071068447855280  0.880486572622738  0.656920863009495 
-0.403914593250800  0.069774505182231  0.507882395886573  0.564489222603809 
 0.947207190697569  0.214822194837216  1.021969431937894  2.444270697674368 
 1.736179156626483  1.240760632530126  2.844097289156674  1.291392089457626 
 0.368972369936698  0.092193297935125  0.970612072784835  1.689898180379749 
 1.064751422413787  0.323865194568971  3.068831896551738  1.430895467241428 
 1.074162104677067  0.263478711035637  1.339962383073484  1.482931380846313 
 0.197858477751898  0.082454749291786  1.323389015725120  0.889890519510773 
 0.679904947685605  0.112994972445417  2.208288646288166  1.655259912663716 
 2.208136812144188  0.960649242884247  2.215867362428853  2.953521631878548 
 0.657571390364894  0.126533122794255  1.720910481366436  2.173950077639748 
 2.269604761904746  1.790024489795925  2.689952721088430  4.147364625850315 
 1.615379579579594  1.034349969969979  1.223802531531503  3.370734234234293 
 1.310766520979012  0.359349507167838  3.044540209790231  3.348818006992996 
 2.236247484848476  2.062300909090914  3.070202121212122  2.380785939393924 
 1.416598999675326  1.572472337662340  3.813155194805216  3.337004870129884 
 0.663420747416762  0.129707467216992  1.993352468427103  0.904251390585533 
 1.292653028089883  1.683508286516859  2.469129213483149  3.281123595505615 
 1.587594251134635  0.125831574493193  1.747159304084709  2.297830408472040 
 1.949484477124186  1.450957516339868  1.552156931699344  1.959745490196076 
 1.074220308823531  0.226518942647059  1.981314358288763  3.064986363636356 
 1.170315571635308  0.862365846599128  2.174423733719250  2.285460057887121 
 2.031803651877131  1.257396621160408  4.130834129692838  2.067735699658709 
 0.012082463541147  0.074183623650374  0.795321318603493  1.127501600997511 
 2.417985250737464  0.908031202949854  3.248790265486736  3.372335103244839 
 1.544390515759311  0.558984653753580  2.276138624641826  4.052487392550148 
 0.345877000626567  0.091005789593985  1.534116228070175  1.449438533834584 
 1.400988373966943  1.123587086776858  3.093967148760328  2.453739462809916 
 0.955988052029136  0.122996919427679  2.624910405827261  2.342995317377727 
 1.982760268714011  0.353574351285988  2.882085988483683  2.241425911708255 
 1.508997500000000  0.346352490286624  2.154539171974523  1.405964335987260 
 1.326128196132597  0.339583838121547  3.791351381215470  2.470293922651934 
 2.197909497206704  1.241469581005587  4.438230167597766  3.746787150837988 
