-0.179607420917352  0.070699230372987  0.837205393145120  0.673671078528313 
-0.410599949198989  0.069243386398105  0.500192293128152  0.555746911214138 
 0.886736396226308  0.180415282342774  1.054014546540790  2.400389150943344 
 1.682662427184440  1.241780614886739  2.769113592233061  1.294554168284570 
 0.389511767399255  0.094577603653845  0.944514597069626  1.720992490842495 
 1.040801928982719  0.321526984165073  3.098187907869500  1.456026086372415 
 0.935939469122435  0.186875744257857  1.405514528710714  1.461455373781138 
 0.145310730530979  0.081979080473449  1.270712294563866  0.842346051833123 
 0.650225017890789  0.123809173606405  2.207279284369065  1.504912485875665 
 2.082861203319482  0.830673417012445  2.245827178423246  2.791896680497916 
 0.583330201887868  0.127161563057709  1.737662159934027  2.071076751854899 
 2.243483834586446  1.759713383458652  2.236682781954879  3.871984962405989 
 1.589526392405077  0.951806534810136  1.170653433544274  3.299860443038038 
 1.759377286585354  0.446200323475621  3.238652439024432  3.643008841463395 
 1.965572203389809  2.174149152542379  3.709459745762717  2.601085169491500 
 1.239283395637582  1.487468657718126  3.278490939597341  3.532992281879212 
 0.584924886956523  0.113066395088199  1.864585590062120  0.846355933167701 
 1.352209544303793  1.551643392405067  2.232007848101264  2.913076708860757 
 1.364346837481690  0.024524801961934  1.894295314787692  2.253593265007348 
 1.953952690582960  1.601001210762330  1.605972341255602  1.963303318385647 
 0.947433469767445  0.235774325271318  1.816453116279059  2.944557364341081 
 1.138715440976933  0.714619226594295  2.212762822252372  2.113271234735411 
 1.919612954545453  1.048407272727270  4.029112500000005  1.840141284090916 
 0.026134360655738  0.075211264526177  0.791464190269700  1.146599148598628 
 2.606810283687949  1.013579396099293  3.228211347517740  3.133408865248228 
 1.263940421455935  0.673219991954021  2.269903448275858  4.137848275862078 
 0.281551206347231  0.087085368445551  1.463203546981952  1.397376851275666 
 1.375749161504429  1.149592831858410  3.136564823008840  2.458839823008854 
 0.843964186770426  0.064711775382619  2.583473540856026  2.223387159533074 
 1.902287234042552  0.314191505841392  2.831675241779501  2.112827852998072 
 1.461621873804973  0.291572806233269  2.182943785850858  1.191649186806882 
 1.314176641558442  0.329637275584416  3.700892987012993  2.571470649350646 
 1.888900129310347  1.218872129310346  4.473976724137929  3.281054310344827 
 2.233994886363636  1.656976590909089  3.514400000000003  4.374333522727265 
 2.444182403433476  1.812249785407726  2.771548927038626  2.250632875536478 
 1.110300314432987  0.278156694501718  2.749909106529208  2.996761168384880 
 1.679505541871921  0.525724566256158  1.283835514778324  1.856686748768474 
 1.853409967845658  0.220704986366560  2.080738842443731  3.401025080385856 
