-0.066582742046078  0.072903588263528  1.019910782003172  0.688298336904218 
-0.372895925138033  0.070083165528842  0.546702399902558  0.581444560636551 
 1.015904012869925  0.232492989150585  1.059732738223862  2.423818918918878 
 1.742139625292723  1.083342772833729  2.724874707259991  1.297185114051363 
 0.378706763267478  0.093695173561131  1.112140360918329  1.646934703683929 
 1.422414442492010  0.282414756613424  3.256158466453687  1.805358450479279 
 1.214056300715996  0.315873282708833  1.429483436754166  1.385520859188530 
 0.309820296770783  0.088134484335626  1.500603552144006  0.984589662361037 
 0.826755321955738  0.126164392915130  2.551691789667854  2.100133302582983 
 2.200439236641198  0.742454295114500  2.484001526717566  2.717557099236638 
 0.670602397416655  0.130302584438636  1.724533787878765  2.168990303030296 
 2.300382758620674  1.783235329153610  2.506088557993724  4.055612225705307 
 1.648506165577352  0.866219019607849  1.396950638344205  3.368525272331197 
 1.259580190542412  0.241714786230881  3.162303337969421  3.023174965229479 
 2.170795868421047  2.064433157894739  3.121954210526318  2.378781999999988 
 1.771133495440729  1.431043781155017  4.239532522796372  3.615960486322205 
 0.938144446472018  0.220517176192214  2.450280535279819  1.095635356447687 
 1.282696336902048  1.612102300683374  2.721209794988611  3.349911161731205 
 1.595090441176463  0.146769873210786  1.990895453431365  2.053953186274529 
 1.934777967914442  1.481758930481282  1.555525484224597  2.175896631016044 
 1.086965364261168  0.208689041580756  2.041590607101944  2.983888430698733 
 1.171535233468287  0.894210175438594  2.270963832658573  2.262884750337382 
 1.987683765060241  1.057482806927710  4.178155421686744  2.122697771084340 
 0.025911697450162  0.075183954575336  0.805161638293928  1.137806722299493 
 2.427320728291313  0.920199329691877  3.372471428571432  3.452137815126055 
 1.509826120092378  0.529836740554272  2.465560277136257  3.973025173210162 
 0.556618201256614  0.103454967785714  1.883735185185183  1.505495502645500 
 1.410525621031747  1.107150396825398  3.345530952380950  2.493419841269839 
