 0.141423814848113  0.081312572276723  1.335981991001034  0.712268935883214 
 0.139003239720279  0.075895812825169  0.653544522797172  1.300902937062844 
 0.774498515205601  0.108864795527734  1.544272236135853  2.395096958855040 
 1.699953789473641  1.229840210526327  3.016123684210615  1.205907626315434 
 0.333789935309954  0.089369260229109  1.022227358490607  1.665693126684635 
 1.251306584415567  0.349441435584429  3.489720779220808  1.510284891775010 
 0.959609532871990  0.069292300000003  1.521064861591677  1.671374740484416 
 0.357056639855953  0.089117474605038  1.739051740696324  1.132941044417765 
 0.748753445714340  0.266856499142864  2.654309142856988  1.055001731428453 
 2.646204395604340  0.774472692307685  2.420901648351673  2.832050549450521 
 0.575058620306432  0.130996041127420  2.093249354838674  2.160082903225781 
 1.942098769230727  1.468790000000009  2.340832307692289  4.574270769230718 
 1.803466826347339  1.197753017964089  1.150659838323293  3.541732335329464 
 1.528630999999981  0.296245247368441  3.418551578947443  3.719656315789440 
 2.178694078947335  2.072705921052640  4.002040789473694  2.766638157894698 
 1.049202701169587  1.308952923976618  3.659288888888934  3.269884210526342 
 0.818718060453398  0.083515666146096  1.853388161209080  0.743694348110833 
 1.751957594936703  1.019994715189877  2.189195569620252  2.830143987341777 
 1.281363409610977 -0.074862679862699  2.048075972540025  2.130292677345587 
 2.228793333333333  1.306535999999996  1.483173747333330  2.113224666666660 
 0.930123646706600  0.056427841317366  2.008179041916143  3.001503293413156 
 1.142789463869458  0.643425547785537  2.771312354312351  1.920114685314683 
 1.941776415094335  1.163091383647794  4.214879874213841  1.824815094339634 
 0.141985005009633  0.076488130934489  1.273328439306365  1.273830394990366 
 2.403991525423737  0.894070235593224  3.653516949152558  2.930930508474581 
 1.180924910179632  0.433142295808380  2.282040119760475  4.149035928143734 
 0.397027529418345  0.121557092988815  1.594959395973149  1.720651901565984 
 1.603416752411583  1.160554630225082  3.263698070739532  2.507356270096469 
 0.894368105515584 -0.031758171678658  2.796239568345322  2.007884652278181 
 2.141606578947359  0.420755673771929  3.172172807017558  2.030139912280707 
 1.509859433962268  0.077961408584905  2.419712893081756  1.345066194968552 
 1.355162291666667  0.399253841250000  3.863940000000015  2.508497499999992 
 1.863924827586210  1.121034855172418  4.599844137931032  3.304371034482757 
 2.105919512195122  1.668978048780484  4.075865853658546  4.459741463414615 
 2.526870285714284  1.730092971428571  2.838090285714284  2.115433828571429 
 0.806062960573477  0.227639582795699  3.025277777777768  2.818545519713280 
 1.726083950617282  0.337566646337449  1.309700810699590  1.543062098765437 
 1.817322779922778  0.214545433436294  2.023336679536678  3.384329729729737 
-0.025876578799392  0.073122611158054  0.957464186930094  0.993678670212770 
 0.693874036243824  0.163891761021417  1.172121515650739  1.175749686985172 
 1.195064238805972  0.826401014925373  1.503513194029846  2.334426865671636 
 0.998320664206641  0.245235864944649  0.692681164575645  2.018943542435422 
 2.395310791366907  2.089790647482015  3.013015107913669  3.546172661870493 
 1.553663122923587  0.123097025382060  1.404224186046513  2.555483720930247 
-0.225522949867843  0.069234147973568  0.563838155066079  0.876594519823793 
 1.582785078534034  0.114670061780105  2.844010209424085  2.762253403141360 
 1.028538591549296  0.569452253521127  1.918005164319252  1.619278051643191 
 1.035154668161436  1.336990807174889  2.493530941704036  2.324901345291481 
 1.835575000000000  0.535907167816090  2.299302011494245  2.128482183908043 
 0.647435372492838  0.092892081332379  2.167212464183383  1.535148567335243 
-0.546527347122302  0.075800409259272  0.523617905845328  0.528242133093524 
 1.671299720670390  0.871093407821230  2.032208938547488  1.067263730167599 
 1.465838913043478  1.852283152173909  2.190689673913044  3.196067934782608 
 1.397018819875775  1.722067080745340  3.089731055900624  3.700977018633541 
-0.195493810855263  0.066686947154605  0.895284095394735  0.591434459703945 
-0.256848100000000  0.066767502518919  0.500382715675676  0.461352862918918 
 1.080129013452916  0.427368885201794  1.194590179372197  3.269132735426010 
 1.065142427983541  0.453976616255144  2.256528600823044  2.448737654320990 
 1.042103856655290  0.757762525597270  2.513340614334473  3.219676450511947 
 1.635515390625000  2.185025781250000  3.206982812500001  2.235601562500000 
 1.854440637450199  0.801521434262948  2.739531872509963  3.465847410358566 
 2.547112765957446  1.041893765957447  3.255214893617022  3.901719858156031 
 2.530429365079366  1.566025952380953  1.961930158730159  3.438887301587301 
 1.624108301886792  2.004233018867926  1.852984433962264  1.820260566037736 
 0.481941503797468  0.091336162455696  1.067026101265824  2.189774683544303 
