 0.226698057914820  0.086839189561271  1.126865096424249  1.250564188429127 
-0.265718985808199  0.070287005910732  0.672202073298524  0.657791030007724 
 1.809988779660971  1.063914942593224  1.823699639915202  3.447841355932175 
 1.105075415498762  0.251348480877990  2.665546949711452  1.849188660346217 
 0.917870143462660  0.198105237698074  1.512395736172700  2.260546966161026 
 1.773909976019184  1.037921067242209  3.734373221422867  2.295848064748213 
 1.871404061384724  1.226824689793003  2.247173082798007  2.002029064953596 
 0.701805305793371  0.150735415209526  1.874363382684263  1.267612690666236 
 1.303878061088293  0.337986276591375  2.666901180698162  3.060277823408615 
 1.960246866576575  1.512143996396396  3.401117837837836  3.652786576576574 
