-0.069442797192239  0.073391574669550  1.015375113390886  0.685536730561650 
-0.373599015181196  0.069832485361837  0.545755118935676  0.580414202481208 
 1.011357917355278  0.235732394586783  1.016881718457218  2.380178512396651 
 1.737551805555539  1.091044444444450  2.723120138888926  1.303287601157250 
 0.374143029744721  0.093763489112097  1.099822622641528  1.643852497225303 
 1.368977139937105  0.277532733710697  3.250344811320766  1.767823396226461 
 1.208518814371264  0.319050524922158  1.434993664670648  1.392929485029925 
 0.296400197316162  0.087809800273750  1.478770064412253  0.987233269457863 
 0.828599906072125  0.115536210237193  2.454957400379457  1.895636907020830 
 2.185573520710037  0.728193246005914  2.500406065088766  2.721369970414198 
 0.668636102740446  0.133459705617557  1.714800992366389  2.187284580152667 
 2.293631249999984  1.808294736842111  2.495070460526310  4.051346381578923 
 1.677946674698806  0.950059889156633  1.387744055421662  3.410169638554264 
 1.370039664031608  0.264882534387359  3.357639328063264  3.152977272727261 
 2.178960026525194  2.071982493368702  3.152153050397881  2.369864084880624 
 1.787053237179486  1.457239051282053  4.272575641025661  3.583492307692324 
 0.906040680933850  0.216070043009079  2.382174708171220  1.017610446433202 
 1.274366365462752  1.605703972911966  2.728758465011288  3.335178555304740 
 1.623706013071888  0.144529286457518  1.984078418300645  2.037381830065382 
 1.944342252010727  1.477049946380695  1.561278501608577  2.174784557640752 
 1.158709488859764  0.191145175884666  1.852934298820441  3.008728571428565 
 1.169826381486675  0.901669396914444  2.236882328190747  2.247648948106592 
 2.026447608069164  0.979840936311238  4.137755043227664  2.163777233429396 
 0.023020151290474  0.074610006109338  0.801054591177852  1.135454720788366 
 2.433314244186043  1.001313237500000  3.348063953488376  3.546882267441866 
 1.488333628318583  0.527494380884955  2.453320132743360  3.924820575221239 
 0.526887812747104  0.098509698794819  1.833250783912744  1.494691949556915 
 1.404491193158955  1.121479275653924  3.336650905432593  2.468101609657947 
 0.987500295336787  0.233376353056995  2.655043782383419  2.674176295336784 
