 0.108725702518826  0.078534845098401  1.079877784839905  1.042847784839969 
-0.310481008005555  0.069788177845050  0.618246004881994  0.627094173345661 
 1.296723846372645  0.385469404551925  1.607021753200525  3.059495163584611 
 1.221489343342036  0.395342943191908  2.854938381201041  1.570569213250604 
 0.563500138270699  0.124234897176213  1.179994995111287  1.828939292229110 
 1.997745797705941  1.110517611678835  3.591129927007310  2.096826934306582 
 1.677630016447372  0.540910233766449  1.720569935115132  1.779331282894725 
 0.607595606221378  0.125699382365648  1.858474236641226  1.191507303129762 
 1.323270588949606  0.358634207043110  2.962702125075886  2.909343837279891 
 2.026662223404244  1.144834362829785  2.406798223404252  3.844773723404254 
 0.824166196907763  0.157655927675336  2.093022917513192  2.184714465664373 
 1.856860901558750  1.474587961630694  3.828650479616306  3.468587410071940 
 1.754921709767442  1.583680520930236  2.311592604651158  2.539480706976742 
