 0.008451334456313  0.074937819218999  1.239244042878898  0.629766065850193 
 0.234142085561497  0.085548057941165  0.736721965240580  1.632546791443673 
 0.767299285714133 -0.020810962633921  1.721710491071297  2.218452008928502 
 1.770746568627411  1.073319068627462  2.687456862745181  1.847447549019277 
 0.217946090978382  0.078567156937737  1.211827814485429  1.456088182973319 
 1.219183212435212  0.101985905181363  3.456985492228018  1.874816580311024 
 0.702919616438381  0.175282116958910  0.996600739726005  1.444032465753404 
 0.418657524242451  0.105331097242415  1.768292121212239  0.654021097575749 
 0.620074582329394  0.148661298393583  2.696794779116254  1.319274377509868 
 2.762965354330631  0.806211354330698  2.430340157480352  2.924454330708623 
 0.576299870833311  0.157742651570076  2.122705492424199  1.834517234848458 
 2.152603030302947  1.471511212121229  1.699807878787843  4.462601515151414 
 1.995459444444508  1.128310444444477  0.973628811110998  3.290561111111338 
 1.410918130841086  0.229496635514053  3.542444859813218  3.785332710280312 
 2.525366666666603  2.246834567901252  3.919634567901249  2.361713580246838 
 1.543867862595413  1.025014198473296  3.890322900763420  3.514335114503847 
 1.086304043715842 -0.033828919672131  1.870824043715872  0.891253114754101 
 1.883686147186141  1.082620129870137  2.282186580086577  2.766493506493518 
 1.045965268065262  0.052343091608393  1.895119114219099  1.647711188811236 
 2.313569105691056  1.284258536585362  1.534240243902435  2.060429268292677 
 0.997184541832685 -0.017468838645417  1.928922709163315  3.072645816733038 
 0.845918638095222  0.693170666666646  2.839095714285712  1.837606190476188 
 1.992859894736835  1.064170526315781  4.430600000000003  1.857221684210544 
 0.165007670701511  0.076196064613479  1.509712929848706  1.082710646492434 
 2.519763571428584  1.018079785714291  3.767882857142878  2.917918571428580 
 1.069869672131134  0.277427322950815  2.229640983606553  4.042031967213148 
 0.380032889473684  0.122628742435278  1.625649359886194  1.700816500711226 
 1.723464853556494  1.136672050209205  3.280003347280311  2.583612552301268 
 0.705017899999997  0.032750494147057  2.660607647058812  2.273133529411766 
 2.169493939393933  0.415208669292929  3.166633838383856  2.098883838383845 
 1.806960389610395  0.030909942857141  2.376220779220761  1.380870844155839 
 1.536815304878048  0.440279306097560  3.998477439024413  2.521102439024379 
 1.868186746987959  1.058477518072296  4.793446987951800  3.344986746987952 
 2.253381081081082  1.741568783783780  4.268318918918929  4.200004054054038 
 2.489370634920636  1.693726746031746  2.747793650793654  2.369653174603173 
 0.894129613496934  0.465336210429448  3.438776687116551  2.825959509202489 
 1.596642105263155  0.158505803026317  1.176806644736842  1.414244276315799 
 2.077777064220178  0.289133424403671  1.787123669724773  3.679261467889911 
 0.011559616735967  0.076941892208939  1.078040873180877  1.089142422037427 
 0.517552593582893  0.098352770053476  1.064091336898390  0.849950433155080 
 1.366829193548389  1.454759112903226  1.582430645161280  2.639532258064501 
 0.807040044642855  0.100813996428571  0.661787953571426  2.143901785714284 
 2.403412598425198  2.006257480314963  3.080855118110236  3.511661417322820 
 1.551123958333332 -0.002352184895833  1.288650208333329  2.529701562500025 
 0.058605543705796  0.075430671428571  0.654622148231965  1.182936138613872 
 1.385827581699348  0.524222163398695  2.801989869281047  2.426459803921571 
 1.094125043478260  0.864639130434782  2.024112608695656  1.979220434782602 
 1.016714579710148  1.232598405797102  2.519983574879230  2.595854106280194 
 2.123228125000001  0.336179122499996  2.116582499999985  2.368911874999991 
 0.466190151277016  0.100405769155207  2.027085461689589  1.235577838899803 
-0.589389442934782  0.091986414940640  0.488391630842398  0.524771008152173 
 1.789196323529409  0.822436985294118  1.949606176470592  1.112723308823529 
 1.479076030534349  1.930746564885490  2.334701526717561  3.114520610687025 
 1.298720249999999  1.311486249999998  3.126345625000002  3.566455624999997 
-0.220223253571429  0.069327790725001  0.848041261904759  0.895712511904758 
 0.018091826140351  0.076942888754386  0.775344842105266  0.650634324210526 
 1.149935408805034  0.382495874213837  1.097421635220123  3.324848427672960 
 1.299850618181820  0.569365309090909  1.736105090909087  2.680326909090911 
 0.932950167968749  0.451383297656250  2.644911328125005  3.159028906250000 
 1.661697368421051  2.163388596491230  3.122260526315790  2.259567543859650 
 1.753800543478260  0.917853586956523  2.687645652173917  3.408900543478265 
 2.560271111111111  1.124358896296297  3.152023703703704  3.881797777777779 
 2.475319642857142  1.707113392857144  1.978939285714285  3.368358928571427 
 1.740563978494624  2.119309677419356  1.935919462365590  1.786503440860216 
 0.372346573696144  0.109094711088436  1.156008662131518  2.006468480725631 
 1.907008235294120  0.256860195294118  3.046426470588238  2.959202941176460 
 2.637345454545454  1.402081818181817  3.258704545454545  1.353038787878788 
 1.331275273972603  1.136198287671232  1.738056575342466  3.580198630136992 
 1.059899082125603 -0.192925922077295  2.583792753623195  1.681013043478260 
 1.408665696969698  0.464071271030302  3.244953939393940  1.229868781818182 
 0.744855457249071  0.189407293308550  1.282612193308550  2.629288847583644 
 1.388633037542664 -0.075121317610921  2.154201365187711  2.332520819112624 
-0.267347244470315  0.065041949080326  0.472979939464494  0.816690628637951 
 0.968429493670888  0.441282753164557  1.419413955696206  2.011870253164561 
 0.922223354444444  1.648251111111112  3.476842222222222  2.903052222222221 
 1.705417549019608  1.928714705882353  4.094778431372546  2.943574509803923 
 2.235083333333332  1.464620952380952  3.023571428571431  5.114966666666667 
 0.603758087649401  0.089140143697211  1.518571912350600  1.233542011952192 
 0.464397482886179  0.260348366260163  1.967494715447156  2.479851626016260 
 1.576009012875537  0.337673477682404  2.250926180257511  3.118652360515021 
 1.372393053691277  0.402565244966443  2.464649328859062  1.901053355704698 
 1.370797089552239  1.203131417910449  3.697743283582089  1.794871716417910 
 0.982769274924471  0.368920044290030  2.212114501510577  2.411279456193359 
 1.552250400000001  1.402695199999999  2.818419999999999  1.023393779999999 
 1.518729090909091  2.297984415584414  2.849699999999999  3.946233766233765 
 1.031943893805308  0.304383792035399  2.578302654867258  0.588407076991150 
 1.369398556701030  1.165444329896907  2.590264948453608  4.305238144329897 
 1.500116629213484  0.850506067415730  0.818905203370787  2.117673033707864 
 1.635342009132420  0.483572538812785  1.659584931506849  1.934231050228310 
 2.048865420560747  0.279124607476635  2.810725233644860  3.825648598130841 
-0.337015952542373  0.063970911898305  0.801416033898306  0.521624128813559 
-0.306089559192201  0.054828423272981  0.462849876044568  0.425333040947075 
 1.259644593023256 -0.197909420930233  2.928094186046510  2.784394767441862 
 1.008634980079683  0.468417335458167  2.280196015936256  1.307857689243029 
 0.960148970588234  0.579674411764706  1.562762254901960  1.295806911764706 
 0.865977665505228 -0.051097753066202  1.347231114982578  1.778298257839721 
