 0.018128343320498  0.075858155638814  0.960342836173700  0.964412991753760 
-0.344128125444597  0.069770581046869  0.588623088946641  0.589611970779738 
 1.223034096575887  0.364456731553999  1.394683441615401  2.940572168568887 
 1.644091180124212  0.830269063130438  2.791594534161514  1.470235177266994 
 0.438915858272053  0.102760171314338  1.035929242463255  1.697655165441174 
 1.537413305672268  0.511185348445380  3.600859243697483  2.346456649159692 
 1.473592631578951  0.481420685754388  1.526314702719294  1.683497921052620 
 0.419983691008604  0.094537373280687  1.606231462079754  1.094218353088345 
 1.116566576419218  0.223697022527293  2.495202183406100  2.434339301310013 
 2.290733124999981  0.865621152824997  2.210496374999997  2.768640374999993 
 0.671947063442176  0.127668338580046  1.782694013605421  2.029491020408158 
 2.052237975986271  1.596450583190396  2.559362298456259  4.018228130360202 
 1.349378246212126  1.541467348484851  2.332558068181812  2.675011489899011 
 1.384573768367345  0.423267000204084  2.677662755102046  3.551960510204081 
 2.173751119133570  1.804518754512637  3.433463898916966  2.241815144404328 
 1.876074406046512  1.301366046511629  3.971897519379836  3.464997054263570 
 0.879731339366514  0.166705757511312  2.452045507433742  1.390655031674209 
