 0.096044350759189  0.079586373411070  1.226597603036788  0.668932365509955 
 0.047567702673796  0.074470781157750  0.696280609447396  1.127518868092631 
 0.617824362789664  0.129009289312673  1.439189716981052  2.234676684636073 
 1.696965765765729  1.246009594594604  3.037526576576651  1.273425445945641 
 0.338954078914902  0.085393289136866  0.890628530209652  1.745076572133171 
 1.273210721874988  0.429916996937509  3.393968437500022  1.587558250000085 
 1.023750486111128  0.059174747916670  1.541512274305535  1.613414652777762 
 0.289380761854594  0.091390581447837  1.633229399367795  1.041063171759745 
 0.769005912820561  0.272124669487185  2.647450512820376  1.085713553846048 
 2.521240476190440  1.213938690476187  2.144585317460335  3.008961507936486 
 0.629716269301696  0.126072750380764  2.053772068511167  2.091903952569151 
 2.058728804347796  1.327077608695659  2.354991304347813  4.406435326086919 
 1.704309900000028  1.158749470000016  1.138962664999949  3.502399500000104 
 1.723448617021263  0.446008684397176  3.247481205673806  3.711203900709197 
 2.048961329787208  2.163922340425539  3.879223404255327  2.622058510638265 
 1.178980423863635  1.443957462121219  3.392039772727301  3.505932196969715 
 0.814624660633483  0.088111872230769  1.854106108597296  0.772809109049775 
 1.509836658354110  1.001414763092271  2.357575561097256  2.983784538653370 
 1.351216267465063 -0.054115662594809  1.919239520958065  2.257794610778486 
 1.955531343283581  1.580200149253728  1.557590169651738  2.101459203980096 
 0.878085132007241  0.161182522893310  2.100265280289315  2.803055334538868 
 1.034906050656657  0.694910544090048  2.571109568480299  2.135324015009376 
 1.982086416184967  1.110661040462424  4.208005780346824  1.905546011560704 
 0.055997997393894  0.075524668481013  1.134603462397619  1.174504683544305 
 2.523073706896561  1.005330560344830  3.267954310344841  3.243878448275865 
 1.102588613445371  0.497835665546216  2.248326470588232  3.955020168067243 
 0.352782396031062  0.103590025748059  1.474550819672128  1.590215444348567 
 1.561937485875712  1.170477090395483  3.290654237288119  2.512581638418086 
 0.882842821705423  0.000704509127906  2.769376744186046  2.013621317829462 
 2.295141152263367  0.439045663868312  3.187276954732523  2.174904115226345 
 1.550378215223100  0.131792437874015  2.428361942257215  1.408727488188977 
 1.277316402173913  0.362666552536232  3.804205797101461  2.585928260869559 
 1.883909895287961  1.155312062827228  4.490972774869107  3.246165968586386 
 2.316608108108109  1.507119828828826  3.938198198198205  4.429849549549535 
 2.478211173184356  1.844967597765363  2.864936871508378  2.100195865921787 
 0.894567383480826  0.367055342477876  2.884474041297928  3.046659882005914 
 1.949489873417720  0.431907829789030  1.354197919831224  1.753603248945151 
 1.897653709198811  0.279766318278932  2.060284569732937  3.317232344213655 
-0.193830398669201  0.069915418333333  0.855934315589358  0.673370779467683 
 0.727196615120277  0.169395570343642  1.109707577319587  1.188943728522337 
 1.230858396624474  0.702762299578059  1.625827848101265  2.404114556962019 
 1.035252974504250  0.206463399716713  0.815046843059489  2.139338810198298 
 2.254634463276838  2.077208474576270  2.985925988700561  3.655153672316375 
 1.133345320334262  0.218505105849582  1.275615459610028  3.058509192200564 
-0.269859705645163  0.063133273709677  0.489873417831541  0.799265268817209 
 1.546718123324398  0.073420226809652  2.862742359249330  2.742692493297585 
 1.039492770270271  0.568165247747747  1.888317792792795  1.618340788288285 
 1.248768426540286  1.821518009478673  2.574826066350709  2.374736018957345 
 1.806580440097801  0.591320009779950  2.407434963325179  2.233062347188264 
 0.580389637896072  0.087065083105197  2.097915462610903  1.488108060836504 
-0.452017386569873  0.073250636543442  0.528620474894133  0.460620681306714 
 1.666061793478260  0.995688750000001  1.987264130434782  1.087831058152174 
 1.501328693181818  1.880561931818180  2.173484659090910  3.354975568181819 
