 0.207265492899969  0.085500912422645  1.061911835931859  1.308976723434924 
-0.262076978074868  0.070349235097461  0.683963222899156  0.655167096103886 
 1.478478600953849  0.595777367615267  1.891395328298839  3.473869316375169 
 1.260553894551845  0.366371910878737  2.715310837727007  1.462508138664282 
 1.052204618864288  0.225995600774782  1.266117660587114  2.220008854667948 
 1.869257631814119  1.251982174977660  3.665612600536194  2.233742019660420 
 1.846806283618585  1.214313569682151  2.057495436022825  2.157287791361032 
 0.565168374191231  0.124852583408339  1.719354618979155  1.099811501869157 
 1.267729605817452  0.312745964443330  2.776879889669011  2.672557873620855 
 2.105710926517568  1.666053727369539  2.680871991480296  3.497291586794463 
 0.721975713818929  0.142992090141207  2.002260022354692  2.021533420268249 
 1.722455645915840  0.969222108663366  3.726955321782178  3.651156683168318 
