-0.162614191322330  0.071111748639319  0.897183595041273  0.653448141558545 
-0.230557210955711  0.067725670209787  0.511112587257170  0.847421025640977 
 0.901717852799891  0.178268874512007  1.063119074559908  2.429918879999946 
 1.676369046052605  1.231973421052639  2.774818750000052  1.290010322368197 
 0.392974507218466  0.096986177083733  0.941634797882610  1.751992492781524 
 1.036629531548750  0.319310720363295  3.095656022944569  1.452324437858562 
 0.950998101952287  0.191414958514102  1.378623015184369  1.453769869848145 
 0.161132533498942  0.082092154459899  1.299267366926921  0.838635521646558 
 0.657139250000017  0.125624142668541  2.201482209737778  1.508452715355764 
 2.117606423982850  0.859462905781582  2.238625267665964  2.790560171306201 
 0.583441158546498  0.126210212034054  1.734334966777388  2.060280232558134 
 2.239209293680278  1.756659702602236  2.234084089219322  3.866311524163543 
 1.561609663608576  0.928759654434260  1.179867048929634  3.301323547400673 
 1.756462575757564  0.449460957878799  3.233566666666709  3.639625757575739 
 1.966448658008636  2.185389610389616  3.716544588744593  2.605288744588719 
 1.242723706333331  1.486617266666673  3.280704333333358  3.531813000000018 
 0.587396701265824  0.113132153602532  1.877883164556971  0.848940261012657 
 1.340866141463411  1.576248975609760  2.270547317073169  2.875294390243899 
 1.370553206442158  0.022130706354320  1.894242020497794  2.252514348462691 
 1.916129132420092  1.615477534246573  1.586340475342462  1.949465936073056 
 0.900708243902443  0.242053493597561  1.873099695121941  2.884645426829264 
 1.146637741496598  0.718257183673463  2.227519047619043  2.110011428571425 
 1.934979279999998  1.026374171999997  4.070906400000004  1.838549596000007 
 0.066477434151786  0.076245382605469  0.870717402343752  1.173345212053574 
 2.620411231884063  1.004759998913046  3.232689492753633  3.140650000000002 
 1.278115229007630  0.678513663740456  2.265165190839691  4.153511832061079 
 0.296836769955443  0.088963866767664  1.474838383195414  1.404264417568426 
 1.429144719540234  1.157605287356325  3.197252643678151  2.435085287356326 
 0.851086260526313  0.059417495815789  2.591562368421046  2.219238684210526 
 1.899165183752417  0.313773198297872  2.835635589941977  2.122207156673121 
 1.471607896749524  0.296549427648183  2.178779158699808  1.191513125621413 
 1.309743176315790  0.321145100263158  3.694135789473690  2.578407368421049 
 1.891530262008736  1.217182681222709  4.479271615720521  3.287216593886462 
 2.240156571428571  1.663378171428569  3.522487428571432  4.361727428571421 
 2.474400438596491  1.805371491228071  2.777019736842104  2.218619999999996 
 1.109778584210523  0.308349770526316  2.770457719298244  2.990371228070177 
 1.690425816326530  0.534868407908164  1.298513895408163  1.894212780612246 
 1.781377868852458  0.232682444699453  2.070393442622951  3.370163387978146 
-0.447705116096467  0.071091506229002  0.529336905945036  0.474168034436343 
