 0.057269884881733  0.078126745054904  1.170996368243174  0.706810155405556 
-0.112797345548655  0.069472904609383  0.611696559558301  0.969178405797057 
 0.635872196499379  0.126351971875686  1.533863794983579  2.202437404580114 
 1.720463235294087  1.256257426470597  2.745409926470647  1.266056904411515 
 0.343122802132684  0.086750032725117  0.890523321090081  1.765194786729862 
 1.251266943342766  0.478071139716722  3.380286118980190  1.524163169971748 
 1.030554743758223  0.284516352693826  1.708012614980271  1.586283718791053 
 0.204121277986189  0.079061498296147  1.510083020730539  1.064412349457055 
 0.725425869811355  0.238718718490570  2.563849999999904  1.241003794339545 
 2.100610681818161  1.009511613636362  2.266055227272739  2.821091818181809 
 0.607402470701919  0.089640554291964  2.107201220752770  1.813842014242100 
 2.452845641025611  1.474365179487186  2.249129230769217  4.003174358974326 
 1.769475219298268  1.226096859649136  1.197084618421010  3.454283333333425 
 1.758028903654471  0.443123412292371  3.210199335548219  3.679331561461772 
 2.027771979695404  2.180330456852798  3.857296446700514  2.609315228426365 
 1.173537917537312  1.331590932835827  3.466516044776148  3.443830970149274 
 0.615017940397351  0.097175832908609  1.896640794701993  0.909549398940398 
 1.163573357798160  1.368423730886854  2.192058103975529  2.921794801223239 
 1.407193546099283 -0.047254018723403  2.014148404255302  2.228679432624150 
 1.821959859154930  1.697778403755866  1.652362601408447  1.950133333333330 
 0.788634023076929  0.175164154553847  2.141711076923070  2.738764615384608 
 1.185050589970499  0.702959587020644  2.419920648967546  2.075308407079640 
 2.024536396396393  1.066863536036033  4.087276126126130  1.902884504504512 
 0.074432763439404  0.077941902092079  0.992655605958024  1.210880372376444 
 2.595278278688531  0.985222867622954  3.279726639344274  3.135438114754098 
 1.215640602409633  0.680891461445782  2.321740160642566  4.131114457831338 
 0.372155448657189  0.098182366383887  1.491485860979458  1.562489494470766 
 1.484343739024394  1.338300365853664  3.150835365853649  2.446064390243910 
 0.951599625874123  0.032599658986013  2.794393181818180  2.077832867132874 
 2.022052424942262  0.350593203510392  2.855845034642038  2.216499538106239 
 1.553827959697736  0.272033404181360  2.264130478589416  1.167635956423172 
 1.335728157593123  0.358673848424069  3.727818051575939  2.587006876790829 
 1.927256294416247  1.174214842639596  4.499107106598980  3.272856852791876 
 2.273252348993289  1.580766382550333  3.688226845637588  4.406440268456366 
 2.534665196078430  1.834680245098039  2.776382352941175  2.181363039215684 
 1.153559066427287  0.315075901615799  2.836978994614002  2.966981687612213 
 1.927254744525545  0.509750196350366  1.387265755474452  1.740390182481754 
 1.808184554973821  0.253529687853403  2.103885078534034  3.327050000000003 
-0.242100887892377  0.069078316438180  0.799540845611792  0.584545627930817 
 0.790447896494158  0.148844647979967  1.130950884808013  1.164196160267112 
 1.300299301397207  0.601128515568862  1.607539900199598  2.434499401197601 
 1.033950190930787  0.185606430071599  0.876348939379474  2.092191646778039 
 1.782943102040816  2.057373877551022  2.734920816326529  3.550073469387752 
 1.083489785340313  0.218237905497382  1.278370000000000  3.096119633507859 
-0.448092561173184  0.070541878104084  0.474717823072626  0.526287557541901 
