-0.159493765865148  0.071111942077892  0.880537788813341  0.656795526293870 
-0.403911938274073  0.069789244497126  0.507826036476220  0.564312869916076 
 0.947594705511704  0.213242331763786  1.016738982047152  2.443908346456641 
 1.744421899109769  1.252313501483685  2.818363204747820  1.312234372996831 
 0.363216023698948  0.093353481657325  0.965423074459593  1.686660048038433 
 1.058135823327609  0.329109308490572  3.074112178387664  1.435528012006910 
 1.063240124716560  0.243761703117916  1.326654807256224  1.481943582766428 
 0.197568151283553  0.082503608246206  1.322932462077031  0.889991833138855 
 0.686205339512635  0.102328001174936  2.195609051348955  1.646719495213190 
 2.276798504273477  0.899391318376065  2.212125213675227  2.938628632478619 
 0.640536110393108  0.106027754266176  1.703682391482367  2.167911384111378 
 2.252711111111096  1.778191428571434  2.689527619047615  4.122657777777754 
 1.627325605095556  0.998272515923576  1.192158321656021  3.384548407643375 
 1.323816672862445  0.263913547026029  2.994159293680320  3.303348698884747 
 2.236679667673707  2.084062537764356  3.125605135951663  2.411303202416903 
 1.251852315211269  1.460651521126765  3.423334647887345  3.484444507042266 
 0.656414301864801  0.128870440846154  1.990846270396278  0.900581936130535 
 1.394442086513991  1.579346590330793  2.214064376590331  3.057193638676845 
 1.590439513677802  0.119248472857144  1.754230091185398  2.292682370820696 
 1.979451158940400  1.420885860927150  1.541775533443706  1.935298377483442 
 1.070356129074318  0.245482211734029  1.967593533246407  3.027750847457618 
 1.106156284074602  0.767355839311329  2.091996556671454  2.136220803443328 
 1.950849968652036  1.267427836990594  4.079366144200631  2.059240438871479 
 0.011182987193597  0.073923641530265  0.795336865332668  1.126021010505257 
 2.428030473372782  0.865877472485208  3.269824556213028  3.360468343195267 
 1.540726114130434  0.559429431141303  2.269374402173907  4.024511956521744 
 0.342685562025317  0.091546632463291  1.533550822784810  1.448200696202529 
 1.361416509191180  1.105141176470589  2.956056985294118  2.474634191176472 
 0.939975286937900  0.112941061423982  2.616923661670234  2.338449250535330 
 1.936969128787877  0.362330405530303  2.863869318181817  2.205133901515155 
 1.530937629233512  0.320161215614973  2.152588591800356  1.341556903743314 
 1.357926972081219  0.388198363959391  3.782851269035533  2.504939847715737 
 2.063832677165356  1.377345842519685  4.384650787401574  3.582393307086614 
