 0.093385881654932  0.078344470589179  1.060186613685979  1.031113273477357 
-0.315382786025582  0.069854471915278  0.613533482496441  0.621608836380849 
 1.283537049504907  0.352690880438477  1.595286149222022  3.028021711456834 
 1.219602413937283  0.381953096703835  2.824970871080136  1.492733465296117 
 0.536502296196692  0.120475640668459  1.147118531156373  1.802105593545906 
 1.893975584551147  1.086230945615869  3.650786430062640  2.100483350730701 
 1.581600802620804  0.489185374086816  1.664465660196558  1.722182874692864 
 0.570660795766369  0.118188931359466  1.822905370442969  1.161323945981960 
 1.246751345187004  0.366286537645617  2.730178969957073  2.626235315757187 
 1.978678274605092  1.211985279538274  2.253454082624539  3.847408262454432 
 0.770232008803205  0.132392467875685  2.029790686894207  2.115722250316058 
 1.976299572083329  1.702898888888889  3.751648333333333  3.443541111111108 
 1.852334738738739  1.518185603603606  2.280590468468461  2.462000171171171 
 1.550458083028084  0.518470335042735  3.310754456654461  3.436118681318680 
