-0.161190259692325  0.071199865590773  0.907959119999949  0.637928182030877 
-0.174524056084656  0.068820025903247  0.554623147996960  0.907998510959892 
 0.904068885668168  0.178974000917881  1.072429260225350  2.440768115941975 
 1.676369046052605  1.231973421052639  2.774818750000052  1.290010322368197 
 0.391168981517496  0.094453897363812  0.925973478599252  1.756923054474712 
 1.035637695984697  0.318913284225628  3.095262715105181  1.450770900573668 
 0.952663790849682  0.193364511710242  1.375046383442253  1.453116122004347 
 0.166896532964608  0.082841551426251  1.325396718289109  0.836170907079646 
 0.658877951886809  0.125862815537738  2.199612358490517  1.513066886792412 
 2.118308565310473  0.861287937901496  2.240026980728063  2.791467023554595 
 0.586143029319314  0.124449773352101  1.731586386554601  2.063653445378145 
 2.239209293680278  1.756659702602236  2.234084089219322  3.866311524163543 
 1.557757791044789  0.904143883582099  1.190280552238778  3.298242686567224 
 1.756462575757564  0.449460957878799  3.233566666666709  3.639625757575739 
 1.966448658008636  2.185389610389616  3.716544588744593  2.605288744588719 
 1.244235625083610  1.488291404682280  3.282339464882968  3.530996655518412 
 0.599640700520834  0.112186506830729  1.892766015625008  0.850765567968749 
 1.339200044009776  1.576449095354527  2.270512713936428  2.874568704156476 
 1.372116182085160  0.022753727518356  1.894223494860490  2.253459765051422 
 1.919773212669684  1.621151040723980  1.579112235746603  1.962845882352938 
 0.893365311827961  0.238333091858679  1.886323502304138  2.881533333333329 
 1.146724239130434  0.718321182065211  2.226594972826083  2.110554619565213 
 1.934979279999998  1.026374171999997  4.070906400000004  1.838549596000007 
 0.085027178832952  0.078384403963959  0.920055022883297  1.177493129290622 
 2.620411231884063  1.004759998913046  3.232689492753633  3.140650000000002 
 1.276261787072240  0.679683003422052  2.267167604562734  4.152076045627386 
 0.305917874170462  0.090364688023422  1.486312491867272  1.417990761223161 
 1.429144719540234  1.157605287356325  3.197252643678151  2.435085287356326 
 0.851799207894734  0.059533965552631  2.593434868421046  2.217235263157894 
 1.899165183752417  0.313773198297872  2.835635589941977  2.122207156673121 
 1.473199481765837  0.297135291094049  2.178138771593089  1.193320373704413 
 1.309344198412699  0.320408116666667  3.697034656084662  2.577892592592589 
 1.891530262008736  1.217182681222709  4.479271615720521  3.287216593886462 
 2.240156571428571  1.663378171428569  3.522487428571432  4.361727428571421 
 2.474400438596491  1.805371491228071  2.777019736842104  2.218619999999996 
 1.110885384479715  0.311579487125220  2.775413756613755  2.989308818342153 
 1.688837106598985  0.536461994670051  1.298056667512690  1.894526167512692 
 1.778645454545454  0.231778718347107  2.079766115702480  3.370825895316808 
-0.437235672952854  0.070182082236382  0.519503435880894  0.501125876625310 
