 0.141041945270239  0.081139203551809  1.336702995495405  0.713054092342542 
 0.143478411666666  0.076187278430550  0.659237074722191  1.304874166666574 
 0.778533949275238  0.105834878152180  1.555174275362213  2.392669384057913 
 1.699953789473641  1.229840210526327  3.016123684210615  1.205907626315434 
 0.336945986559121  0.088290841115590  1.023051397849503  1.676575806451611 
 1.251306584415567  0.349441435584429  3.489720779220808  1.510284891775010 
 0.958157326388907  0.067541162152781  1.521601545138870  1.670937673611098 
 0.357785737724562  0.089271492629936  1.738541916167710  1.132643329341315 
 0.748753445714340  0.266856499142864  2.654309142856988  1.055001731428453 
 2.646204395604340  0.774472692307685  2.420901648351673  2.832050549450521 
 0.573973848606139  0.131957535589952  2.094641329011309  2.160702755267398 
 1.942098769230727  1.468790000000009  2.340832307692289  4.574270769230718 
 1.803466826347339  1.197753017964089  1.150659838323293  3.541732335329464 
 1.528630999999981  0.296245247368441  3.418551578947443  3.719656315789440 
 2.178694078947335  2.072705921052640  4.002040789473694  2.766638157894698 
 1.049202701169587  1.308952923976618  3.659288888888934  3.269884210526342 
 0.818973994974872  0.083289531557789  1.852579396984936  0.744497628643218 
 1.751957594936703  1.019994715189877  2.189195569620252  2.830143987341777 
 1.282330367816085 -0.074566391034481  2.049826666666646  2.129983448275911 
 2.228793333333333  1.306535999999996  1.483173747333330  2.113224666666660 
 0.929569391566278  0.056088298192772  2.009042771084313  3.003941265060224 
 1.142789463869458  0.643425547785537  2.771312354312351  1.920114685314683 
 1.941776415094335  1.163091383647794  4.214879874213841  1.824815094339634 
 0.142094521387282  0.076330841917148  1.273524065510604  1.274325096339114 
 2.403991525423737  0.894070235593224  3.653516949152558  2.930930508474581 
 1.180924910179632  0.433142295808380  2.282040119760475  4.149035928143734 
 0.396712093176735  0.121276108648770  1.594891387024604  1.720182214765089 
 1.603416752411583  1.160554630225082  3.263698070739532  2.507356270096469 
 0.894368105515584 -0.031758171678658  2.796239568345322  2.007884652278181 
 2.141606578947359  0.420755673771929  3.172172807017558  2.030139912280707 
 1.509859433962268  0.077961408584905  2.419712893081756  1.345066194968552 
 1.355162291666667  0.399253841250000  3.863940000000015  2.508497499999992 
 1.863924827586210  1.121034855172418  4.599844137931032  3.304371034482757 
 2.105919512195122  1.668978048780484  4.075865853658546  4.459741463414615 
 2.526870285714284  1.730092971428571  2.838090285714284  2.115433828571429 
 0.806062960573477  0.227639582795699  3.025277777777768  2.818545519713280 
 1.724674180327867  0.337212192868853  1.310202856557378  1.544656516393447 
 1.817322779922778  0.214545433436294  2.023336679536678  3.384329729729737 
-0.025687657826748  0.073241424227963  0.957025159574471  0.993695281155019 
 0.693518174342107  0.164171322105263  1.169238881578945  1.178364917763157 
 1.194103065476192  0.825454226190476  1.503103333333329  2.334052083333328 
 0.995696167883210  0.238638570802919  0.691758341605838  2.025285766423355 
 2.395310791366907  2.089790647482015  3.013015107913669  3.546172661870493 
 1.554151333333333  0.124433515466667  1.406952900000001  2.555095333333348 
-0.225083271541158  0.069061971935201  0.562579725043782  0.878650455341511 
 1.582785078534034  0.114670061780105  2.844010209424085  2.762253403141360 
 1.028921405152226  0.569430866510539  1.916709367681502  1.619127751756439 
 1.035154668161436  1.336990807174889  2.493530941704036  2.324901345291481 
 1.835575000000000  0.535907167816090  2.299302011494245  2.128482183908043 
 0.647435372492838  0.092892081332379  2.167212464183383  1.535148567335243 
-0.546621008100810  0.075903037890469  0.523943583528357  0.528001558955895 
 1.671299720670390  0.871093407821230  2.032208938547488  1.067263730167599 
 1.465838913043478  1.852283152173909  2.190689673913044  3.196067934782608 
 1.397018819875775  1.722067080745340  3.089731055900624  3.700977018633541 
-0.194936453201970  0.066809694367816  0.895497446633824  0.591285298029554 
-0.256704106371490  0.066745834589633  0.500535250539957  0.461550300431965 
 1.080129013452916  0.427368885201794  1.194590179372197  3.269132735426010 
 1.065142427983541  0.453976616255144  2.256528600823044  2.448737654320990 
 1.042103856655290  0.757762525597270  2.513340614334473  3.219676450511947 
 1.635515390625000  2.185025781250000  3.206982812500001  2.235601562500000 
 1.854440637450199  0.801521434262948  2.739531872509963  3.465847410358566 
 2.547112765957446  1.041893765957447  3.255214893617022  3.901719858156031 
 2.530429365079366  1.566025952380953  1.961930158730159  3.438887301587301 
 1.624108301886792  2.004233018867926  1.852984433962264  1.820260566037736 
 0.490435689922480  0.098497000439277  1.080483333333334  2.210482428940570 
