-0.171491253386681  0.071065450304004  0.866089685333291  0.647464844693426 
-0.406928412981164  0.069887087459585  0.502936121744463  0.564954575511850 
 0.932839196799891  0.218369763472007  1.015500437759906  2.423384799999946 
 1.682454712990913  1.237630996978858  2.749968882175274  1.310850990936350 
 0.356601433475650  0.089670222963278  0.941173420153742  1.691479333902650 
 1.007964830357136  0.309180438303577  3.045088392857160  1.427610948214336 
 1.016108465845472  0.227261240369543  1.328322889137725  1.468485487122050 
 0.175314833656767  0.082216417591872  1.303772941176491  0.868573201940570 
 0.677965452330711  0.099934830738788  2.162546262093182  1.625618381706205 
 2.103756827309216  0.718939265180720  2.140494779116477  2.939811044176696 
 0.614337842420952  0.115495282910982  1.685457820299475  2.137441763727116 
 2.252069056603755  1.808599849056609  2.269004603773576  3.871281132075446 
 1.562667571884998  0.949128277955281  1.182869498402525  3.343034504792396 
 1.329874249547912  0.247629698553352  2.971469620253186  3.273281555153697 
 1.975029011857688  2.160971146245064  3.698702766798423  2.603150988142270 
 1.238190890560471  1.402907404129799  3.264571386430701  3.585753982300900 
 0.620003289623717  0.127264113849487  1.955594640820989  0.903065389053591 
 1.375675853080566  1.599396611374411  2.244165402843601  2.845996682464453 
 1.524105103668253  0.054288116012760  1.735012296650705  2.286072089314222 
 1.919742704402519  1.234160283018866  1.424053368238991  1.909914842767293 
 1.005523295275593  0.254961408005249  1.957027821522301  2.982577165354325 
 1.140580421607376  0.680132529644264  2.134195783926219  2.084992358366271 
 1.936737472924187  1.090881407942236  3.986630324909751  1.854900718411558 
 0.009465943919598  0.073519372321106  0.794666974271358  1.118091396984930 
 2.454852354570640  0.872630844044322  3.190860941828262  3.225474238227148 
 1.505878116343488  0.551157021052631  2.235742603878113  3.998221883656516 
 0.317902985982479  0.090926705126408  1.494172903629534  1.425286795994992 
 1.320221927308452  1.069997996070729  3.055487426326125  2.485342829076623 
 0.897468209567197  0.091418670353074  2.605742824601362  2.313237129840546 
 1.891431521739130  0.339568783550724  2.820791123188408  2.165210144927540 
 1.514147673545967  0.268919224127580  2.151242401500935  1.262546687992493 
 1.327045085790887  0.333928019839142  3.749105630026812  2.501451206434314 
 1.892179876033060  1.200259933884299  4.452675619834707  3.307573140495867 
 2.211938578680204  1.512505741116749  3.495197969543149  4.375286294416239 
 2.465866023166025  1.736520386100386  2.692134749034748  2.261781698841698 
