-0.001084113081659  0.074584503615454  0.932308588820578  0.942363693883576 
-0.350493533607488  0.069819103019372  0.581677118576282  0.583485616335775 
 0.979476551152010  0.209501611585258  1.167931183041420  2.386862396313335 
 1.662326420890925  0.948336563287255  2.823975883256553  1.403686569431539 
 0.357329631517851  0.093270812790178  1.076719743303587  1.601167008928571 
 1.608665868347334  0.612646676358548  3.752326330532221  2.234723375350180 
 1.258669178605545  0.307172664670489  1.540565195797511  1.437639360076395 
 0.358218646133097  0.088232760927157  1.590615768884903  1.028312209622298 
 0.980309963940207  0.238488678021109  2.841845822339451  2.274890061565479 
 2.317796992481182  0.738622571218043  2.688126917293238  2.893490676691725 
 0.621311058390286  0.126736849484398  1.882394353640399  1.908499603764231 
 2.186130406504055  1.632326727642280  2.698657987804872  4.050600609756099 
 1.618425260504210  0.741137602857146  1.568632929411748  3.557275798319355 
 1.337087915006635  0.428675166268264  2.958265604249683  3.537416600265602 
 2.230398050458708  1.909495527522938  3.479202981651378  2.304360458715591 
 1.896438129032258  1.301619795698928  4.147850967741934  3.487205376344094 
 0.869595327840414  0.187927041760625  2.471214917606253  1.253821578490889 
 1.294802835055865  1.546481354748605  2.689651256983239  2.855914664804469 
 1.565625917431188  0.290764411137615  2.210738715596324  2.195122293577996 
 1.897595914179107  1.391854682835818  1.634582035634328  2.244218899253732 
 0.983098337499999  0.233467651980769  2.023853076923074  2.844005769230766 
