 0.018202273893088  0.074915006488560  1.239331389312855  0.624866248855231 
 0.265683230593607  0.092938957465744  0.750312385844697  1.595988127853729 
 0.791906830985755 -0.015833541924875  1.716986619718172  2.241210563380209 
 1.767817475728116  1.071305097087390  2.686105339805907  1.848843689320060 
 0.202904036065557  0.080703955750314  1.210844073140017  1.447839848675917 
 1.219183212435212  0.101985905181363  3.456985492228018  1.874816580311024 
 0.746173659147893  0.118644939323314  1.079078897243088  1.485825062656622 
 0.417127866071455  0.105227607410705  1.768597321428687  0.657531881547611 
 0.619468806949881  0.147836766409275  2.685870270270067  1.312624903474738 
 2.762965354330631  0.806211354330698  2.430340157480352  2.924454330708623 
 0.578331804502792  0.155976131386491  2.121881050656618  1.836018574108792 
 2.152603030302947  1.471511212121229  1.699807878787843  4.462601515151414 
 1.995459444444508  1.128310444444477  0.973628811110998  3.290561111111338 
 1.408488333333298  0.228046407407442  3.536893518518651  3.783606481481420 
 2.525366666666603  2.246834567901252  3.919634567901249  2.361713580246838 
 1.543867862595413  1.025014198473296  3.890322900763420  3.514335114503847 
 1.084532941176465 -0.033797124598931  1.871306951871682  0.895208021390376 
 1.882451724137924  1.081761120689662  2.281782758620686  2.764358620689666 
 1.060442819277102  0.038129757349399  1.878503614457814  1.647501204819326 
 2.311484677419354  1.281731532258060  1.537760887096770  2.057605645161285 
 0.997829880000016 -0.017404889999999  1.928951599999968  3.074375999999970 
 0.845918638095222  0.693170666666646  2.839095714285712  1.837606190476188 
 1.992859894736835  1.064170526315781  4.430600000000003  1.857221684210544 
 0.164716958591547  0.075907078554929  1.501089577464803  1.076628084507042 
 2.519763571428584  1.018079785714291  3.767882857142878  2.917918571428580 
 1.070367741935470  0.282356237096770  2.233156451612899  4.035262903225838 
 0.348761314171974  0.149101851165606  1.620729936305724  1.692770222929923 
 1.723464853556494  1.136672050209205  3.280003347280311  2.583612552301268 
 0.704284211143692  0.032994774222872  2.659554545454534  2.273004105571849 
 2.169493939393933  0.415208669292929  3.166633838383856  2.098883838383845 
 1.809078064516134  0.040732910967740  2.376326451612885  1.383894903225802 
 1.536815304878048  0.440279306097560  3.998477439024413  2.521102439024379 
 1.868186746987959  1.058477518072296  4.793446987951800  3.344986746987952 
 2.253381081081082  1.741568783783780  4.268318918918929  4.200004054054038 
 2.489370634920636  1.693726746031746  2.747793650793654  2.369653174603173 
 0.894129613496934  0.465336210429448  3.438776687116551  2.825959509202489 
 1.604842384105957  0.175263026887418  1.179396556291391  1.417478609271533 
 2.077777064220178  0.289133424403671  1.787123669724773  3.679261467889911 
 0.015546258447010  0.076614017843651  1.074899916054568  1.075341311647434 
 0.536251761517621  0.108026740108402  1.036404579945792  0.882523224932249 
 1.366829193548389  1.454759112903226  1.582430645161280  2.639532258064501 
 0.837812669683255  0.091027969230769  0.660950821719454  2.123968778280541 
 2.403412598425198  2.006257480314963  3.080855118110236  3.511661417322820 
 1.548833333333332 -0.005568715384615  1.291962256410252  2.526577435897460 
 0.037979648640912  0.074535480400572  0.653476092703862  1.178699098712459 
 1.385827581699348  0.524222163398695  2.801989869281047  2.426459803921571 
 1.074493008474575  0.861212245762711  2.001019067796614  1.980463559322027 
 1.018512105769234  1.231113125000000  2.518729807692310  2.594904807692308 
 2.123228125000001  0.336179122499996  2.116582499999985  2.368911874999991 
 0.458114711462453  0.099566686363637  2.017171541501976  1.238494209486165 
-0.589389442934782  0.091986414940640  0.488391630842398  0.524771008152173 
 1.778897777777775  0.826298000000001  1.945243259259264  1.097819851851852 
 1.479076030534349  1.930746564885490  2.334701526717561  3.114520610687025 
 1.298720249999999  1.311486249999998  3.126345625000002  3.566455624999997 
-0.224342238038278  0.069659408383972  0.848686997607653  0.888972858851671 
 0.023148438669065  0.077472948902877  0.773754208633097  0.649308030215828 
 1.149935408805034  0.382495874213837  1.097421635220123  3.324848427672960 
 1.293956101083034  0.571073971119133  1.733589891696747  2.677633574007222 
 0.926193490118576  0.452838625296443  2.642959288537555  3.148709881422925 
 1.661697368421051  2.163388596491230  3.122260526315790  2.259567543859650 
 1.751908108108107  0.915830486486488  2.688212972972977  3.408355135135139 
 2.560271111111111  1.124358896296297  3.152023703703704  3.881797777777779 
 2.475319642857142  1.707113392857144  1.978939285714285  3.368358928571427 
 1.740563978494624  2.119309677419356  1.935919462365590  1.786503440860216 
 0.376266995337995  0.106106454918415  1.125358974358973  2.016150582750591 
 1.904338011695909  0.256904989473684  3.045291228070178  2.961363157894726 
 2.637345454545454  1.402081818181817  3.258704545454545  1.353038787878788 
 1.331275273972603  1.136198287671232  1.738056575342466  3.580198630136992 
 1.059899082125603 -0.192925922077295  2.583792753623195  1.681013043478260 
 1.408665696969698  0.464071271030302  3.244953939393940  1.229868781818182 
 0.745498413533834  0.190088890601504  1.273587969924812  2.633870300751881 
 1.392115103448278 -0.070644582965517  2.161286896551722  2.332481379310341 
-0.268879872514620  0.064870229543860  0.472792828070175  0.815156163742690 
 0.960943371104817  0.381869378753541  1.394442719546745  1.979436543909352 
 0.922223354444444  1.648251111111112  3.476842222222222  2.903052222222221 
 1.705417549019608  1.928714705882353  4.094778431372546  2.943574509803923 
 2.235083333333332  1.464620952380952  3.023571428571431  5.114966666666667 
 0.594203536585364  0.089453469788618  1.526683333333335  1.224735060975610 
 0.463473022705883  0.253644604313725  1.955239607843139  2.474305490196078 
 1.576009012875537  0.337673477682404  2.250926180257511  3.118652360515021 
 1.366890033557049  0.405483030201343  2.464028187919465  1.898183557046980 
 1.370797089552239  1.203131417910449  3.697743283582089  1.794871716417910 
 0.984675873493976  0.366389935722891  2.208596385542172  2.405093975903620 
 1.552250400000001  1.402695199999999  2.818419999999999  1.023393779999999 
 1.518729090909091  2.297984415584414  2.849699999999999  3.946233766233765 
 1.031943893805308  0.304383792035399  2.578302654867258  0.588407076991150 
 1.369398556701030  1.165444329896907  2.590264948453608  4.305238144329897 
 1.488299891304348  0.846048369565217  0.823713294565218  2.117846739130434 
 1.632100000000000  0.490172642201835  1.657794495412844  1.940227064220183 
 2.048865420560747  0.279124607476635  2.810725233644860  3.825648598130841 
-0.335460427601810  0.063822728880091  0.801984287330318  0.519852187782805 
-0.305953031380753  0.054979973375174  0.462955970711297  0.425038400836820 
 1.259644593023256 -0.197909420930233  2.928094186046510  2.784394767441862 
 1.013945846153847  0.462176320000000  2.267738461538463  1.310693307692309 
 0.950733816425119  0.571366811594203  1.559011932367149  1.316121062801932 
 0.675696328671329 -0.081920818531469  1.530782517482518  1.794779370629371 
