 0.019464375172788  0.076143265361904  0.954595810892983  0.970060400331816 
-0.343545669167804  0.069753627428733  0.590067088703949  0.589128544938592 
 1.028508817507369  0.205518919658757  1.463109085311529  2.686614243323413 
 1.857024461805541  1.386172586805558  2.474327083333362  1.566213781249882 
 0.423740412798630  0.103237337875426  1.083647829180903  1.686971651023890 
 1.609068111254849  0.665190661500650  3.671430401034939  1.987050231565370 
 1.413940757299275  0.408761624598542  1.480428666970800  1.617009425182469 
 0.416436987264353  0.092915898304146  1.623256070381240  1.054531599999995 
 0.985837814070367  0.179630316281408  2.920428944723584  2.613290351758734 
 2.320376980567991  0.660237774439460  2.757513303437970  2.848374887892370 
 0.645712109216224  0.117700541207469  1.925400922083895  1.920345366528348 
 2.151420571992102  1.591776291913218  2.754716765285990  4.065329783037474 
 1.833685969696978  1.272167409090912  1.555938371363623  3.034570303030328 
 1.368630819148934  0.407548430094566  2.375875744680857  3.617752482269500 
 2.228195976744179  1.953136790697677  3.563483488372094  2.526411627906973 
 1.794398978805394  1.061187576107902  4.097196917148363  3.501645279383432 
 0.984892058779199  0.232613334536549  2.573493368500385  1.317616084928410 
 1.252324453030302  1.450433195592288  2.825908264462811  2.888742561983467 
 1.416727676317741  0.379038015322940  2.323171566443945  2.261596807720863 
