-0.158708518406776  0.071123767878700  0.904889263729582  0.634714836330824 
-0.131802787647059  0.070189493315438  0.571841503529396  0.949487970588189 
 0.738370231086564  0.152358034759290  1.355733480054941  2.298535075653321 
 1.684648547854758  1.226557524752484  2.774193069306983  1.289844976897465 
 0.341520877358475  0.082330961236896  0.938441724318689  1.750158176100632 
 1.048824047227919  0.330089430698159  3.127245790554435  1.457231234086299 
 1.022638580171369  0.224641953488374  1.672694859241110  1.610196646266820 
 0.146973565525299  0.079759498392216  1.358295284046717  0.837310972762645 
 0.637263046457630  0.128590640429735  2.272516608594596  1.483966910569056 
 2.096203463203445  0.912276062770559  2.270350432900445  2.793697835497826 
 0.548450416097281  0.107024583242163  1.864867027026998  2.040268864864847 
 2.267786742424222  1.759021818181823  2.358868939393930  3.884837499999974 
 1.792511373390580  1.245869184549369  1.246963188841160  3.416052789699660 
 1.757631229773449  0.443285094174769  3.250121035598750  3.675611650485416 
 1.969470608695630  2.182752173913050  3.720715652173918  2.605294347826061 
 1.245848160738253  1.484127281879201  3.279015100671165  3.533420134228206 
 0.620955705394192  0.118926372096819  1.922218118948831  0.855967781742739 
 1.314958886543531  1.597320791556732  2.300191556728231  2.875582321899734 
 1.409493279483029  0.021878230597739  1.938212600969293  2.300512439418448 
 1.859934400000001  1.677652499999998  1.627054210499996  1.937196999999997 
 0.843794112262527  0.207675174887738  2.036534024179609  2.864895164075990 
 1.150704908579464  0.727714838255971  2.247282559774961  2.130029676511950 
 1.945880243902437  1.025355012195119  4.065287398373987  1.832038613821146 
 0.068419620547945  0.077633400305106  0.973478929016191  1.185087665006230 
 2.621600000000005  0.988425186842108  3.262315037593995  3.135809398496242 
 1.271815152671752  0.679854129389311  2.277762900763354  4.156870610687034 
 0.322048813342504  0.093809638447043  1.523981017881705  1.443613823933967 
 1.430314609813089  1.156840303738321  3.204794859813074  2.436956775700938 
 0.879246324246770  0.056937120674318  2.637060832137728  2.192264562410330 
 1.901313911290323  0.316519662338710  2.877601814516133  2.143313508064523 
 1.513068222222225  0.272964937022222  2.251892444444443  1.177988454888887 
 1.285622606321839  0.331981347988506  3.734653735632190  2.584116091954020 
 1.880855198237888  1.211346273127755  4.460767400881053  3.252861233480175 
 2.249574375000000  1.667843624999997  3.640478125000003  4.389702499999991 
 2.475897797356828  1.806177092511014  2.777612334801761  2.215427136563873 
 1.156495054347824  0.322222621739130  2.815953804347825  2.984943297101454 
 1.836106413994169  0.581537486297377  1.407897892128280  1.855072711370265 
 1.823342222222222  0.259293785444445  2.117620277777779  3.365049166666670 
-0.432035318117647  0.069633062534734  0.518134660376472  0.515266989835295 
 0.782430261941448  0.148688640462250  1.145065362095532  1.184909583975349 
 1.224194156171285  0.391600943324937  1.284768589420654  3.039175566750628 
 1.074345938461539  0.274757927692307  0.774283771076923  2.089825230769231 
