 0.023011841460199  0.078200310586710  1.189706505866911  0.627111934811182 
 0.170341916808149  0.077883231697786  0.671650994906582  1.391156706281719 
 0.770089009523679 -0.010208861123803  1.590194476190366  2.173108761904701 
 1.765480952380914  1.054917952380962  2.692682380952461  1.850517142856821 
 0.246709159268277  0.091419298292682  1.139821134146381  1.485880365853660 
 1.182822487562170  0.128204058208970  3.438940796019936  1.780566169154367 
 0.796993706896574  0.046108880474142  1.245382758620672  1.437722823275845 
 0.357134511467910  0.084600858633020  1.729844495412934  0.716371922477058 
 0.763272137681229  0.303456763405805  2.645791304347635  1.034094329709993 
 2.671214743589680  0.789679435897428  2.455840384615413  2.857905769230737 
 0.550930842694474  0.169051720738140  2.071902087286485  1.855820493358607 
 1.986589411764642  1.442620470588249  1.832563764705854  4.452681176470509 
 1.930458333333390  1.158041960784343  0.930905853921469  3.248683333333534 
 1.478008196721281  0.196090295081998  3.485480327868968  3.777030327868798 
 2.533396385542106  2.228726506024114  3.926512048192786  2.365725301204745 
 1.576412352941171  1.060321372549032  3.794649019607896  3.460729411764732 
 1.069638193832595  0.037738327753304  1.977900440528655  0.791519286343614 
 1.837051882845181  1.122381924686199  2.241157322175727  2.837541004184112 
 1.080995514018684 -0.001960534112148  1.881295794392505  1.677856542056124 
 2.302343846153846  1.201534846153842  1.447866669230765  2.020339230769225 
 0.994809640000016 -0.032376349999999  1.942945999999967  3.095319599999970 
 0.812286897196246  0.694207943925213  2.819800934579436  1.806416355140184 
 1.994929680851056  1.060240425531906  4.435104255319152  1.854411276595763 
 0.222271173950483  0.081515046254036  1.479036275565134  1.152267631862216 
 2.518256428571441  0.962440177142862  3.719952142857164  2.921417857142865 
 1.147842213740445  0.317979186259538  2.323377862595415  4.139287786259571 
 0.372507224435591  0.103512636695884  1.561329083665331  1.704296414342618 
 1.704396761133611  1.135516518218624  3.268387044534391  2.588153441295559 
 0.803024794425083 -0.003350436236936  2.794961324041801  2.380351916376309 
 2.166046938775503  0.411636256224489  3.178662755102058  2.109750000000007 
 1.715680379746839 -0.098433817088609  2.491744936708843  1.472966202531640 
 1.530518402366863  0.443678693491124  3.992060946745584  2.505152662721883 
 1.895774444444450  1.072076377777784  4.768636666666660  3.335412222222222 
 2.236064556962027  1.709381265822782  4.222582278481021  4.208418987341756 
 2.491569230769232  1.700698230769231  2.736120769230772  2.365522307692306 
 0.911020530054646  0.465120214754099  3.422427868852445  2.810413114754130 
 1.652849295774647  0.325152628920188  1.310174600938967  1.521623568075123 
 2.104591869918695  0.260771839512196  1.884308780487807  3.698311382113823 
-0.012696594168842  0.074467286940818  1.049817180156662  1.073820400348132 
 0.537805192307697  0.119493295480770  1.038476514423071  0.884998100961539 
 1.399289551282052  1.188980448717948  1.412761666666659  2.487564102564090 
 0.982595742574254  0.200793368316831  0.599732295049503  1.888891584158413 
 2.396224060150376  1.981560902255641  3.069307518796992  3.510583458646602 
 1.597177731092436  0.057006157983194  1.327551680672266  2.498605042016826 
-0.091858100211643  0.070265874073016  0.626666315132275  0.971508835978843 
 1.423029237288137  0.523883451977403  2.742434745762714  2.363000282485880 
 1.152383333333332  0.811122473118279  2.027722222222225  1.952211469534045 
 1.013515372197312  1.242107399103139  2.514390582959644  2.605963677130045 
 1.938741772151899  0.423145237974681  2.094176371308007  2.174970042194087 
 0.473678111307423  0.083381581802121  2.024258833922265  1.280273268551238 
-0.557451193058569  0.089122910737528  0.526308475054236  0.471623011930586 
 1.748245238095237  0.758048511904763  2.019698809523812  1.081135635119049 
 1.471433115942027  1.922100724637676  2.262317391304351  3.106268840579713 
 1.256780710382514  1.237077759562841  2.926571584699456  3.843985245901636 
-0.269187128352490  0.072150877298851  0.847757509578542  0.722193448275860 
-0.208407014084507  0.060716597042253  0.674393956466070  0.414783708322663 
 1.166570955414014  0.374571394904459  1.125918343949042  3.354357961783442 
 1.148161354466860  0.495504337175792  1.811978674351583  2.587003170028821 
 0.948240444043321  0.416235591696751  2.640493862815888  3.135481227436823 
 1.637732743362831  2.151329203539824  3.118545132743364  2.300714159292037 
 1.874946638655462  0.690359773109244  2.801322689075635  3.415836134453785 
 2.535752413793102  1.048116627586207  3.114135172413793  3.901523448275864 
 2.511621238938054  1.642707433628319  1.973763716814159  3.425048672566371 
 1.751167129629630  2.059237962962965  1.922702870370369  1.826694629629630 
 0.410006969818913  0.091164573420523  0.993220784708249  2.007881690140849 
 1.631237793427231 -0.047464377464789  3.025291549295776  2.852892488262907 
 2.627439705882353  1.424124999999999  3.255979411764706  1.363405294117647 
 1.327492327044026  1.103405220125785  1.766291194968553  3.568652201257867 
 0.774864061688311 -0.104050255487013  2.564269155844161  1.676732792207792 
 1.518507687074830  0.516539277006802  3.200451020408165  1.121890360544217 
 0.768879677165354  0.211905274409449  1.151243779527560  2.645207874015748 
 1.392872657342659 -0.081455311398601  2.178710489510486  2.344748601398600 
-0.328641114118896  0.053944416163811  0.423918699893843  0.689239373673036 
 0.991259635854343  0.454672696638656  1.390630448179274  1.941093837535018 
 0.957807517592593  1.641298518518519  3.455209259259259  3.058079629629628 
 1.714381089108912  1.931761386138614  4.099349504950492  2.933194059405943 
 2.185079999999999  1.438602000000000  3.017926666666669  5.097646666666668 
 0.818432647058823  0.383135269671568  1.686574509803923  1.280099803921568 
 0.496922886345515  0.192037450498339  1.934114617940201  2.488500996677739 
 1.591410227272728  0.363305478409091  2.218078030303032  3.097300757575756 
 1.225169331210191  0.367658880987261  2.438156369426752  1.646465286624205 
 1.365891824817518  1.203832919708030  3.700889781021898  1.796743138686131 
 0.906938383561644  0.266071585643835  2.292582739726029  2.299002739726028 
 1.515641684210527  1.479980210526315  2.798596842105262  1.071233978947368 
 1.545475675675676  2.349441891891892  2.837641891891891  3.926694594594593 
