 0.012348474573371  0.075503682455633  0.939125878270739  0.968826339021667 
-0.345517425399891  0.069638385032075  0.588662846138988  0.586649872366227 
 0.985167406087549  0.191956839123983  1.468860227913840  2.594096733481783 
 1.690317602427909  0.967267880121401  2.818111077390006  1.425954334901262 
 0.412299568298154  0.102679305244723  1.066526502739128  1.682745644364614 
 1.526188104738152  0.562682940049879  3.671593017456365  2.250733703241932 
 1.307197746350370  0.311308801012776  1.524342281021894  1.505316505474439 
 0.375677836882457  0.089582063118397  1.590358534923349  1.036084718568990 
 0.894844644736856  0.189246082166668  2.673578157894708  2.413204999999952 
 2.335869525267974  0.703350371914240  2.701570750382853  2.913499081163853 
 0.623797732311149  0.126017050429715  1.885012156078024  1.881854177088536 
 2.178209343629334  1.615958725868728  2.718484034749028  4.040470463320465 
 1.593998735818484  0.717453895786065  1.545474996758493  3.519461588330661 
 1.272542299278844  0.392237329567311  2.762421274038470  3.492924038461530 
 2.236289364035082  1.885755877192985  3.511755482456141  2.328180175438591 
 1.833045168986084  1.219484648111335  4.130841948310136  3.483563618290265 
 0.901039661129566  0.202820317317276  2.535258720930242  1.296251640365445 
 1.304208228005463  1.546069617486341  2.680995081967211  2.855888251366120 
 1.509487962806420  0.336731433000846  2.282989010989008  2.275754268808123 
 1.908297403314920  1.356354825046038  1.604747607918968  2.240603001841621 
