 0.138736739180643  0.082453211401267  1.331832783613361  0.733654447479178 
 0.148252354945054  0.077201260260983  0.667861955769200  1.325679986263644 
 0.711921443234729  0.119261401819601  1.438883576982802  2.352328771384088 
 1.707924851485108  1.213493762376248  3.034168316831765  1.220989252474913 
 0.351369524147707  0.084483060355112  1.005539389204586  1.840376278409089 
 1.257190962499984  0.361608080500012  3.486020833333362  1.529273708333448 
 1.063484394213400  0.058517595117544  1.511667667269420  1.619984882459300 
 0.353730807603697  0.090834960490780  1.731106105990827  1.130195806451611 
 0.751584455056233  0.250253973876411  2.653912921348163  1.052205775280782 
 2.697545294117589  0.839398647058816  2.315745882352966  2.842201764705853 
 0.602764338604975  0.117844078559472  2.078762408223168  2.166118208516864 
 1.920692456140303  1.484868807017555  2.261858596491207  4.633288596491171 
 1.986122590361479  1.287143313253029  1.211935391566205  3.454994578313377 
 1.617373796296280  0.334706254629647  3.344132870370433  3.762559722222191 
 2.182457792207758  2.071733766233774  3.999962987012997  2.781554545454506 
 1.027699949689437  1.329154658385103  3.674579503105637  3.332172670807481 
 0.835667637231502  0.090151779713604  1.828247732696909  0.753176315513128 
 1.775661467889903  1.031102691131501  2.177346788990825  2.869629969418965 
 1.296946942148755 -0.040666305702478  2.042812190082627  2.173300000000045 
 2.032991228070175  1.652330935672510  1.585039427485376  2.066632631578943 
 0.934536395886901  0.113878792030849  1.987364267352166  2.990719280205643 
 1.121183822368416  0.686655657894727  2.757526096491225  1.944507456140349 
 1.947368633540368  1.116178881987573  4.243309937888203  1.879379254658396 
 0.156629058951175  0.077224740244123  1.258731256781199  1.320395027124775 
 2.464685714285722  0.899262930049265  3.487753694581294  3.103776354679805 
 1.069696300578025  0.494472181502887  2.266513872832366  4.066695953757247 
 0.423199140148306  0.122632587533899  1.590320868644063  1.723200529661006 
 1.580553292307700  1.173228953846156  3.283129538461522  2.529707692307699 
 0.887858960739026 -0.021474229769054  2.802875981524247  2.038892147806008 
 2.175849557522115  0.418238763362831  3.211583185840722  2.082038495575229 
 1.546730985915496  0.131173557830985  2.444030140845067  1.374972205633802 
 1.299298011406844  0.374955491254752  3.808651330798491  2.554968060836495 
 1.877055757575760  1.121331478787882  4.524231515151513  3.280803030303028 
 2.310268595041323  1.557966371900824  3.895578512396700  4.394019834710732 
 2.528817058823527  1.730077470588235  2.842359411764703  2.084143058823528 
 0.797282471186440  0.253536995254237  2.914415593220329  2.933587796610184 
 1.941178773584904  0.485677379528303  1.321364797169812  1.701670990566042 
 1.820366433566432  0.237791913496504  2.082400000000000  3.407100349650356 
-0.025003265060241  0.072821872051205  0.951057055722895  0.998786716867474 
 0.683489049844239  0.155301357538941  1.138160903426789  1.221918613707165 
 1.268828994413410  0.788449581005587  1.523906340782119  2.336262849162005 
 0.957741191222570  0.234190401880877  0.726267039498432  2.036703134796236 
 2.579096240601505  2.016394736842105  2.759845864661651  3.442140601503748 
 1.461560875420876  0.057883861952862  1.327553872053873  2.659545454545469 
-0.224576826288212  0.068990936200873  0.562085533624454  0.879647694323149 
 1.579205744125328  0.115932335770235  2.841536553524806  2.742091383812008 
 1.025894174528303  0.583114976415094  1.888280896226417  1.612486202830186 
 1.183231055555557  1.642717129629630  2.467014814814815  2.366649074074075 
 1.851753781512605  0.582342123249298  2.355922128851535  2.179547058823528 
 0.663073077975378  0.091253738946649  2.171849931600550  1.538324623803010 
-0.546525017985611  0.075859061237689  0.524147384262594  0.528161602517985 
 1.633979137931034  0.985823448275863  1.974866666666666  1.068418475287357 
 1.538951271676300  1.854204046242772  2.133866473988440  3.285174566473988 
 1.524472620320855  1.795160427807485  3.095503743315511  3.692300000000001 
-0.192923841373671  0.067253293327882  0.896204668847095  0.590419364677021 
-0.256704106371490  0.066745834589633  0.500535250539957  0.461550300431965 
 1.102706976744188  0.565560745116279  1.194562037209301  3.361378139534886 
 1.015771071428572  0.572061821428572  2.235577731092435  2.476817226890756 
 1.335391433447099  0.843194880546075  2.714712286689419  3.282964846416383 
 1.701634909090909  2.298840909090909  3.315068181818182  2.156000000000000 
 2.309931550802139  1.015320374331552  2.599351336898397  3.798570588235295 
