 0.012543137689280  0.075542442600675  0.950983759955110  0.964221349411154 
-0.344963823521321  0.069675176650978  0.588115378294353  0.587944322751016 
 1.127460617647004  0.248326939411769  1.456511948529366  2.829383578431342 
 1.626743452380943  0.906032121785717  2.678545238095259  1.491352757976107 
 0.425311954319848  0.102669670670955  1.040224329779431  1.684938304227940 
 1.487388679334916  0.468156806342045  3.650815558194779  2.239001983372955 
 1.433474211469539  0.400168285358425  1.499017346774192  1.679979874551960 
 0.406494455008082  0.093388691014538  1.593690731017777  1.065186905977379 
 1.074968850166488  0.224222547430633  2.501081964483889  2.394260710321833 
 2.214727980535264  0.613851895450120  2.519768613138686  2.730792457420915 
 0.637959556188891  0.131334728509255  1.793194921689584  1.966662885619356 
 2.144433766478332  1.593692504708101  2.654111205273062  4.040697928436909 
 1.786386282420756  1.435730806916431  1.646518670172898  2.818564265129704 
 1.362051044956139  0.409724912280704  2.596518179824569  3.598094298245612 
 2.211440693069301  1.856392653465347  3.444425346534653  2.218162950495044 
 1.935417982456142  1.209913912280702  4.071062807017538  3.473116491228072 
 0.887226649289098  0.166956960372377  2.440655788761001  1.356583083953961 
 1.247198545184134  1.422168441926345  2.894894900849858  2.857725637393767 
