-0.005807368648337  0.074082334884356  0.927433634427659  0.940109861579467 
-0.351452693262918  0.069930728220470  0.580625792206672  0.582046409705950 
 0.967553768420986  0.202130582363641  1.159607266602814  2.398619904306192 
 1.650416717557242  0.887528029007638  2.766831450381705  1.374399918625850 
 0.348734254170480  0.092036489161319  1.067479686067844  1.600135013748854 
 1.649797009009002  0.537115262414421  3.871339099099109  2.132988594594646 
 1.242649231547024  0.297243982416585  1.487725025278051  1.416644580384212 
 0.344532686730510  0.087067580347468  1.569332152302792  1.024771524942997 
 0.955253652764322  0.097627544141611  2.792895441319063  2.149986129970855 
 2.343872959999976  0.702599866975997  2.674534080000003  2.915586239999993 
 0.615542904269713  0.132622898630534  1.850713180661561  1.891496590330781 
 2.206991185031173  1.615100103950108  2.712548295218289  4.058938877338877 
 1.609213797678284  0.701258144278610  1.569538761194013  3.552644112769514 
 1.326409850948504  0.397366649322497  2.941029539295406  3.543405691056905 
 2.227990919037192  1.879881225382933  3.443366520787750  2.246422275711153 
 1.869157637972168  1.329962137176941  4.100788270377733  3.467348707753488 
 0.832396956445991  0.190416609520906  2.398779006968649  1.224281637630657 
 1.360044170598908  1.674504283121599  2.497130308529946  2.982701270417421 
 1.549511008563268  0.261888497278783  2.131329495718355  2.182356612749778 
 1.906626170212769  1.363712475822048  1.604451936363636  2.221406827852999 
 0.935775297832233  0.256711892516494  2.041366163996226  2.801680207351549 
 1.318941855280315  0.880523663624512  3.009182790091266  2.496796740547590 
