 0.048785241315753  0.078626070776325  1.235406131578842  0.622999755263391 
 0.165506898671096  0.077025780016604  0.677270275747470  1.390391860465005 
 0.737696126629295  0.003602768919932  1.566007635009202  2.219989571694541 
 1.620909999999966  1.192603347639493  2.713294420600931  1.621599914162799 
 0.265159338231902  0.091141672789895  1.150799402985112  1.480732032146958 
 1.195250646586331  0.205773877108446  3.426139759036173  1.773151004016176 
 0.789277821011693  0.070140216859926  1.323229319066132  1.435388132295705 
 0.431355166666685  0.102669345041660  1.812105000000081  0.798827287916661 
 0.770514183006599  0.264065150000007  2.623858823529237  1.021080669934504 
 2.657210240963795  0.755904867469872  2.424318072289183  2.849145783132500 
 0.539363833190276  0.163283192162314  2.070757462686521  2.118736940298481 
 2.081305617977467  1.380172741573047  1.845720224719074  4.479169662921274 
 1.935544174757338  1.144130388349544  0.922449486407668  3.256125242718646 
 1.539645846153818  0.266319415384644  3.567509230769340  3.771372307692258 
 2.523008139534824  2.223236046511645  3.938001162790712  2.373109302325509 
 1.363090441988946  1.160269226519347  3.682317679558053  3.309344198895051 
 1.058706413502105  0.024995470042194  1.937943881856560  0.871007881856542 
 1.785214052287576  0.977306241830070  2.214710457516337  2.827565032679748 
 1.078638028455277  0.029162325406505  1.977186788617869  1.786924390243945 
 2.314356000000001  1.223944639999995  1.441549335999996  2.017507999999994 
 0.821410568452393  0.084792057440477  1.978279166666643  2.973115178571410 
 0.900457957317063  0.602253658536571  2.639402743902438  1.799849695121949 
 1.816622518518512  1.154257037037031  4.245208888888893  1.823995259259273 
 0.217777272117399  0.080788128515723  1.498204507337535  1.144183385744234 
 2.469806250000012  0.967881530000005  3.724032500000018  2.925133125000007 
 1.146074130434771  0.286802466666663  2.360549275362314  4.119047101449305 
 0.383087851617077  0.110502697712808  1.587855498059501  1.712403104786534 
 1.607768692579512  1.125746113074207  3.283835335689025  2.483222968197889 
 0.809137528205124  0.061303376076922  2.677893333333327  2.386294615384615 
 2.157370506912436  0.429634454009216  3.149604147465453  2.098291244239637 
 1.595202641509437  0.114182442377358  2.519922264150933  1.419759698113205 
 1.487979378531072  0.421948244067796  4.002220903954823  2.507216384180782 
 1.918898958333339  1.100556500000006  4.749559374999994  3.286503124999999 
 2.226321951219513  1.649535609756094  4.242285365853666  4.200268292682908 
 2.426616455696203  1.679207405063291  2.747167721518989  2.417072151898734 
 0.885463054455447  0.443241361386139  3.322015346534641  2.815778712871315 
 1.699671090047392  0.288451118767773  1.313495118483413  1.550981374407588 
 1.886839320388347  0.238087360485438  1.984610679611652  3.484265048543696 
-0.009579801108269  0.074226617387041  1.051781909633422  1.070333000852517 
 0.566339687500004  0.124136190192308  1.049008028846148  0.894260264423077 
 1.378631127450981  1.098856176470588  1.464940784313719  2.454309313725478 
 0.975818045454543  0.212621351818181  0.632005016363634  1.863409545454543 
 2.311168707482993  2.053714965986397  3.046913605442177  3.603898639455771 
 1.539678518518518  0.074747220888889  1.369496370370368  2.537755925925943 
-0.089852444016652  0.070214299374610  0.628492339021852  0.968487190426645 
 1.415733369565219  0.526335217391306  2.702172554347829  2.260925815217394 
 1.023264853556486  0.733107782426778  1.952299581589965  1.576694769874471 
 1.020464736625516  1.246269876543210  2.508268724279837  2.560609465020575 
 1.866439473684212  0.485866922556389  2.092106390977434  2.102733082706763 
 0.516875250000002  0.111979075729814  2.056054347826089  1.428682763975157 
-0.557095382955772  0.089023494498383  0.527147738942832  0.472644872707659 
 1.755218947368420  0.830426513157896  2.045856578947372  0.990260708552633 
 1.493692052980131  1.918935099337744  2.236965562913910  3.134156291390730 
 1.278891533742332  1.223611104294477  2.875016564417181  3.886390797546010 
-0.257218025830259  0.072083906088561  0.859918321033209  0.715624049815497 
-0.207695956521739  0.061157463670077  0.673979718670077  0.414178588491048 
 1.189753815028903  0.356571855491330  1.198909595375721  3.346570520231215 
 1.071761056034484  0.476521868534483  1.992789224137930  2.449304094827590 
 1.112223067484661  0.453128681595093  2.567044785276074  3.165736809815952 
 1.533013124999999  2.095453125000001  3.193492968750000  2.252132812500000 
 1.877804878048781  0.690969739837399  2.782165040650411  3.404678048780490 
 2.533169444444443  1.040867854166667  3.132005555555556  3.883861111111113 
 2.502972033898305  1.614883983050848  1.974247457627119  3.395153389830508 
 1.764547168141593  2.062730088495578  1.952287699115043  1.818043539823010 
 0.396152593117408  0.090299945121458  0.990637955465587  1.991853441295550 
 1.621897727272728 -0.001597071900827  3.009863223140496  2.840702066115700 
 2.606003947368421  1.423973815789473  3.240575000000001  1.351976973684210 
 1.317237500000001  1.144083815789472  1.711774473684211  3.625830263157899 
 0.813316713815789 -0.099836417105263  2.617570394736846  1.702750328947368 
 1.423321068702290  0.799730068854962  3.365543511450381  1.048560687022901 
 0.774081852713178  0.216720006589147  1.127420503875970  2.652841085271318 
 1.452061275167785 -0.104902560402684  2.206075503355702  2.443674496644293 
-0.329186171924290  0.054309563644911  0.426521225341746  0.690303648790746 
 0.996805365168540  0.444338532865169  1.411146994382024  1.970801123595508 
 1.098411094047619  2.047514285714287  3.156945238095239  3.591039285714286 
 1.609272232142858  1.919115178571429  4.023217857142856  2.945514285714287 
 2.075946551724138  1.594277931034483  3.003437931034484  4.951872413793104 
 1.004781124497992  0.320368377510040  1.665562248995983  1.320629718875501 
