-0.173309398432447  0.071146384551355  0.862307221621578  0.642231202054148 
-0.408329179958679  0.070004607262936  0.501990235247925  0.564342265867743 
 0.915294610837327  0.205202752660106  1.012959037109920  2.386153858784839 
 1.670658492307668  1.281180553846161  2.717613846153895  1.310511624615175 
 0.366643656013734  0.089380734613401  0.938000605670131  1.687770017182133 
 1.013002421150272  0.311122876530618  3.068023376623394  1.439204602968513 
 0.893600140086214  0.204957087230606  1.476946368534469  1.540261390086195 
 0.161231172249697  0.081005695926451  1.278018405438835  0.870213009888752 
 0.641344482172719  0.114385040482824  2.184378272980449  1.543631792014814 
 2.104534637964757  0.632621757455966  2.216965949119385  2.974188845401164 
 0.592992016109171  0.123704027607453  1.710751819757341  2.138930502599646 
 2.233880597014907  1.763981604477617  2.248243358208947  3.888607089552214 
 1.605269348534216  0.952732426710108  1.168201442996711  3.317580130293226 
 1.764106257861622  0.441490868239005  3.262451886792496  3.644702830188659 
 2.006860941176451  2.163822352941182  3.678863137254906  2.580160784313703 
 1.211850720454544  1.460398149350655  3.235027272727297  3.563010389610406 
 0.588401130592504  0.112342277806530  1.872776058041121  0.858267032889963 
 1.372867089201874  1.532174436619721  2.198528403755866  2.896793192488261 
 1.444718685800596  0.062472812296073  1.814861268882165  2.236211329305164 
 1.905300460122701  1.143731226993862  1.485037865337421  2.032084815950919 
 1.013537696165195  0.220507283333333  1.807763510324472  2.975581563421825 
 1.131739544235924  0.693599691689002  2.213319436997317  2.117483780160857 
 1.936628345323740  1.068415881294961  3.991128776978422  1.835441363309359 
 0.004235125526451  0.072990600626091  0.782890456497177  1.116603677452495 
 2.596978350515468  1.044304294501720  3.226450859106538  3.102746391752578 
 1.436770291545187  0.535320019241981  2.207891486880464  4.001991253644323 
 0.287231284990254  0.085820368155945  1.473638596491226  1.413309031838853 
 1.382682755693587  1.134990227743273  3.091912836438915  2.483089855072467 
 0.855051571955717  0.063100442706026  2.565460639606392  2.231379089790899 
 1.902674760994263  0.334685924512428  2.832743785850864  2.110465200764823 
 1.458660643274855  0.286770699610136  2.209606432748536  1.204692055945418 
 1.309457170792081  0.327875364603960  3.695527970297035  2.545875742574255 
 1.877021286307056  1.231755327800831  4.457867219917009  3.280562655601659 
 2.224567231638418  1.640340903954800  3.498407344632771  4.390555932203382 
 2.378672549019607  1.821298666666667  2.525692941176471  2.246451607843135 
 1.147667046280991  0.245537590413223  2.717612561983472  3.012750909090910 
 1.509819706959706  0.333199751135531  1.105194238095239  1.394195054945056 
