 0.012578734642349  0.075566351364378  0.950975679663372  0.964065254418002 
-0.344963823521321  0.069675176650978  0.588115378294353  0.587944322751016 
 1.126580707516285  0.246356396111115  1.453677667483614  2.826994035947682 
 1.627365435041706  0.906276057568537  2.678192491060808  1.490782022288355 
 0.424538945179058  0.102774904995408  1.040827819834730  1.684244237832873 
 1.484387574468084  0.468722745791964  3.649899763593385  2.241366867612326 
 1.433714905829601  0.400549313417042  1.498725703139012  1.679938331838554 
 0.406444715163773  0.093483351375656  1.593816801455729  1.064794249575411 
 1.073498488938060  0.230485469286505  2.501879480088478  2.398193362831827 
 2.214727980535264  0.613851895450120  2.519768613138686  2.730792457420915 
 0.638655597387384  0.130794442375059  1.794268515884284  1.965942057847313 
 2.147316440677955  1.592519058380417  2.656495009416187  4.042292655367230 
 1.786875260115614  1.432416734104051  1.644564244364149  2.818271676300599 
 1.362609148959473  0.409797261774373  2.595352442497269  3.598232092004379 
 2.214179423459239  1.855444711729623  3.445405765407555  2.216841332007947 
 1.933393750000001  1.209477693661972  4.073237852112669  3.471947007042255 
 0.887795186360565  0.165868811931128  2.440662930452396  1.358000212694126 
 1.258213881115878  1.438785579399140  2.894659656652360  2.860678826895564 
