-0.158993132884279  0.071339941564609  0.905405633802766  0.631853988854976 
-0.132938254492754  0.069813238992026  0.573145380289840  0.945383876811548 
 0.636633400204227  0.146954204161294  1.484648666666603  2.196754731182756 
 1.684093414634118  1.246278571428580  2.748737630662076  1.287515428571192 
 0.338496225352097  0.083405912806066  0.915577858071537  1.745571289274110 
 1.226224904225341  0.427300445971840  3.345101408450727  1.439846619718386 
 1.045745951776660  0.239640445558378  1.683063451776633  1.573888654822323 
 0.139703506723345  0.079346272746520  1.350846970633718  0.846584188562596 
 0.687424447692336  0.213082467692311  2.458326615384534  1.316998692307628 
 2.083573214285694  0.961903169642854  2.276172098214299  2.809964062499990 
 0.613293810640482  0.071127433377066  2.062099380165259  1.889339876033043 
 2.478696097560946  1.473735707317079  2.258603414634134  3.936498536585335 
 1.768663541666688  1.224927791666679  1.210969804166625  3.420886666666752 
 1.755102033898291  0.443011346101708  3.218137966101743  3.684083050847435 
 1.988926698564568  2.167875598086131  3.797257894736848  2.585531100478440 
 1.179316829963898  1.327064693140800  3.460589530685947  3.421422743682331 
 0.579096362134690  0.094431314925032  1.875380050825926  0.894544175603559 
 1.178295738095232  1.378963154761909  2.169903571428565  2.905536607142854 
 1.394280451713388  0.024641193831777  1.939272274143290  2.307586760124641 
 1.837027307692308  1.708146634615382  1.653066990865381  1.952232692307689 
 0.771883975806457  0.170536380419355  2.151656774193537  2.759456935483864 
 1.163263954154726  0.710794212034378  2.242639684813750  2.109950143266468 
 2.000517633928569  1.075426763392854  4.089572767857146  1.890098928571436 
 0.066439550409062  0.077756279351794  0.973513530522343  1.185765707992452 
 2.580883268482497  0.949910839299613  3.296570428015575  3.084531128404669 
 1.240755849802365  0.669744197233200  2.294307035573118  4.156894466403177 
 0.330294007885792  0.095483313325629  1.521906390210739  1.471757579877626 
 1.452915286046516  1.240965418604654  3.131092790697668  2.417491395348843 
 0.974648638554214  0.095987579126505  2.778132228915659  2.075605873493981 
 1.959633551198257  0.337200211590414  2.831322440087150  2.175457734204798 
 1.553095157384991  0.285373509588377  2.235291525423725  1.155013570702176 
 1.324244962643678  0.350055428448276  3.726839367816100  2.576703735632182 
 1.937962512315274  1.190441103448278  4.492143842364528  3.270688669950737 
 2.285009333333333  1.586832006666664  3.685578666666670  4.403075333333324 
 2.493382110091742  1.821139908256881  2.770517889908256  2.192875045871558 
 1.167169889298890  0.302520847232472  2.825646678966790  2.983344095940964 
 1.848382779456192  0.591012268277946  1.384952951661631  1.881983806646528 
 1.813396712328767  0.247369659616439  2.108374246575343  3.348497260273975 
-0.432708021256495  0.069558208685078  0.518166751676903  0.514508414454418 
 0.771866570512821  0.148375773621795  1.132931891025641  1.166484150641028 
 1.141685030303032  0.323626540000000  1.358643050505051  2.988073333333333 
 1.040352593457944  0.224147271495327  0.869543237383177  2.120562616822430 
 1.746192550607288  2.048366801619435  2.745741295546558  3.571783400809716 
