 0.058137732339632  0.077196640329726  1.180562800361263  0.696502677506936 
-0.119220679232996  0.070060515701155  0.590982919536887  0.956741034732226 
 0.605834868864707  0.129744294987250  1.458520114795843  2.219013010204037 
 1.721996870228976  1.249876679389323  2.731142748091665  1.235893758396688 
 0.335089212328748  0.083406563999998  0.826155206849354  1.738110136986305 
 1.253432345345334  0.482970055615625  3.391211111111133  1.523074171171252 
 1.039862836304716  0.052977091410052  1.645750421393821  1.614033128038884 
 0.222109367393374  0.081324006420850  1.516883886255958  1.050589895734594 
 0.732547165975142  0.201053040456436  2.578583195020637  1.209274753111947 
 2.443717499999968  1.249205321428568  2.156341071428588  3.007163571428552 
 0.620784195028887  0.127460287282081  2.079243005780316  1.964706820809230 
 2.105660893854719  1.259781363128499  2.308040670391048  4.397641899441302 
 1.680869587155988  1.228209311926620  1.162315380733899  3.461338532110188 
 1.742430069444431  0.452657913194457  3.236685763888934  3.688040624999977 
 2.031786719576693  2.160558201058208  3.875219047619055  2.593852910052878 
 1.153655575378786  1.403868257575765  3.438455303030332  3.447545833333353 
 0.764645995391703  0.116432846129032  1.876652534562222  0.699479956682028 
 1.407644106666662  1.165668373333334  2.264845333333331  3.090440533333334 
 1.345349333333327 -0.042636321882352  1.935726862745080  2.260194901960824 
 1.920276018099547  1.574396425339363  1.581067982352938  1.993487466063345 
 0.832521382252566  0.139060379624574  2.114822354948791  2.736437883959034 
 1.034609680073123  0.701283711151729  2.566957586837292  2.127661608775133 
 1.960563563829783  1.134131542553188  4.167043617021281  1.867238617021286 
 0.055126290019569  0.077828405864318  0.986742863666014  1.182519054142209 
 2.554938095238103  1.084514722222225  3.264716666666678  3.257874603174606 
 1.091031614349768  0.500386876233181  2.261245739910310  3.996100448430512 
 0.340732632377741  0.099054887472176  1.405954215851599  1.595689713322082 
 1.581346539509543  1.161418392370575  3.250728337874646  2.501489373297010 
 0.926068172413790 -0.007548057835250  2.775276436781608  2.008347892720312 
 2.267644140624993  0.433557360624999  3.189653906250012  2.149654687500006 
 1.619193103448279  0.211187857904509  2.386576127320952  1.339377355437664 
 1.267610024647887  0.360085520774648  3.794242253521138  2.580695422535205 
 1.894411117021279  1.151952202127662  4.504209042553188  3.250212234042552 
 2.296536000000001  1.541355447999997  3.869012000000006  4.403051999999986 
 2.539483615819208  1.857849152542372  2.842706214689263  2.132301468926550 
 0.927780882513661  0.391546154098361  2.840507923497261  3.060204918032799 
 1.964635021097044  0.446191867341773  1.350491548523207  1.737524050632913 
 1.871731767955800  0.298050655414365  2.071790607734807  3.309426795580114 
-0.236529334196891  0.068444963873056  0.807026301813477  0.591540126813474 
 0.759947121212122  0.154054422154882  1.115876178451178  1.176818956228957 
 1.220319002079004  0.681455155925156  1.629200977130975  2.395849896049890 
 1.029688506329115  0.189436734683544  0.859814677468354  2.101664303797466 
 1.950365462962964  2.106556944444444  2.798914351851850  3.695091666666659 
 1.126013515625000  0.207204297656250  1.299316744791667  3.056845572916673 
-0.450099812811980  0.070799410829900  0.481527250859678  0.521157131114810 
 1.542032371967656  0.076052891105121  2.862635849056604  2.744763881401614 
 1.104848305084747  0.650319152542373  1.868837288135594  1.515176876513315 
 1.288219447963801  1.892626696832579  2.543718099547511  2.489473755656109 
 1.792112925170069  0.601748408163265  2.395728344671201  2.302302040816327 
 0.506977274459975  0.107813151100381  1.929932274459976  1.354511257941551 
