-0.007281889237146  0.074008674820818  0.925048768716711  0.941113720283909 
-0.352027788169580  0.069974776842253  0.580750195445423  0.580721120939543 
 0.955903318489769  0.211663464249762  1.152322772119982  2.395802807357183 
 1.661264075235098  0.868837326050161  2.785377429467112  1.348586407053185 
 0.346771493597414  0.091380143873790  1.067216639797345  1.599465545831415 
 1.616810945736428  0.579177238325587  3.804734728682178  2.195791038759734 
 1.211245625000007  0.299424025625002  1.485509477459009  1.398538719262281 
 0.341126317184647  0.086772799223947  1.568093331809883  1.021434659140765 
 0.996460956999099  0.103375293879233  2.794708417200323  2.145851143641311 
 2.318823384615361  0.680157186246151  2.683825076923081  2.903186769230761 
 0.614453471132068  0.131685219127486  1.853048342682289  1.890739622641503 
 2.249647139689567  1.548558248337033  2.724021352549883  4.098404212860305 
 1.599840577849125  0.697139627126809  1.584599475120369  3.541526003210300 
 1.307496853785896  0.397820102088777  2.960216840731082  3.494065143603130 
 2.219263241525416  1.860149194915256  3.418964406779665  2.245814152542365 
 1.889955192697770  1.319437758620692  4.125483975659229  3.461601217038548 
 0.830743163604547  0.190084871154856  2.398644269466325  1.223518800524930 
 1.411840536680325  1.785974487704920  2.602253483606559  3.161335245901639 
 1.583163682604268  0.226663968097661  2.033013112919627  2.166305595117004 
 1.895973079922030  1.407146530214422  1.618214583040936  2.241690311890839 
 0.928154119766309  0.233984530146057  2.035383641674779  2.805627263875360 
 1.256358785012285  0.967925515970516  2.744206511056516  2.442863144963145 
