 0.105391950521568  0.078655898169276  1.072030592697941  1.041446849217684 
-0.312043750721939  0.069851576629321  0.617362732440609  0.625268441360025 
 1.310150498960457  0.400706882148307  1.611773884268842  3.055061330561304 
 1.227817545216251  0.401406797162518  2.849450458715594  1.560980809108732 
 0.558022314957731  0.122091389253950  1.177193109739081  1.827303895626605 
 1.949372502651111  1.093492054931074  3.640841887592800  2.111583446447519 
 1.630932801587305  0.499271095682541  1.707770746904760  1.761528015873006 
 0.592161455912747  0.122989616761575  1.851611825487950  1.184307582931488 
 1.333754662650602  0.352888275180724  2.952213674698785  2.907948012048181 
 2.000707470270259  1.167311418443242  2.418088367567564  3.865256756756756 
 0.813277383288511  0.157201135847189  2.096292828035845  2.183178280358607 
 1.863049056848483  1.481019187878787  3.818583757575757  3.473523151515149 
 1.813636548704199  1.566631966041111  2.321589624664873  2.494345567470955 
