 0.102043519057563  0.079604638523567  1.242300942408291  0.682490852356207 
 0.124059767108753  0.077342490543761  0.662447219893869  1.275550212201502 
 0.655639094555774  0.123917462134676  1.444025515759228  2.260232951289351 
 1.699774887892340  1.243402556053821  3.035126905829670  1.267278874439158 
 0.355702492772649  0.088170410630747  0.952073889618960  1.804550197109067 
 1.272600410658295  0.429923915423207  3.395598746081527  1.587675360501653 
 1.057080955882372  0.050303243658092  1.522503033088214  1.581382904411750 
 0.310090664096927  0.091875741270922  1.683615969163035  1.051403259911891 
 0.767383445026228  0.276320028534037  2.651299999999860  1.080128497382090 
 2.514219028340044  1.195323684210523  2.155816194332002  3.003424696356253 
 0.632193197560630  0.128146874041779  2.058234231805898  2.111637870619926 
 2.083206432748506  1.316937894736850  2.327015789473670  4.431660818713411 
 1.702673131313160  1.151006535353551  1.137727843434292  3.507172727272832 
 1.728547822878215  0.421269848708501  3.253125461254662  3.708382656826545 
 2.055066363636337  2.162302673796799  3.877334759358297  2.628046524064139 
 1.024758628301883  1.339395660377369  3.703222012578663  3.354602515723299 
 0.826432009456263  0.086340057508274  1.848169030732872  0.757602189598110 
 1.512938535353531  0.987874141414142  2.343851515151514  2.968846464646469 
 1.360937059999993 -0.049939605119999  1.924868999999982  2.254737600000042 
 1.962338775510203  1.589733877551017  1.555666449489792  2.093472448979588 
 0.881961283088243  0.159148844044118  2.101645955882337  2.806913602941166 
 1.034057359022553  0.694335281954878  2.571726879699248  2.136358458646612 
 1.982086416184967  1.110661040462424  4.208005780346824  1.905546011560704 
 0.129345593734123  0.076101474191363  1.213177688399665  1.266905766299746 
 2.542290222222232  0.998499022222225  3.277885777777791  3.236219111111115 
 1.097980084033606  0.501294026890754  2.239343277310921  3.954294957983210 
 0.390973514796906  0.115106928851064  1.550425725338487  1.637432301740803 
 1.586177314285720  1.160051685714289  3.271803999999984  2.513324857142864 
 0.888345979838707 -0.001389041108872  2.780602620967741  2.024319758064522 
 2.292724999999992  0.433930609666666  3.191331250000013  2.173267916666674 
 1.554360317460320  0.138985139761904  2.435003703703701  1.408872944444444 
 1.285572396296296  0.353486661111111  3.803800740740753  2.574948888888882 
 1.909451912568309  1.151197508196724  4.504296174863385  3.243532786885245 
 2.307873451327434  1.507919477876103  3.930169026548680  4.425586725663702 
 2.477112290502792  1.848918994413408  2.867829050279328  2.098303128491619 
 0.895093576023391  0.371814886257310  2.887769590643267  3.050955263157908 
 1.967931277533038  0.455213928634362  1.355729634361234  1.776135154185025 
 1.899959821428570  0.279039997797619  2.061341666666666  3.321422321428577 
-0.084037896032934  0.070810576514970  0.915656511976052  0.955423255988028 
 0.701254554621851  0.160174362672269  1.118137008403360  1.191850084033615 
 1.232056581740978  0.704275286624204  1.626591528662420  2.407973885350311 
 1.035314403409091  0.211725313068181  0.800302254545453  2.110470738636361 
 2.368252702702705  2.141289189189187  2.935252702702699  3.669497297297287 
 1.142449631728045  0.219725427762040  1.268414560906515  3.060546458923521 
-0.235576131853788  0.066135489094865  0.511520285465622  0.825860591818978 
 1.543179893333335  0.074824118933333  2.857040800000000  2.741238399999998 
 1.047006062639822  0.567243378076062  1.877894630872485  1.627848568232659 
 1.243062819512196  1.820030243902439  2.571802439024389  2.363462439024389 
 1.816807231920201  0.603486468827929  2.414576309226928  2.217557107231920 
 0.624293624161075  0.087826025865772  2.136585771812084  1.507808590604028 
-0.477883308171744  0.073833123785534  0.483024516135737  0.483238315789473 
 1.655735549450549  0.997254065934067  1.970259890109890  1.083049970879121 
 1.560670817610063  1.896670440251570  2.068329056603774  3.289277358490565 
 1.452764311111111  1.555241155555556  3.013588888888891  3.602206666666668 
-0.235464318894698  0.068352330455564  0.805722292755787  0.540821639432412 
