 0.154698406161710  0.081020846410792  1.320043465981925  0.657091057766594 
 0.164480099851851  0.078106860251845  0.640101738962930  1.323077911111012 
 0.716224556149610  0.099180880748669  1.474742798573872  2.412203030302970 
 1.544743348017585  1.181489471365648  2.897532158590383  1.423619911893975 
 0.269619907499984  0.086266042045453  1.121200318181855  1.516149431818179 
 1.253248312030061  0.351915322255651  3.449486466165441  1.572441424812133 
 0.919842060301525  0.099254239195983  1.500020268006683  1.707662646566152 
 0.422405237741469  0.097800537928673  1.834446656760830  1.080864918276371 
 0.790818204081697  0.291146047278919  2.651690476190294  0.984563931972647 
 2.638384999999944  0.748810822222215  2.422806666666691  2.842029444444416 
 0.575890406693272  0.141107351020767  2.067243450479197  2.141057348242788 
 2.007649166666622  1.455689166666676  2.321383333333313  4.604947499999945 
 1.912450990991043  1.229743603603630  0.950153990990900  3.376332432432619 
 1.560623444444424  0.377950027777798  3.481233888888969  3.759681111111075 
 2.185552482269467  2.113762411347528  3.988553900709230  2.763107801418398 
 1.175869163492059  1.402083756613766  3.637019576719617  3.179106878306901 
 0.920495097402595  0.070371938961039  1.858329545454561  0.731588364285716 
 1.745849013157890  0.971298388157899  2.079099999999996  2.825195065789483 
 1.244402556561079 -0.080771959728505  2.036446606334820  2.091731674208194 
 2.194244285714286  1.228517285714282  1.318762793571425  2.075053571428566 
 0.886156088235308  0.039320106209151  2.033851960784286  3.032206209150307 
 0.935222779291545  0.580963678474102  2.594858583106266  1.827069482288827 
 1.745663571428565  1.208678428571423  4.290370714285719  1.786524071428585 
 0.173862921046890  0.079243302584514  1.425163685932397  1.159907906215921 
 2.462114367816100  0.943033418390809  3.791516666666684  2.864468390804602 
 1.141171942446031  0.347583164748198  2.385135971223017  4.155147482014419 
 0.381960363986015  0.114506224745922  1.601107925407921  1.711324592074579 
 1.638341602787464  1.158373484320559  3.300122996515659  2.486645296167255 
 0.847445228723400  0.052757858164892  2.722190159574463  2.394361436170214 
 2.143402678571422  0.392143310357142  3.176655357142873  2.128641517857149 
 1.583541197183102  0.075881078274647  2.493283802816892  1.418986936619715 
 1.416619619047618  0.381104739047618  3.887571428571448  2.490750952380943 
 1.848662790697678  1.132538635658920  4.625934883720929  3.361562790697674 
 2.116344578313254  1.684074819277104  4.060756626506034  4.457719277108415 
 2.409313218390805  1.623410689655172  2.686685057471266  2.316475287356322 
 0.899795169312170  0.290747915343916  3.315376190476175  2.916043386243414 
 1.676723360655736  0.311439221557378  1.350245901639345  1.542217704918038 
 1.823127118644066  0.235484066779662  1.963650762711866  3.478945762711870 
-0.008555806089508  0.074974901675715  0.994648613352902  1.040861922230376 
 0.708819547038330  0.147442348188153  1.185677038327523  1.158625522648082 
 1.158199370860928  0.786343807947020  1.462426523178803  2.238758278145692 
 0.972371236363634  0.235827183272727  0.697784122181816  1.967924363636362 
 2.315069934640523  2.069775816993465  3.034023529411765  3.554808496732015 
 1.549059589041095  0.103477636780822  1.395457945205479  2.538154452054810 
-0.200908754799017  0.070694640549631  0.583217133716161  0.889938326497133 
 1.393204769647697  0.538003710027101  2.805783197831980  2.382484552845531 
 1.062230787401575  0.546594900262467  1.903545406824152  1.537750971128607 
 1.040783446721313  1.287883770491803  2.444268442622953  2.395145901639347 
 1.839453726708075  0.548887982608693  2.233926397515520  2.069150931677017 
 0.643779495268140  0.093887774085174  2.129688012618298  1.515514037854890 
-0.541837975567189  0.073390913120690  0.510831728010475  0.546076633507853 
 1.744129548387096  0.826754709677421  2.074030967741937  0.960533275483873 
 1.473916337209302  1.872767441860461  2.226023837209305  3.141993604651164 
 1.223268356164383  1.659466438356163  2.967998630136988  3.829654794520545 
-0.196181834004835  0.065890938871878  0.899041740531828  0.611586851732471 
-0.262170519311065  0.067237982682672  0.520492435281837  0.449672691231733 
 1.077672863849767  0.366737138028169  1.151082206572768  3.216798591549296 
 1.094408689655175  0.446904400000000  2.055689885057471  2.506630114942528 
 1.022819293286219  0.681667413427562  2.598672438162546  3.191079858657244 
 1.640744880000000  2.193684000000001  3.207389600000000  2.259946400000000 
 1.863912363636364  0.801962036363636  2.771960000000004  3.410576727272727 
 2.538827972027971  1.055248258741259  3.253457342657344  3.894249650349653 
 2.525346456692915  1.584190000000001  1.960332283464567  3.452396062992125 
 1.711405396825397  1.959289682539684  1.877938174603174  1.838143809523810 
 0.417141989775051  0.081727606257669  0.989043967280164  2.021777709611456 
 1.624551525423729 -0.014139704745763  2.719587457627119  2.881950169491525 
 2.604701265822784  1.514901518987341  3.349205063291140  1.363867088607595 
 1.340792770270271  1.075797027027027  1.703144594594594  3.682308108108112 
 0.826216484320557 -0.092224867944251  2.723109407665507  1.704999303135889 
