-0.081107120966881  0.072768930140145  0.995953373166714  0.675411773492762 
-0.377992044678716  0.069895805811013  0.540639454250327  0.579366858165976 
 1.002068495867675  0.234266580261714  1.019186456749229  2.375241735537146 
 1.724642795454529  1.089957318181823  2.712591818181854  1.310933258408937 
 0.374336080135816  0.095705274634974  1.087952322014733  1.650765704584040 
 1.365310017571883  0.278866355654958  3.256975559105443  1.740613674121452 
 1.205879735258730  0.321662754885682  1.431207833935007  1.398415607701550 
 0.280818084074079  0.086517105772485  1.456618227513242  0.977975712698412 
 0.793406426679300  0.154073915600758  2.470562913907235  1.844263670766277 
 2.199284626647122  0.715937689897508  2.520036017569554  2.725607027818445 
 0.681884672557609  0.126698062646097  1.743597026022282  2.188787583643118 
 2.294655405405389  1.813191216216222  2.477144324324318  4.050666554054029 
 1.690848186274521  0.949899691176478  1.381238879901936  3.407722549019655 
 1.327770033730147  0.323561750793658  3.392324801587326  3.181824007936495 
 2.180220824468080  2.073161436170214  3.151765159574471  2.371215585106371 
 1.783936788079469  1.468763622516559  4.299065894039754  3.561496026490083 
 0.897663793324773  0.195850574017972  2.328829268292695  0.993295376379973 
 1.281933041244237  1.622021682027652  2.712329262672813  3.333970967741934 
 1.619026520051739  0.136448939379044  1.991697787839577  2.021185420439865 
 1.953809241192415  1.477190596205960  1.561004826829266  2.174984932249323 
 1.151532655440415  0.197524141450777  1.844438691709840  3.011939248704656 
 1.179625657708627  0.903405247524751  2.212849222065067  2.276175247524752 
 2.028379831460673  0.976063833988763  4.115267977528090  2.175408033707866 
 0.018532899432356  0.073826108145222  0.799467122421950  1.133514791863769 
 2.411409999999997  1.031913562285715  3.356244285714291  3.587944857142861 
 1.479941113537117  0.526760002532750  2.447969650655018  3.921465283842795 
 0.510995588948427  0.094927305379772  1.792979571332884  1.493071225720022 
 1.389419438133875  1.129329432048681  3.307944016227178  2.448870791075050 
 1.046666462940461  0.194604847095990  2.667770959902793  2.643559781287967 
