-0.158623628205145  0.071364579716121  0.906124297924248  0.632228256288263 
-0.133132945032633  0.069796540108046  0.573015761276272  0.945373372008656 
 0.634324358986255  0.144682808394082  1.461529225512460  2.215774715261917 
 1.694532482517453  1.248244160839169  2.752260139860195  1.284792195803958 
 0.338212889370917  0.083563668676788  0.916361640997862  1.737893600867683 
 1.183145183937814  0.422159306528506  3.305373834196912  1.471221036269500 
 1.033854192771094  0.215112399036147  1.691651807228899  1.584858999999989 
 0.140763355030967  0.079318255444270  1.352379473684235  0.847167368421052 
 0.672887353111459  0.186736605123013  2.420887843704699  1.344378972503558 
 2.088828571428554  0.929742980219777  2.263692307692320  2.804177582417573 
 0.595124545233036  0.090022395412077  2.034480826271162  1.932947351694899 
 2.267556439393918  1.761394924242429  2.359029166666658  3.882716666666641 
 1.756430198412719  1.217711984126997  1.234743464285675  3.408767857142939 
 1.756649669966983  0.445469003630375  3.254079207920837  3.686942244224401 
 1.969842780269035  2.200900448430500  3.723612107623324  2.612356502242126 
 1.245848160738253  1.484127281879201  3.279015100671165  3.533420134228206 
 0.582387310704962  0.097733654368146  1.875770887728465  0.882446574673630 
 1.307396016129027  1.602484354838714  2.302105107526880  2.874898655913976 
 1.403451151419551  0.032846528454260  1.944109148264972  2.301486435331260 
 1.857587960199006  1.677290049751241  1.619294697014922  1.936460696517410 
 0.802950842364538  0.187024761346470  2.103463875205244  2.810690640394085 
 1.144698841201714  0.737898383404858  2.239926895565090  2.138684120171668 
 1.996286652542371  1.068419610169488  4.084710169491527  1.890594322033906 
 0.066167946153846  0.077811255290038  0.973043499369485  1.184866380832286 
 2.622154474708177  1.000110349027240  3.250835797665379  3.161508560311285 
 1.269555703422049  0.678706128897337  2.274839087452467  4.155884790874536 
 0.329889674795641  0.095079971322889  1.522719686648500  1.469340463215250 
 1.445676403341294  1.175682004773273  3.202171360381853  2.445135799522677 
 0.965313977077362  0.069155578853867  2.727747134670484  2.101362034383956 
 1.963419957081545  0.339703897253219  2.862121459227472  2.178407939914169 
 1.525045046728975  0.296099552476635  2.268295327102801  1.157535875467288 
 1.296646657894737  0.351882444736842  3.734511988304101  2.610484210526313 
 1.882741390134532  1.211301991031392  4.461912107623315  3.265079820627801 
 2.249574375000000  1.667843624999997  3.640478125000003  4.389702499999991 
 2.489992727272727  1.815169545454546  2.773066363636362  2.206205272727269 
 1.162256726618703  0.321640545323741  2.823343884892086  2.981280215827342 
 1.834224783861671  0.584195065706052  1.413389703170029  1.852467550432279 
 1.812640270270270  0.260837834486487  2.113216486486488  3.361391891891895 
-0.432708021256495  0.069558208685078  0.518166751676903  0.514508414454418 
 0.776366385350319  0.152741297356688  1.136318582802548  1.165385175159238 
 1.163634722222224  0.336137905982906  1.329106346153847  2.982177777777777 
 1.045006229508197  0.227069438407494  0.870023900702576  2.117887119437940 
