 0.151257396377713  0.080891302657188  1.316072561448797  0.652713019405145 
 0.160008858383233  0.079035009985023  0.639950664371224  1.321325733532834 
 0.679072349726651  0.098659994608385  1.563523132968931  2.271975956284097 
 1.646000131004332  1.180475109170315  2.728404803493524  1.601234628820664 
 0.258987178971413  0.086145831771427  1.123541531428607  1.498311199999998 
 1.198687763999985  0.208324421600012  3.427261600000029  1.778935200000111 
 0.918423957968495  0.110265454816115  1.478419264448318  1.682869702276695 
 0.419206714939038  0.099479060253044  1.834726524390303  1.070682896341461 
 0.769093000000061  0.260128046496822  2.621252866241867  1.021117722929804 
 2.650273988439249  0.750016289017334  2.425594797687887  2.840936994219624 
 0.556294891153131  0.154590623241442  2.058407027026986  2.106191171171144 
 2.069279279279230  1.439715621621632  2.142288558558537  4.616464864864804 
 1.857247716535478  1.272965905511834  0.984108796062912  3.179431496063154 
 1.543027861271655  0.377231774566495  3.507795953757308  3.754190173410367 
 2.188206382978686  2.112366666666676  3.986663829787244  2.756958865248185 
 1.193398455440411  1.423393626943014  3.608891709844600  3.181061658031111 
 0.918891877022651  0.069270767637540  1.858003559870566  0.733528887378643 
 1.748471096345510  0.998288538205984  2.121506976744181  2.820175083056488 
 1.235737608200449 -0.085648967881547  2.026229612756244  2.087492027334902 
 2.254108955223881  1.215460671641787  1.406541992537310  2.037964179104471 
 0.857763545454558  0.038118434169280  1.987923824451385  2.995961442006249 
 0.929350692520767  0.592449224376719  2.619855401662049  1.815825761772852 
 1.812154893617015  1.192017517730490  4.258074468085112  1.830801134751786 
 0.163022783577051  0.079332497604049  1.422283802024756  1.144968143982002 
 2.465652352941186  0.953759204705887  3.770912941176488  2.917372941176477 
 1.156544113475165  0.294323626950351  2.370743971631201  4.127191489361732 
 0.372376973855422  0.111396197990362  1.592099638554213  1.661796987951795 
 1.628148536585373  1.153262125435541  3.303284668989527  2.489954006968649 
 0.812217958333330  0.067582871536457  2.661947135416662  2.397655729166667 
 2.147641592920347  0.397368157168141  3.163763716814174  2.122081858407086 
 1.574586254295536  0.094724777422680  2.484719931271469  1.438335085910650 
 1.460812797927460  0.420594638341968  3.971859585492249  2.531243523316053 
 1.852412000000004  1.160463232000005  4.642364799999998  3.379170399999999 
 2.119145238095238  1.669894166666663  4.039913095238105  4.471955952380934 
 2.440282035928144  1.675678862275448  2.715013772455090  2.387908383233533 
 0.927939750000001  0.337181735849057  3.306619339622627  2.857141509433987 
 1.670714222222220  0.292936400266667  1.325533200000002  1.524299644444450 
 1.827173640167362  0.239544478075314  1.963352719665273  3.461144351464441 
-0.010064450221893  0.074649368331361  0.988641323964501  1.034560968934913 
 0.703391752767530  0.141048654723247  1.181374686346861  1.139478210332102 
 1.156755953177258  0.781709866220736  1.468460635451500  2.222535117056851 
 0.979683508064513  0.257814344354838  0.694822804838708  1.872333870967740 
 2.218246979865772  2.129030872483223  3.036647651006712  3.662788590604016 
 1.557101459854013  0.107656278248175  1.406516021897810  2.542400729927023 
-0.202460624457431  0.069777560208681  0.578680689482471  0.889867487479137 
 1.427430779220780  0.533156192207794  2.763187012987014  2.346102857142859 
 1.067967512953369  0.547090354922280  1.904018652849745  1.547542797927460 
 1.025043632911394  1.277660464135021  2.448290295358652  2.420098312236290 
 1.861898586572438  0.480151616254414  2.120881272084797  2.115178798586570 
 0.643775145631069  0.092908718721683  2.106631877022655  1.522110517799353 
-0.542181961471103  0.073377366319011  0.510297469614715  0.546074852889666 
 1.737343544303796  0.814750316455697  2.047809493670889  0.983620871518989 
 1.463258922155689  1.910137125748499  2.314176646706589  3.141249700598804 
 1.184388311688312  1.466362922077921  2.949135714285719  3.898398701298699 
-0.197079382875606  0.066776498659128  0.895216243941840  0.612609412762518 
-0.263206747648903  0.067240335642633  0.521515436781610  0.448461168443051 
 1.101023138297874  0.461193734042553  1.194508617021275  3.281039361702130 
 1.090524439359271  0.443356183066362  2.055538215102974  2.501878032036613 
 1.019359335664336  0.624869388111889  2.577895804195806  3.180769930069931 
 1.629977063492064  2.192263492063493  3.215376984126985  2.230903968253967 
 1.865766906474820  0.765146820143885  2.772703237410076  3.410892446043166 
 2.534910596026489  1.072276629139074  3.205461589403974  3.896649668874175 
 2.532472440944883  1.593309685039371  1.990890551181103  3.440959055118109 
 1.688561367521368  1.994868376068377  1.864560769230768  1.855028376068377 
 0.406530271653543  0.081735307007874  0.991982696850394  1.984594094488193 
 1.604986993243244 -0.034252421959460  2.729477364864866  2.859678040540539 
 2.606079487179486  1.530373205128204  3.333300000000000  1.367544102564103 
 1.351897449664430  1.133335704697985  1.722570469798657  3.664512751677856 
 0.804932346153846 -0.099279425874126  2.659185664335667  1.718736013986013 
 1.424864888888889  0.787742289037037  3.352953333333333  1.050356000000000 
 0.845093515418502  0.095714914977974  1.048262149779736  2.633751541850220 
