 0.003520067669569  0.077036324679982  1.116867543763635  0.714768009299878 
-0.359081077843428  0.069657197118554  0.571482794475621  0.586445874800574 
 0.947190252803192  0.205755498542308  1.146734319673742  2.370928440366941 
 1.683135336700325  0.791864464680139  2.853651515151543  1.329785534848371 
 0.381714563523310  0.094887844808289  1.121405386528514  1.646682590673576 
 1.502045855457225  0.507089033805314  3.584514306784673  2.328683038348125 
 1.191547848898221  0.297811578814273  1.488161878279111  1.370635173137447 
 0.369295185721372  0.087612357254337  1.605113287060004  1.090206937134355 
 0.981611699233734  0.093858501925289  2.736177107279645  2.163683524904171 
 2.152056851311932  0.678502738046644  2.467801603498550  2.730500874635563 
 0.614732324038774  0.119092839672576  1.873081606648183  1.924212908587249 
 2.265297922848649  1.788925281899115  2.512635370919875  4.035812759643902 
 1.619357045908194  0.831215728542919  1.400423079840300  3.306864271457122 
 1.260966206349198  0.332182292539688  3.060036031746049  3.274592857142849 
 2.203607549019601  1.941614779411767  3.008598529411768  2.349102843137245 
 1.800672260869565  1.452694243478263  4.251577971014505  3.546146376811610 
 0.833640123300089  0.197695768839529  2.418854759746156  1.227986064369898 
 1.306417106438630  1.607156076458754  2.840820120724346  3.229083299798791 
 1.554368686868681  0.208435438540966  1.984477542087534  2.075003703703720 
 1.893986467661694  1.457352388059700  1.565430500248755  2.126569552238805 
 0.986124546475996  0.204155355219612  2.001212359550555  2.865666905005102 
 1.127711297413794  0.998353362068961  2.456438936781616  2.274485775862072 
 1.929940506756757  1.379350743243242  4.109979729729728  1.966451993243244 
 0.024731625022222  0.074726326546222  0.810657277244444  1.129981351111114 
 2.437327419354836  0.920710297580645  3.379247311827958  3.415313172043014 
 1.527048295165394  0.569632253587786  2.320738625954199  4.019152671755728 
