 0.225743751614192  0.086787948393024  1.125739751353501  1.249240423100099 
-0.266615101163694  0.070307376177329  0.671349870655541  0.657093517688121 
 1.808924775613841  1.057427410889081  1.827681934885637  3.454190770533418 
 1.108226043765481  0.251764374735757  2.663078364987607  1.845912010734899 
 0.918896516425445  0.198145402634665  1.512203963700034  2.260494339072074 
 1.770794735576922  1.034959034551285  3.734977243589748  2.294431914262832 
 1.873060578158457  1.235727145182011  2.245121983583160  2.007966466809414 
 0.700708393806163  0.150873483329910  1.873540895378692  1.268109691880615 
 1.300209550717211  0.337158415368852  2.669674026639354  3.055011372950811 
 1.960876887398738  1.510751616561656  3.403312781278126  3.651040774077406 
