 0.048569128496006  0.078390516873360  1.235110474933931  0.622482643799706 
 0.160432916363636  0.076614361438009  0.666622353388392  1.380692396694103 
 0.740594646271379 -0.009526375697890  1.558218546845012  2.214880688336459 
 1.629175991379276  1.193338491379319  2.718882758620763  1.612266724137639 
 0.267713133715581  0.087311040699540  1.154588795871597  1.462418233944954 
 1.195808443999985  0.207111741600012  3.426949200000029  1.774646000000111 
 0.823939826388907  0.098699591972226  1.374529826388873  1.424493576388876 
 0.434746935950432  0.103313004793382  1.813410537190163  0.800950223553714 
 0.770266644951202  0.264197836807825  2.621597394136633  1.019879885993349 
 2.650213609467396  0.754221881656797  2.429650887573990  2.834406508875710 
 0.538646681394030  0.160395018585502  2.069259665427464  2.119040706319675 
 2.069476146788941  1.458928899082580  2.154934403669703  4.616288990825627 
 1.890325084745812  1.265663728813584  0.953161161864320  3.219514406779834 
 1.540453734939737  0.382904000000022  3.521864457831411  3.769618072289118 
 2.188206382978686  2.112366666666676  3.986663829787244  2.756958865248185 
 1.207634983597880  1.433916296296305  3.612596825396866  3.190143915343938 
 1.060049699248116  0.060368922556391  1.915852255639115  0.899294729323310 
 1.769561824324319  0.983119358108112  2.176056756756753  2.822901013513523 
 1.081485306930685  0.019929253663368  1.960134653465329  1.784366534653508 
 2.302506250000001  1.210418515624995  1.430710679687496  2.027299218749993 
 0.816873038690488  0.085779349107144  1.973668749999976  2.971174702380933 
 0.903264216867460  0.608617680722878  2.635522590361445  1.799456927710841 
 1.812080999999994  1.193469214285708  4.258928571428577  1.826139000000013 
 0.218238917659573  0.079404770855319  1.497505425531924  1.136177382978722 
 2.473966467065878  0.960341405988028  3.768167065868281  2.917384431137731 
 1.143378478260857  0.300996814492750  2.369750724637677  4.129480434782639 
 0.375408725523561  0.101276578706807  1.590037958115176  1.697817015706794 
 1.621541541095898  1.148260205479453  3.291401712328748  2.490386986301379 
 0.811476631043253  0.059278892290075  2.677527226463098  2.387778371501272 
 2.157450697674412  0.429532123348837  3.150951627906992  2.092784186046517 
 1.588314126394055  0.116474889330854  2.515254646840139  1.427239442379179 
 1.482496031746031  0.438188514285714  3.998774603174622  2.533347089947081 
 1.855345161290326  1.161668580645166  4.646160483870966  3.382578225806451 
 2.119145238095238  1.669894166666663  4.039913095238105  4.471955952380934 
 2.452026993865031  1.670674049079754  2.718917177914111  2.389001226993865 
 0.889163612745099  0.438619681372549  3.322472549019594  2.827897549019635 
 1.656476211453743  0.293087506872247  1.330936431718063  1.528387312775336 
 1.896087922705312  0.247159247632851  1.976088309178746  3.529857971014500 
-0.010122065276596  0.074514040421276  1.050073744680855  1.068131846808513 
 0.577637831325305  0.131576368963856  1.047967855421680  0.897082168674699 
 1.362056923076924  0.982014389140271  1.465548371040717  2.364184615384604 
 0.968996275303641  0.230686799190283  0.672303212955464  1.867495141700402 
 2.218246979865772  2.129030872483223  3.036647651006712  3.662788590604016 
 1.542290545454545  0.073132216872727  1.373261527272725  2.534673090909107 
-0.094911646002079  0.069941689095535  0.631803561786085  0.961016905503641 
 1.418654588859418  0.537392058355439  2.702582228116714  2.272422281167111 
 1.035620833333335  0.626815320512821  1.902800000000004  1.521807852564098 
 1.009617359504134  1.244117024793388  2.479056611570249  2.527971487603305 
 1.879511196911198  0.471587534362932  2.104940926640916  2.096585714285710 
 0.520066549535605  0.113449590975233  2.056076934984522  1.428529411764708 
-0.557095382955772  0.089023494498383  0.527147738942832  0.472644872707659 
 1.752369999999999  0.837327532467534  2.045653246753250  0.989433881168833 
 1.477080750000000  1.929307499999996  2.316046250000003  3.136371875000001 
 1.174876875000000  1.443452937499998  2.948188125000005  3.888799374999998 
-0.258602956033677  0.072050551824135  0.861077296538819  0.713739232927968 
-0.208050926640927  0.060934335379665  0.675097554697555  0.413352556241956 
 1.198395536723165  0.360576276836158  1.193549265536721  3.348985310734465 
 1.079686836518048  0.450929567728238  1.997842038216559  2.447753503184716 
 1.104449629629628  0.480104009876544  2.565222222222224  3.177675308641977 
 1.621975271317829  2.181998449612404  3.204810077519380  2.228250387596898 
 1.863566911764706  0.770676455882353  2.772803308823535  3.414526838235294 
 2.539534666666666  1.071516473333334  3.206508666666668  3.895830000000003 
 2.532472440944883  1.593309685039371  1.990890551181103  3.440959055118109 
 1.711830450450451  2.032506306306308  1.896841531531530  1.836547927927929 
 0.379851139534883  0.085503973817830  0.993423992248062  1.954270736434112 
 1.621071062992126  0.011725746456693  2.990763385826771  2.853100787401572 
 2.606079487179486  1.530373205128204  3.333300000000000  1.367544102564103 
 1.321726250000000  1.145951562499999  1.728770375000000  3.622646875000003 
 0.814106778501628 -0.097733491205212  2.614951791530949  1.703055374592833 
 1.422013233082707  0.793011346015038  3.359204511278195  1.048100451127819 
 0.761425453846154  0.193628329615385  1.115320000000002  2.645968846153847 
 1.471742361111112 -0.102048480555555  2.214859374999997  2.465664930555555 
-0.329654957188160  0.054362165989757  0.425620988689218  0.688297103594080 
 0.873102361581921  0.455922322033898  1.441649830508476  1.984042372881359 
