-0.171564433120015  0.071039904010670  0.865853967999958  0.647210604693426 
-0.407012590946335  0.069913194541707  0.502852551945915  0.565080484801285 
 0.923693919866330  0.215727285425717  0.996331575292056  2.387821202003283 
 1.674811242424219  1.247560545454552  2.746236363636411  1.314437812121006 
 0.353341902157020  0.088091635107850  0.938884930975007  1.687876100086284 
 1.005520026785708  0.312453831160720  3.041715892857160  1.421206448214336 
 1.017631950394596  0.225263977057500  1.325341871476876  1.466652852311150 
 0.171122258098165  0.082074640250918  1.300664282208610  0.869728134969325 
 0.672354786111129  0.109097300896059  2.148286738351207  1.581107616487415 
 2.107288911290301  0.711930794475803  2.145873588709689  2.957028427419345 
 0.611860898008251  0.117496366908265  1.690284297520636  2.125782066115696 
 2.235859848484829  1.792081628787884  2.256840984848477  3.886732575757550 
 1.578702052117278  0.967208583061899  1.181313723127005  3.328642019544040 
 1.569999440993776  0.379908166149080  3.285991925465880  3.569353105590041 
 1.979443809523790  2.163054365079370  3.691059126984131  2.599293253968231 
 1.217196006129031  1.458313774193554  3.229463870967766  3.565988387096790 
 0.608327449704143  0.121081818752663  1.933984497041428  0.882078054674555 
 1.380121985645930  1.600801889952156  2.238174401913874  2.848139952153109 
 1.525120926517563  0.062858145271567  1.735060718849827  2.277393610223670 
 1.923956677115990  1.229893322884011  1.424101790282129  1.913455235109716 
 0.982317647590366  0.241171988102410  1.817638042168664  2.974062198795175 
 1.136696794195249  0.685345593667541  2.133198944591029  2.092912269129287 
 1.935687653429602  1.088541768953066  3.990388086642604  1.854814436823111 
 0.009278882643794  0.073519373319374  0.793879091220990  1.117307325933405 
 2.495354078549852  0.925329092749246  3.178522960725083  3.190492447129911 
 1.459302372881354  0.537920507344632  2.209736666666664  3.985180225988708 
 0.316440043280758  0.089506977786751  1.487227570977915  1.425643659305992 
 1.336919722000004  1.087621800000002  3.065358399999993  2.477324800000001 
 0.867248171967018  0.075398356089516  2.560952532391044  2.228445583038868 
 1.902823905109488  0.349002597664233  2.820550182481755  2.143105109489055 
 1.509215879017014  0.272819817504726  2.146094517958410  1.252921124196595 
 1.314136939473686  0.323588092894737  3.716835263157899  2.486206842105260 
 1.884441618257263  1.227142298755188  4.456573029045639  3.283825311203318 
 2.243304712041886  1.561087178010469  3.485415706806284  4.376412565445021 
 2.477418473895584  1.753384216867470  2.684353012048192  2.259275742971886 
 1.173359686767169  0.226254651256281  2.670379899497489  2.987303182579565 
