 0.178444008613439  0.083215368516342  1.064668241830047  1.239835329131698 
-0.274437782561638  0.070250316693988  0.669524029885745  0.643649819041882 
 1.416815563743511  0.453785777568170  1.879654040530539  3.350490935887961 
 1.258211940917662  0.370775213997488  2.748126209930863  1.440277694971674 
 0.920162219827581  0.197368829698275  1.203989968199246  2.128385680076623 
 1.927738722271517  1.365815044276842  3.612331588287491  2.244413806566114 
 1.805630174110526  1.106664784254352  1.982961885768360  2.134221218773645 
 0.580514045032659  0.126073890980405  1.741229291852874  1.156310624338257 
 1.288824195773079  0.352718483926585  2.920225083426032  2.668282536151266 
 2.032210080645158  1.590302782258061  2.495767913306453  3.539350100806449 
 0.790158057630317  0.142462380358226  2.056684510166355  2.091094898336411 
 1.781585799880950  1.038943449761904  3.713727857142858  3.667024761904763 
