 0.017704647210261  0.077151423934201  1.223571931330358  0.631285327611126 
 0.276353854469854  0.094586550249471  0.752253212058164  1.568216839916701 
 0.769879132231263 -0.035233382561976  1.647598347107317  2.173508057851175 
 1.760190521326976  1.063377488151669  2.688361137440837  1.846018009478352 
 0.189999623945560  0.086912797564624  1.202500680272155  1.449283809523813 
 1.198193473684189  0.092744387894753  3.461325789473723  1.862444210526461 
 0.702632753623206  0.091146022173917  1.237861086956508  1.441765217391291 
 0.399595348901123  0.092721357390101  1.751368131868239  0.673919978571421 
 0.642730758209011  0.196939846865679  2.527682089552079  1.237357671641665 
 2.719682638888820  0.790657083333325  2.424843750000032  2.898095833333298 
 0.540572388761881  0.164918768436190  2.093732571428530  1.827552952380927 
 2.152603030302947  1.471511212121229  1.699807878787843  4.462601515151414 
 1.980074456521802  1.126087826086988  0.976974054347715  3.286453260869787 
 1.398590982142823  0.210229839285747  3.520991964285842  3.767140178571370 
 2.533396385542106  2.228726506024114  3.926512048192786  2.365725301204745 
 1.544838897058817  1.035455514705896  3.879379411764765  3.514813235294147 
 1.063994439024385 -0.032956261951220  1.883879024390266  0.902086536585368 
 1.863912888888881  1.097915911111119  2.281387999999996  2.805637777777790 
 1.046195831435073  0.005153511617314  1.884456947608184  1.673663325740366 
 2.320640944881889  1.241754409448814  1.532348740157476  2.054613385826766 
 0.991864609375016 -0.025844474609374  1.940770703124968  3.066454296874971 
 0.812872214634130  0.681311853658515  2.856627804878045  1.820333170731704 
 1.992859894736835  1.064170526315781  4.430600000000003  1.857221684210544 
 0.212025093872547  0.079106740164215  1.483881740196090  1.098519803921567 
 2.522393617021289  0.956687551773055  3.721467375886545  2.934232624113483 
 1.072210645161277  0.281779866129028  2.245769354838705  4.027538709677451 
 0.372970386494253  0.105458722890806  1.584321120689648  1.697522988505734 
 1.720109583333342  1.125850541666667  3.284550416666643  2.589198750000013 
 0.787157154716977  0.006559795471696  2.783196981132062  2.417018867924531 
 2.170073869346727  0.430704001105527  3.172076884422127  2.108973366834177 
 1.731244171779145 -0.075982792024541  2.466361349693234  1.480683312883430 
 1.537557116564416  0.452805786503067  3.999536196319041  2.517812269938640 
 1.889882758620696  1.061079011494259  4.775435632183902  3.327385057471264 
 2.253381081081082  1.741568783783780  4.268318918918929  4.200004054054038 
 2.484965891472869  1.693187364341085  2.740055813953491  2.368338759689921 
 0.905920648484850  0.460213632121212  3.441695757575744  2.827795151515187 
 1.544570056497173  0.182369616158193  1.180188305084746  1.406971299435036 
 2.073589090909086  0.292915356909092  1.797706181818184  3.685392727272730 
 0.007652614091858  0.075511194055323  1.074870793319419  1.081544144050109 
 0.543673137254907  0.117617751715687  1.022115686274504  0.897015931372549 
 1.362200000000001  1.429823863636363  1.580837121212112  2.632356818181803 
 0.841720924369745  0.094909618067226  0.674698704201678  2.070370168067225 
 2.404106299212599  2.012637795275592  3.077743307086614  3.507713385826757 
 1.584714479638008  0.043613106334842  1.318739909502259  2.542243438914049 
 0.025750538375347  0.075335990896358  0.649025768627450  1.152319439775922 
 1.389552209302326  0.524605831395350  2.772287500000003  2.352227906976747 
 1.091487264957264  0.866960897435897  2.071697863247866  1.947090598290592 
 1.018319990476193  1.227797523809524  2.522387619047622  2.598617619047619 
 1.990762694300518  0.386259816580308  2.212823834196880  2.318282383419681 
 0.469826794168098  0.066642754864495  1.907788679245285  1.257652538593481 
-0.606304530477759  0.118245499983527  0.476474461779251  0.509731980230641 
 1.775553048780486  0.762093231707318  1.983898780487808  1.122878292682927 
 1.478319393939392  1.926283333333328  2.335782575757579  3.115725757575760 
 1.304021454545454  1.300514424242422  3.106036363636365  3.562228484848482 
-0.195747189387309  0.069301258751642  0.856586378555797  0.859973905908093 
-0.044936690140845  0.079022626413732  0.754954102112679  0.538231929225351 
 1.142257763975158  0.376816857142858  1.090952360248445  3.323690683229817 
 1.185192835820897  0.531639540298507  1.804038208955221  2.589523880597018 
 0.935883719101123  0.435525302996255  2.637916853932588  3.128347565543070 
 1.661697368421051  2.163388596491230  3.122260526315790  2.259567543859650 
 1.798707106598985  0.789025177664975  2.778012182741122  3.329334517766499 
 2.541448148148148  1.143287562962964  3.143094074074074  3.879835555555556 
 2.473071681415929  1.683415929203541  1.971800884955752  3.379752212389379 
 1.752076804123712  2.102894845360827  1.928573298969070  1.781190927835052 
 0.383022262921348  0.098690694292135  1.115245505617977  2.007362471910120 
 1.623435714285715 -0.032387929032258  3.016861751152075  2.861037327188936 
 2.637345454545454  1.402081818181817  3.258704545454545  1.353038787878788 
 1.325087500000000  1.121233026315789  1.745252368421053  3.572247368421058 
 0.828090926640927 -0.160285786061776  2.600677606177611  1.751913127413127 
 1.386931479289942  0.455745737988165  3.245934319526628  1.216713781065089 
 0.744860556390977  0.191445101127819  1.266561992481204  2.635313909774437 
 1.385565206896553 -0.081486262275862  2.176631379310342  2.348252068965516 
-0.264389080722892  0.066324189831325  0.479596789156627  0.825501036144579 
 0.952051322314051  0.407680473002755  1.398264628099176  1.953391184573007 
 0.922223354444444  1.648251111111112  3.476842222222222  2.903052222222221 
 1.711356764705883  1.927750980392157  4.097949019607841  2.935767647058825 
 2.235083333333332  1.464620952380952  3.023571428571431  5.114966666666667 
 0.879134341317364  0.453189086826347  1.710930838323355  1.281197305389221 
 0.481286763345071  0.228130604225352  1.955544718309861  2.467841901408450 
 1.576399603174604  0.368730239285714  2.221968650793652  3.110908333333332 
 1.236236634615384  0.380545020608975  2.431458333333333  1.676312500000002 
 1.370797089552239  1.203131417910449  3.697743283582089  1.794871716417910 
 0.914130666666666  0.282926626833333  2.286108333333336  2.296458611111112 
 1.557003434343435  1.407649797979797  2.819453535353534  1.023451292929292 
 1.518729090909091  2.297984415584414  2.849699999999999  3.946233766233765 
 1.048818955223881  0.397340138059702  2.515901492537314  0.650340744029851 
 1.386627500000000  1.153515192307692  2.589998076923076  4.275165384615385 
 1.468275869565218  0.858165326086957  0.818336011956522  2.094155434782609 
 1.636000438596491  0.493167614035088  1.663819298245615  1.931610526315788 
 2.089830841121495  0.269366476635514  2.819176635514020  3.822860747663551 
-0.388859026442308  0.055559294527644  0.770021225961539  0.529725985576922 
-0.330562064583333  0.039830408911542  0.435099313888889  0.451539493611111 
