 0.160904466329079  0.080294857030388  1.327315645569519  0.670767524050857 
 0.161973957817109  0.077506992138637  0.639819194395247  1.321820781710816 
 0.720399606326768  0.102589116168723  1.471394340948932  2.418140949033332 
 1.563456123347981  1.162251497797367  2.893262114537519  1.360774405286045 
 0.273855708881183  0.086803080738176  1.119167128027719  1.525278777393308 
 1.258009237903210  0.349160618225819  3.472871370967770  1.551486608871078 
 0.928872416107400  0.089075217953023  1.506840939597298  1.696378691275157 
 0.425511674418617  0.098751749456391  1.825055959302381  1.092734127906974 
 0.760921186186243  0.249844309909917  2.654133333333172  1.031072240240115 
 2.635311602209889  0.757630386740324  2.425642541436487  2.840659668508259 
 0.574529535918680  0.135146962762602  2.087677073170695  2.161438861788594 
 1.945204961240268  1.472182170542645  2.342894573643392  4.576876744185994 
 1.771857848101301  1.206968063291158  1.154354386075885  3.577362025316586 
 1.539983870967722  0.322531516129052  3.425405376344163  3.728771505376310 
 2.165233793103412  2.101424137931044  3.988989655172424  2.768041379310304 
 1.054096538323349  1.321062814371268  3.665246107784477  3.280210179640745 
 0.909823512658225  0.078711769620253  1.845427531645584  0.722957361392407 
 1.700319463087243  1.023381946308728  2.036885906040265  2.862546644295311 
 1.238391792035392 -0.067627322787609  2.035359513274316  2.101638274336331 
 2.177608108108108  1.226251959459456  1.275705953378374  2.148184459459454 
 0.873048430921066  0.023124145394738  2.056852960526287  3.021411513157875 
 0.979848473282435  0.588350508905841  2.662233078880405  1.852969211195926 
 1.780091678321672  1.215844195804190  4.279385314685318  1.799164825174838 
 0.169491207625271  0.080305204324618  1.422429084967328  1.179978562091503 
 2.445402259887014  0.917634868361586  3.754571751412445  2.911583615819213 
 1.211877222222213  0.436048872839503  2.261312345679008  4.173903086419776 
 0.393211471893148  0.116990321059234  1.611145876887337  1.722595586527282 
 1.598350410094644  1.178964227129339  3.282399053627742  2.513013564668776 
 0.865945406824143 -0.049457796561681  2.801775853018370  2.068837270341209 
 2.130687224669595  0.422569756035242  3.210610132158607  2.066293832599125 
 1.510702912621363  0.035714577443365  2.496529126213586  1.409203430420710 
 1.379355866666666  0.398806183111111  3.881027555555572  2.528164444444436 
 1.860141984732828  1.138820030534356  4.623576335877861  3.345138167938930 
 2.105919512195122  1.668978048780484  4.075865853658546  4.459741463414615 
 2.409543181818182  1.628409431818181  2.688727272727274  2.320442613636363 
 0.815563687747036  0.292282821739131  3.103793280632400  2.823509090909110 
 1.683526141078836  0.298664929709544  1.356148962655603  1.565790248962660 
 1.820282692307691  0.235083466384616  2.007569615384616  3.366867307692314 
-0.008338146496350  0.075055641740146  0.994315218978106  1.039082218978104 
 0.706983222996518  0.150416971881533  1.183866062717768  1.162420052264807 
 1.152671916932908  0.771196805111821  1.472077348242806  2.234587220447279 
 0.973732391304346  0.236046479710144  0.698563563768114  1.966706159420288 
 2.396715942028986  2.092025362318841  3.013577536231884  3.551178260869555 
 1.535056228956228  0.106813756363637  1.385108417508417  2.544745791245806 
-0.202095032681338  0.070742845093724  0.584121471882641  0.887501255093729 
 1.466698677248679  0.481225862433863  2.785798412698415  2.483253968253972 
 1.040331764705882  0.556221023017903  1.934831713554992  1.572571432225062 
 1.045033971659920  1.272141781376518  2.437493117408909  2.406465587044537 
 1.848689457831325  0.548744699999998  2.246465963855414  2.083609638554215 
 0.643707331825039  0.084284372202112  2.169600452488687  1.535009200603317 
-0.544329514134275  0.072731751445504  0.514109328886930  0.544711053003533 
 1.719931758241757  0.807882252747254  1.998664285714288  1.049154712637365 
 1.450426067415730  1.863647191011232  2.201561797752810  3.202969662921348 
 1.392813850931676  1.722023602484470  3.085745341614909  3.702450310559006 
-0.192965414043583  0.066316493091203  0.904520290556899  0.607372835351087 
-0.263673991273101  0.067605620236140  0.517666543121150  0.453285614168377 
 1.079782991071430  0.418439095535714  1.182553348214285  3.255629910714287 
 1.055928973799129  0.427348993449782  2.115514847161572  2.503005676855895 
 1.029859007092198  0.712059468085107  2.517708865248230  3.267641489361703 
 1.638065158730159  2.194789682539684  3.201214285714286  2.253482539682540 
 1.864223529411765  0.796095036764706  2.747597794117651  3.417608088235294 
 2.542142253521126  1.042910711267606  3.253758450704226  3.902550000000002 
 2.532929032258065  1.565059435483872  1.955913709677420  3.445398387096774 
 1.714281290322581  1.970447580645163  1.887607338709677  1.848544516129033 
 0.417198038934426  0.083166980245902  0.991448319672132  2.023652663934430 
 1.571005346153846 -0.112784449615385  2.751308076923076  2.845648076923076 
 2.608451282051282  1.517965641025640  3.343582051282052  1.357961538461538 
