 0.158071533759555  0.081187253777502  1.321344501278670  0.658364762148564 
 0.164607969526627  0.077920622292893  0.640535094378665  1.323011227810552 
 0.719115072566250  0.102516200176997  1.469673769911402  2.417345309734453 
 1.564510427350392  1.154083846153856  2.893148717948790  1.370707649572360 
 0.269266022096940  0.085965131905297  1.123715253664072  1.517657497181508 
 1.272511287937728  0.359744359221802  3.458984046692634  1.551789607003998 
 0.929449831932791  0.089017458655465  1.507419663865529  1.696743529411753 
 0.426767154185035  0.100977017071948  1.829228193832655  1.094652804698969 
 0.762674728096734  0.246841837462242  2.655290332326121  1.026752888217397 
 2.628694535519071  0.757730054644802  2.421197814207674  2.843317486338770 
 0.574684860895746  0.133150223288274  2.085574429967390  2.164627198697044 
 1.945204961240268  1.472182170542645  2.342894573643392  4.576876744185994 
 1.771857848101301  1.206968063291158  1.154354386075885  3.577362025316586 
 1.540598378378359  0.317573632432452  3.430115675675753  3.731335675675641 
 2.165233793103412  2.101424137931044  3.988989655172424  2.768041379310304 
 1.056737481325297  1.323421987951818  3.668366265060287  3.280200602409665 
 0.909967548387094  0.075922610322581  1.854414516129048  0.725095536129034 
 1.698462828947363  1.018108618421056  2.049206907894733  2.859368421052641 
 1.241640623608011 -0.075751458574609  2.035340757238286  2.106758574610294 
 2.177608108108108  1.226251959459456  1.275705953378374  2.148184459459454 
 0.878183364820861  0.020305130944626  2.058868403908766  3.024268729641674 
 0.922163479452047  0.577202931506836  2.622781095890409  1.819480821917807 
 1.781059379310339  1.206710758620684  4.268138620689659  1.796330827586220 
 0.173850109110627  0.078830129577006  1.426645336225605  1.164170477223426 
 2.448498863636372  0.937341334090913  3.760951136363653  2.910002272727277 
 1.194786424242415  0.443018408484845  2.273347878787875  4.159691515151538 
 0.391090551791908  0.118160675297111  1.608690867052019  1.719771098265884 
 1.601268424437306  1.179362604501609  3.294578456591621  2.521377170418014 
 0.865859283819624 -0.061463566286474  2.809316710875328  2.078290185676394 
 2.138817982456134  0.404512813684210  3.189603070175455  2.116901315789479 
 1.506141433021811  0.038230951495326  2.502071651090336  1.422778380062304 
 1.381223886462882  0.400432101310043  3.873914410480366  2.528330131004359 
 1.860141984732828  1.138820030534356  4.623576335877861  3.345138167938930 
 2.105919512195122  1.668978048780484  4.075865853658546  4.459741463414615 
 2.403453409090909  1.624798068181818  2.685431818181820  2.316254545454545 
 0.811901550607288  0.248563918623482  3.106163967611325  2.839317813765202 
 1.683765833333332  0.297868575250001  1.352232500000001  1.560419250000005 
 1.827208835341364  0.231608017108434  1.984400000000000  3.386814056224906 
-0.008414716788856  0.075011223595308  0.994885307917892  1.040513115835779 
 0.710318649122809  0.151428376947368  1.185252596491225  1.160916719298244 
 1.151485942492013  0.772466357827476  1.473087571884979  2.235069329073477 
 0.972425054545452  0.237936601454545  0.696912849454544  1.964363636363635 
 2.396715942028986  2.092025362318841  3.013577536231884  3.551178260869555 
 1.533269696969696  0.105520860740741  1.382818181818182  2.544456565656581 
-0.200908754799017  0.070694640549631  0.583217133716161  0.889938326497133 
 1.391678155844157  0.525426350649352  2.786703116883118  2.392261558441562 
 1.043943463541666  0.549963802083333  1.924152864583338  1.570787838541665 
 1.038468020661159  1.281649958677686  2.433871487603308  2.394824793388433 
 1.843409969788520  0.544941149244710  2.236474018126881  2.089880664652566 
 0.642935907153731  0.077507605433790  2.165764079147641  1.534882343987823 
-0.541837975567189  0.073390913120690  0.510831728010475  0.546076633507853 
 1.719931758241757  0.807882252747254  1.998664285714288  1.049154712637365 
 1.450426067415730  1.863647191011232  2.201561797752810  3.202969662921348 
 1.392813850931676  1.722023602484470  3.085745341614909  3.702450310559006 
-0.195872182329317  0.065981731839358  0.899951807228914  0.611507175100399 
-0.262170519311065  0.067237982682672  0.520492435281837  0.449672691231733 
 1.079782991071430  0.418439095535714  1.182553348214285  3.255629910714287 
 1.057383921568629  0.423208252723312  2.110114596949891  2.499783877995643 
 1.031208561403508  0.722716701754387  2.528668771929828  3.241322807017544 
 1.638065158730159  2.194789682539684  3.201214285714286  2.253482539682540 
 1.858956363636364  0.797933745454545  2.744645090909095  3.416601090909090 
 2.542142253521126  1.042910711267606  3.253758450704226  3.902550000000002 
 2.532929032258065  1.565059435483872  1.955913709677420  3.445398387096774 
 1.714281290322581  1.970447580645163  1.887607338709677  1.848544516129033 
 0.418950815789473  0.081762875222672  0.991392914979757  2.020559109311745 
 1.609838275862069 -0.015655265172414  2.740437241379310  2.860859999999999 
 2.608451282051282  1.517965641025640  3.343582051282052  1.357961538461538 
