 0.226705565787608  0.086861993404758  1.072822294325385  1.332981914292487 
-0.255540316964953  0.070430466083204  0.690809367095447  0.661196449888134 
 1.577896199294481  0.670344399435632  1.873677321869436  3.549287830687797 
 1.304685755217145  0.377050647924424  2.717010659898478  1.509695224309041 
 1.107132288434074  0.242285568543550  1.307422288767264  2.258702798667299 
 1.831330118074477  1.172309770027250  3.711288101725706  2.241218546775670 
 1.859821114781174  1.278816324525186  2.109622047894308  2.200324145334422 
 0.579488459770117  0.129637018146829  1.743000708194293  1.086337369744159 
 1.236958530511809  0.309728439812991  2.718902460629922  2.743674950787393 
 2.085697007700765  1.717328129812978  2.784977777777777  3.451951705170521 
 0.703870326337558  0.140649077771610  1.995981073025333  2.001191840536506 
 1.743271553342245  0.964185673529412  3.739621925133689  3.691756283422460 
