 0.012344963491604  0.075503539241970  0.939252257037224  0.968808239408638 
-0.345517425399891  0.069638385032075  0.588662846138988  0.586649872366227 
 0.984705292899355  0.192286236908287  1.471034635354987  2.594314497041392 
 1.690376103500749  0.968827295281588  2.816742617960448  1.425268198934448 
 0.412299568298154  0.102679305244723  1.066526502739128  1.682745644364614 
 1.535101843434341  0.562999744848489  3.673371212121218  2.242707739899027 
 1.307197746350370  0.311308801012776  1.524342281021894  1.505316505474439 
 0.376020468710093  0.089557358110684  1.590798612175404  1.036374818731371 
 0.897663376565309  0.188979786824688  2.686580322003548  2.427593559928396 
 2.336038190184029  0.704670755920243  2.701968404907980  2.910651993865024 
 0.624053379925293  0.126439689147908  1.887263197211140  1.883264492031864 
 2.178719307692298  1.615406576923079  2.721333134615378  4.038811346153848 
 1.595026536585373  0.717838835284556  1.543589061788602  3.518730406504095 
 1.275456730676326  0.392531121014496  2.759046497584550  3.497687198067625 
 2.235894638949666  1.887085733041578  3.514177680525165  2.329738643326034 
 1.825594543650794  1.212741642857146  4.129479960317457  3.481307142857148 
 0.901097678747939  0.202279902841846  2.537724299835264  1.301109369851726 
 1.303333786258502  1.543290965986396  2.682159183673468  2.856287891156463 
 1.505077623845504  0.336477594659951  2.283320990764061  2.273460873215793 
 1.908297403314920  1.356354825046038  1.604747607918968  2.240603001841621 
