 0.237402153330377  0.087025548628459  1.092136793538374  1.322986213764149 
-0.255406968601192  0.070368293167840  0.690220352139133  0.662722506919634 
 1.759284124149614  0.947335822840141  1.964473093537364  3.609474744897933 
 1.281698084762863  0.360591614364280  2.726371796165480  1.608077015489370 
 1.203065927327028  0.293235411801890  1.327278063563971  2.359125176704831 
 1.807823342415985  1.073522315168031  3.803429881925529  2.330855304268858 
 1.909701229946526  1.419060427807486  2.305108174178767  2.247445179526347 
 0.640630393275999  0.145375523330727  1.788640336200158  1.086550412118842 
 1.244873288739170  0.315437506063522  2.703790952839269  2.865648460057738 
 1.934985461516583  1.439704218009478  3.451674028436018  3.687311279620852 
 0.694694145838620  0.136492132501410  1.915630761099365  2.014542001409445 
