 0.048569128496006  0.078390516873360  1.235110474933931  0.622482643799706 
 0.160165421192053  0.076195706407278  0.666264890397313  1.379137417218431 
 0.753119862744963 -0.019588872529405  1.544116862744983  2.201895490196017 
 1.629175991379276  1.193338491379319  2.718882758620763  1.612266724137639 
 0.268352321788976  0.086556718451834  1.154210183486276  1.460254587155963 
 1.195808443999985  0.207111741600012  3.426949200000029  1.774646000000111 
 0.827420932642505  0.104716858335064  1.378176096718464  1.430667875647655 
 0.434746935950432  0.103313004793382  1.813410537190163  0.800950223553714 
 0.770266644951202  0.264197836807825  2.621597394136633  1.019879885993349 
 2.650213609467396  0.754221881656797  2.429650887573990  2.834406508875710 
 0.540027466523342  0.150513790465421  2.069924299065375  2.118623177570066 
 2.069476146788941  1.458928899082580  2.154934403669703  4.616288990825627 
 1.882433833333382  1.267338500000025  0.960017642499915  3.213940833333504 
 1.540453734939737  0.382904000000022  3.521864457831411  3.769618072289118 
 2.188206382978686  2.112366666666676  3.986663829787244  2.756958865248185 
 1.207634983597880  1.433916296296305  3.612596825396866  3.190143915343938 
 1.060049699248116  0.060368922556391  1.915852255639115  0.899294729323310 
 1.764386333333329  0.979026966666671  2.167784666666663  2.819278666666677 
 1.082670470588228  0.021829374705884  1.953672941176454  1.786490000000042 
 2.300538759689923  1.211437596899220  1.432582689922477  2.035661240310071 
 0.814968869186058  0.083794239244187  1.967847383720907  2.963281395348819 
 0.903705666666657  0.608356121212107  2.638589393939393  1.798318787878786 
 1.812080999999994  1.193469214285708  4.258928571428577  1.826139000000013 
 0.218165557142855  0.079316613650320  1.497905117270798  1.135873390191896 
 2.473966467065878  0.960341405988028  3.768167065868281  2.917384431137731 
 1.143378478260857  0.300996814492750  2.369750724637677  4.129480434782639 
 0.373037162632979  0.097690702303192  1.590801728723397  1.695038430851051 
 1.621541541095898  1.148260205479453  3.291401712328748  2.490386986301379 
 0.811476631043253  0.059278892290075  2.677527226463098  2.387778371501272 
 2.157450697674412  0.429532123348837  3.150951627906992  2.092784186046517 
 1.588659328358212  0.114495616529850  2.514580970149244  1.428597052238803 
 1.482496031746031  0.438188514285714  3.998774603174622  2.533347089947081 
 1.855345161290326  1.161668580645166  4.646160483870966  3.382578225806451 
 2.119145238095238  1.669894166666663  4.039913095238105  4.471955952380934 
 2.443953012048193  1.675425120481927  2.714800602409639  2.385715662650602 
 0.889163612745099  0.438619681372549  3.322472549019594  2.827897549019635 
 1.649374458874457  0.294123047878789  1.331340129870131  1.530064588744594 
 1.896087922705312  0.247159247632851  1.976088309178746  3.529857971014500 
-0.009520361916879  0.074593250631891  1.049669406276509  1.067752714164548 
 0.580549541062806  0.131690775652174  1.049455169082119  0.897220096618358 
 1.351547885462556  0.934409691629956  1.449570572687217  2.317498237885453 
 0.964427952755903  0.227705265354330  0.683626195275589  1.863490551181100 
 2.218246979865772  2.129030872483223  3.036647651006712  3.662788590604016 
 1.544319047619047  0.079272925421246  1.371250989010987  2.536160439560456 
-0.095631046979169  0.069836944373958  0.631323343750000  0.960901072916673 
 1.418654588859418  0.537392058355439  2.702582228116714  2.272422281167111 
 1.031344582043345  0.620832879256966  1.900006501547992  1.536707337461297 
 1.010473971074382  1.241769090909091  2.478909090909092  2.529585123966942 
 1.881980544747083  0.470452690272371  2.106376653696488  2.095512451361864 
 0.520189878086421  0.113828743472223  2.056319135802471  1.429325925925928 
-0.557095382955772  0.089023494498383  0.527147738942832  0.472644872707659 
 1.748155714285713  0.834718831168832  2.049137662337665  0.985371413636365 
 1.479176521739130  1.926067080745337  2.316167701863357  3.137057763975156 
 1.174876875000000  1.443452937499998  2.948188125000005  3.888799374999998 
-0.258602956033677  0.072050551824135  0.861077296538819  0.713739232927968 
-0.208050926640927  0.060934335379665  0.675097554697555  0.413352556241956 
 1.200021966292136  0.362482365168539  1.195423146067414  3.346740449438204 
 1.077156837606839  0.447287908119659  1.999254914529914  2.449754273504276 
 1.104449629629628  0.480104009876544  2.565222222222224  3.177675308641977 
 1.621975271317829  2.181998449612404  3.204810077519380  2.228250387596898 
 1.863566911764706  0.770676455882353  2.772803308823535  3.414526838235294 
 2.539534666666666  1.071516473333334  3.206508666666668  3.895830000000003 
 2.532472440944883  1.593309685039371  1.990890551181103  3.440959055118109 
 1.691023304347826  2.004943478260871  1.877425304347825  1.847318434782609 
 0.373208678431372  0.086174332333333  0.989724666666667  1.948271960784318 
 1.621071062992126  0.011725746456693  2.990763385826771  2.853100787401572 
 2.606079487179486  1.530373205128204  3.333300000000000  1.367544102564103 
 1.320465155279503  1.144469875776396  1.725237639751553  3.619100621118016 
 0.814622892857142 -0.097522375974026  2.613937987012992  1.703415259740259 
 1.422563880597015  0.791921112089552  3.354253731343284  1.048214626865671 
 0.762930890625000  0.190015842578125  1.112248046875002  2.650253125000001 
 1.471742361111112 -0.102048480555555  2.214859374999997  2.465664930555555 
-0.329654957188160  0.054362165989757  0.425620988689218  0.688297103594080 
 0.791745694117648  0.458992117647059  1.454715911764706  2.018466470588239 
