-0.159469594618614  0.071068447855280  0.880486572622738  0.656920863009495 
-0.403914593250800  0.069774505182231  0.507882395886573  0.564489222603809 
 0.944229623639086  0.214943246765170  1.021352338413595  2.441301710730897 
 1.736887305389198  1.250158323353299  2.834462275449149  1.295796627844108 
 0.368681653925445  0.091949556375891  0.970036494845386  1.689551942902461 
 1.069135246598633  0.324253236139461  3.065954421768721  1.434560664966035 
 1.069385680539939  0.258472916209226  1.338543678290201  1.482224848143969 
 0.197823960547791  0.082447465346152  1.323122284382302  0.889954231934730 
 0.678782124646659  0.105345294743818  2.205974646643065  1.650340636042363 
 2.235290562248970  0.933249755020077  2.207837951807241  2.950286345381514 
 0.654096489904674  0.115760600602860  1.718156711675910  2.171705957108813 
 2.247192356687883  1.783410923566885  2.706588853503180  4.119079299363035 
 1.624181514195598  1.004005394321775  1.197513290220790  3.380898107255582 
 1.317069925925917  0.290932929814821  3.002499074074097  3.309907222222211 
 2.258732079510695  2.070946483180434  3.116765443425077  2.398188256880719 
 1.269850034693879  1.465889212827993  3.505298250728885  3.454502040816340 
 0.660335853686635  0.129947957656682  1.992275691244247  0.903667455299538 
 1.356657378378374  1.633008648648653  2.284766756756758  3.115089189189190 
 1.590904566210036  0.120413568858449  1.746773668188725  2.302776407914792 
 1.958624587458749  1.440979207920790  1.544070663696367  1.949231353135311 
 1.063308343665770  0.229339819541779  1.975672560646892  3.056295687331528 
 1.135688478873236  0.801133577464784  2.147829295774651  2.228735352112677 
 1.975470126984125  1.259539619047618  4.097846031746037  2.089186222222228 
 0.012082463541147  0.074183623650374  0.795321318603493  1.127501600997511 
 2.423466261398178  0.883718200000001  3.264998480243171  3.372013069908815 
 1.548949281767955  0.565865489392264  2.277136408839772  4.035821823204424 
 0.345279085373510  0.091760800936597  1.533533521657250  1.449755555555553 
 1.395471335294120  1.112979411764706  3.027204117647057  2.446369803921567 
 0.952414154672394  0.113038383856068  2.627832545649836  2.335748227712135 
 1.992471912350597  0.346379974143426  2.879794820717130  2.237367131474107 
 1.517556786296901  0.344422154812398  2.144190864600326  1.390884148450244 
 1.342045151595745  0.357420421276596  3.789799202127660  2.490429521276596 
 2.085778389830510  1.363649173728814  4.410596610169491  3.616360593220339 
