 0.019550347511270  0.075584136093524  1.239882895927482  0.629492598793630 
 0.283809521367521  0.095234377286316  0.749861912393113  1.578245299145157 
 0.776261014799009 -0.036058756997879  1.649529809725035  2.178689429175409 
 1.759261057692268  1.061562740384626  2.686275480769311  1.842616346153521 
 0.188782684239112  0.087622299198368  1.202389769021785  1.452588586956525 
 1.199770211640190  0.101831352910069  3.463611111111150  1.870114285714432 
 0.701496580882371  0.092094099705886  1.235333492647045  1.450849632352927 
 0.395372736694703  0.093665699411756  1.756763865546328  0.673515440336127 
 0.632365785714342  0.205631603273816  2.532179761904602  1.240419077380827 
 2.737387681159348  0.786897826086947  2.423215942029020  2.901727536231848 
 0.547438835727765  0.159624914610586  2.104086389413946  1.829449149338348 
 2.152603030302947  1.471511212121229  1.699807878787843  4.462601515151414 
 1.988989444444508  1.124051555555588  0.973601033333220  3.286825555555783 
 1.408488333333298  0.228046407407442  3.536893518518651  3.783606481481420 
 2.525366666666603  2.246834567901252  3.919634567901249  2.361713580246838 
 1.543867862595413  1.025014198473296  3.890322900763420  3.514335114503847 
 1.064844705882348 -0.033482253431373  1.886148529411787  0.902166421568629 
 1.879108715596323  1.098697614678907  2.274535779816510  2.783423394495425 
 1.050689676674358 -0.000218707621246  1.879372286374117  1.671100461893812 
 2.320640944881889  1.241754409448814  1.532348740157476  2.054613385826766 
 0.997273320312516 -0.012001955078124  1.923458984374968  3.070281249999971 
 0.811167919999983  0.684952199999978  2.857769999999996  1.812718999999997 
 1.992859894736835  1.064170526315781  4.430600000000003  1.857221684210544 
 0.217453586682807  0.080004402777239  1.487577845036331  1.106351888619853 
 2.519763571428584  1.018079785714291  3.767882857142878  2.917918571428580 
 1.070367741935470  0.282356237096770  2.233156451612899  4.035262903225838 
 0.376271238439307  0.102831917820810  1.592559104046235  1.704823265895940 
 1.719517991631807  1.136324769874477  3.280322594142236  2.583133891213401 
 0.715793958188149  0.023747778432054  2.705802439024378  2.305957839721256 
 2.172101041666660  0.442263048020833  3.176359895833351  2.097058854166673 
 1.752947468354434 -0.073066209493672  2.477134177215172  1.489634177215184 
 1.536815304878048  0.440279306097560  3.998477439024413  2.521102439024379 
 1.868186746987959  1.058477518072296  4.793446987951800  3.344986746987952 
 2.253381081081082  1.741568783783780  4.268318918918929  4.200004054054038 
 2.489192187500001  1.694986484375000  2.739486718750003  2.366989062499998 
 0.900795133333335  0.468422498787879  3.437821818181805  2.821101212121247 
 1.553365895953755  0.178305734450868  1.183763468208092  1.412064855491338 
 2.074677981651371  0.288736690458717  1.793693394495415  3.685287155963306 
 0.017512542665289  0.076166204757231  1.076395826446285  1.074566435950418 
 0.582705706940879  0.123038004113111  1.064381825192796  0.899963187660669 
 1.362216793893131  1.434015572519084  1.582474809160296  2.631359541984718 
 0.844177754237285  0.093793195762711  0.677152337288133  2.072847033898303 
 2.404106299212599  2.012637795275592  3.077743307086614  3.507713385826757 
 1.586435648148147  0.038697835648148  1.312581574074070  2.535482870370393 
 0.030578727840906  0.075928725426136  0.652891986931817  1.170956704545467 
 1.385439314285715  0.518098931428573  2.772409142857145  2.359652857142859 
 1.089313114035087  0.874163771929824  2.062038157894741  1.940974561403502 
 1.017134440191390  1.228742488038278  2.522680861244022  2.595784210526316 
 1.992027368421053  0.387747287368418  2.214337894736830  2.318692631578940 
 0.470216616580313  0.066988864051814  1.912299309153715  1.260381917098445 
-0.589389442934782  0.091986414940640  0.488391630842398  0.524771008152173 
 1.775553048780486  0.762093231707318  1.983898780487808  1.122878292682927 
 1.479076030534349  1.930746564885490  2.334701526717561  3.114520610687025 
 1.301868571428570  1.310047826086955  3.126210559006213  3.567833540372667 
-0.225059976997579  0.068974286451575  0.852211307506050  0.885948317191280 
 0.029963732918150  0.076934268131672  0.775936672597868  0.652492037010676 
 1.147583459119500  0.383148138364780  1.080926729559746  3.318589308176104 
 1.219722467948719  0.541981653846153  1.785942628205125  2.603491025641027 
 0.931256768339768  0.453268579922780  2.639155212355218  3.139190733590733 
 1.661697368421051  2.163388596491230  3.122260526315790  2.259567543859650 
 1.751671891891891  0.909290486486487  2.687227027027031  3.399463243243246 
 2.548676642335766  1.133338255474453  3.144072992700730  3.875900729927008 
 2.477461607142857  1.687809821428572  1.970599999999999  3.378023214285713 
 1.752076804123712  2.102894845360827  1.928573298969070  1.781190927835052 
 0.383499948660714  0.098469814419643  1.120825066964285  2.007424776785722 
 1.883200000000002  0.246233626136364  3.040893181818186  2.941267613636353 
 2.637345454545454  1.402081818181817  3.258704545454545  1.353038787878788 
 1.325857333333334  1.125387866666666  1.735005066666667  3.565771333333339 
 0.911621238938053 -0.169095852522124  2.595438053097351  1.684973008849556 
 1.384697941176471  0.452901268941176  3.246270000000000  1.222930052941176 
 0.745360810408922  0.193751921561338  1.268819293680298  2.633593308550187 
 1.386021637630664 -0.073288522857143  2.167442508710799  2.337658188153308 
-0.269350083040936  0.064232957964912  0.473122512280702  0.813551801169591 
 0.955509505494507  0.404510361813187  1.400171043956046  1.952257967032971 
 0.922223354444444  1.648251111111112  3.476842222222222  2.903052222222221 
 1.705417549019608  1.928714705882353  4.094778431372546  2.943574509803923 
 2.235083333333332  1.464620952380952  3.023571428571431  5.114966666666667 
 0.882806242424241  0.452299712121212  1.718156969696972  1.291099575757575 
 0.482151350319149  0.224997700709220  1.954598226950356  2.473351773049645 
 1.573306477732794  0.351214187449393  2.224572874493928  3.103542914979757 
 1.234502596153846  0.392239067307692  2.427377243589743  1.686552564102566 
 1.370797089552239  1.203131417910449  3.697743283582089  1.794871716417910 
 0.934730417827297  0.323176334986072  2.245393593314766  2.318403621169919 
 1.557003434343435  1.407649797979797  2.819453535353534  1.023451292929292 
 1.518729090909091  2.297984415584414  2.849699999999999  3.946233766233765 
 1.064547313432836  0.384659764925373  2.521633582089553  0.645607236567164 
 1.372561836734693  1.161040102040816  2.594491836734693  4.303302040816327 
 1.464437419354839  0.857336021505376  0.817058312903226  2.085506451612903 
 1.638446666666666  0.497351493333333  1.661947555555556  1.931135999999999 
 2.064827522935779  0.276912596330275  2.819798165137615  3.817245871559633 
-0.334857585118376  0.063903504317926  0.802401510710261  0.519602157835400 
-0.305540921089386  0.055430304343576  0.463010252793296  0.424432839944134 
 1.261385654761905 -0.204382067857143  2.926975595238094  2.792570833333335 
