 0.017841178710387  0.076183219792664  0.949948609783190  0.969333401334124 
-0.344364862016992  0.069701869587916  0.589493348890099  0.588108859194283 
 1.028419104608580  0.192385303906368  1.472948306510564  2.640585149963393 
 1.792071551724121  1.254585114942533  2.668008620689686  1.461211388314047 
 0.419980337505428  0.105344044232942  1.077136202346821  1.688439048239895 
 1.623422435374147  0.651882151482997  3.705817414965995  2.017878951020450 
 1.314994879571816  0.309089366556648  1.544431302408559  1.503756494201592 
 0.392800483057329  0.090337854608067  1.617083893842897  1.054443901995749 
 0.976676780264512  0.209000615157682  2.929864598168838  2.572998982705945 
 2.331037747336357  0.683762640882799  2.730477321156777  2.860895433789948 
 0.633666215191749  0.122060166576702  1.925869654841788  1.938956327900280 
 2.185252016129022  1.613039435483874  2.781678024193543  4.054873991935485 
 1.703070499002005  0.965517271457090  1.521574836327326  3.519251696606822 
 1.326136463647197  0.381401198927298  2.530681644815264  3.552708939213345 
 2.236712517814720  1.956182470308791  3.563768883610453  2.504761282660328 
 1.780728972332015  1.081794598814232  4.108223715415018  3.495916205533600 
 0.938902849683541  0.226633939264241  2.580281645569628  1.318199017405062 
 1.304719895528455  1.517369701897020  2.768486856368562  2.875774525745255 
 1.432097438570362  0.351560551675355  2.332148771407296  2.242362695457937 
 1.865560828516379  1.296694971098263  1.568065767052023  2.287551252408482 
