 0.023011841460199  0.078200310586710  1.189706505866911  0.627111934811182 
 0.170341916808149  0.077883231697786  0.671650994906582  1.391156706281719 
 0.770089009523679 -0.010208861123803  1.590194476190366  2.173108761904701 
 1.765360930232521  1.061389441860475  2.701557674418683  1.833224186046197 
 0.246709159268277  0.091419298292682  1.139821134146381  1.485880365853660 
 1.204111376146771  0.169435153211023  3.437703211009207  1.785285321101044 
 0.796993706896574  0.046108880474142  1.245382758620672  1.437722823275845 
 0.357134511467910  0.084600858633020  1.729844495412934  0.716371922477058 
 0.767985272727342  0.296321333454554  2.653855999999808  1.031038127272575 
 2.671798064516065  0.792522980645153  2.459392903225835  2.856383870967710 
 0.550524342395414  0.168297560511407  2.071843536121631  1.855652661596932 
 1.984509677419296  1.459105268817217  1.860878709677394  4.455625806451541 
 1.930458333333390  1.158041960784343  0.930905853921469  3.248683333333534 
 1.530003622047215  0.256948850393730  3.568595275590663  3.781733858267665 
 2.512187209302266  2.229568604651179  3.940641860465131  2.355843023255742 
 1.357968418079092  1.152983728813569  3.695320338983094  3.312780790960475 
 1.069638193832595  0.037738327753304  1.977900440528655  0.791519286343614 
 1.829352016129025  1.123378911290328  2.246551612903220  2.833837500000011 
 1.080117720930225 -0.001906229302324  1.882869999999982  1.678080232558188 
 2.314430000000001  1.209626384615380  1.455781284615381  2.026653846153840 
 0.994809640000016 -0.032376349999999  1.942945999999967  3.095319599999970 
 0.807918150234726  0.685867089201857  2.818671361502344  1.810824413145537 
 2.000241999999992  1.047338421052623  4.417088421052635  1.852543789473702 
 0.222271173950483  0.081515046254036  1.479036275565134  1.152267631862216 
 2.488997333333345  0.969517698666671  3.727273333333353  2.938621333333340 
 1.195389776119390  0.312378905970145  2.333091791044771  4.154058955223909 
 0.372639535809019  0.103283078822282  1.561606366047738  1.704007161803702 
 1.695132926829277  1.140431788617887  3.260122764227620  2.578804471544728 
 0.803718964788728 -0.006896502464791  2.790425704225341  2.383048591549298 
 2.166528787878781  0.403433164242424  3.176615151515169  2.106391414141421 
 1.713356329113928 -0.081289325316457  2.487660759493653  1.454698481012653 
 1.529861502890172  0.451831556069364  3.996304624277478  2.499231791907504 
 1.913802173913050  1.098463630434789  4.747527173913038  3.320522826086956 
 2.226321951219513  1.649535609756094  4.242285365853666  4.200268292682908 
 2.489838345864662  1.714129097744361  2.748049624060152  2.385987969924811 
 0.904816834254145  0.446318780662984  3.404854143646395  2.787105524861910 
 1.652849295774647  0.325152628920188  1.310174600938967  1.521623568075123 
 2.134642241379306  0.245721433275863  1.869248965517244  3.668765517241382 
-0.012696594168842  0.074467286940818  1.049817180156662  1.073820400348132 
 0.537805192307697  0.119493295480770  1.038476514423071  0.884998100961539 
 1.398527195121952  1.187144085365853  1.426130609756090  2.475493902439012 
 0.982595742574254  0.200793368316831  0.599732295049503  1.888891584158413 
 2.331908783783784  2.044618918918921  3.063755405405406  3.582721621621610 
 1.597177731092436  0.057006157983194  1.327551680672266  2.498605042016826 
-0.091858100211643  0.070265874073016  0.626666315132275  0.971508835978843 
 1.425295325779038  0.523692441926347  2.738435127478756  2.363790084985839 
 1.144859640287768  0.806295935251798  2.034162949640291  1.953039208633088 
 1.006787134199137  1.254811471861472  2.548521212121215  2.614600432900433 
 1.938741772151899  0.423145237974681  2.094176371308007  2.174970042194087 
 0.474511110915495  0.085165032218310  2.026074119718313  1.280074419014085 
-0.557451193058569  0.089122910737528  0.526308475054236  0.471623011930586 
 1.746801190476189  0.761468035714286  2.014626785714289  1.084218373214287 
 1.490717605633801  1.959862676056333  2.247980985915496  3.173233802816903 
 1.266482969696970  1.205306969696968  2.880503030303033  3.863074545454543 
-0.269187128352490  0.072150877298851  0.847757509578542  0.722193448275860 
-0.208407014084507  0.060716597042253  0.674393956466070  0.414783708322663 
 1.166570955414014  0.374571394904459  1.125918343949042  3.354357961783442 
 1.148595375722544  0.494420881502890  1.812814739884391  2.587500867052026 
 0.949563729241877  0.406225562815885  2.642516245487369  3.152883754512635 
 1.611658928571428  2.142744642857143  3.087216071428572  2.354561607142858 
 1.876163291139241  0.683103105485233  2.801978481012663  3.424576371308019 
 2.532396503496502  1.040973503496504  3.130241258741259  3.885937762237764 
 2.521727678571429  1.641300357142858  1.979391964285714  3.417531249999999 
 1.746820283018868  2.066271698113210  1.922365188679244  1.815992641509435 
 0.410006969818913  0.091164573420523  0.993220784708249  2.007881690140849 
 1.628363317757010 -0.048821226168224  3.026045327102805  2.855644859813080 
 2.613610000000000  1.421257142857142  3.254725714285714  1.359125285714286 
 1.322214223602485  1.086126397515527  1.767624223602485  3.567852173913049 
 0.775897511326861 -0.104502338802589  2.573068932038840  1.677766990291262 
 1.525849659863945  0.579143170204081  3.250614965986395  1.104577571428570 
 0.768879677165354  0.211905274409449  1.151243779527560  2.645207874015748 
 1.393723623693381 -0.082272366062718  2.180526132404178  2.343744599303134 
-0.328641114118896  0.053944416163811  0.423918699893843  0.689239373673036 
 0.991259635854343  0.454672696638656  1.390630448179274  1.941093837535018 
 1.094245510975610  2.039212195121952  3.175475609756098  3.582584146341464 
 1.625685963302753  1.915518348623854  4.045074311926604  2.948510091743121 
 2.072298275862068  1.589948620689655  3.012163793103450  4.952818965517242 
 0.818365134474327  0.383971515955990  1.687672616136921  1.279157603911980 
 0.496922886345515  0.192037450498339  1.934114617940201  2.488500996677739 
 1.589528136882130  0.362182343346008  2.219185551330800  3.097005703422052 
 1.225232993630573  0.369112893726115  2.437724522292994  1.644855414012740 
 1.304571120000000  1.355396640000001  3.702427200000001  1.852575680000000 
 0.906856383561644  0.266561274684931  2.292856986301372  2.301685205479453 
 1.480304235294118  1.493325999999999  2.760788235294117  1.069033623529411 
