-0.167765078029519  0.071188671915177  0.871751680716502  0.654853642676593 
-0.405603214141006  0.069705620533349  0.505065883022682  0.564246415478095 
 0.945977930047586  0.212850185484904  1.013873964387825  2.444529729729677 
 1.766147627627605  1.263474234234240  2.728288288288335  1.346071105104901 
 0.361158491865231  0.093713054387838  0.961121980279402  1.691961462612985 
 1.038467973684204  0.342695099035093  3.068956842105279  1.432875122807067 
 1.035030055865928  0.238806428770952  1.323115743016748  1.476347966480436 
 0.185830282928317  0.082930176873631  1.313861324422863  0.867858377885783 
 0.676248086399318  0.098658628901484  2.183576024411466  1.639747863992986 
 2.240254507337502  0.882946171907753  2.224885953878421  2.907658700209631 
 0.629453279202945  0.103820098733772  1.692078553820846  2.140402711585861 
 2.242307874015728  1.955095275590557  2.454241062992117  3.830430314960603 
 1.602134487179502  0.985433192307701  1.186976996794842  3.387676923076987 
 1.324373363471963  0.250840069258596  2.986397287522625  3.280421518987331 
 2.245752957317063  2.076910670731712  3.184631402439026  2.403803841463398 
 1.249020863988919  1.442208310249312  3.321313296398914  3.497146814404447 
 0.644426349480968  0.127406529118801  1.982152249134955  0.905290820299883 
 1.370180763546794  1.566621847290644  2.199553201970442  2.887637192118226 
 1.601650814332237  0.089821150879480  1.738664820846892  2.322435667752471 
 1.997523500000003  1.353264233333332  1.485853536999997  1.909766733333331 
 0.993818402359111  0.250152778374836  1.977622411533412  2.945297771952812 
 1.136643781965005  0.693637590847908  2.081675504710634  2.087785060565275 
 1.900384196721311  1.237629442622949  4.034250163934431  1.922575278688530 
 0.012658028101644  0.073993464085202  0.795118467264575  1.124212765321379 
 2.446279941002951  0.874086889970503  3.287575221238947  3.290755457227140 
 1.524504597989948  0.475075722763818  2.142473065326627  3.823861055276388 
 0.325642675831765  0.087144991645951  1.511691462649088  1.422334902699306 
 1.338255960893859  1.064991098696462  2.974462011173184  2.466520297951584 
 0.936759395089284  0.103587261573660  2.618611160714283  2.311477120535713 
 1.928140267175571  0.346425476183206  2.858015076335878  2.165857633587790 
 1.521366930147060  0.287678557830882  2.155736580882352  1.298225403860293 
 1.362396069230770  0.393567883076923  3.782090769230771  2.517226410256411 
 1.993723823529413  1.418376852941177  4.399147058823527  3.414324264705883 
 2.009275151515150  1.160298277777777  3.074702525252526  4.547161111111111 
