 0.268891243301476  0.090748245388047  1.181092714071556  1.266790204234622 
-0.253232262946594  0.070276386200793  0.682796937034985  0.672962853996307 
 1.997065925925877  1.376283300094975  2.165547293447240  3.586111016144319 
 1.214195881561822  0.324852507106292  2.898383904555306  1.989329860737493 
 0.967215202639461  0.225536750061655  1.517777600910164  2.322715795654728 
 1.905298060805257  1.248038585784720  3.754127608874291  2.573588093672979 
 1.867738409245411  1.224281399320189  2.233725247450720  2.023410938137316 
 0.777480366696536  0.161308721273894  2.008702335722824  1.374759575836321 
 1.348055069002692  0.355934372970350  2.518097951482486  3.185689919137463 
 1.776983250259066  1.399523195164076  3.645464939550948  3.893155267702938 
