 0.087186284907679  0.079644273599356  1.206189804560171  0.662315006514851 
 0.051695641039925  0.075055412496746  0.687951865181039  1.117364837511544 
 0.611309307536332  0.127902527509939  1.457396596026411  2.237367814569490 
 1.721996870228976  1.249876679389323  2.731142748091665  1.235893758396688 
 0.343393814569518  0.087815124622515  0.863472213245071  1.752698410596029 
 1.256211218844973  0.483366466626149  3.388938601823731  1.524269328267559 
 1.034852345276889  0.063687956677527  1.625624934853399  1.637502671009757 
 0.252615243441773  0.081500376579220  1.572199685204654  1.020770902413429 
 0.733395083871008  0.203784413978499  2.595823225806337  1.205198797849373 
 2.443717499999968  1.249205321428568  2.156341071428588  3.007163571428552 
 0.619048595563534  0.132018595322542  2.079648561151048  1.990387889688230 
 2.105660893854719  1.259781363128499  2.308040670391048  4.397641899441302 
 1.677729816513786  1.234523990825702  1.164554371559587  3.464196788990922 
 1.741370795847737  0.453147401384096  3.235303806228419  3.686852941176448 
 2.031786719576693  2.160558201058208  3.875219047619055  2.593852910052878 
 1.153655575378786  1.403868257575765  3.438455303030332  3.447545833333353 
 0.824342995098037  0.120780343676471  1.880940196078442  0.701608679411766 
 1.409119815303425  1.146369920844328  2.275322427440631  3.087798680738788 
 1.348235861386132 -0.042791483485147  1.935585346534636  2.263496237623802 
 1.920550228310502  1.576226621004563  1.579807415981732  1.987239406392691 
 0.849280327022382  0.142019857934596  2.113436833046458  2.747887607573140 
 1.034825621572209  0.701889488116994  2.565872212065811  2.127391407678241 
 1.956934126984123  1.133564708994706  4.165406349206354  1.866817777777787 
 0.047391907616893  0.077000936628959  1.105688061840122  1.181996048265461 
 2.554938095238103  1.084514722222225  3.264716666666678  3.257874603174606 
 1.090071249999992  0.500179925892855  2.261348660714282  3.993350892857161 
 0.343956696735396  0.098752224091066  1.440708762886593  1.598732474226795 
 1.581346539509543  1.161418392370575  3.250728337874646  2.501489373297010 
 0.924597252873560 -0.005971075076629  2.774121072796934  2.011867241379316 
 2.267644140624993  0.433557360624999  3.189653906250012  2.149654687500006 
 1.607849210526319  0.202239798499999  2.389429999999998  1.344441323684209 
 1.271311726950354  0.362785834042553  3.796800000000011  2.571167730496448 
 1.894411117021279  1.151952202127662  4.504209042553188  3.250212234042552 
 2.296536000000001  1.541355447999997  3.869012000000006  4.403051999999986 
 2.539483615819208  1.857849152542372  2.842706214689263  2.132301468926550 
 0.918315356545961  0.383103345682451  2.856508913649019  3.057758217270208 
 1.967764556962023  0.444517605738397  1.365594966244726  1.726926329113926 
 1.873191111111110  0.296107103500000  2.070459444444445  3.310728611111115 
-0.202151890891473  0.069701747241602  0.850361492248066  0.671012670542638 
 0.750684842975208  0.156397175471074  1.132057438016528  1.193636595041323 
 1.228795907172997  0.688980864978903  1.627026097046412  2.397611603375522 
 1.041365953002612  0.194326339947780  0.850868479373367  2.113618276762399 
 1.948918156682029  2.105015207373271  2.796661751152072  3.693771889400914 
 1.126673183023873  0.210658236870026  1.292218381962865  3.061385676392580 
-0.268797093097186  0.063059461998183  0.486403600635785  0.798104150772030 
 1.542608675675677  0.075053871891892  2.863925945945947  2.744702972972970 
 1.102123454106281  0.648279758454106  1.871914251207730  1.523417198067630 
 1.295081687500000  1.892462053571429  2.535905357142857  2.495212053571429 
 1.793621232876713  0.600326433789954  2.396513242009131  2.296913470319635 
 0.538875867779205  0.102698000911425  1.965442618741979  1.373845571245185 
-0.453666302439024  0.072928704942872  0.527257045731709  0.460970544024390 
