 0.006447025665058  0.074647722613469  1.239758153364507  0.626608154929853 
 0.233282871866295  0.084722626378818  0.730018036211635  1.632283565459426 
 0.944081871344829 -0.059467549590633  1.810896491227900  2.248900877192894 
 1.781745728643175  1.090788743718604  2.723698994974959  1.874857788944384 
 0.205676531974505  0.078504045108279  1.196722280254820  1.426623821656053 
 1.217348695652152  0.073506085326103  3.450591304347868  1.876753260869715 
 0.696228342105287  0.178460409710532  1.008231710526295  1.447945921052611 
 0.412398801857613  0.101015601517018  1.765246439628603  0.649399604334357 
 0.623055856589221  0.145148350000009  2.690825581395144  1.331530697674253 
 2.769462204724332  0.818786236220462  2.426188976377990  2.915240157480277 
 0.526899202375784  0.091577985159827  2.130225701943794  1.789578833693275 
 2.098369090908990  1.491298727272748  1.584134363636321  4.518039999999877 
 1.993911666666730  1.128572000000032  0.986392477777665  3.283842222222449 
 1.402593333333295  0.226073686868724  3.557662626262772  3.804803030302962 
 2.534301249999936  2.245396250000018  3.919045000000015  2.370918749999923 
 1.549707177419348  1.013356612903241  3.916354838709743  3.530613709677451 
 1.106409041916161 -0.027879945508982  1.895447904191644  0.869763652694613 
 1.881979452054788  1.080323287671240  2.268416894977164  2.757482191780835 
 1.045984678217815  0.045409501237625  1.899011633663350  1.616671287128763 
 2.301258064516128  1.275504677419351  1.539136693548383  2.045366935483866 
 1.024205882352960 -0.040417160633483  1.898661538461501  3.078294570135713 
 0.853770740384599  0.701148557692286  2.847515865384613  1.843757211538458 
 2.037667289719618  1.153582523364478  4.291046728971965  2.083404672897212 
 0.170059168888886  0.077534228019444  1.503043472222235  1.072751513888889 
 2.551947107438032  0.994321652892568  3.771257024793413  2.940820661157035 
 1.083665178571413  0.259750798214281  2.223091071428566  4.075905357142891 
 0.376818823953824  0.123319191532468  1.596890476190469  1.590771284271272 
 1.865450526315801  1.198993789473684  3.162452105263128  2.633734736842122 
 0.716347775700931  0.050896853613706  2.664728037383164  2.250029906542056 
 2.166238674033142  0.416649174696132  3.157572375690627  2.069707734806638 
 1.810602649006627  0.048317822516555  2.372304635761571  1.377106026490061 
 1.661080454545453  0.218315647272726  4.089492727272757  2.526385454545439 
 1.842893827160501  1.062963012345686  4.790224691358017  3.360846913580247 
 2.233232857142859  1.762664142857139  4.277734285714297  4.219742857142840 
 2.471560000000001  1.735504560000000  2.757032800000004  2.369491999999998 
 0.795915525547447  0.382656651824818  3.439852554744509  2.844064963503692 
 1.607171710526313  0.169512684605264  1.174173092105263  1.415822565789484 
 2.026754545454540  0.329894117851241  1.756898181818184  3.654353719008267 
 0.006343424597207  0.076333699897959  1.073429430719661  1.076314371643399 
 0.514635313351504  0.103471546049047  1.055137411444136  0.837583901907357 
 1.356974380165291  1.461152396694214  1.583965289256188  2.663836363636348 
 0.810131221719454  0.106533154751131  0.654542088687780  2.141902262443437 
 2.429953389830509  2.032587288135595  3.110041525423728  3.515512711864391 
 1.549515957446808 -0.006402034574468  1.275945372340421  2.529729787234068 
 0.060738454077250  0.075488704864091  0.655439397424892  1.185213218884131 
 1.399456955017303  0.524580698961940  2.787805536332182  2.430795155709346 
 1.244421269841270  0.936163915343915  2.060665608465615  1.966245502645494 
 1.018498142180098  1.225556540284360  2.531249289099529  2.609736018957347 
 2.133995424836602  0.342725813071891  2.100989542483644  2.366532026143781 
 0.471630889583336  0.103662938333334  2.029861666666666  1.209427333333333 
-0.589154016282224  0.092510727539092  0.488202225644512  0.525321590230663 
 1.789414598540144  0.823101678832117  1.955711240875917  1.118925328467153 
 1.493742043795618  1.957532116788316  2.406476642335770  3.036841605839418 
 1.354436890243901  1.301715365853656  3.168682926829270  3.603788414634141 
-0.222056507840772  0.069339498442703  0.846719264173700  0.896844704463205 
 0.012284522552448  0.075942323933566  0.774285944055947  0.649869606293706 
 1.125517763157898  0.395058782894737  1.083744276315787  3.335427631578952 
 1.329313875968994  0.569977519379844  1.723927519379841  2.707655813953491 
 0.777994234939758  0.478783736144579  2.436942771084345  3.186684337349396 
 1.629149999999999  2.167394117647061  3.227623529411764  2.142479411764707 
 1.762730409356725  0.975505204678363  2.515898830409359  3.468475438596492 
 2.574477272727273  1.070486009090909  3.330146363636364  3.849684545454546 
 2.465324358974359  1.815048717948719  1.837660256410255  3.184962820512816 
 1.739860112359551  2.127517977528091  1.934063033707864  1.763608089887641 
 0.352548933014353  0.102898185861244  1.115896220095693  1.965228468899530 
 1.987219463087252  0.200422733557047  3.038132885906045  2.893004026845624 
 2.659558461538461  1.383247846153845  3.264436923076923  1.369863846153846 
 1.286036564885497  1.209444580152670  1.732790534351146  3.592716030534358 
 1.088976822916666 -0.216217915989584  2.582435937500007  1.694177083333332 
 1.385536358024692  0.430880214320987  3.166402469135801  1.262928580246913 
 0.754964323943662  0.170068613732394  1.302580140845071  2.618289436619720 
 1.443379607843140 -0.052030733176470  2.214145882352939  2.337511764705877 
-0.265851555425905  0.064612013138857  0.472782681446908  0.819876021003501 
 0.975295364963505  0.493808649635037  1.404158065693435  2.052108759124091 
 0.928796977173913  1.635496739130435  3.469202173913043  2.871169565217390 
 1.698433557692308  1.935634615384616  4.066657692307690  2.949577884615387 
 2.236802325581394  1.482755348837209  3.024334883720933  5.100606976744186 
 0.653340431818180  0.065041812354546  1.518816363636367  1.193680272727274 
 0.484916700403588  0.205339618834081  2.044152466367713  2.538920627802690 
 1.587561611374408  0.302356783412322  2.238329857819906  3.122188151658767 
 1.365269931034484  0.393461079310345  2.473894482758622  1.892797586206897 
 1.321441551724138  1.022917155172415  3.660000862068966  1.787774137931034 
 1.034823357664234  0.378106502408759  2.269108394160591  2.509143795620441 
 1.561358400000001  1.380659499999999  2.806133999999999  1.027450779999999 
 1.493474342105263  2.302932894736841  2.854461842105263  3.932789473684210 
 1.034718053097344  0.311556446902655  2.586665486725665  0.588782209734513 
 1.261565375000000  1.184934125000000  2.600903750000000  4.343438750000002 
 1.502307727272728  0.850181590909091  0.812779126136364  2.116597727272726 
 1.623633653846154  0.461938394230769  1.647718749999999  1.940875480769230 
 2.065033018867924  0.284338849056604  2.791818867924529  3.843311320754717 
-0.338141106334842  0.063673688382353  0.801171730769232  0.521841622171946 
-0.305887608725762  0.055141541426593  0.463015458448754  0.426402096121884 
 1.182975595238094 -0.191981702976190  2.903239880952379  2.784587500000002 
 1.000187813765184  0.474907396761134  2.277743319838057  1.313740404858301 
 0.966261826923076  0.582215192307692  1.568914423076922  1.308622836538462 
 0.892519174917493 -0.020435320231023  1.350629141914190  1.809402640264028 
 0.487436004842615  0.097838347699758  1.611365375302664  2.086641646489105 
 1.604651388888888  1.175225833333333  4.229227777777780  1.024086916666667 
 1.431289886363636  0.827285000000000  3.562539772727271  2.580293749999999 
 0.799629594594594  0.449517554054054  2.013796283783784  2.043258783783785 
 2.453242391304349  1.393530217391304  2.417349999999999  3.858393478260870 
 1.330983092783505  0.465211565463917  2.904901546391751  3.232103608247420 
