-0.053263412325845  0.073165667742769  1.036253885316143  0.695126685423460 
-0.369516230757049  0.070252947685558  0.552621703927772  0.583040988976858 
 0.982830439024311  0.213821165470389  1.097527163298421  2.399384552845493 
 1.707596354961818  0.904067776717562  2.802209923664152  1.332607526144910 
 0.383037518694970  0.094399215732780  1.128968687726583  1.652640341791818 
 1.547636417910446  0.508931238238811  3.545921044776130  2.177320746268700 
 1.220467057444320  0.318248772930835  1.436890199296590  1.385917936694008 
 0.322142246761458  0.088130662543442  1.513652517114284  0.999532470879410 
 0.925601553817864  0.118919871950323  2.678083072677045  2.073303955841723 
 2.165058160237367  0.708394734866465  2.475096290801197  2.721420771513349 
 0.670879590805711  0.135172609193524  1.804204819277085  2.164547138554207 
 2.244466379310330  1.782971465517246  2.507948994252867  4.038387931034467 
 1.635949458333343  0.885120958333339  1.383755714583312  3.311992291666706 
 1.232088091569759  0.299490295494191  3.137713081395368  3.070685610465110 
 2.159704299754293  1.958055773955776  2.992733169533174  2.384957641277631 
 1.772065793871866  1.407025247910865  4.225555988857954  3.551387465181075 
 0.940407889733839  0.204117502978454  2.498992015209137  1.089557228136881 
 1.253067189421156  1.564701916167667  2.865253892215570  3.210112375249500 
 1.579437706855785  0.174958719550828  2.002012635933798  2.063335579196236 
 1.908690079575600  1.459397188328911  1.565020639522545  2.121465225464191 
 1.074986360674157  0.210879305011236  2.035759438202244  2.958888089887633 
 1.131876933238636  0.964818565340906  2.388576420454553  2.250254119318183 
 1.984286813559321  1.425226033898303  4.139383050847456  2.018876372881357 
 0.028860543069077  0.075218816095967  0.806437387019008  1.141881043115441 
 2.439647837837835  0.920080974864865  3.362527567567569  3.423226216216219 
 1.506145460526316  0.543479891798245  2.428090745614035  3.967521271929825 
 0.571822263679246  0.110241306018868  1.922832884097034  1.515641280323447 
