 0.033670907179069  0.075874062021352  0.984570657325840  0.984792738190601 
-0.336105652832676  0.069636790283611  0.594197542845843  0.597230968959142 
 1.082043228300462  0.269138325412112  1.431991962071439  2.765694091903691 
 1.094376245105144  0.343737502211749  2.692688397389420  1.362047558158031 
 0.465384622916661  0.109396132854166  1.083685634000016  1.700055624999999 
 1.632415678741657  0.528734273708296  3.496846520495716  2.263894099142064 
 1.571188331877735  0.544239803283844  1.653012359039297  1.633988113537106 
 0.463955832767406  0.099249076274192  1.671026417657051  1.059565329456699 
 1.147840607875765  0.216280282623406  2.503835607321122  2.441173044925101 
 2.130086080178158  0.981369560200443  1.895734253897545  3.004890423162577 
 0.672979977303420  0.121777226542308  1.902096068376048  1.896186837606833 
 2.112356159999992  1.628568720000003  2.773304271999998  3.964321919999999 
 1.312973817380358  1.492030806045343  2.462498992443318  2.583793576826212 
 1.388041979651161  0.441206824515506  2.713425678294575  3.552415116279069 
 2.204614486133768  1.671644535073410  3.219129690048938  2.000278613376834 
 1.813841440214069  1.311975883792049  4.058272629969414  3.295761009174313 
