 0.139233074656782  0.082453076825773  1.334841055966124  0.732670817318033 
 0.145782014305364  0.078013003259967  0.667713182668470  1.325337730398807 
 0.714064604799889  0.114564714992006  1.434827743999906  2.382646559999949 
 1.712849849246190  1.221677638190966  3.007393467336767  1.215399944723278 
 0.350518527738244  0.088067637965859  1.006106884779557  1.841738264580367 
 1.255712377118627  0.351077170847470  3.484135593220368  1.516904703389947 
 0.976252276707549  0.057016770928200  1.523571978984220  1.679733975481599 
 0.354759207897804  0.090313226882691  1.729431591173098  1.133036144018581 
 0.755297509859208  0.254268717464795  2.650141126760412  1.053353115492841 
 2.649449450549395  0.773137912087905  2.391383516483541  2.810604945054916 
 0.592924679741230  0.122616050987824  2.082498630136953  2.175719939117176 
 1.941106271186394  1.503696949152552  2.336831355932183  4.623891525423670 
 1.819478012048227  1.187207132530138  1.140232668674638  3.543870481927835 
 1.544923099999983  0.296914985000019  3.377732000000070  3.728739499999967 
 2.182270666666632  2.064802000000008  4.005418000000010  2.772655999999960 
 1.037065962576683  1.329493619631912  3.669546625766918  3.304814110429476 
 0.819701455847254  0.085439982243437  1.831845346062064  0.752726410978522 
 1.753965137614673  1.013367247706426  2.179790214067277  2.841138226299700 
 1.286144239130428 -0.061048385565216  2.042787826086938  2.153922826087004 
 2.058842307692307  1.593782582417579  1.546539022527469  2.042370219780215 
 0.921503235457075  0.096760180332411  1.992463711911336  2.989331024930734 
 1.124968171557556  0.662255575620757  2.767402257336338  1.936972009029343 
 1.942456402439020  1.118832682926824  4.218430487804882  1.862628658536596 
 0.156925382481751  0.077855567344890  1.256814114963509  1.319016788321169 
 2.392795555555564  0.873236065000004  3.599573888888903  2.962888888888893 
 1.095432117647049  0.495410087647056  2.263267058823525  4.094161176470609 
 0.405742811318682  0.122958015090111  1.593219670329665  1.723364065934055 
 1.570504394904466  1.169511624203824  3.269323566878964  2.521816560509560 
 0.894691752336445 -0.031519911425235  2.798681308411212  2.022851401869163 
 2.139657446808502  0.428859334553191  3.191005531914907  2.039217446808517 
 1.526747076023396  0.125898666461988  2.412683040935667  1.350271295321636 
 1.290223373076923  0.380082566153846  3.805362307692320  2.539563461538455 
 1.860809210526319  1.120498381578951  4.579172368421052  3.283385526315787 
 2.098564197530865  1.673298765432095  4.076017283950627  4.465609876543191 
 2.518830898876402  1.722652640449438  2.825197191011234  2.111325393258427 
 0.777085678966790  0.208572972693727  2.912816605166040  2.887656457564593 
 1.775191056910568  0.377423788861789  1.307215191056911  1.538808780487809 
 1.791585714285713  0.193316653233083  2.026418796992479  3.366296240601510 
-0.023968401651652  0.073061121684684  0.952918693693697  0.997978903903908 
 0.681556682098767  0.149496101604938  1.137562037037035  1.223900231481481 
 1.247702054380667  0.812131450151057  1.486815317220540  2.333010876132925 
 0.946672999999999  0.212133332903225  0.720194405161290  2.051553870967740 
 2.426162595419849  2.097674809160305  3.012987022900762  3.548543511450370 
 1.531589752650176  0.088743001766785  1.348470000000001  2.587109893992950 
-0.224461582984295  0.068976761736474  0.562257780104712  0.879646579406636 
 1.585922784810128  0.129370462278481  2.839484810126584  2.751531645569619 
 1.020467723004696  0.583413849765258  1.892784741784040  1.616171478873238 
 1.133912551886795  1.531648018867925  2.465647641509434  2.275936320754717 
 1.837212849162011  0.542006945251395  2.292581843575412  2.139795251396646 
 0.655406146408841  0.092936002444752  2.169865883977903  1.540659944751382 
-0.546525017985611  0.075859061237689  0.524147384262594  0.528161602517985 
 1.636267891566264  0.994491265060242  1.982851807228915  1.063158401807230 
 1.464726939890710  1.861662841530051  2.178379781420765  3.195353551912568 
 1.454448971428571  1.728280571428570  3.077649714285718  3.671991428571429 
-0.192994741224490  0.067152372032653  0.896183053061223  0.590849528979589 
-0.256704106371490  0.066745834589633  0.500535250539957  0.461550300431965 
 1.061100186046513  0.490894866046512  1.231378790697673  3.296159534883722 
 1.041180102459018  0.529150350409837  2.213771721311473  2.453112295081967 
 1.183018006756757  0.797032905405405  2.666709797297298  3.217053040540542 
 1.695016750000000  2.256999166666667  3.278572500000000  2.173009166666667 
 2.001349519230770  0.837910673076923  2.635005769230772  3.636851442307693 
 2.603735483870967  1.047049524193549  3.308061290322581  3.890856451612906 
 2.539857377049181  1.574956475409837  1.952795901639345  3.422978688524589 
