 0.251756289930684  0.089977027249905  1.163253127647267  1.249397920677739 
-0.259098895855314  0.070264058377978  0.675946736642798  0.667273528108506 
 1.882585891608346  1.228372946730772  1.910931750874074  3.422474737762208 
 1.155804864017659  0.268830513147904  2.803131125827806  1.959857827814537 
 0.914680208266391  0.197859253537802  1.501771318251630  2.263852746603662 
 1.845974404945902  1.218952614064918  3.656092658423498  2.352493306800631 
 1.851675922401170  1.131863961493412  2.167658346339683  1.928540219619320 
 0.744662282790551  0.153495248740740  1.978007956577270  1.318701839048529 
 1.302813815844698  0.342647953305351  2.547595855194133  3.112702360965366 
 1.908712387574552  1.372604270377733  3.489402485089462  3.747541252485090 
