 0.109822064033812  0.082312257433014  1.323744922425840  0.637204744711110 
 0.136161814634146  0.078279847515237  0.643066042378015  1.328739161585264 
 0.697104903225696  0.097334420177425  1.503551290322488  2.172599354838660 
 1.637258571428537  1.185611255411264  2.722844588744662  1.605221774891481 
 0.260203193679443  0.084242161512414  1.135203284424415  1.468734762979683 
 1.197699083999985  0.210079381600012  3.426846000000029  1.777979600000111 
 0.867313184079620  0.113455592786073  1.424708059701478  1.518011774461016 
 0.418782067082697  0.100733315828388  1.831031825273070  1.034296692667703 
 0.766182217948779  0.259366880128212  2.615268910256237  1.014777932692174 
 2.648326900584737  0.755526830409349  2.427574853801195  2.830329824561374 
 0.542498579728730  0.146450511571429  2.053611754068673  2.123530018083156 
 2.069476146788941  1.458928899082580  2.154934403669703  4.616288990825627 
 1.848897424242468  1.266574545454567  0.983304144696893  3.168709090909247 
 1.538568982035906  0.385818586826370  3.519756886227630  3.768496407185590 
 2.188206382978686  2.112366666666676  3.986663829787244  2.756958865248185 
 1.204656325789470  1.431425105263167  3.611268947368462  3.190978947368444 
 0.957455442176868  0.066985310544218  1.870494217687091  0.762117878231295 
 1.745736217948714  0.974042628205132  2.140570192307688  2.823711217948727 
 1.147216109890103 -0.052352663296702  1.977388351648332  1.933266813186862 
 2.251638235294118  1.211730441176466  1.409338433823526  2.046282352941170 
 0.799944331343296  0.081516363880598  1.953791343283557  2.952577910447742 
 0.901735816023729  0.603087062314526  2.634350741839763  1.799247477744805 
 1.812080999999994  1.193469214285708  4.258928571428577  1.826139000000013 
 0.163999306343712  0.079227339450980  1.427818685121116  1.128010645905421 
 2.472089285714296  0.955890504761909  3.766916666666684  2.918301785714292 
 1.140347801418428  0.295374903546095  2.368443262411343  4.121768794326272 
 0.363496435257986  0.106763255690419  1.593472972972968  1.651591277641265 
 1.621962302405505  1.151418281786943  3.292336082474207  2.487934707903789 
 0.826337030612241  0.051089256811223  2.667985714285709  2.391950510204080 
 2.158476388888882  0.426691465370370  3.149122685185201  2.090554166666672 
 1.579315107913672  0.103035238237409  2.501173381294955  1.422654712230212 
 1.482496031746031  0.438188514285714  3.998774603174622  2.533347089947081 
 1.855345161290326  1.161668580645166  4.646160483870966  3.382578225806451 
 2.119145238095238  1.669894166666663  4.039913095238105  4.471955952380934 
 2.440282035928144  1.675678862275448  2.715013772455090  2.387908383233533 
 0.889690631840797  0.424644900497513  3.326994029850732  2.819234825870674 
 1.665410222222221  0.291561182488890  1.323005200000001  1.516571200000005 
 1.891000478468897  0.261376671100479  1.973862583732059  3.537795693779912 
-0.023324569901440  0.072849759502653  0.988128559514788  1.031906588324490 
 0.612516989473688  0.134250740442105  1.083137031578943  0.978027326315790 
 1.184562465277778  0.788501944444444  1.456714444444439  2.214607986111105 
 0.969036274509801  0.237088632941176  0.699613551372547  1.840407843137253 
 2.218246979865772  2.129030872483223  3.036647651006712  3.662788590604016 
 1.555029118773945  0.126946328122606  1.371391379310344  2.496836015325687 
-0.205919092710122  0.069885513387650  0.574250459691252  0.888171200686111 
 1.423512155844157  0.533750236363638  2.701034025974029  2.295406233766235 
 1.057691994818654  0.560173834196891  1.890503886010367  1.559747720207252 
 1.016080287449395  1.247452429149798  2.445834412955467  2.474265182186237 
 1.883812595419848  0.469561249618318  2.124791221374037  2.099033206106866 
 0.610268216666668  0.106069063783334  2.102180500000002  1.511676333333335 
-0.543662621789193  0.073669242813384  0.509381807174494  0.544784368467669 
 1.743690065359476  0.830031241830067  2.048379084967323  0.984730115686276 
 1.471643067484663  1.921386503067480  2.314369938650310  3.139095092024541 
 1.181918205128205  1.456127179487178  2.947467948717953  3.897814102564101 
-0.199522251833741  0.067353725786471  0.884968859005703  0.613338413202932 
-0.264909461740042  0.066399782190776  0.521196355345913  0.447842692033543 
 1.162147929292930  0.378095494949495  1.213402727272725  3.299859090909092 
 1.056699423963135  0.447687035944701  2.017146082949307  2.449738940092167 
 1.056124583333333  0.542986314743590  2.580916346153848  3.175627243589744 
 1.621975271317829  2.181998449612404  3.204810077519380  2.228250387596898 
 1.861398181818182  0.766098494545454  2.770561090909096  3.412729818181818 
 2.539534666666666  1.071516473333334  3.206508666666668  3.895830000000003 
 2.532472440944883  1.593309685039371  1.990890551181103  3.440959055118109 
 1.684476949152543  1.992006779661018  1.866739067796609  1.856520508474577 
 0.376400504892368  0.093991365929550  0.974121487279844  1.940122700587088 
 1.608066992187501  0.006652459375000  2.988100390624999  2.849100390624998 
 2.606079487179486  1.530373205128204  3.333300000000000  1.367544102564103 
 1.326316428571429  1.146676233766233  1.722054285714286  3.637385714285717 
 0.802530732638889 -0.090748898611111  2.653702430555558  1.704934374999999 
 1.422563880597015  0.791921112089552  3.354253731343284  1.048214626865671 
 0.792533952000000  0.127035336400000  1.061838032000001  2.612173600000002 
 1.490335714285715 -0.075707612781955  2.153237969924810  2.665685714285715 
