 0.006049895447366  0.074534779827326  1.239541224489671  0.625721885400590 
 0.234659060941828  0.083100478864254  0.729351454293565  1.633970360110620 
 0.952921303115953 -0.054743082039650  1.821729178470090  2.247257223795948 
 1.734870588235249  1.112872245989317  2.827103208556241  1.910913368983597 
 0.202775183896086  0.080210820012985  1.191870103896148  1.417354025974028 
 1.177872409638529  0.067492263253030  3.472013253012094  1.870205421686914 
 0.694136269841294  0.170812848386249  1.008826111111090  1.443463359788339 
 0.412811311111139  0.096404597746022  1.765347301587424  0.641969118095229 
 0.628331007722081  0.137157198069507  2.692399227799024  1.337069652509487 
 2.767134905660283  0.898295160377346  2.430652830188722  3.064606603773538 
 0.543691156784943  0.115723334298539  2.131579123173230  1.793184968684731 
 2.170039583333219  1.555419166666690  1.605424791666618  4.550597916666527 
 2.059688961039035  1.101574935064972  0.952296012986881  3.213357142857407 
 1.401827083333293  0.224362031250039  3.557886458333483  3.817420833333263 
 2.677893055555483  2.174858333333353  3.899429166666684  2.534694444444359 
 1.565888536585359  1.006402032520340  3.919782926829334  3.529161788617919 
 1.100774186046505 -0.030974737790698  1.891987790697701  0.879557790697677 
 1.855962903225798  1.111115806451622  2.285088172043006  2.863273655913992 
 1.047404520202013  0.057231330303032  1.907055808080791  1.618872474747525 
 2.498825000000001  1.364774374999992  1.400869828124991  1.773523124999993 
 0.965768056872057 -0.018894773459714  1.874680568720340  3.053993364928875 
 0.787939847058804  0.727080882352914  2.820058823529406  1.806290588235290 
 2.052800917431184  1.172939082568799  4.274490825688075  2.076307339449556 
 0.166160299147725  0.076372605644886  1.503480113636376  1.068980411931819 
 2.529667826086972  0.986433304347832  3.790584347826111  2.950873043478271 
 1.070262268907549  0.284931675630247  2.201805042016801  4.063857983193309 
 0.334263994727593  0.168977629933217  1.597527240773277  1.598832688927929 
 1.851244000000013  1.234737600000000  3.145162285714252  2.725633142857159 
 0.706572190789470  0.026741644769735  2.645917434210511  2.219466776315789 
 1.992394805194797  0.358905050779220  3.270883116883140  2.005099350649362 
 1.813958666666672  0.055871601333332  2.371579333333315  1.371822066666662 
 1.666033168316830  0.209250635643563  4.099553465346566  2.563025742574240 
 1.833119753086427  1.064339555555563  4.801871604938264  3.352264197530864 
 2.223152941176472  1.772867058823526  4.282069117647071  4.236426470588218 
 2.392683582089553  1.760298507462687  2.741397014925376  2.371176865671640 
 0.784213279661019  0.366788570338983  3.509069491525404  2.864655932203440 
 1.609762237762234  0.156737433986015  1.165030419580420  1.401405104895115 
 2.046612844036692  0.364728800550460  1.733046605504590  3.725975229357800 
 0.003790096784566  0.076030241806002  1.072489131832802  1.072349260450166 
 0.508488453038679  0.098355310497238  1.049733756906071  0.836771469613260 
 1.353245916666669  1.466421166666666  1.592719999999990  2.669269999999984 
 0.813483504672894  0.112203748598130  0.648750895327100  2.137758411214952 
 2.425108771929825  2.037891228070178  3.108891228070175  3.536205263157878 
 1.545934594594594 -0.010050067567567  1.277149891891888  2.535771351351378 
 0.060829499142854  0.075647506714285  0.655799626857142  1.185307057142868 
 1.207331882845189  0.492452878661090  2.935109205020920  2.385365271966533 
 1.274124593023256  0.982687848837208  2.077671511627913  1.911632558139526 
 0.987569806060610  1.257435757575756  2.550621212121213  2.492762424242424 
 2.305873275862067  0.322651931034477  1.980365517241359  2.461653448275848 
 0.464631312087915  0.104865128351649  2.040490109890110  1.201553714285714 
-0.589154016282224  0.092510727539092  0.488202225644512  0.525321590230663 
 1.783971532846713  0.819724087591241  1.973384671532851  1.117230437956205 
 1.507901269841267  2.027430952380946  2.429819841269846  2.989292857142860 
 1.358040384615383  1.302835064102562  3.191178846153849  3.621373076923073 
-0.224740892121213  0.069627511768486  0.843279551515148  0.895226569696966 
 0.011474047192983  0.075983270684210  0.773676438596494  0.649539797894737 
 1.137015666666670  0.387564853333334  1.081585133333330  3.329929333333338 
 1.301667586206900  0.571854367816091  1.686301532567045  2.704134865900385 
 0.703729361842103  0.369209126315790  2.503955263157906  3.090694736842105 
 1.700420652173912  2.252148913043480  3.394873913043477  2.048481521739131 
 1.815765942028986  0.912473550724639  2.526302898550730  3.532457246376812 
 2.582293396226415  1.072668688679245  3.343215094339623  3.863100943396227 
 2.482422222222223  1.852311111111112  1.836206944444443  3.185244444444440 
 1.715454268292683  2.138598780487807  1.907976951219510  1.753318780487805 
 0.354116955916473  0.097189402296984  1.122864570765661  1.948533178654300 
 1.955833742331291  0.202962234969325  3.034350920245402  2.906733742331276 
 2.643904687500000  1.416100781249999  3.278089062500000  1.350175781250000 
 1.401463394495414  1.270396146788989  1.531490275229359  3.648746788990833 
 1.102790851063829 -0.219996914202128  2.575536170212774  1.695301063829786 
 1.374438963414635  0.431915516585365  3.168693902439023  1.273565426829268 
 0.727910928057554  0.139185922661870  1.275726115107914  2.595225899280578 
 1.485472440944885 -0.046835826220472  2.214120078740155  2.308455118110233 
-0.264835279670976  0.064331120164512  0.471350643948296  0.819566580493537 
 0.973965038461540  0.483915192307693  1.381109192307698  2.022709615384620 
 0.941179594680851  1.648761702127660  3.455791489361701  2.864931914893616 
 1.697508476190477  1.936078095238096  4.058836190476190  2.950984761904764 
 2.236802325581394  1.482755348837209  3.024334883720933  5.100606976744186 
 0.641597279792744  0.127363873668394  1.517828497409331  1.139376139896375 
 0.479734598153154  0.201309905405405  2.041476126126128  2.509149099099099 
 1.573025791855204  0.226210742081448  2.176117647058823  3.163119909502262 
 1.325250234899330  0.403025117449665  2.492124832214765  1.862279865771811 
 1.279129811320755  1.011487075471700  3.705678301886794  1.797282075471698 
 1.043703152173914  0.355459009637681  2.277220289855078  2.523636594202902 
 1.554557115384616  1.387695673076922  2.802530769230768  1.047735365384615 
 1.495525324675325  2.292396103896102  2.833190909090908  3.928637662337661 
 1.034718053097344  0.311556446902655  2.586665486725665  0.588782209734513 
 1.254178684210526  1.193455526315789  2.588863157894737  4.369347368421054 
 1.481897528089888  0.846654719101124  0.837444877528090  2.138564044943819 
 1.615133023255814  0.446304353488372  1.642928372093023  1.923280930232558 
 2.061835238095238  0.287824171428571  2.808643809523810  3.849272380952381 
-0.338238217687075  0.063479271575964  0.801151315192745  0.521407555555555 
-0.305887608725762  0.055141541426593  0.463015458448754  0.426402096121884 
 1.189769245283017 -0.214297826415094  2.903545911949682  2.793074842767298 
 0.991040258620691  0.473822616379310  2.266909913793104  1.290717112068967 
 0.977501188118810  0.581084752475247  1.564408910891088  1.326658019801980 
 0.931126250000001 -0.002236420698529  1.340701433823528  1.828657720588236 
 0.496218832116788  0.104298763503650  1.621490997566909  2.084806812652067 
 1.604651388888888  1.175225833333333  4.229227777777780  1.024086916666667 
 1.454940327868851  0.840211038251366  3.571893989071038  2.577628961748632 
 0.844480928571428  0.520941071428571  1.984793214285717  2.089067857142858 
 2.416875000000001  1.415069772727273  2.426111363636363  3.872788636363637 
 1.291517960199006  0.481409184079602  2.872440298507463  3.225484577114426 
 1.648096035242293  0.594163788546255  2.486926872246694  2.462577973568283 
 2.566190721649485  0.651505554639175  2.888429896907216  2.251735051546391 
 1.117589999999999  1.103050275862069  2.310020689655172  3.288673793103448 
 0.572570233333333 -0.086825128000000  1.587034333333333  1.511817000000000 
 2.094285087719298  1.161432982456140  1.813221929824562  2.294592105263160 
