 0.033037920181278  0.075976985975475  0.984847598773640  0.983080183950995 
-0.336805472134180  0.069609326499288  0.593500146619116  0.597259521183292 
 1.075904570412470  0.254509467667144  1.435936475817883  2.735516358463701 
 1.100105719912468  0.349747377498178  2.702871845368353  1.363856989569603 
 0.465896617287009  0.108746599607113  1.084115443176195  1.694210090984283 
 1.636335745265150  0.528549275681820  3.493744507575763  2.274973778409115 
 1.598010070484587  0.555389469392072  1.669407586872242  1.643546475770914 
 0.467744735445210  0.100304984461471  1.672279768835623  1.054802254366431 
 1.141740269102992  0.213028260559248  2.501038150609072  2.441324363233642 
 2.103132722029973  0.995051741707034  1.844425784313722  3.071784198385231 
 0.671302068076264  0.124437583422880  1.904823950299893  1.881453170522702 
 2.111076910569097  1.623699626016263  2.806007186991869  3.963659349593495 
 1.333668456204385  1.488310316301706  2.452154136253034  2.583286618004880 
 1.379986462062255  0.439234780058368  2.715861089494164  3.550947665369649 
 2.226642666666668  1.650552206349207  3.215247142857141  2.035749253968253 
 1.805990627968752  1.311973746875000  4.069977812499995  3.299737812500001 
