 0.138736739180643  0.082453211401267  1.331832783613361  0.733654447479178 
 0.148252354945054  0.077201260260983  0.667861955769200  1.325679986263644 
 0.711921443234729  0.119261401819601  1.438883576982802  2.352328771384088 
 1.714481782178177  1.214811089108922  3.033686138613944  1.217778361385804 
 0.351369524147707  0.084483060355112  1.005539389204586  1.840376278409089 
 1.262179466942132  0.354171290578525  3.477300413223169  1.520392190082758 
 1.063484394213400  0.058517595117544  1.511667667269420  1.619984882459300 
 0.353730807603697  0.090834960490780  1.731106105990827  1.130195806451611 
 0.751694358543471  0.251584242857149  2.652461344537664  1.051764694677755 
 2.706649710982602  0.830810231213866  2.313439306358406  2.865747976878583 
 0.602764338604975  0.117844078559472  2.078762408223168  2.166118208516864 
 1.941995999999953  1.509142086956533  2.302521739130413  4.632361739130377 
 2.007033433734973  1.289678156626523  1.211357560240904  3.486242168674823 
 1.558634731707300  0.311654087804896  3.359897560975676  3.729854146341431 
 2.176480519480486  2.065027922077930  3.991310389610400  2.781524675324636 
 1.027475011728391  1.331350617283961  3.670764197530910  3.310550000000028 
 0.834370071942444  0.088069438129496  1.827095923261402  0.752444619184654 
 1.779019219219214  1.039810900900904  2.172180480480480  2.873860360360364 
 1.297992701030922 -0.040970628783504  2.043538144329879  2.172788041237158 
 2.038087134502923  1.650404035087715  1.584873345614031  2.063720350877189 
 0.929844516795877  0.116320049354006  1.990344186046492  2.988298966408256 
 1.127314096916294  0.677890484581488  2.755651541850217  1.943451101321584 
 1.947368633540368  1.116178881987573  4.243309937888203  1.879379254658396 
 0.156629058951175  0.077224740244123  1.258731256781199  1.320395027124775 
 2.384382513661210  0.897588933333337  3.505863934426244  2.981362841530058 
 1.087330171428562  0.500463827999997  2.272262857142853  4.079452571428592 
 0.423199140148306  0.122632587533899  1.590320868644063  1.723200529661006 
 1.577492888888896  1.174331428571431  3.280449523809506  2.517665714285721 
 0.887306319444441 -0.022073475671298  2.803472685185183  2.039642824074078 
 2.171876339285705  0.411952323749999  3.206034375000014  2.076816964285722 
 1.546224355300863  0.133102693495701  2.432403151862460  1.369368891117478 
 1.291923283524904  0.378248380076628  3.804940229885069  2.541636398467426 
 1.873985806451616  1.114468735483875  4.557567096774192  3.278223870967739 
 2.111855555555555  1.790952111111108  3.962727777777785  4.448513333333315 
 2.526376470588233  1.729979823529411  2.836456470588232  2.092226588235294 
 0.794593686206896  0.251000977931035  2.907596551724128  2.929498965517256 
 1.941178773584904  0.485677379528303  1.321364797169812  1.701670990566042 
 1.794357246376810  0.205765133188406  2.046735507246376  3.378264130434788 
-0.025003265060241  0.072821872051205  0.951057055722895  0.998786716867474 
 0.683489049844239  0.155301357538941  1.138160903426789  1.221918613707165 
 1.270168746518108  0.789557520891365  1.523126100278547  2.337345682451248 
 0.957741191222570  0.234190401880877  0.726267039498432  2.036703134796236 
 2.556957746478874  2.003995070422535  2.752077464788730  3.462885915492948 
 1.458867862068965  0.057177858620690  1.319005862068966  2.651277931034498 
-0.224576826288212  0.068990936200873  0.562085533624454  0.879647694323149 
 1.580075718015668  0.116426147780679  2.838773107049610  2.748112010443863 
 1.023904599056605  0.586457240566038  1.890173584905663  1.613941155660375 
 1.181514816037738  1.609809905660378  2.495526415094340  2.329855188679246 
 1.852870140845071  0.575961881690139  2.355617746478867  2.179697746478872 
 0.663625573770493  0.091324375915301  2.171596448087435  1.538431147540984 
-0.546525017985611  0.075859061237689  0.524147384262594  0.528161602517985 
 1.633979137931034  0.985823448275863  1.974866666666666  1.068418475287357 
 1.505302444444444  1.868254999999997  2.141457777777779  3.251689444444444 
 1.482692988505747  1.782956896551722  3.076456321839084  3.665001724137932 
-0.192923841373671  0.067253293327882  0.896204668847095  0.590419364677021 
-0.256704106371490  0.066745834589633  0.500535250539957  0.461550300431965 
 1.104931481481483  0.567112408333334  1.195806194444443  3.360873611111113 
 1.015594578059073  0.571554213080170  2.234489029535863  2.476848734177215 
 1.317778758620689  0.841359655172414  2.713536206896551  3.268424482758622 
 1.705790275229357  2.303428440366972  3.316904587155963  2.156579816513761 
 2.198605670103093  0.929454484536083  2.589880412371137  3.762823711340205 
 2.604142718446602  1.022390495145632  3.553291262135921  3.915377669902914 
