 0.006447025665058  0.074647722613469  1.239758153364507  0.626608154929853 
 0.233282871866295  0.084722626378818  0.730018036211635  1.632283565459426 
 0.944501191860266 -0.058284976627897  1.812634302325412  2.248094476744098 
 1.781372222222181  1.090535151515163  2.725031818181904  1.872738383838043 
 0.205676531974505  0.078504045108279  1.196722280254820  1.426623821656053 
 1.217086666666645  0.073093550273240  3.452596721311517  1.874728961748785 
 0.696228342105287  0.178460409710532  1.008231710526295  1.447945921052611 
 0.412398801857613  0.101015601517018  1.765246439628603  0.649399604334357 
 0.623055856589221  0.145148350000009  2.690825581395144  1.331530697674253 
 2.769462204724332  0.818786236220462  2.426188976377990  2.915240157480277 
 0.527727452915741  0.090986386887689  2.131152915766688  1.789957883369301 
 2.098369090908990  1.491298727272748  1.584134363636321  4.518039999999877 
 1.993911666666730  1.128572000000032  0.986392477777665  3.283842222222449 
 1.402593333333295  0.226073686868724  3.557662626262772  3.804803030302962 
 2.534301249999936  2.245396250000018  3.919045000000015  2.370918749999923 
 1.549707177419348  1.013356612903241  3.916354838709743  3.530613709677451 
 1.106409041916161 -0.027879945508982  1.895447904191644  0.869763652694613 
 1.877692857142851  1.075013883928578  2.277929910714281  2.755586160714299 
 1.045981753086413  0.045688909876545  1.899265432098749  1.617545925925976 
 2.298981599999999  1.272571359999996  1.540497199999996  2.048880799999995 
 1.024205882352960 -0.040417160633483  1.898661538461501  3.078294570135713 
 0.849542019512179  0.705069170731685  2.845621463414632  1.843372682926826 
 2.037667289719618  1.153582523364478  4.291046728971965  2.083404672897212 
 0.170059168888886  0.077534228019444  1.503043472222235  1.072751513888889 
 2.551947107438032  0.994321652892568  3.771257024793413  2.940820661157035 
 1.083665178571413  0.259750798214281  2.223091071428566  4.075905357142891 
 0.376818823953824  0.123319191532468  1.596890476190469  1.590771284271272 
 1.865450526315801  1.198993789473684  3.162452105263128  2.633734736842122 
 0.716347775700931  0.050896853613706  2.664728037383164  2.250029906542056 
 2.166238674033142  0.416649174696132  3.157572375690627  2.069707734806638 
 1.810602649006627  0.048317822516555  2.372304635761571  1.377106026490061 
 1.661080454545453  0.218315647272726  4.089492727272757  2.526385454545439 
 1.842893827160501  1.062963012345686  4.790224691358017  3.360846913580247 
 2.233232857142859  1.762664142857139  4.277734285714297  4.219742857142840 
 2.471560000000001  1.735504560000000  2.757032800000004  2.369491999999998 
 0.795915525547447  0.382656651824818  3.439852554744509  2.844064963503692 
 1.607171710526313  0.169512684605264  1.174173092105263  1.415822565789484 
 2.026754545454540  0.329894117851241  1.756898181818184  3.654353719008267 
 0.006343424597207  0.076333699897959  1.073429430719661  1.076314371643399 
 0.514635313351504  0.103471546049047  1.055137411444136  0.837583901907357 
 1.356974380165291  1.461152396694214  1.583965289256188  2.663836363636348 
 0.810131221719454  0.106533154751131  0.654542088687780  2.141902262443437 
 2.429953389830509  2.032587288135595  3.110041525423728  3.515512711864391 
 1.549515957446808 -0.006402034574468  1.275945372340421  2.529729787234068 
 0.060738454077250  0.075488704864091  0.655439397424892  1.185213218884131 
 1.395574256055365  0.521111494809691  2.794021799307961  2.426679584775090 
 1.248846236559140  0.940341989247311  2.064477419354845  1.969351612903217 
 1.016189514285717  1.220892095238095  2.535274285714289  2.613055714285715 
 2.133995424836602  0.342725813071891  2.100989542483644  2.366532026143781 
 0.471630889583336  0.103662938333334  2.029861666666666  1.209427333333333 
-0.589154016282224  0.092510727539092  0.488202225644512  0.525321590230663 
 1.789414598540144  0.823101678832117  1.955711240875917  1.118925328467153 
 1.490777246376809  1.957720289855067  2.405500000000003  3.031377536231886 
 1.354436890243901  1.301715365853656  3.168682926829270  3.603788414634141 
-0.222056507840772  0.069339498442703  0.846719264173700  0.896844704463205 
 0.012284522552448  0.075942323933566  0.774285944055947  0.649869606293706 
 1.125517763157898  0.395058782894737  1.083744276315787  3.335427631578952 
 1.328281389961392  0.570613513513513  1.724187258687255  2.706110038610041 
 0.777072813664595  0.479625715527951  2.432265838509326  3.198799378881986 
 1.629149999999999  2.167394117647061  3.227623529411764  2.142479411764707 
 1.763204733727811  0.979789171597634  2.511450295857991  3.475557396449705 
 2.574477272727273  1.070486009090909  3.330146363636364  3.849684545454546 
 2.465324358974359  1.815048717948719  1.837660256410255  3.184962820512816 
 1.739860112359551  2.127517977528091  1.934063033707864  1.763608089887641 
 0.352548933014353  0.102898185861244  1.115896220095693  1.965228468899530 
 1.987219463087252  0.200422733557047  3.038132885906045  2.893004026845624 
 2.659558461538461  1.383247846153845  3.264436923076923  1.369863846153846 
 1.281939153846155  1.209959538461536  1.731187384615386  3.594125384615391 
 1.088976822916666 -0.216217915989584  2.582435937500007  1.694177083333332 
 1.385536358024692  0.430880214320987  3.166402469135801  1.262928580246913 
 0.754964323943662  0.170068613732394  1.302580140845071  2.618289436619720 
 1.443379607843140 -0.052030733176470  2.214145882352939  2.337511764705877 
-0.265851555425905  0.064612013138857  0.472782681446908  0.819876021003501 
 0.975428836363638  0.494827418181818  1.405459672727277  2.052898909090913 
 0.928796977173913  1.635496739130435  3.469202173913043  2.871169565217390 
 1.698433557692308  1.935634615384616  4.066657692307690  2.949577884615387 
 2.236802325581394  1.482755348837209  3.024334883720933  5.100606976744186 
 0.653340431818180  0.065041812354546  1.518816363636367  1.193680272727274 
 0.484916700403588  0.205339618834081  2.044152466367713  2.538920627802690 
 1.587990566037736  0.304139675943396  2.239232075471699  3.122389622641509 
 1.363294432989692  0.392660044673540  2.474983505154640  1.891374226804124 
 1.321441551724138  1.022917155172415  3.660000862068966  1.787774137931034 
 1.031532599277978  0.378186287581227  2.271472563176902  2.511795306859209 
 1.561358400000001  1.380659499999999  2.806133999999999  1.027450779999999 
 1.493474342105263  2.302932894736841  2.854461842105263  3.932789473684210 
 1.034718053097344  0.311556446902655  2.586665486725665  0.588782209734513 
 1.261565375000000  1.184934125000000  2.600903750000000  4.343438750000002 
 1.502307727272728  0.850181590909091  0.812779126136364  2.116597727272726 
 1.623633653846154  0.461938394230769  1.647718749999999  1.940875480769230 
 2.065033018867924  0.284338849056604  2.791818867924529  3.843311320754717 
-0.338141106334842  0.063673688382353  0.801171730769232  0.521841622171946 
-0.305887608725762  0.055141541426593  0.463015458448754  0.426402096121884 
 1.182975595238094 -0.191981702976190  2.903239880952379  2.784587500000002 
 1.000438594377511  0.477223401606426  2.275907630522089  1.315984658634539 
 0.966261826923076  0.582215192307692  1.568914423076922  1.308622836538462 
 0.892519174917493 -0.020435320231023  1.350629141914190  1.809402640264028 
 0.487735362318840  0.098344680193237  1.611873913043478  2.086942270531402 
 1.604651388888888  1.175225833333333  4.229227777777780  1.024086916666667 
 1.431289886363636  0.827285000000000  3.562539772727271  2.580293749999999 
 0.796638013698630  0.454031527397260  2.012366780821918  2.041872260273974 
 2.453242391304349  1.393530217391304  2.417349999999999  3.858393478260870 
 1.329478564102564  0.464465506153846  2.903907692307691  3.230445641025639 
