 0.139151683175576  0.082419400056789  1.331545331230199  0.732846365930786 
 0.149480044999999  0.077437227041661  0.664837727499969  1.324244069444351 
 0.703096417818634  0.103001080291864  1.434719416282552  2.335439631336356 
 1.700394977168913  1.246280776255717  3.037037899543455  1.258794470319326 
 0.352347784203083  0.086656261904089  1.003954386459843  1.834449929478136 
 1.273226312302826  0.429594886498432  3.397650473186142  1.588433564668856 
 1.065948929219619  0.056095257894740  1.511788058076205  1.617826025408335 
 0.352238387356332  0.091385823570111  1.730137241379353  1.128067310344825 
 0.763054436657733  0.270562298921839  2.654309973045677  1.064610312668352 
 2.522139919354802  1.064474443548383  2.228762500000018  2.976991532258043 
 0.620361098990025  0.141858626513514  2.074286628733963  2.160631009957304 
 2.078653179190719  1.303586092485556  2.303987745664726  4.441528901734065 
 1.882634096385576  1.255801566265077  1.150103451807169  3.430665060241089 
 1.735510184501831  0.423829811808132  3.254123985239902  3.697432472324700 
 2.053880372340399  2.161788297872348  3.874711702127667  2.624423936170181 
 1.019831710062889  1.333794968553470  3.700462264150990  3.348230817610092 
 0.838398388625591  0.087592126682464  1.830399763033187  0.754069990995262 
 1.509709494949491  0.988785176767678  2.342506818181816  2.970068939393942 
 1.307177261663280 -0.026893867261662  2.051442596348867  2.183717849898622 
 2.004535555555555  1.636983722222218  1.593783011666663  2.091550999999995 
 0.917719232876720  0.182003533581214  2.061458904109572  2.865105479452043 
 1.033315172744717  0.702190556621872  2.584242610364683  2.125935508637231 
 1.982086416184967  1.110661040462424  4.208005780346824  1.905546011560704 
 0.155015128571428  0.077133756428571  1.253067694394219  1.319255967450273 
 2.536688837209312  1.011402604651166  3.302882325581410  3.247931162790702 
 1.099636333333326  0.515520111428569  2.304528095238092  4.000711904761924 
 0.419303777624603  0.124338383066809  1.591647507953336  1.713557476139967 
 1.587608793103454  1.161364080459773  3.273670977011478  2.514910057471271 
 0.874495445887442 -0.001275914480521  2.805150865800864  2.047969264069268 
 2.282378389830501  0.434219725932203  3.205094491525437  2.161962711864414 
 1.554952173913047  0.142608624538043  2.445948913043475  1.395090959239130 
 1.287225230483271  0.355432596654275  3.805149442379194  2.574105947955383 
 1.909451912568309  1.151197508196724  4.504296174863385  3.243532786885245 
 2.298630172413794  1.511224146551721  3.924412068965524  4.412331034482744 
 2.495293922651932  1.849709392265193  2.851957458563534  2.110688176795579 
 0.885861145772594  0.354618151895044  2.883172886297368  3.047996209912549 
 1.968178947368419  0.498088779385966  1.359194811403509  1.754554298245618 
 1.868057975460121  0.282164467055215  2.078924539877300  3.347977607361968 
-0.024567030873494  0.072595771900602  0.950190587349401  0.997719698795185 
 0.689803761904764  0.157378084666667  1.137826190476189  1.216126714285714 
 1.228017050997784  0.737175099778271  1.613742705099776  2.381938580931258 
 0.956729688473520  0.239447066043613  0.730901263551401  2.035290965732085 
 2.387041496598642  2.155974149659862  2.899899999999997  3.661291836734684 
 1.456296013986014  0.033207220279720  1.310281503496505  2.678323076923092 
-0.225648233071555  0.069032837652705  0.560951602094240  0.879305497382204 
 1.542176300268098  0.074374677211796  2.859371313672923  2.740557640750668 
 1.037063627684965  0.589203412887828  1.873008830548928  1.608120167064437 
 1.247569800000001  1.818893333333333  2.569359999999998  2.366772857142856 
 1.797065925925927  0.599084182716048  2.411030123456785  2.219451358024691 
 0.665207082767980  0.086075385033922  2.170962822252378  1.539631343283582 
-0.546687054054054  0.075843726212892  0.524283739909914  0.527711190990990 
 1.649502655367231  0.995490338983052  1.977920338983050  1.080245337288136 
 1.601891647058824  1.865462352941174  2.079521176470589  3.286626470588235 
 1.454836311111111  1.557322488888889  3.017911555555557  3.603597333333334 
-0.192923841373671  0.067253293327882  0.896204668847095  0.590419364677021 
-0.256724678030303  0.066925955443723  0.501058854978355  0.461011329220779 
 1.061375765765767  0.507240192792793  1.250590180180179  3.358287387387389 
