-0.000824116008202  0.074535269784608  0.932265027216832  0.942468200760954 
-0.350531488375391  0.069843410049987  0.581794601672802  0.583555311369419 
 0.979818176632871  0.209602451306352  1.168977583808593  2.386769733210643 
 1.663941384615373  0.949392004153850  2.827188923076947  1.401410487230664 
 0.357527198482137  0.093441858325892  1.076901845982158  1.601435714285714 
 1.607868853146848  0.608888359328676  3.748882797202805  2.237508433566473 
 1.262740695238100  0.305347582104764  1.542217580952375  1.439749628571415 
 0.359186201345295  0.088715214485200  1.591277475336333  1.028347432376677 
 0.977505264134290  0.234486348860425  2.841548851590067  2.272628975264974 
 2.318545481927690  0.738437409427708  2.688962198795185  2.893811144578309 
 0.621672495981163  0.126997396981665  1.881401833498497  1.908651833498505 
 2.185999918533595  1.630993380855401  2.702527902240319  4.049670061099798 
 1.619280218487403  0.744067586050424  1.566426089075614  3.559848067226918 
 1.336256826029211  0.429177901992036  2.959521115537863  3.537375962815402 
 2.229098747152613  1.906671412300686  3.481325512528475  2.306799225512523 
 1.895698552915767  1.300301306695467  4.149469762419005  3.489634773218151 
 0.870543225890527  0.188743632623806  2.473429973935717  1.255639582971325 
 1.294855518067226  1.548161330532215  2.689172408963584  2.855844817927171 
 1.563826240808818  0.297135901507354  2.214671139705876  2.199719209558837 
 1.897595914179107  1.391854682835818  1.634582035634328  2.244218899253732 
 0.984554823246877  0.234090441940442  2.025276080691639  2.845187127761764 
