 0.233759227080421  0.087609651531848  1.074313404927921  1.339780492794094 
-0.254477284319912  0.070459856016015  0.692401589367226  0.662372871998507 
 1.680511921768658  0.830900322840141  1.913283812074777  3.598078826530582 
 1.335790078974357  0.416308799061540  2.697956205128200  1.552153735743555 
 1.182095669499524  0.284816978994333  1.329163463031170  2.287751312559019 
 1.808932688172043  1.067519515860216  3.802031630824379  2.332475761648756 
 1.930847981366462  1.469696156832298  2.294595287267083  2.371827740683221 
 0.586082038235296  0.131603069500735  1.758588091911768  1.089528556691176 
 1.241652451395569  0.317096996438883  2.722800914340713  2.830240856592870 
 1.944860131632648  1.427470346011131  3.415491743970315  3.711812523191094 
 0.703207572106966  0.134145301736899  1.974960983488869  2.017863890882983 
