-0.108286421164324  0.072956257882485  0.966919194776889  0.669900231229692 
-0.384189708756569  0.069788810074713  0.531534178388784  0.574510014781064 
 1.002972564907178  0.237845839472189  1.020000153494923  2.374554208273849 
 1.701876968215140  1.103428337408318  2.864573838630846  1.334226390464382 
 0.342828646649476  0.091001203337628  1.045726071520639  1.659368814432990 
 1.174314943986817  0.286871353130154  3.226350906095564  1.682870345963803 
 1.016619989304820  0.224340418449200  1.376715754010684  1.486120449197847 
 0.258553755888772  0.085029380923663  1.405078053435132  0.953099013086149 
 0.806208641135989  0.142677927039589  2.351572547332142  1.771349569707362 
 2.117690280065880  0.897684563426686  2.270467874794079  2.954118616144968 
 0.653420573507211  0.117416276853130  1.731075200642030  2.200404253611554 
 2.270291605839398  1.843003467153292  2.446142153284664  4.099764233576613 
 1.600090796703310  0.969337706043964  1.254962755494479  3.327029395604449 
 1.284040779999988  0.356801134800007  3.356901400000023  3.255894599999987 
 2.189523434065928  2.054978296703299  3.137042857142859  2.368055659340647 
 1.787965016835016  1.481190484848487  4.304663636363656  3.559439057239074 
 0.786646551047119  0.163822311465969  2.227594764397914  0.941928567015706 
 1.250097585039367  1.673037821522313  2.708001312335961  3.362125459317583 
 1.571278846153839  0.106577156923078  1.918937348901089  2.185961126373651 
 2.008302250803862  1.524364147909966  1.587474408681669  2.058153794212216 
 1.100924299723758  0.202437037016575  1.891684751381209  3.049831491712700 
 1.145016043478258  0.911027086956519  2.187860434782613  2.275326956521738 
 1.946325029761903  1.076683356845237  4.181297619047620  2.152639464285717 
 0.013465360291971  0.073349814218491  0.792060854890512  1.124674330900246 
 2.381293150684928  1.079006120547946  3.339535342465760  3.622047945205481 
 1.492505116279069  0.510553108511627  2.380653674418598  3.958081162790698 
 0.420065447951979  0.091233692279661  1.724488771186440  1.477594562146890 
 1.377331798804782  1.126205816733067  3.245553386454183  2.517507370517929 
 0.994821789536267  0.165483109940547  2.682936385255646  2.563532580261589 
 2.124030885529156  0.402975904578833  3.019536717062636  2.375136933045355 
 1.642476222222221  0.474158796355556  1.952469377777778  1.314528577777776 
