 0.156911829520261  0.080871749020918  1.329251623616138  0.679066400984227 
 0.157536303714710  0.077268353595833  0.636407776820175  1.316491812778504 
 0.726313425569056  0.106953394220672  1.482036374780985  2.416947635726736 
 1.585045603864695  1.196542077294697  2.920634782608777  1.313116521738803 
 0.284686968646064  0.087522847030877  1.086344192399087  1.560431472684083 
 1.258046259574451  0.336443848170226  3.487039148936200  1.532075655319266 
 0.936961856187308  0.095965422909702  1.511413377926404  1.693868227424737 
 0.421499981715906  0.100961054917014  1.815793389592177  1.095726005625877 
 0.762809985422796  0.256349752769686  2.654465014577102  1.044396285714164 
 2.659612209302267  0.758221802325574  2.427423255813978  2.844346511627876 
 0.572644482374778  0.138013667365105  2.087314539579932  2.158115347334386 
 1.945204961240268  1.472182170542645  2.342894573643392  4.576876744185994 
 1.770431265822820  1.209015974683563  1.155734132911328  3.577437974683674 
 1.532899473684191  0.320347057894756  3.416151052631654  3.724455789473650 
 2.165233793103412  2.101424137931044  3.988989655172424  2.768041379310304 
 1.054096538323349  1.321062814371268  3.665246107784477  3.280210179640745 
 0.888789411764703  0.073893299690402  1.844528792569674  0.722111443343655 
 1.740140939597311  1.046455671140943  2.078676174496642  2.863493624161082 
 1.241059799107136 -0.067928860267856  2.031873214285694  2.103544866071477 
 2.185512925170068  1.222396054421765  1.287905368027207  2.149846258503396 
 0.887614009375013  0.024263272500001  2.064024687499973  3.013322499999982 
 1.091330707070700  0.645012803030291  2.738459090909088  1.902723737373735 
 1.777328333333327  1.207863188405792  4.300178260869570  1.805714275362332 
 0.175479111966700  0.079826051477627  1.404997710718009  1.210243215400624 
 2.445402259887014  0.917634868361586  3.754571751412445  2.911583615819213 
 1.206918048780478  0.435962667073167  2.274114634146338  4.167339634146363 
 0.394082814648213  0.115855323681662  1.605805420991922  1.725141061130322 
 1.600031064516136  1.176957741935486  3.290295483870949  2.517372580645167 
 0.870074038929437 -0.017808869805354  2.789097080291969  2.061945985401463 
 2.131559909909901  0.455229836126126  3.214573423423439  2.044489639639646 
 1.505923778501633  0.040058711498371  2.492722149837127  1.397774560260584 
 1.373819321266968  0.406642856108597  3.889298642533953  2.519081900452480 
 1.860141984732828  1.138820030534356  4.623576335877861  3.345138167938930 
 2.105919512195122  1.668978048780484  4.075865853658546  4.459741463414615 
 2.408502873563218  1.631845172413793  2.689458620689656  2.321404022988506 
 0.820536473076923  0.292717018846154  3.094663076923066  2.825889615384634 
 1.696868749999998  0.309179862333334  1.373571125000001  1.548506750000005 
 1.815152747252746  0.220369433186814  2.023604761904761  3.352879487179494 
-0.007715524562682  0.075145856548105  0.995254336734697  1.039402835276969 
 0.708378024263434  0.152158781525130  1.180412218370881  1.168342842287694 
 1.176831761006290  0.796178962264151  1.489883836477982  2.265539622641504 
 1.018529501915707  0.255866013409961  0.705563776245209  1.947885823754788 
 2.396715942028986  2.092025362318841  3.013577536231884  3.551178260869555 
 1.534190333333332  0.111401962133334  1.389022000000000  2.548334333333348 
-0.202692458040818  0.070862355861224  0.584205172244898  0.886367461224495 
 1.536074739583335  0.395425973958334  2.794616666666672  2.663157031250002 
 1.032681694915254  0.560049878934625  1.953669249394677  1.588389176755447 
 1.052096085714287  1.273188571428572  2.457013469387757  2.399466530612247 
 1.852925981873111  0.539346025377641  2.269612688821744  2.103484894259818 
 0.646300458702066  0.089527795235989  2.181965929203539  1.540628171091444 
-0.544107841409691  0.073398775362388  0.514965647841414  0.543991085462554 
 1.714906881720429  0.824365053763442  2.020141397849464  1.062888643548389 
 1.444293255813954  1.882273255813949  2.186665697674420  3.210481976744185 
 1.397495217391303  1.723386335403725  3.086247826086959  3.701139130434783 
-0.192545962873285  0.066420469685230  0.904226658595640  0.607184384987891 
-0.263115673374613  0.066773392889577  0.516622892672859  0.453379378947368 
 1.083870707964603  0.417158537168142  1.199393318584070  3.266333628318586 
 1.068773481012660  0.434037856540085  2.148868565400843  2.477026160337553 
 1.023553224637681  0.738542536231885  2.489023550724641  3.261948550724640 
 1.634935511811024  2.192661417322836  3.205649606299213  2.246837795275590 
 1.861688549618320  0.801967824427481  2.749075572519088  3.440004198473283 
 2.547112765957446  1.041893765957447  3.255214893617022  3.901719858156031 
 2.547272500000001  1.561447250000001  1.955980833333334  3.455791666666666 
 1.714281290322581  1.970447580645163  1.887607338709677  1.848544516129033 
 0.448852143478261  0.083552337739130  0.978218369565217  2.074765434782612 
 1.584678511904761 -0.282295234523810  2.860368452380952  2.723682738095236 
 2.635699999999999  1.514010263157894  3.365207894736842  1.414968026315790 
