 0.096661300216420  0.079995166975115  1.225963690476102  0.669419795454738 
 0.047315100357142  0.074084695945532  0.695885905178552  1.127415910714225 
 0.617281597833015  0.128968796325711  1.439597806191037  2.234493135935352 
 1.696965765765729  1.246009594594604  3.037526576576651  1.273425445945641 
 0.339541373464356  0.085931761044224  0.891036176904211  1.744413390663393 
 1.273210721874988  0.429916996937509  3.393968437500022  1.587558250000085 
 1.019924666666683  0.058626512478636  1.547628666666647  1.614498529914514 
 0.289218848261338  0.090840056684928  1.630988408851461  1.040066828240251 
 0.770457918158616  0.270556703580568  2.647248849104722  1.087155207161019 
 2.521240476190440  1.213938690476187  2.144585317460335  3.008961507936486 
 0.630917533944938  0.125869677246396  2.055745740498002  2.089918348623834 
 2.058728804347796  1.327077608695659  2.354991304347813  4.406435326086919 
 1.704309900000028  1.158749470000016  1.138962664999949  3.502399500000104 
 1.723448617021263  0.446008684397176  3.247481205673806  3.711203900709197 
 2.048961329787208  2.163922340425539  3.879223404255327  2.622058510638265 
 1.178980423863635  1.443957462121219  3.392039772727301  3.505932196969715 
 0.813320637813210  0.090747962473804  1.855205922551264  0.770948282915719 
 1.509836658354110  1.001414763092271  2.357575561097256  2.983784538653370 
 1.352192885771537 -0.053638529378756  1.918138677354691  2.257913226452949 
 1.955531343283581  1.580200149253728  1.557590169651738  2.101459203980096 
 0.877614996376819  0.159416766594203  2.101964673913027  2.802411956521728 
 1.034906050656657  0.694910544090048  2.571109568480299  2.135324015009376 
 1.982086416184967  1.110661040462424  4.208005780346824  1.905546011560704 
 0.056691963142219  0.075591358726731  1.133568212956070  1.174254050632912 
 2.523073706896561  1.005330560344830  3.267954310344841  3.243878448275865 
 1.102588613445371  0.497835665546216  2.248326470588232  3.955020168067243 
 0.351225836505191  0.103139716126298  1.473072318339097  1.589160380622828 
 1.561937485875712  1.170477090395483  3.290654237288119  2.512581638418086 
 0.883031215533978  0.001027236330096  2.770187378640776  2.013748349514568 
 2.295141152263367  0.439045663868312  3.187276954732523  2.174904115226345 
 1.547969010416670  0.127011325078124  2.425761718749997  1.407671700520833 
 1.277316402173913  0.362666552536232  3.804205797101461  2.585928260869559 
 1.883909895287961  1.155312062827228  4.490972774869107  3.246165968586386 
 2.316608108108109  1.507119828828826  3.938198198198205  4.429849549549535 
 2.478211173184356  1.844967597765363  2.864936871508378  2.100195865921787 
 0.894567383480826  0.367055342477876  2.884474041297928  3.046659882005914 
 1.950933050847456  0.433690261271187  1.355274605932203  1.756362584745766 
 1.897653709198811  0.279766318278932  2.060284569732937  3.317232344213655 
-0.193830398669201  0.069915418333333  0.855934315589358  0.673370779467683 
 0.736405138408306  0.172593207508650  1.110799152249134  1.189104325259516 
 1.230858396624474  0.702762299578059  1.625827848101265  2.404114556962019 
 1.034548276836158  0.206242316666666  0.816785496045197  2.142063276836155 
 2.254634463276838  2.077208474576270  2.985925988700561  3.655153672316375 
 1.133363250000000  0.219173563888889  1.279048388888889  3.058693333333341 
-0.269859705645163  0.063133273709677  0.489873417831541  0.799265268817209 
 1.546718123324398  0.073420226809652  2.862742359249330  2.742692493297585 
 1.040182708803613  0.568590744920993  1.890204966139957  1.619294379232502 
 1.248768426540286  1.821518009478673  2.574826066350709  2.374736018957345 
 1.806580440097801  0.591320009779950  2.407434963325179  2.233062347188264 
 0.573343428224777  0.088917245938698  2.094854150702431  1.484200970625800 
-0.452017386569873  0.073250636543442  0.528620474894133  0.460620681306714 
 1.667897103825136  0.996603934426230  1.991714754098360  1.088321665027323 
 1.501328693181818  1.880561931818180  2.173484659090910  3.354975568181819 
