 0.154698406161710  0.081020846410792  1.320043465981925  0.657091057766594 
 0.164042299257057  0.078339948989592  0.639566231500710  1.322491367013273 
 0.714353290552462  0.098081121390380  1.476047076648738  2.411282352941117 
 1.601336604651126  1.201330511627916  2.772423255814033  1.590376651162476 
 0.270176752099870  0.086265825198637  1.119546401816154  1.515876049943244 
 1.196282199186976  0.222562574796760  3.424962195121981  1.756681707317185 
 0.920281996615923  0.102373325211509  1.493918443316395  1.709977664974607 
 0.420736789473698  0.098539345151875  1.832978195488779  1.078648375939846 
 0.770570167202634  0.262470181993576  2.624487138263493  1.018713713826233 
 2.638384999999944  0.748810822222215  2.422806666666691  2.842029444444416 
 0.571973329934514  0.146120675513912  2.057314075286379  2.139981178396047 
 2.007649166666622  1.455689166666676  2.321383333333313  4.604947499999945 
 1.905646548672617  1.241903893805336  0.944819868141503  3.362209734513458 
 1.560623444444424  0.377950027777798  3.481233888888969  3.759681111111075 
 2.185552482269467  2.113762411347528  3.988553900709230  2.763107801418398 
 1.174148020967738  1.405593172043020  3.631745161290364  3.188400000000023 
 0.920495097402595  0.070371938961039  1.858329545454561  0.731588364285716 
 1.745849013157890  0.971298388157899  2.079099999999996  2.825195065789483 
 1.244392801822316 -0.084559205466969  2.032753986332553  2.090247608200505 
 2.222360869565218  1.216700434782605  1.360228963768112  2.071123913043472 
 0.888847794788288  0.037476001628666  2.031717589576520  3.031558631921804 
 0.933292027027019  0.581143189189177  2.602697027027025  1.825360540540540 
 1.813617428571423  1.199107714285708  4.252412857142862  1.840402071428584 
 0.173862921046890  0.079243302584514  1.425163685932397  1.159907906215921 
 2.472311377245519  0.950712843113777  3.771060479041934  2.906434730538928 
 1.141171942446031  0.347583164748198  2.385135971223017  4.155147482014419 
 0.380610355647060  0.114936143331766  1.598124705882349  1.708999999999987 
 1.634328701754393  1.156746350877195  3.307214385964892  2.497883859649130 
 0.839052342245985  0.048779322085560  2.691685294117643  2.402150000000000 
 2.148704545454538  0.388650015999999  3.171680000000015  2.124515909090915 
 1.568000348432059  0.087480910209058  2.486193031358876  1.432493066202087 
 1.451530299999999  0.418306275999999  3.958633500000020  2.522419999999991 
 1.852412000000004  1.160463232000005  4.642364799999998  3.379170399999999 
 2.120768292682927  1.676544024390240  4.049385365853669  4.464832926829249 
 2.426455828220860  1.643313865030674  2.695468098159510  2.342041717791411 
 0.910685728205129  0.290944030769231  3.316068205128191  2.907393333333361 
 1.676723360655736  0.311439221557378  1.350245901639345  1.542217704918038 
 1.820092436974788  0.233752893949580  1.966271344537816  3.476697478991603 
-0.008555806089508  0.074974901675715  0.994648613352902  1.040861922230376 
 0.708819547038330  0.147442348188153  1.185677038327523  1.158625522648082 
 1.158678178807948  0.789430993377483  1.464357980132445  2.239930794701983 
 0.978050945454543  0.242522456000000  0.692565111272726  1.970772363636362 
 2.315069934640523  2.069775816993465  3.034023529411765  3.554808496732015 
 1.549059589041095  0.103477636780822  1.395457945205479  2.538154452054810 
-0.200908754799017  0.070694640549631  0.583217133716161  0.889938326497133 
 1.391326307277629  0.536396870619947  2.807869541778977  2.381523719676552 
 1.061894131578948  0.546119676315790  1.903031315789479  1.538480052631577 
 1.028937970338985  1.286545084745762  2.449000847457629  2.410076694915257 
 1.840721864951769  0.537384438585207  2.225444694533754  2.076606109324758 
 0.645085901116429  0.093955263429028  2.108942424242425  1.523825199362042 
-0.541837975567189  0.073390913120690  0.510831728010475  0.546076633507853 
 1.742603137254901  0.824455163398694  2.066053594771244  0.971419984967322 
 1.473540174418605  1.872169186046508  2.235694767441863  3.141819186046513 
 1.223268356164383  1.659466438356163  2.967998630136988  3.829654794520545 
-0.196181834004835  0.065890938871878  0.899041740531828  0.611586851732471 
-0.262170519311065  0.067237982682672  0.520492435281837  0.449672691231733 
 1.076963177570095  0.366706263551402  1.151671074766353  3.214588785046730 
 1.096003678160922  0.448297319540230  2.055028965517241  2.505195632183908 
 1.022819293286219  0.681667413427562  2.598672438162546  3.191079858657244 
 1.635051666666667  2.192476984126985  3.217177777777778  2.241259523809523 
 1.861545787545788  0.800323150183150  2.768238461538465  3.411964102564102 
 2.538695070422534  1.053726063380282  3.253757042253522  3.899189436619721 
 2.525346456692915  1.584190000000001  1.960332283464567  3.452396062992125 
 1.704746178861789  1.977621138211384  1.853286016260162  1.844736747967481 
 0.417141989775051  0.081727606257669  0.989043967280164  2.021777709611456 
 1.627990443686008 -0.012175774402730  2.727005802047782  2.879442662116040 
 2.606079487179486  1.530373205128204  3.333300000000000  1.367544102564103 
 1.340792770270271  1.075797027027027  1.703144594594594  3.682308108108112 
 0.791960438405797 -0.096303628949275  2.673888405797104  1.711155797101449 
 1.433836307692308  0.787265300153846  3.370139230769230  1.030308692307692 
