 0.161589121374011  0.080653172078889  1.322893765903206  0.662417396946790 
 0.161973957817109  0.077506992138637  0.639819194395247  1.321820781710816 
 0.719115072566250  0.102516200176997  1.469673769911402  2.417345309734453 
 1.562829122806981  1.161241008771940  2.893184210526389  1.363095570175142 
 0.272374669634687  0.086330834474885  1.120485273972640  1.522881050228308 
 1.265884769531235  0.355644024687512  3.461665625000027  1.556597769531357 
 0.928872416107400  0.089075217953023  1.506840939597298  1.696378691275157 
 0.426612770131785  0.100805810579790  1.828378477306059  1.094479033674961 
 0.762674728096734  0.246841837462242  2.655290332326121  1.026752888217397 
 2.631885714285659  0.756138791208784  2.425729670329694  2.840070879120852 
 0.574108522985298  0.134638779933116  2.087173083197353  2.164342903752015 
 1.945204961240268  1.472182170542645  2.342894573643392  4.576876744185994 
 1.771857848101301  1.206968063291158  1.154354386075885  3.577362025316586 
 1.543696236559120  0.317655763440880  3.429147311828034  3.727186559139751 
 2.165233793103412  2.101424137931044  3.988989655172424  2.768041379310304 
 1.056737481325297  1.323421987951818  3.668366265060287  3.280200602409665 
 0.909659260450158  0.076123245016077  1.852494212218665  0.724506097106111 
 1.700732441471567  1.022537859531776  2.038563210702338  2.862101003344490 
 1.239580287610613 -0.069374541814158  2.033779867256617  2.103933407079694 
 2.177608108108108  1.226251959459456  1.275705953378374  2.148184459459454 
 0.873813891447382  0.020006586184212  2.055412828947340  3.021252302631559 
 0.940060510752681  0.583427715053751  2.641120430107525  1.829834408602149 
 1.780091678321672  1.215844195804190  4.279385314685318  1.799164825174838 
 0.171818819718308  0.080133135828819  1.425334344528719  1.171435622968580 
 2.445402259887014  0.917634868361586  3.754571751412445  2.911583615819213 
 1.211877222222213  0.436048872839503  2.261312345679008  4.173903086419776 
 0.392188732366590  0.117662306765662  1.610416241299300  1.722035730858457 
 1.600106666666673  1.183216698717950  3.287733974358955  2.515970512820520 
 0.864205384615381 -0.051876338169763  2.803359416445620  2.075331830238728 
 2.134654260089678  0.418724863766816  3.212098654708536  2.074542600896867 
 1.507265937500004  0.038030766968749  2.501273749999993  1.421994874999998 
 1.379783348214285  0.399500585714285  3.882621875000017  2.530006696428563 
 1.860141984732828  1.138820030534356  4.623576335877861  3.345138167938930 
 2.105919512195122  1.668978048780484  4.075865853658546  4.459741463414615 
 2.407661016949152  1.625124067796610  2.689411299435029  2.318714689265537 
 0.816515130952381  0.271606285317461  3.105557539682529  2.832673809523829 
 1.682910373443982  0.299127253360997  1.353639834024897  1.560773941908719 
 1.820282692307691  0.235083466384616  2.007569615384616  3.366867307692314 
-0.008212076200873  0.075085409158661  0.994856659388650  1.039710582241632 
 0.707607200000002  0.150221850191304  1.185954052173910  1.162423043478260 
 1.152967660256411  0.771589326923077  1.471912532051277  2.236011538461533 
 0.974560799999998  0.237069146909090  0.697953213090907  1.967163999999998 
 2.396715942028986  2.092025362318841  3.013577536231884  3.551178260869555 
 1.534333783783782  0.105421201486487  1.383974324324324  2.545342905405420 
-0.202095032681338  0.070742845093724  0.584121471882641  0.887501255093729 
 1.442077372448981  0.516451900510205  2.793112244897961  2.435154591836738 
 1.040989125964010  0.555562467866324  1.930189717223655  1.573222956298199 
 1.040285995867770  1.279183595041322  2.433610743801655  2.403309090909094 
 1.851551063829787  0.545131004255317  2.237260486322181  2.086704559270515 
 0.643008074355085  0.078888659742034  2.167166919575114  1.535342336874051 
-0.544430990274093  0.072856395788073  0.513907383112294  0.544581531388151 
 1.719931758241757  0.807882252747254  1.998664285714288  1.049154712637365 
 1.450426067415730  1.863647191011232  2.201561797752810  3.202969662921348 
 1.392813850931676  1.722023602484470  3.085745341614909  3.702450310559006 
-0.194682150974026  0.066130330308442  0.903134212662336  0.608651926136361 
-0.263673991273101  0.067605620236140  0.517666543121150  0.453285614168377 
 1.079782991071430  0.418439095535714  1.182553348214285  3.255629910714287 
 1.057326090712745  0.428541853131750  2.115484665226782  2.500290928725701 
 1.030050069444444  0.713298125000001  2.524328819444448  3.260994791666667 
 1.638065158730159  2.194789682539684  3.201214285714286  2.253482539682540 
 1.861043223443224  0.795781868131868  2.748703296703301  3.418232600732600 
 2.542142253521126  1.042910711267606  3.253758450704226  3.902550000000002 
 2.532929032258065  1.565059435483872  1.955913709677420  3.445398387096774 
 1.714281290322581  1.970447580645163  1.887607338709677  1.848544516129033 
 0.417702148979592  0.082880104816327  0.991504265306123  2.022823673469392 
 1.578898021978022 -0.072715420879121  2.746775824175822  2.838408791208790 
 2.608451282051282  1.517965641025640  3.343582051282052  1.357961538461538 
