-0.158509075000017  0.071366969253053  0.906415182926779  0.632418148658643 
-0.133132945032633  0.069796540108046  0.573015761276272  0.945373372008656 
 0.637468674234260  0.142270319918798  1.453862946635661  2.217607308584645 
 1.676988557046952  1.237024026845646  2.766621812080590  1.285899758389034 
 0.337841569579272  0.084408176396978  0.918644124056126  1.738146601941752 
 1.126898002499990  0.359371660625008  3.238265000000020  1.443526875000068 
 1.030540938628169  0.213540425030087  1.688803610108286  1.587688243080615 
 0.141274408578060  0.079302950412672  1.354751298299870  0.847871870170015 
 0.645185438858721  0.164897132798916  2.363958152173840  1.380881861412986 
 2.098685307017526  0.917603708333330  2.270205701754398  2.798133552631570 
 0.593331144900205  0.102779236883592  2.019865853658510  1.971612305986678 
 2.267116981132055  1.759129660377364  2.360868301886784  3.881836981132050 
 1.757906015936275  1.218398087649415  1.235310968127451  3.411482470119604 
 1.758105081967200  0.444241272459029  3.251812459016438  3.683246885245881 
 1.970168318584048  2.192303097345139  3.726094690265492  2.608980088495549 
 1.245848160738253  1.484127281879201  3.279015100671165  3.533420134228206 
 0.598582798611112  0.102482778397222  1.878740972222229  0.857251855833334 
 1.316161957559677  1.598221697612736  2.303444827586206  2.875964456233419 
 1.403242647527903  0.026231186666668  1.938925039872396  2.301713078149951 
 1.857587960199006  1.677290049751241  1.619294697014922  1.936460696517410 
 0.821425820819118  0.192892449931741  2.063401365187704  2.854668430034126 
 1.148652999999998  0.737964528571423  2.236800571428569  2.141145142857138 
 1.964810331950205  1.034530095435681  4.073964315352700  1.859295435684655 
 0.066083316068053  0.077846667227473  0.973173780718338  1.184747870195341 
 2.627021755725196  0.990004273664125  3.261347328244285  3.144933587786261 
 1.269555703422049  0.678706128897337  2.274839087452467  4.155884790874536 
 0.329938273378379  0.093245677366216  1.528024324324324  1.464080405405397 
 1.443514049065425  1.168845654205610  3.203232009345785  2.441029205607480 
 0.936622365714283  0.074384005585713  2.697344142857137  2.133501857142857 
 1.925480371900827  0.333199207685950  2.869894834710748  2.157839669421492 
 1.510973106575967  0.287658702176870  2.265319274376415  1.158309965306121 
 1.286948281159420  0.341410449565218  3.730615072463775  2.597504637681157 
 1.881016133333336  1.212034862222224  4.464194666666663  3.257750666666666 
 2.249574375000000  1.667843624999997  3.640478125000003  4.389702499999991 
 2.487733031674208  1.814220814479638  2.775959728506786  2.205049140271489 
 1.155526864864862  0.322209576936937  2.819414774774774  2.983454414414418 
 1.834659826589595  0.583955745086706  1.413982736994220  1.850444335260118 
 1.818666393442622  0.261653548524590  2.112836885245903  3.363041530054648 
-0.432708021256495  0.069558208685078  0.518166751676903  0.514508414454418 
 0.773178465189874  0.152586295474684  1.135961708860760  1.169317863924052 
 1.181695067567569  0.348420211711712  1.307892725225225  2.972540315315315 
 1.044219739952719  0.227334936643026  0.866579918676122  2.116708983451537 
