 0.017488454191025  0.076163602008913  0.949263296574748  0.969468481760005 
-0.344364862016992  0.069701869587916  0.589493348890099  0.588108859194283 
 1.025789382501756  0.194256437049895  1.470596165582025  2.629407230657960 
 1.770638994307383  1.200889447817841  2.681492979127166  1.453081868500821 
 0.419555118344222  0.104638286570806  1.076643795904155  1.687682592592592 
 1.624887994467494  0.646225257731678  3.715390179806371  2.027199625172933 
 1.307320550133102  0.312858937808343  1.546056601597156  1.501690789707174 
 0.391691289605435  0.090136497497665  1.615783228680535  1.053366758252011 
 0.974630561740906  0.204922618117410  2.922990991902802  2.557452631578891 
 2.328610876132910  0.686374950241690  2.725737764350456  2.877311631419933 
 0.630245012024149  0.121515287236232  1.928158985507232  1.934926038647335 
 2.180652917505020  1.613933923541250  2.776159959758545  4.057118511066399 
 1.692906660117887  0.932357078585466  1.516235231827094  3.516009037328129 
 1.312334555555554  0.385325199402632  2.552510991636805  3.548942652329746 
 2.246835677570088  1.948252383177573  3.554146495327104  2.484855841121492 
 1.777136601178781  1.090423467583500  4.106265618860508  3.493734774066800 
 0.942590801266822  0.222707006832938  2.583822169437854  1.321909079968328 
 1.301707115924426  1.522178164642377  2.751456005398109  2.865465856950066 
 1.435875374812591  0.356485931409297  2.320844902548723  2.254173988006003 
 1.903617397260276  1.329789823874752  1.580009826027396  2.277407827788655 
