 0.087424296207987  0.079814437686898  1.207391105092002  0.663097444203877 
 0.049576123540146  0.074572465747259  0.691293269890491  1.119104872262712 
 0.610628584683286  0.126235495079161  1.455661134564566  2.240084432717633 
 1.710691592920318  1.257796150442487  3.048708849557594  1.295017296459878 
 0.347313432467514  0.085313452584414  0.872046049350686  1.751208701298704 
 1.263872296636074  0.434332673761477  3.384218654434273  1.562367675841062 
 1.005739763113383  0.056371755329952  1.570910676818931  1.629753874788478 
 0.259764178458299  0.082133677930303  1.581548046462550  1.020356842661033 
 0.740972742222264  0.222100104444449  2.609170444444326  1.187703379999909 
 2.496070588235258  1.221758705882349  2.164364705882371  2.990939607843115 
 0.619580857649923  0.122156787636475  2.075640758873897  2.007761077111363 
 2.107793181818151  1.259702068181826  2.315607272727259  4.410611931818142 
 1.747287542857174  1.123108171428589  1.074885388571371  3.484822857142976 
 1.732215122807004  0.448393891228083  3.248330526315836  3.694338596491205 
 2.041709734042526  2.157127659574475  3.875939361702135  2.607892553191457 
 1.153455288014980  1.409523670411992  3.424128838951339  3.442916853932603 
 0.815796841849147  0.113337185936740  1.884318248175194  0.716894114841850 
 1.489434617283946  1.013297679012347  2.358191604938272  3.006073333333338 
 1.346407019607837 -0.043307133058822  1.926941372549001  2.253167647058865 
 1.957474874371858  1.580773517587936  1.560571980402007  2.094809045226127 
 0.861339751313492  0.144222337057794  2.109543957968461  2.758867425569167 
 1.032569822761190  0.699432686567156  2.566851119402984  2.131226119402980 
 1.984357848837205  1.107891046511624  4.210984883720934  1.906862558139546 
 0.052135168305597  0.076804463139183  1.113234508320727  1.183091467473526 
 2.552400000000008  1.059084032921813  3.263623868312769  3.260141563786011 
 1.096933275862062  0.489795467241377  2.263671120689652  3.973140948275879 
 0.338195332458443  0.099849896624673  1.446608136482935  1.593045319335074 
 1.576303688760813  1.157274207492798  3.268222190201713  2.507118443804042 
 0.902523925636005 -0.005403800371821  2.771910176125244  2.018130332681022 
 2.298036585365846  0.444736326504064  3.184452845528468  2.173694308943097 
 1.572358620689658  0.141802863209548  2.409742705570288  1.375517116710875 
 1.281028328519855  0.359991080144404  3.801991696750914  2.573407220216600 
 1.894411117021279  1.151952202127662  4.504209042553188  3.250212234042552 
 2.297220491803279  1.538151073770489  3.880889344262301  4.415604098360642 
 2.509084180790958  1.873532768361582  2.857473446327682  2.124842711864405 
 0.896347421511628  0.369581776453488  2.871781686046505  3.046104360465130 
 1.954633755274260  0.440066571983123  1.364724502109705  1.741005105485235 
 1.888774999999998  0.280948439000000  2.060773235294117  3.313026764705887 
-0.201085555261459  0.069878526100710  0.851798812136867  0.673953111684960 
 0.755210338983053  0.165278594305085  1.120093135593219  1.191001305084747 
 1.229950020920503  0.701429205020921  1.627601464435145  2.410323221757316 
 1.043936923076924  0.200084431593406  0.832329383516483  2.141102747252744 
 2.038192765957449  2.080208510638297  2.943694680851060  3.703495744680843 
 1.123481586021505  0.219941148655914  1.295616666666667  3.064291935483878 
-0.268801377384198  0.062923989700272  0.486747451680290  0.798573878292466 
 1.545188478260871  0.072284577717391  2.864833423913044  2.741720108695649 
 1.060450277777778  0.570856620370370  1.883177777777779  1.599041203703701 
 1.250158847619048  1.856453333333333  2.563388095238094  2.451220952380953 
 1.796789781021899  0.589418428223843  2.404830413625300  2.253557907542579 
 0.543983129487180  0.106254389756410  1.986717435897439  1.389076692307692 
-0.452421351515151  0.073023644367461  0.528182960606062  0.460734149212121 
 1.644257016574585  1.084839723756907  2.032196685082873  1.162437374033150 
 1.526841385542169  1.807031927710842  1.975239879518073  3.418444578313253 
