 0.087475621235073  0.079948034653312  1.206432513542706  0.662812287107452 
 0.050525964619615  0.074876334059575  0.690728614848743  1.118020412465566 
 0.613618908505807  0.126502356841420  1.454698086500578  2.236922018348579 
 1.721996870228976  1.249876679389323  2.731142748091665  1.235893758396688 
 0.342576472148522  0.087632260066311  0.864986913793141  1.751995623342178 
 1.256211218844973  0.483366466626149  3.388938601823731  1.524269328267559 
 1.034169297385637  0.064769780065363  1.622350996732005  1.637751372549004 
 0.257167319238911  0.082006771712470  1.581211945031750  1.017204196617334 
 0.733757114470883  0.202611819654432  2.597277537796861  1.204329678185655 
 2.443717499999968  1.249205321428568  2.156341071428588  3.007163571428552 
 0.622763067027662  0.130210771960289  2.078003489771328  1.992930084235841 
 2.105660893854719  1.259781363128499  2.308040670391048  4.397641899441302 
 1.677225345622144  1.235419493087572  1.169193838709631  3.468482488479359 
 1.741370795847737  0.453147401384096  3.235303806228419  3.686852941176448 
 2.031786719576693  2.160558201058208  3.875219047619055  2.593852910052878 
 1.153655575378786  1.403868257575765  3.438455303030332  3.447545833333353 
 0.833149434243174  0.120653936129032  1.881280893300259  0.703262583622829 
 1.409119815303425  1.146369920844328  2.275322427440631  3.087798680738788 
 1.349731706349199 -0.043502974523808  1.935131944444427  2.263342658730199 
 1.920550228310502  1.576226621004563  1.579807415981732  1.987239406392691 
 0.849280327022382  0.142019857934596  2.113436833046458  2.747887607573140 
 1.034101309523806  0.702292417582409  2.565686996336994  2.128075457875453 
 1.956934126984123  1.133564708994706  4.165406349206354  1.866817777777787 
 0.050992201734540  0.076685314155354  1.111888567119157  1.182939404223228 
 2.554938095238103  1.084514722222225  3.264716666666678  3.257874603174606 
 1.090071249999992  0.500179925892855  2.261348660714282  3.993350892857161 
 0.343521294067069  0.098491680001720  1.441838091143590  1.597954514187437 
 1.581346539509543  1.161418392370575  3.250728337874646  2.501489373297010 
 0.924597252873560 -0.005971075076629  2.774121072796934  2.011867241379316 
 2.267644140624993  0.433557360624999  3.189653906250012  2.149654687500006 
 1.607383202099741  0.202973788530183  2.390158530183725  1.345516018372702 
 1.271311726950354  0.362785834042553  3.796800000000011  2.571167730496448 
 1.894411117021279  1.151952202127662  4.504209042553188  3.250212234042552 
 2.296536000000001  1.541355447999997  3.869012000000006  4.403051999999986 
 2.539483615819208  1.857849152542372  2.842706214689263  2.132301468926550 
 0.918315356545961  0.383103345682451  2.856508913649019  3.057758217270208 
 1.967764556962023  0.444517605738397  1.365594966244726  1.726926329113926 
 1.873191111111110  0.296107103500000  2.070459444444445  3.310728611111115 
-0.201246989715394  0.069772929320827  0.851288699870638  0.673224320827945 
 0.751030657894738  0.156087567697368  1.132090378289472  1.195714539473685 
 1.229859427966103  0.687684576271187  1.630221610169490  2.397511016949147 
 1.045377296587927  0.203814281364829  0.839001799475065  2.124335958005247 
 1.948918156682029  2.105015207373271  2.796661751152072  3.693771889400914 
 1.127124772117962  0.213126078552279  1.296673485254692  3.065082573726549 
-0.268834255444648  0.063151640344827  0.486544414065335  0.797944891107083 
 1.542608675675677  0.075053871891892  2.863925945945947  2.744702972972970 
 1.102123454106281  0.648279758454106  1.871914251207730  1.523417198067630 
 1.295081687500000  1.892462053571429  2.535905357142857  2.495212053571429 
 1.793621232876713  0.600326433789954  2.396513242009131  2.296913470319635 
 0.538262163449164  0.105522271184041  1.971135263835266  1.379043629343629 
-0.453004150576806  0.072917986099763  0.528277052216152  0.460761552034001 
