-0.159493765865148  0.071111942077892  0.880537788813341  0.656795526293870 
-0.403911938274073  0.069789244497126  0.507826036476220  0.564312869916076 
 0.947594705511704  0.213242331763786  1.016738982047152  2.443908346456641 
 1.745601130952358  1.254640565476197  2.812463392857189  1.316545338392655 
 0.362959458012810  0.093705463613781  0.965135592948743  1.686529887820515 
 1.056401994863007  0.330715765154115  3.072611301369877  1.434007416095939 
 1.063207815699665  0.244596961376567  1.325420864618873  1.480867736063697 
 0.197606469415210  0.082454045750876  1.322850959064345  0.889224621052630 
 0.688079769652190  0.100616785521741  2.193583304347782  1.646393565217352 
 2.275780679405492  0.897774579617831  2.212451380042476  2.935159660297226 
 0.639540727769595  0.106408024558007  1.701295424836577  2.165227042483655 
 2.256971884984011  1.781339297124606  2.686536741214053  4.121103514376974 
 1.626647092651772  0.996952300319498  1.190795249201248  3.385934504792395 
 1.323835804066535  0.262018233456568  2.994627726432555  3.300431423290192 
 2.234703222891557  2.084502108433740  3.127887048192772  2.412807108433720 
 1.259306343380282  1.442632760563384  3.401546197183120  3.497819436619732 
 0.656414301864801  0.128870440846154  1.990846270396278  0.900581936130535 
 1.395677455470734  1.579849134860055  2.207678371501272  3.054805343511450 
 1.590317709923654  0.117076358992368  1.753502900763346  2.292420305343539 
 1.981887500000002  1.419281099999998  1.539379703666664  1.933000366666665 
 1.070336264322919  0.244871622916667  1.967654869791658  3.027071354166658 
 1.107487528571425  0.765617228571423  2.090448571428576  2.137228142857143 
 1.949908874999999  1.267682437499998  4.079142187500004  2.055273593750005 
 0.011182987193597  0.073923641530265  0.795336865332668  1.126021010505257 
 2.437535820895524  0.863994136417912  3.274027761194040  3.358096716417911 
 1.540726114130434  0.559429431141303  2.269374402173907  4.024511956521744 
 0.341600967427124  0.091307874266160  1.532943409378960  1.446264005069706 
 1.360122932234435  1.104875091575092  2.954822710622711  2.474774725274727 
 0.936576057815844  0.112395186691648  2.614584582441111  2.336456423982868 
 1.934093773584904  0.358341764377358  2.867311320754715  2.202499622641514 
 1.530936397849463  0.323146903154122  2.151660752688171  1.339766887096773 
 1.357450322335026  0.393999808121828  3.784123857868020  2.506658375634518 
 2.045636124031009  1.395233000000000  4.383567829457363  3.575625581395348 
