 0.048417145454509  0.078703298801063  1.235251330698182  0.622731441370457 
 0.165506898671096  0.077025780016604  0.677270275747470  1.390391860465005 
 0.736107769516601  0.003569507267664  1.562724721189482  2.218850557620760 
 1.630726422413759  1.195060905172422  2.716779310344901  1.611303362068673 
 0.269541271040709  0.089936925339365  1.151154185520399  1.480042081447964 
 1.195808443999985  0.207111741600012  3.426949200000029  1.774646000000111 
 0.815403452991471  0.101388318745303  1.367903162393148  1.420410085470073 
 0.434300596707837  0.103044573292175  1.812601646090615  0.801489955144028 
 0.771576818181880  0.264907486688319  2.622666233766060  1.020493912337527 
 2.657950909090848  0.755115987878780  2.424605454545481  2.839441818181788 
 0.540145407402575  0.162120226343228  2.069897402597357  2.118293320964723 
 2.075856074766305  1.462498598130852  2.148143457943903  4.624573831775639 
 1.943539908256934  1.173266330275257  0.935578597247613  3.280655963302940 
 1.538898238993687  0.353488578616376  3.527512578616442  3.760765408804990 
 2.195935971222984  2.110564028776988  3.984963309352528  2.749462589928015 
 1.304013894736839  1.348345947368431  3.667641052631620  3.212241052631601 
 1.061872075471694  0.060150684528302  1.915116226415112  0.899193577358492 
 1.786381999999994  0.970307966666671  2.209726999999996  2.817253333333343 
 1.081525184466012  0.030015106990293  1.969038834951439  1.775363106796157 
 2.307752845528456  1.221729918699182  1.432411926829265  2.013295934959343 
 0.821892741071441  0.083593837202382  1.979359523809500  2.974010119047600 
 0.905011934523800  0.606008511904748  2.631766964285714  1.799679464285712 
 1.812080999999994  1.193469214285708  4.258928571428577  1.826139000000013 
 0.217955646025103  0.079980068623431  1.497080648535574  1.143316694560668 
 2.481416363636374  0.958735786666671  3.768832121212139  2.914169696969703 
 1.142427226277360  0.297509418978098  2.367328467153280  4.130476642335797 
 0.382784332858991  0.110679556703753  1.587491979301416  1.711716946959885 
 1.619379027777785  1.149207083333335  3.282095833333313  2.483518055555565 
 0.810650295165391  0.059856286692111  2.675874554707372  2.388303562340966 
 2.160763133640546  0.432194315760368  3.148221198156697  2.095606912442402 
 1.593536090225567  0.114655591090225  2.519350751879689  1.420289924812027 
 1.484288440860214  0.435801501075268  3.995854838709697  2.524442473118270 
 1.861746218487399  1.159573983193283  4.673962184873948  3.374724369747899 
 2.119145238095238  1.669894166666663  4.039913095238105  4.471955952380934 
 2.463980254777070  1.671287707006369  2.729317834394906  2.397647133757961 
 0.889163612745099  0.438619681372549  3.322472549019594  2.827897549019635 
 1.681487053571427  0.293471357410715  1.325585133928572  1.536204553571434 
 1.893083009708735  0.246861574077671  1.976587766990293  3.527490291262143 
-0.009810201962457  0.074260282589590  1.051666109215021  1.070262124573381 
 0.570360714285719  0.126941845523810  1.050841761904756  0.896009428571429 
 1.378631127450981  1.098856176470588  1.464940784313719  2.454309313725478 
 0.975426515837101  0.210770893212669  0.633434405429862  1.862488687782802 
 2.250558041958042  2.105789510489512  3.030316783216784  3.659638461538450 
 1.540865934065933  0.074705896117216  1.373723516483515  2.540789010989028 
-0.089852444016652  0.070214299374610  0.628492339021852  0.968487190426645 
 1.413744569892475  0.532305376344088  2.707815053763444  2.265674731182798 
 1.023498491803280  0.660031967213115  1.885594098360660  1.518077639344257 
 1.010929125523014  1.250191548117154  2.497016736401675  2.534284518828451 
 1.866974906367042  0.484999892883893  2.096870786516844  2.101494756554303 
 0.520523115030677  0.113448120812884  2.053289570552149  1.427085276073622 
-0.557095382955772  0.089023494498383  0.527147738942832  0.472644872707659 
 1.754859346405227  0.835356470588236  2.049884313725493  0.988028220261440 
 1.503785031446540  1.897444025157229  2.271626415094342  3.130691194968555 
 1.263250573248408  1.285679681528661  2.906163057324846  3.900478980891717 
-0.257218025830259  0.072083906088561  0.859918321033209  0.715624049815497 
-0.207695956521739  0.061157463670077  0.673979718670077  0.414178588491048 
 1.189753815028903  0.356571855491330  1.198909595375721  3.346570520231215 
 1.072968712446353  0.474580678111588  1.993660515021458  2.449980472103007 
 1.106747538940808  0.476377106542057  2.562681619937696  3.173257320872275 
 1.622238671875000  2.163391406250001  3.208202343750000  2.230999218749999 
 1.883749019607844  0.747313905882353  2.771200784313731  3.411329411764708 
 2.553372108843537  1.068578034013606  3.203703401360545  3.897603401360547 
 2.532303968253969  1.599691904761906  1.991858730158730  3.445802380952380 
 1.756472090909091  2.066613636363638  1.935023727272726  1.818989272727274 
 0.396870447368420  0.090249722449393  0.990011639676114  1.989413765182190 
 1.618899007936508  0.008481109523809  2.993608730158730  2.852625396825395 
 2.613881818181818  1.516675454545453  3.341977922077922  1.378622597402597 
 1.320624840764332  1.148339108280254  1.723001401273885  3.635049044585991 
 0.813316713815789 -0.099836417105263  2.617570394736846  1.702750328947368 
 1.423321068702290  0.799730068854962  3.365543511450381  1.048560687022901 
 0.774081852713178  0.216720006589147  1.127420503875970  2.652841085271318 
 1.461889966555184 -0.101017461538461  2.206169565217389  2.456273578595316 
-0.329186171924290  0.054309563644911  0.426521225341746  0.690303648790746 
 0.998279136490251  0.445419436490251  1.411964428969361  1.968793871866298 
 0.952269698333333  2.126638333333333  3.172381666666666  3.497268333333334 
