-0.162076965222714  0.070909259960346  0.908369334960291  0.637763316534579 
-0.153965476686217  0.069954835079909  0.565751147214060  0.931166913489690 
 0.908762387722023  0.179137323861073  1.079930711793122  2.450526978998330 
 1.676369046052605  1.231973421052639  2.774818750000052  1.290010322368197 
 0.395112521739117  0.095097680376810  0.922722759420320  1.759777487922709 
 1.035637695984697  0.318913284225628  3.095262715105181  1.450770900573668 
 0.952957836065583  0.193917124316942  1.375178655737693  1.452317814207640 
 0.170594050522395  0.082524161741789  1.333695402985097  0.833969082089552 
 0.660742394486709  0.125946946264260  2.202082319391586  1.513263973383989 
 2.118241914893598  0.861752887234040  2.239244042553203  2.794401063829778 
 0.586395268589407  0.124677565314022  1.731108480268661  2.063862552476904 
 2.239209293680278  1.756659702602236  2.234084089219322  3.866311524163543 
 1.564139230769244  0.901446926035512  1.193076582840209  3.298883431952722 
 1.756462575757564  0.449460957878799  3.233566666666709  3.639625757575739 
 1.966448658008636  2.185389610389616  3.716544588744593  2.605288744588719 
 1.244235625083610  1.488291404682280  3.282339464882968  3.530996655518412 
 0.609138795423958  0.113544875432032  1.897333647375513  0.845518447106325 
 1.337689259803918  1.576762205882357  2.270930392156861  2.874162499999997 
 1.374576553254429  0.021797221065090  1.896576627218925  2.252147633136122 
 1.919773212669684  1.621151040723980  1.579112235746603  1.962845882352938 
 0.892053775729651  0.236302568049155  1.891634254992310  2.880139016897076 
 1.146724239130434  0.718321182065211  2.226594972826083  2.110554619565213 
 1.934979279999998  1.026374171999997  4.070906400000004  1.838549596000007 
 0.093612292505855  0.078822062892272  0.944135714285716  1.182468594847780 
 2.620411231884063  1.004759998913046  3.232689492753633  3.140650000000002 
 1.276847137404577  0.681248892748090  2.268432366412210  4.153928244274820 
 0.309273444546650  0.091072204002628  1.498225952693822  1.420128055190537 
 1.429144719540234  1.157605287356325  3.197252643678151  2.435085287356326 
 0.851847569920842  0.059823158073878  2.594255936675456  2.216261081794195 
 1.899165183752417  0.313773198297872  2.835635589941977  2.122207156673121 
 1.473199481765837  0.297135291094049  2.178138771593089  1.193320373704413 
 1.309344198412699  0.320408116666667  3.697034656084662  2.577892592592589 
 1.891530262008736  1.217182681222709  4.479271615720521  3.287216593886462 
 2.240156571428571  1.663378171428569  3.522487428571432  4.361727428571421 
 2.474400438596491  1.805371491228071  2.777019736842104  2.218619999999996 
 1.111241789752647  0.312549397879859  2.776199999999998  2.988438339222616 
 1.688837106598985  0.536461994670051  1.298056667512690  1.894526167512692 
 1.770398328690807  0.226324637214485  2.083908077994430  3.371733147632316 
-0.434323350894152  0.069604018050416  0.518552998211697  0.507671764813920 
