 0.042574704867243  0.077860415149954  1.148663112094357  0.780039490167245 
-0.359729966169896  0.069983249253742  0.582895493084940  0.571220475171370 
 0.953214433663298  0.217736300366341  1.137437274851426  2.396765346534623 
 1.681230079491244  0.815688766327508  2.845103338632776  1.345439551192261 
 0.359432564425363  0.093835170805912  1.119504099189334  1.607731330472102 
 1.488124660194172  0.479291382690712  3.574689597780869  2.401302635228890 
 1.195176496350371  0.306151902304486  1.473039697601660  1.385645140771622 
 0.398402981465522  0.088136523481679  1.649681842672428  1.089708530280170 
 0.974298518448455  0.088984233689689  2.737103216650853  2.177235193945085 
 2.260130116959043  0.649605339269003  2.662277777777781  2.889688450292391 
 0.622200255592027  0.119402402642088  1.861598600645839  1.932611302475771 
 2.251836036036025  1.560055000000005  2.673651869369364  4.087790090090083 
 1.610997096774202  0.744999216808154  1.572143230899812  3.556973174872695 
 1.298230365079360  0.387277081096686  2.927065800865814  3.531684559884555 
 2.237193644859805  1.911614789719628  3.018776869158883  2.384392429906532 
 1.970428396624473  1.318836318565403  4.102528902953591  3.510016244725749 
 0.847624098255278  0.203724656317723  2.434488980716261  1.241327519742881 
 1.303346725933607  1.664765456431536  2.813633817427386  3.223741493775935 
 1.601340748898673  0.222685673832600  1.996635671806160  2.100169162995611 
 1.899367727272730  1.416013471074378  1.581147853512396  2.274012231404958 
 1.004373385080645  0.209162580604839  2.017101512096769  2.855935685483864 
 1.179002071521457  0.974991781534457  2.493916644993504  2.326838231469441 
 1.894064867549669  1.369951854304635  4.129024172185431  1.972138708609272 
-0.013793403306181  0.072198790430762  0.752756657307140  1.100507977958794 
