 0.138736739180643  0.082453211401267  1.331832783613361  0.733654447479178 
 0.148252354945054  0.077201260260983  0.667861955769200  1.325679986263644 
 0.711992341614799  0.119359132562117  1.439443540372580  2.352749223602435 
 1.702670746268616  1.218828208955234  3.039493034825953  1.223573776119067 
 0.351369524147707  0.084483060355112  1.005539389204586  1.840376278409089 
 1.261815522821560  0.366847204647315  3.487125311203348  1.531642489626670 
 1.063484394213400  0.058517595117544  1.511667667269420  1.619984882459300 
 0.353730807603697  0.090834960490780  1.731106105990827  1.130195806451611 
 0.751942173669521  0.249324223249306  2.655981512604891  1.051970044817811 
 2.709086503067424  0.842687116564410  2.295942331288369  2.835574846625736 
 0.602478863035173  0.117936213341643  2.079088709677387  2.166986363636341 
 1.881637948717902  1.395661230769241  2.244841709401688  4.601760683760626 
 1.986122590361479  1.287143313253029  1.211935391566205  3.454994578313377 
 1.629993333333317  0.338177958904127  3.326805479452117  3.770900913241978 
 2.187709803921535  2.066596078431381  3.997452287581710  2.791937254901921 
 1.025727557668708  1.326534785276084  3.688118404908022  3.329068711656469 
 0.835667637231502  0.090151779713604  1.828247732696909  0.753176315513128 
 1.780095166163136  1.034026676737163  2.180007854984892  2.878742296072512 
 1.296946942148755 -0.040666305702478  2.042812190082627  2.173300000000045 
 2.032991228070175  1.652330935672510  1.585039427485376  2.066632631578943 
 0.939956943589755  0.112703154102565  1.986907179487160  2.994121538461527 
 1.120396534065929  0.687725450549441  2.757414725274722  1.944686813186811 
 1.984076380368093  1.114253190184044  4.246930061349697  1.898787484662588 
 0.156629058951175  0.077224740244123  1.258731256781199  1.320395027124775 
 2.421657209302334  0.911237138604655  3.405902790697689  3.147310232558142 
 1.051725882352932  0.494223043529409  2.275358235294113  4.060496470588257 
 0.423199140148306  0.122632587533899  1.590320868644063  1.723200529661006 
 1.578178456790131  1.172576944444447  3.283598148148132  2.527991975308649 
 0.887858960739026 -0.021474229769054  2.802875981524247  2.038892147806008 
 2.182943231441040  0.426269914934497  3.214358078602634  2.092464628820968 
 1.546541853932588  0.131366609634831  2.445053089887637  1.376342789325842 
 1.299193094696969  0.373899553787878  3.809784848484861  2.558239015151508 
 1.912474705882356  1.114188317647062  4.506790588235292  3.276975882352939 
 2.310913445378152  1.561534714285712  3.905557142857149  4.400278151260491 
 2.528817058823527  1.730077470588235  2.842359411764703  2.084143058823528 
 0.799730400673401  0.254391897643098  2.913701346801337  2.935612794612809 
 1.941178773584904  0.485677379528303  1.321364797169812  1.701670990566042 
 1.829601369863012  0.256048175547946  2.099301027397261  3.417258561643842 
-0.025003265060241  0.072821872051205  0.951057055722895  0.998786716867474 
 0.683489049844239  0.155301357538941  1.138160903426789  1.221918613707165 
 1.268787409470754  0.788954986072423  1.524619136490247  2.337903621169910 
 0.957741191222570  0.234190401880877  0.726267039498432  2.036703134796236 
 2.578434677419357  2.038012903225805  2.743521774193546  3.427041935483859 
 1.462390536912752  0.057876969798658  1.328917114093961  2.660706375838941 
-0.224576826288212  0.068990936200873  0.562085533624454  0.879647694323149 
 1.577995811518326  0.112500352356021  2.841988481675394  2.736331675392668 
 1.025894174528303  0.583114976415094  1.888280896226417  1.612486202830186 
 1.183724000000002  1.643436866359447  2.469127188940092  2.369481566820277 
 1.851753781512605  0.582342123249298  2.355922128851535  2.179547058823528 
 0.663073077975378  0.091253738946649  2.171849931600550  1.538324623803010 
-0.546525017985611  0.075859061237689  0.524147384262594  0.528161602517985 
 1.635438685714285  0.986106742857144  1.978099999999999  1.067544084000001 
 1.541349825581395  1.855722674418602  2.132431976744187  3.281269767441860 
 1.533205077720207  1.809516580310880  3.078156994818656  3.722474611398965 
-0.192923841373671  0.067253293327882  0.896204668847095  0.590419364677021 
-0.256704106371490  0.066745834589633  0.500535250539957  0.461550300431965 
 1.102706976744188  0.565560745116279  1.194562037209301  3.361378139534886 
 1.015771071428572  0.572061821428572  2.235577731092435  2.476817226890756 
 1.342061604095563  0.844580819112628  2.714461433447098  3.285776109215018 
 1.704681607142857  2.303672321428571  3.322413392857143  2.164009821428571 
 2.434616993464052  1.073820000000001  2.572410457516341  3.840146405228760 
