 0.233993489683163  0.088134407571487  1.138875953465328  1.251747914851522 
-0.263821822947047  0.070286478678109  0.673365329643125  0.660555634535677 
 1.832103698630091  1.193921071113016  1.862842778338990  3.411192465753397 
 1.103388347623087  0.254298867712226  2.738933870967732  1.906770751273313 
 0.908657964789103  0.192599306950497  1.507861342589344  2.256949179847684 
 1.821135539622639  1.180179199698115  3.664197358490572  2.334305304905673 
 1.858874190544412  1.116421347277937  2.186290070916911  1.931754863896842 
 0.720936754639510  0.149342483820239  1.913452492725509  1.271537782056255 
 1.314519098049277  0.336361322381929  2.592767556468181  3.089316735112927 
 1.932530569682385  1.405731187680462  3.454886717998072  3.730555341674687 
