-0.158993132884279  0.071339941564609  0.905405633802766  0.631853988854976 
-0.132938254492754  0.069813238992026  0.573145380289840  0.945383876811548 
 0.637352762824846  0.144995104049413  1.484454199785114  2.198056928034332 
 1.688415349650321  1.248809650349659  2.749194405594461  1.289132615384378 
 0.338496225352097  0.083405912806066  0.915577858071537  1.745571289274110 
 1.212839695530716  0.435923850055875  3.347213966480469  1.453905363128567 
 1.047388933500637  0.235794086700128  1.684848933500610  1.573844542032610 
 0.139703506723345  0.079346272746520  1.350846970633718  0.846584188562596 
 0.683204493846182  0.209727753076926  2.453482153846073  1.321310815384551 
 2.089433407079629  0.930850013274333  2.261495353982313  2.806811504424770 
 0.611790519479152  0.072975259905209  2.063176979166636  1.891665937499986 
 2.267556439393918  1.761394924242429  2.359029166666658  3.882716666666641 
 1.756430198412719  1.217711984126997  1.234743464285675  3.408767857142939 
 1.756649669966983  0.445469003630375  3.254079207920837  3.686942244224401 
 1.969842780269035  2.200900448430500  3.723612107623324  2.612356502242126 
 1.245848160738253  1.484127281879201  3.279015100671165  3.533420134228206 
 0.579012675641026  0.094414003007692  1.874312820512826  0.891117007948719 
 1.307396016129027  1.602484354838714  2.302105107526880  2.874898655913976 
 1.398968676923069  0.029691320676924  1.944419692307680  2.304932307692337 
 1.857587960199006  1.677290049751241  1.619294697014922  1.936460696517410 
 0.772816866028714  0.177247888133972  2.149656778309398  2.763709888357250 
 1.147005370370367  0.737382136752131  2.232783618233614  2.134302279202273 
 2.005286051502144  1.070593854077250  4.085978111587985  1.905193819742497 
 0.066439550409062  0.077756279351794  0.973513530522343  1.185765707992452 
 2.622154474708177  1.000110349027240  3.250835797665379  3.161508560311285 
 1.270739239543722  0.678412060456272  2.276518174904938  4.154615209125486 
 0.330760064857531  0.095736196677069  1.522578086838533  1.471473066485744 
 1.444768811004789  1.177177296650721  3.199293540669848  2.444458373205746 
 0.980370157973171  0.094373762354694  2.772997615499252  2.077353204172880 
 1.966298715203426  0.340152154432548  2.857545396145615  2.180406423982875 
 1.539642780373835  0.292587895934579  2.256522429906538  1.157368959579437 
 1.297458108823529  0.350479047352941  3.732311470588242  2.615734117647056 
 1.882741390134532  1.211301991031392  4.461912107623315  3.265079820627801 
 2.249574375000000  1.667843624999997  3.640478125000003  4.389702499999991 
 2.489992727272727  1.815169545454546  2.773066363636362  2.206205272727269 
 1.171286290909088  0.316184162181818  2.817738181818182  2.989036000000004 
 1.845193993993993  0.585094497897898  1.388795576576576  1.876515135135138 
 1.813958108108108  0.256067637189189  2.111766486486488  3.358060810810814 
-0.432708021256495  0.069558208685078  0.518166751676903  0.514508414454418 
 0.771866570512821  0.148375773621795  1.132931891025641  1.166484150641028 
 1.144410420000002  0.336226124600000  1.362839220000000  2.987011200000000 
 1.040352593457944  0.224147271495327  0.869543237383177  2.120562616822430 
