-0.086807732330431  0.073224272969369  0.989146794310679  0.673047119803160 
-0.379427643847195  0.069618013780698  0.538812109296815  0.578098885125063 
 1.003935828254754  0.228156245526322  1.028604913573325  2.358783518005495 
 1.705627872807001  1.022742546052636  2.718264692982490  1.308720337061255 
 0.376163333293761  0.096862036961423  1.066577218397646  1.650513234421364 
 1.177832368600679  0.297775562030723  3.258407167235509  1.692551075085373 
 1.190533036529686  0.294831478321920  1.450249874429213  1.412961643835603 
 0.272601664105324  0.086678708662008  1.436509720580350  0.973128882321332 
 0.813764671087550  0.136566889796642  2.391872502210387  1.836906719717026 
 2.122607730263140  0.902300315789470  2.269437993421064  2.943210361842099 
 0.672082680614774  0.113996020279378  1.726855564202310  2.182062334630344 
 2.270291605839398  1.843003467153292  2.446142153284664  4.099764233576613 
 1.609165676392585  0.992607957559689  1.264280034482733  3.316719893899256 
 1.284712119341551  0.358969690123464  3.372746707818955  3.265566666666655 
 2.184319383378010  2.046072922252013  3.130834316353889  2.355289705093822 
 1.777968614864864  1.480461635135138  4.303627027027046  3.549386148648665 
 0.877445655129788  0.178999108603214  2.279309765142161  0.979633071940666 
 1.249885699222795  1.664941735751298  2.696416321243527  3.357639896373056 
 1.656064435695530  0.172538209238846  1.981301036745398  2.066196719160126 
 2.006699344262298  1.494690459016392  1.584227872459014  1.996753213114752 
 1.117373748344371  0.180834408874172  1.849541019867545  2.997361854304629 
 1.125552908011868  0.915511023738870  2.179680860534127  2.262766320474777 
 1.918867623456788  1.107799320679011  4.198550617283950  2.123084259259262 
 0.015348177809524  0.073180060770952  0.796682231809525  1.130493319047623 
 2.381736338797811  1.086310557377050  3.345609562841537  3.630720491803280 
 1.483030445434298  0.502649008151447  2.369824231625830  3.937857461024500 
 0.465145596005417  0.097379999879485  1.760628368314148  1.486108463100876 
 1.380982180894309  1.140336056910569  3.255777642276422  2.503781300813009 
 1.052636958920188  0.196627495492957  2.680557629107980  2.622810680751170 
 2.158124776785714  0.430944725044642  3.093118973214289  2.364591964285713 
