 0.026220833203596  0.078636583942940  1.191452581063451  0.629695309987259 
 0.169295455932203  0.077790750118637  0.671932993220300  1.389356610169378 
 0.770435621301640 -0.019946574142005  1.558679487179373  2.170874358974292 
 1.640484977168913  1.201321917808229  2.738148401826561  1.626732328766814 
 0.247890365783117  0.090948673132529  1.143504313253051  1.487106144578315 
 1.211978547717827  0.187011366804992  3.427115352697125  1.773175933610073 
 0.796137716701924  0.047215606215649  1.251678964059179  1.437728181818166 
 0.356179443935947  0.084344348659032  1.732372997711759  0.717430819679628 
 0.785360388692647  0.300489182685520  2.636215901059884  1.029447190812573 
 2.678165359477059  0.787702300653586  2.456179738562121  2.858524836601275 
 0.591278113114732  0.172906471692168  2.088610018214893  1.904800910746788 
 2.021272222222162  1.406261155555569  1.817113333333307  4.472788888888815 
 1.929063861386196  1.167543861386168  0.932034030692968  3.246749504950698 
 1.530003622047215  0.256948850393730  3.568595275590663  3.781733858267665 
 2.523008139534824  2.223236046511645  3.938001162790712  2.373109302325509 
 1.363323591160217  1.155209005524872  3.684219337016617  3.311664640884001 
 1.066255580357138  0.024919573214286  1.969183035714307  0.795406598214288 
 1.803888560885603  1.056346826568271  2.258696309963095  2.816181180811819 
 1.089521318181811  0.004857768636365  1.898576363636346  1.680217045454593 
 2.307816793893131  1.217868854961828  1.458009671755721  2.031467175572513 
 0.989597011952207 -0.026654862549800  1.939619123505943  3.084102788844591 
 0.821990649999986  0.637778999999982  2.808397499999998  1.794824166666664 
 1.816622518518512  1.154257037037031  4.245208888888893  1.823995259259273 
 0.223258945377256  0.079958206875664  1.483258554729021  1.155470690754515 
 2.469806250000012  0.967881530000005  3.724032500000018  2.925133125000007 
 1.199790592592580  0.306258247407403  2.341085185185181  4.150474814814843 
 0.372297450131234  0.103171751091864  1.577150918635164  1.716474540682403 
 1.602783356890466  1.131738869257952  3.289325441696093  2.485337455830398 
 0.795904290155437  0.053043986709843  2.661346891191703  2.373520984455959 
 2.158083255813947  0.425601611720930  3.151995348837225  2.091340465116285 
 1.579869117647062  0.128432460404411  2.513226838235283  1.424959999999997 
 1.513686428571427  0.417778447619047  4.010210119047641  2.500446428571419 
 1.918898958333339  1.100556500000006  4.749559374999994  3.286503124999999 
 2.226321951219513  1.649535609756094  4.242285365853666  4.200268292682908 
 2.437311038961040  1.687198506493506  2.751918181818183  2.413134415584415 
 0.895956036842107  0.448090680526316  3.379119999999987  2.776705789473714 
 1.688393777777777  0.320309631377778  1.338497333333334  1.529700977777783 
 2.142492499999995  0.220522410500001  1.857305833333336  3.585646666666670 
-0.012831522842197  0.074452148818657  1.050025666957284  1.073915518744554 
 0.540498623188410  0.119016038454107  1.035533043478255  0.886999782608696 
 1.378544750000001  1.104659350000000  1.464712599999993  2.459511499999989 
 0.987126274509801  0.207745506862745  0.604048890196076  1.880986274509801 
 2.311168707482993  2.053714965986397  3.046913605442177  3.603898639455771 
 1.561340310077518  0.088651517984496  1.364473333333331  2.505496511627925 
-0.092595363607598  0.070308030273206  0.627391790928270  0.971228523206758 
 1.414976400000001  0.528565672000002  2.714524266666670  2.304858400000003 
 1.138628812154695  0.672952486187846  2.148829005524866  1.849163259668503 
 1.010228763157897  1.262842236842105  2.517053508771931  2.587247807017544 
 1.954705000000001  0.442032580833331  2.122990416666657  2.158574999999995 
 0.476271927958836  0.084044717615781  2.044182675814755  1.303323533447686 
-0.557254918743229  0.089029856338029  0.526370437703148  0.471625099674973 
 1.722265714285713  0.845044223602486  2.054221739130438  1.001603650310561 
 1.485674999999999  1.923189189189185  2.240938513513516  3.135254054054056 
 1.269950783132531  1.213656867469878  2.871477108433738  3.869507228915660 
-0.269131681381958  0.072123900383877  0.848280796545104  0.721063790786946 
-0.208125751918159  0.060817697685422  0.675469283887469  0.414519151150895 
 1.173620242424244  0.373490800000000  1.143882303030300  3.352558787878790 
 1.085650048780489  0.461603026829268  1.953864634146339  2.522099512195126 
 0.941545937037036  0.406738373703704  2.645300370370374  3.153721111111111 
 1.544872719999999  2.107372800000001  3.192371200000001  2.252040000000000 
 1.881266244725738  0.689118717299579  2.810557805907177  3.420348101265825 
 2.537063194444443  1.044900770833334  3.130001388888889  3.882204861111113 
 2.506496581196581  1.636508034188035  1.979737606837607  3.401318803418802 
 1.745446725663717  2.059907964601773  1.940649646017698  1.804243539823010 
 0.405673890243902  0.095742042865854  0.987044695121951  2.003849593495939 
 1.617704585152839 -0.030202477729258  3.018508733624456  2.839993449781656 
 2.606003947368421  1.423973815789473  3.240575000000001  1.351976973684210 
 1.325932060606061  1.094291393939393  1.758049454545455  3.575964242424248 
 0.835726114035088 -0.068852521637427  2.577824853801173  1.686562280701753 
 1.422440606060606  0.798829916818182  3.364790151515151  1.052552651515151 
 0.770678988416988  0.220769265250965  1.156037722007723  2.645026640926641 
 1.367194186746989 -0.058550110843373  2.201429216867467  2.314736746987951 
-0.328641114118896  0.053944416163811  0.423918699893843  0.689239373673036 
 0.997186657534248  0.468500249315069  1.407483424657537  1.940705753424661 
 1.098411094047619  2.047514285714287  3.156945238095239  3.591039285714286 
 1.609272232142858  1.919115178571429  4.023217857142856  2.945514285714287 
 2.069761016949152  1.594273220338983  3.004920338983052  4.940898305084747 
 0.809010939759035  0.373464388014458  1.684099759036146  1.274598096385541 
 0.519702121218750  0.193115125625000  1.948735000000001  2.483347187499997 
 1.565203212851407  0.346084041365462  2.243868674698796  3.127999598393572 
