 0.071317656490865  0.078339840338237  1.026049909736290  1.023692342799236 
-0.321091548753667  0.069915069947777  0.608794759066465  0.612412484652968 
 1.246072221625210  0.358710597206182  1.589850238415001  2.934276964405615 
 1.165100973110463  0.370020057957850  2.751103343023260  1.387346542659830 
 0.524231540163929  0.115211864897541  1.113557785491818  1.785946213114750 
 1.792033323045268  0.944599753209879  3.751213580246923  2.187184454732527 
 1.560800647010649  0.492893862211304  1.630080959131856  1.696127706797697 
 0.511601138790039  0.104774920064056  1.744436445235276  1.125604292684848 
 1.239075321573164  0.303275816888376  2.731977790630411  2.455496645459789 
 2.070168796992466  1.323595100325814  2.096553245614032  3.671886716791978 
 0.727810027929021  0.132816574421295  1.978449144050086  2.049582922755742 
 1.991573241931534  1.571517316625919  3.751379462102690  3.512317848410755 
 1.859927384481255  1.521169389712295  2.451951299040969  2.339617384481258 
 1.435095588011417  0.503489888201714  2.884106184586109  3.519174405328255 
