 0.139233074656782  0.082453076825773  1.334841055966124  0.732670817318033 
 0.145736809876543  0.078098358532230  0.668149538820271  1.326194142661087 
 0.712390872611354  0.119313423519114  1.436946560509461  2.377129777070013 
 1.711562099999959  1.220846750000011  3.004972500000083  1.214840444999661 
 0.351394284692397  0.085720580100141  1.006636924177437  1.841842775393417 
 1.258753253164540  0.351771233417734  3.483303797468383  1.515907215189989 
 0.989890608228998  0.052673801788912  1.529960465116261  1.668605187835408 
 0.354376737819036  0.090467132651969  1.730245475638094  1.133330765661251 
 0.755636084269716  0.253056810955062  2.651460393258275  1.054305213483029 
 2.652307692307637  0.778356373626367  2.390129120879145  2.815853296703268 
 0.594340265334328  0.122029476442250  2.081226291793280  2.174635866261375 
 1.941106271186394  1.503696949152552  2.336831355932183  4.623891525423670 
 1.819478012048227  1.187207132530138  1.140232668674638  3.543870481927835 
 1.541564422110535  0.300034256281426  3.372281909547809  3.732833165829113 
 2.182270666666632  2.064802000000008  4.005418000000010  2.772655999999960 
 1.037065962576683  1.329493619631912  3.669546625766918  3.304814110429476 
 0.820206945107397  0.087484166014320  1.833294033412899  0.752648606682579 
 1.754850769230764  1.012983907692311  2.176667384615384  2.844505846153852 
 1.284948047722336 -0.061405981258133  2.043606724511912  2.156886767895926 
 2.052485082872928  1.600684696132593  1.558638740883974  2.045670607734801 
 0.923362219780231  0.100371799725276  1.992418406593385  2.988221153846141 
 1.124785101123590  0.665193033707855  2.767526966292130  1.935944719101122 
 1.942456402439020  1.118832682926824  4.218430487804882  1.862628658536596 
 0.157667710445049  0.077572099827429  1.258595794732067  1.320726521344234 
 2.396288333333342  0.875914342777782  3.588275000000015  2.973032222222226 
 1.100836140350868  0.497809092982453  2.262256140350873  4.092677192982477 
 0.412290836928106  0.124174757986929  1.591951307189538  1.724652941176460 
 1.571331047619055  1.171252222222225  3.267676190476173  2.522546984126990 
 0.888732211764703 -0.025160544682354  2.802421411764703  2.032458352941180 
 2.147767381974240  0.433257097081544  3.192124034334778  2.050864377682410 
 1.527936127167634  0.120467500953757  2.422067630057799  1.356852552023120 
 1.291923283524904  0.378248380076628  3.804940229885069  2.541636398467426 
 1.860773202614382  1.121128980392161  4.575829411764705  3.273700653594769 
 2.088798750000000  1.680532499999996  4.073635000000009  4.468497499999980 
 2.513277401129941  1.721016779661017  2.830047457627117  2.109284858757062 
 0.775459287313433  0.209356435074627  2.913374253731332  2.905263059701510 
 1.805571548117153  0.379092728284520  1.293080573221758  1.562695146443519 
 1.792227067669171  0.195704728421053  2.029124060150373  3.367369172932337 
-0.023716562546816  0.073115051748314  0.953208314606745  0.998364344569293 
 0.682128173374615  0.150276234736842  1.136452368421051  1.223154566563467 
 1.260112270114945  0.803168591954023  1.496557385057467  2.327243390804592 
 0.945368417721518  0.218628874050632  0.729263688607594  2.043149683544302 
 2.435764661654137  2.085805263157895  3.007899248120300  3.549842857142846 
 1.509476524822694  0.071134561702128  1.343595000000001  2.603993262411364 
-0.224461582984295  0.068976761736474  0.562257780104712  0.879646579406636 
 1.586004785894208  0.130214243324937  2.838695465994963  2.751951637279596 
 1.023296588235295  0.586782211764706  1.892768000000003  1.611351176470586 
 1.130762646226417  1.546217924528302  2.460991981132076  2.299213679245284 
 1.836442696629214  0.544019119101121  2.299769943820217  2.139323876404493 
 0.656479198895029  0.092621847748619  2.172209116022101  1.542125552486189 
-0.546525017985611  0.075859061237689  0.524147384262594  0.528161602517985 
 1.644442469879517  0.982859337349399  1.969359638554216  1.055295269277109 
 1.486123000000000  1.861396666666663  2.167802777777778  3.214555555555555 
 1.449275689655172  1.736766091954021  3.076185057471268  3.669607471264368 
-0.192994741224490  0.067152372032653  0.896183053061223  0.590849528979589 
-0.256704106371490  0.066745834589633  0.500535250539957  0.461550300431965 
 1.060393145539908  0.493583456338028  1.232265915492957  3.300161502347418 
 1.035962222222224  0.533723253086420  2.223130041152261  2.456165226337448 
 1.195821546391752  0.801910137457044  2.676851890034365  3.218702749140895 
 1.695016750000000  2.256999166666667  3.278572500000000  2.173009166666667 
 2.020836792452830  0.858586603773585  2.637387735849059  3.637639150943397 
 2.612711965811966  1.035195478632480  3.353434188034189  3.925238461538465 
 2.570978947368422  1.582877982456141  1.932342982456141  3.407644736842104 
