-0.156417471014509  0.070749699622588  0.908924106280143  0.634647447946966 
-0.133221868604651  0.070173523044328  0.572225534011613  0.945796329941814 
 0.647304530732780  0.143488847482274  1.440469397163050  2.226680260047240 
 1.679724557377022  1.224354327868861  2.769245901639397  1.286414714753876 
 0.336278963597415  0.083740910085652  0.920446116702386  1.738311241970026 
 1.089543789838328  0.337383793187074  3.197856581986163  1.460428685912303 
 1.035586350364974  0.224296166909978  1.681983819951321  1.593963783454977 
 0.148065152109382  0.079980076823435  1.367480085937525  0.846188914062499 
 0.644994157407433  0.160373770555558  2.341770238095169  1.407829642857086 
 2.100243296703279  0.915445145054942  2.268718901098913  2.797291208791200 
 0.585567323930941  0.104939821457684  1.996518374164783  1.985421046770584 
 2.267786742424222  1.759021818181823  2.358868939393930  3.884837499999974 
 1.781984663865568  1.236591848739509  1.239895852941135  3.418027731092524 
 1.758226480263144  0.444512164802644  3.253261184210571  3.684669078947347 
 1.969470608695630  2.182752173913050  3.720715652173918  2.605294347826061 
 1.245848160738253  1.484127281879201  3.279015100671165  3.533420134228206 
 0.613185150000001  0.107832868494286  1.897257857142864  0.853796380285715 
 1.315310601583109  1.596202163588394  2.300393667546173  2.877946965699206 
 1.402953073248400  0.028838156114651  1.931771974522281  2.307951114649712 
 1.857587960199006  1.677290049751241  1.619294697014922  1.936460696517410 
 0.831102695422541  0.197832078626761  2.050622535211258  2.868785387323940 
 1.150453478260868  0.732640028050485  2.247437307152872  2.145338008415143 
 1.949746885245900  1.027594274590161  4.067567213114757  1.837391594262302 
 0.065815893963908  0.077806187299315  0.976043478531427  1.181352022401995 
 2.624578326996203  0.991201215589356  3.261590114068451  3.144074144486694 
 1.269555703422049  0.678706128897337  2.274839087452467  4.155884790874536 
 0.332247929649596  0.093576944880054  1.528748787061994  1.462193800539074 
 1.433301767605639  1.158703286384980  3.204145539906094  2.441165023474182 
 0.916632117130305  0.051588622122986  2.670919180087842  2.165561493411420 
 1.915841428571428  0.328310413306122  2.874482448979596  2.155468163265311 
 1.510870448430496  0.278642400582959  2.260822421524662  1.169370615919282 
 1.291178831884058  0.338567666956522  3.734272463768122  2.595183768115939 
 1.882059424778763  1.212287805309736  4.463453539823005  3.254567256637167 
 2.249574375000000  1.667843624999997  3.640478125000003  4.389702499999991 
 2.479055555555555  1.811268000000001  2.775912888888888  2.213670044444441 
 1.159936721311473  0.322019044080146  2.819756466302367  2.988112568306015 
 1.840951622418878  0.584738341592921  1.405405094395280  1.854192153392333 
 1.820579120879120  0.260178430659341  2.115430494505496  3.362649175824179 
-0.432361198019802  0.069648379437204  0.518537488590289  0.514408488165960 
 0.771422979397782  0.149472914009509  1.137067290015848  1.167711743264661 
 1.196147482837530  0.374978414187643  1.295715652173912  2.990104118993135 
 1.045491376811594  0.226519528502415  0.857928419323671  2.113646859903383 
