-0.159188096873101  0.071335453448808  0.905128632740599  0.631749088779997 
-0.132938254492754  0.069813238992026  0.573145380289840  0.945383876811548 
 0.633729376894542  0.161001441603143  1.539908071748814  2.127662780269019 
 1.683918437499971  1.244456458333342  2.747862847222277  1.288234472221986 
 0.337562673469372  0.086556535467238  0.920177049409268  1.743044146079489 
 1.228038425352102  0.427298051605642  3.344810985915516  1.443522140845146 
 1.049847057291677  0.239956488151044  1.686835026041649  1.564368567708321 
 0.138886678588060  0.079435208637701  1.349572055857278  0.844948673390224 
 0.691384453100188  0.216158435612086  2.469042448330601  1.313023688394211 
 2.076035937499980  0.970722544642854  2.275823437500013  2.813898660714276 
 0.615674703222327  0.070771049161117  2.078682814178272  1.874869280343702 
 2.473472330097058  1.467450970873792  2.265255339805812  3.942983495145600 
 1.780825622317619  1.232606566523618  1.207882201716696  3.429921459227557 
 1.754459999999986  0.440229108813572  3.219611864406827  3.681129830508452 
 1.988238365384590  2.166079326923084  3.800216826923083  2.583086057692278 
 1.180138185357142  1.337454178571434  3.456424285714312  3.426983214285734 
 0.573143038993711  0.094308250120755  1.878886163522018  0.900810183899372 
 1.157408404624272  1.362769710982663  2.166022543352595  2.893818786127166 
 1.392334194577345  0.016234363221692  1.939214354066973  2.300025837320606 
 1.839195072463768  1.708645893719804  1.660727256521736  1.953020289855069 
 0.771247540322586  0.172452897032258  2.151869838709666  2.755528548387089 
 1.179943675213672  0.696520683760678  2.254660541310538  2.094193304843298 
 2.000517633928569  1.075426763392854  4.089572767857146  1.890098928571436 
 0.066082637200504  0.077775255920555  0.973405800756622  1.185264066834808 
 2.580883268482497  0.949910839299613  3.296570428015575  3.084531128404669 
 1.237902773437494  0.683452390234373  2.299730390624996  4.156858593750014 
 0.328034826925746  0.094341333172797  1.521503608605133  1.465204441360158 
 1.451045064965202  1.241691716937358  3.129790487238973  2.415503712296990 
 0.970729716486900  0.091289788197226  2.781952542372878  2.073512788906015 
 1.969462857142857  0.330624143120879  2.828593626373630  2.181816263736269 
 1.548393643031788  0.276574829975550  2.233593154034226  1.142815855012222 
 1.327707014450867  0.350409534971098  3.730104335260123  2.575191329479767 
 1.937962512315274  1.190441103448278  4.492143842364528  3.270688669950737 
 2.285009333333333  1.586832006666664  3.685578666666670  4.403075333333324 
 2.496691705069124  1.821336405529954  2.770351152073732  2.192509493087555 
 1.160998190127968  0.301476799268738  2.830702193784278  2.975213711151742 
 1.851600911854102  0.590224209118542  1.389056586626140  1.879016231003042 
 1.819295518207282  0.248038392324930  2.127319327731093  3.351296358543420 
-0.432708021256495  0.069558208685078  0.518166751676903  0.514508414454418 
 0.763615129449839  0.147384646828479  1.135884870550162  1.159265760517801 
 1.256061626213594  0.391349076941748  1.431097378640777  3.015073543689319 
 1.072312795969773  0.243488248866498  0.881764074559193  2.044625944584380 
 1.769993223140496  2.063791322314051  2.737765289256197  3.548415702479337 
 0.748952922558922  0.083446342760943  1.152688888888890  2.674736363636365 
