 0.025013134610085  0.078730591176480  1.205140218878140  0.622292905608997 
 0.185371423344947  0.081070701167240  0.678193106271737  1.401151916376189 
 0.767149479768654 -0.017992736204232  1.595145086705090  2.186069171483560 
 1.760190521326976  1.063377488151669  2.688361137440837  1.846018009478352 
 0.217882897812081  0.087411434877733  1.153219691119734  1.452160360360362 
 1.198193473684189  0.092744387894753  3.461325789473723  1.862444210526461 
 0.734697684824922  0.084110793463039  1.230254533073914  1.446500389105044 
 0.385218552083356  0.090054427786450  1.744372656250102  0.682604042187493 
 0.642964848664744  0.198796375964399  2.528343620177882  1.238985816023614 
 2.719682638888820  0.790657083333325  2.424843750000032  2.898095833333298 
 0.537980364165080  0.158674623037523  2.087260787992454  1.833651782363952 
 2.152603030302947  1.471511212121229  1.699807878787843  4.462601515151414 
 1.976983333333395  1.137889032258096  0.977136913978385  3.284015053763660 
 1.398590982142823  0.210229839285747  3.520991964285842  3.767140178571370 
 2.533396385542106  2.228726506024114  3.926512048192786  2.365725301204745 
 1.544838897058817  1.035455514705896  3.879379411764765  3.514813235294147 
 1.066463658536581 -0.029671969268293  1.884888780487827  0.902134829268294 
 1.861994690265479  1.095805575221247  2.280674336283182  2.804887168141605 
 1.040122617449657  0.008431929082776  1.887371588366874  1.678326621923983 
 2.325546031746031  1.241013571428567  1.534235634920631  2.055534920634915 
 0.993963699187008 -0.031944680894308  1.941445121951186  3.076186178861758 
 0.808612273170716  0.683711902439003  2.854896097560972  1.824617560975606 
 1.992859894736835  1.064170526315781  4.430600000000003  1.857221684210544 
 0.211606540335194  0.079233561680447  1.469210837988837  1.122064513966479 
 2.522393617021289  0.956687551773055  3.721467375886545  2.934232624113483 
 1.070851382113807  0.282253767479670  2.252073983739833  4.027583739837430 
 0.368512234890110  0.106380787543957  1.567186813186806  1.702134478021965 
 1.720109583333342  1.125850541666667  3.284550416666643  2.589198750000013 
 0.789058772727268  0.007080037121210  2.787034469696957  2.415692045454549 
 2.170073869346727  0.430704001105527  3.172076884422127  2.108973366834177 
 1.729653703703708 -0.077023327777779  2.469333333333316  1.479072716049377 
 1.537557116564416  0.452805786503067  3.999536196319041  2.517812269938640 
 1.889882758620696  1.061079011494259  4.775435632183902  3.327385057471264 
 2.253381081081082  1.741568783783780  4.268318918918929  4.200004054054038 
 2.484965891472869  1.693187364341085  2.740055813953491  2.368338759689921 
 0.905920648484850  0.460213632121212  3.441695757575744  2.827795151515187 
 1.580327544910177  0.187847467425150  1.188251317365269  1.411151616766475 
 2.081914814814810  0.290233141296297  1.808051666666669  3.679926851851855 
-0.013943104611211  0.075274374868897  1.044353074141054  1.069454792043403 
 0.545709255583131  0.119776937022333  1.026770521091805  0.885337196029777 
 1.367981159420291  1.374996159420289  1.603736304347817  2.639733333333319 
 0.830765635593218  0.101126919915254  0.652340303389828  2.003389406779658 
 2.404106299212599  2.012637795275592  3.077743307086614  3.507713385826757 
 1.587084651162789  0.031574351162791  1.320791348837206  2.532791162790720 
-0.089404965212402  0.069544990584386  0.612154432606200  0.991597726750868 
 1.390527580174928  0.525272932944608  2.771397959183677  2.352570553935863 
 1.096086582278480  0.867739915611814  2.068486075949370  1.948422784810120 
 1.018319990476193  1.227797523809524  2.522387619047622  2.598617619047619 
 1.990789637305700  0.387792873575126  2.212405181347139  2.321411398963723 
 0.469799916666669  0.066766935520409  1.909487074829934  1.260102602040815 
-0.554685980113636  0.110578291051137  0.452061697443189  0.442007140625000 
 1.771736363636362  0.762106181818183  1.985211515151518  1.122902666666667 
 1.475110977443607  1.929639097744355  2.331228571428575  3.111644360902258 
 1.304021454545454  1.300514424242422  3.106036363636365  3.562228484848482 
-0.216639513541667  0.075699197281250  0.858295281249998  0.752287739583331 
-0.167362168711657  0.067355175245399  0.667670536809817  0.416159058588957 
 1.171721194968555  0.376811735849057  1.120714025157230  3.349380503144657 
 1.149338313953489  0.508331645348837  1.801501744186044  2.590008720930236 
 0.937589416356877  0.437200319330856  2.637403345724910  3.126476579925650 
 1.661697368421051  2.163388596491230  3.122260526315790  2.259567543859650 
 1.801197448979592  0.788719132653062  2.778073469387761  3.330859183673471 
 2.541448148148148  1.143287562962964  3.143094074074074  3.879835555555556 
 2.473071681415929  1.683415929203541  1.971800884955752  3.379752212389379 
 1.752076804123712  2.102894845360827  1.928573298969070  1.781190927835052 
 0.357584250513347  0.101963662813142  1.047382299794661  1.967239630390151 
 1.623435714285715 -0.032387929032258  3.016861751152075  2.861037327188936 
 2.637345454545454  1.402081818181817  3.258704545454545  1.353038787878788 
 1.325087500000000  1.121233026315789  1.745252368421053  3.572247368421058 
 0.827758449612403 -0.160297630193799  2.601522480620160  1.750354263565891 
 1.386931479289942  0.455745737988165  3.245934319526628  1.216713781065089 
 0.757707360323886  0.211394597975708  1.168237408906883  2.650617004048584 
 1.386279548611113 -0.082355184236111  2.176678472222219  2.349140625000000 
-0.319261414733178  0.056800933213457  0.420217104756381  0.700358526682135 
 0.949618342696630  0.423896044101124  1.396507471910115  1.947942696629218 
 0.922223354444444  1.648251111111112  3.476842222222222  2.903052222222221 
 1.711356764705883  1.927750980392157  4.097949019607841  2.935767647058825 
 2.235083333333332  1.464620952380952  3.023571428571431  5.114966666666667 
 0.871995748502993  0.452579116766467  1.704681437125750  1.279416646706586 
 0.487446753549489  0.198321520819113  1.942784982935155  2.480215358361773 
 1.575911023622048  0.369769174409449  2.219778346456694  3.108455118110236 
 1.234539774193548  0.380758665903226  2.433678064516129  1.675315806451615 
 1.370797089552239  1.203131417910449  3.697743283582089  1.794871716417910 
 0.909377553763441  0.271205730403226  2.283157795698927  2.294241935483872 
 1.557003434343435  1.407649797979797  2.819453535353534  1.023451292929292 
 1.518729090909091  2.297984415584414  2.849699999999999  3.946233766233765 
 1.046849629629630  0.397038285185185  2.512280740740741  0.649122664444444 
 1.386627500000000  1.153515192307692  2.589998076923076  4.275165384615385 
 1.515931855670104  0.883426082474227  0.861029001030928  2.103804123711341 
 1.631316814159291  0.469639513274336  1.685850442477877  1.930041150442476 
 2.089830841121495  0.269366476635514  2.819176635514020  3.822860747663551 
-0.453771582181260  0.034563674034270  0.720350476190476  0.562413778801843 
