 0.049010223188369  0.078441728313579  1.234989380764058  0.622491744400760 
 0.160165421192053  0.076195706407278  0.666264890397313  1.379137417218431 
 0.741597124999893  0.092037830328130  1.500926249999909  2.160584374999951 
 1.629175991379276  1.193338491379319  2.718882758620763  1.612266724137639 
 0.268621393793088  0.088031349413792  1.155104505747164  1.455734942528736 
 1.195808443999985  0.207111741600012  3.426949200000029  1.774646000000111 
 0.829776478405333  0.126802807269106  1.379586644518259  1.447501063122911 
 0.435088224279854  0.104972560329212  1.813578600823125  0.802023267901229 
 0.771490325732961  0.265829791205219  2.621597719869532  1.019445032573154 
 2.650213609467396  0.754221881656797  2.429650887573990  2.834406508875710 
 0.544275488594285  0.149214663521352  2.057947330960811  2.122457829181468 
 2.069476146788941  1.458928899082580  2.154934403669703  4.616288990825627 
 1.863760625000045  1.263813593750023  0.973340992968670  3.182664843750160 
 1.540453734939737  0.382904000000022  3.521864457831411  3.769618072289118 
 2.188206382978686  2.112366666666676  3.986663829787244  2.756958865248185 
 1.207634983597880  1.433916296296305  3.612596825396866  3.190143915343938 
 1.061894254545451  0.062670510545454  1.917302909090926  0.912802901818183 
 1.755669155844152  0.977384935064939  2.159263311688308  2.812049025974035 
 1.104617825203244 -0.002357226016259  1.930660772357706  1.822185365853702 
 2.296187692307693  1.209932692307688  1.433085899999996  2.034052307692301 
 0.811150919770785  0.079076722922637  1.961941260744962  2.949042693409724 
 0.904088567164170  0.606416268656703  2.634131343283582  1.793865074626864 
 1.812080999999994  1.193469214285708  4.258928571428577  1.826139000000013 
 0.218561921664886  0.078721982501601  1.498052934898621  1.135131419423691 
 2.473966467065878  0.960341405988028  3.768167065868281  2.917384431137731 
 1.143378478260857  0.300996814492750  2.369750724637677  4.129480434782639 
 0.373833453986928  0.105194760956864  1.593456209150320  1.692580130718941 
 1.621541541095898  1.148260205479453  3.291401712328748  2.490386986301379 
 0.810773765306119  0.059317272117346  2.678295663265299  2.387278826530612 
 2.156566355140180  0.430976011775700  3.153821028037399  2.091171962616828 
 1.591957677902625  0.111487367902621  2.515705617977518  1.429602659176027 
 1.482496031746031  0.438188514285714  3.998774603174622  2.533347089947081 
 1.855345161290326  1.161668580645166  4.646160483870966  3.382578225806451 
 2.119145238095238  1.669894166666663  4.039913095238105  4.471955952380934 
 2.443953012048193  1.675425120481927  2.714800602409639  2.385715662650602 
 0.889163612745099  0.438619681372549  3.322472549019594  2.827897549019635 
 1.645910434782607  0.294356678521740  1.327479000000001  1.528755739130440 
 1.897994174757279  0.248950845922331  1.974695533980584  3.531575728155347 
-0.010030433787234  0.074423878293617  1.049297727659578  1.067173574468087 
 0.583285683453242  0.128633714916068  1.050325035971217  0.900178729016787 
 1.256631954887219  0.861580789473684  1.420738872180445  2.266156390977435 
 0.960723433962262  0.232643499622641  0.698065258867923  1.868773962264149 
 2.218246979865772  2.129030872483223  3.036647651006712  3.662788590604016 
 1.545275912408758  0.082877064379562  1.370462116788319  2.538101094890527 
-0.095631046979169  0.069836944373958  0.631323343750000  0.960901072916673 
 1.418654588859418  0.537392058355439  2.702582228116714  2.272422281167111 
 1.014728975069254  0.603498781163435  1.878961772853190  1.593907562326866 
 1.013839313008132  1.235597560975610  2.470236178861789  2.524140243902439 
 1.885950390625001  0.468261544531247  2.109301562499990  2.096930078124996 
 0.535492917417419  0.111888688393394  2.057512012012015  1.430884384384385 
-0.557095382955772  0.089023494498383  0.527147738942832  0.472644872707659 
 1.744834487179486  0.833559871794873  2.049747435897439  0.991398062179489 
 1.477415555555555  1.925087037037033  2.318426543209879  3.134545061728396 
 1.174876875000000  1.443452937499998  2.948188125000005  3.888799374999998 
-0.258602956033677  0.072050551824135  0.861077296538819  0.713739232927968 
-0.208050926640927  0.060934335379665  0.675097554697555  0.413352556241956 
 1.200021966292136  0.362482365168539  1.195423146067414  3.346740449438204 
 1.070279159482761  0.449471318965518  1.996254310344827  2.447683405172416 
 1.103675335365853  0.477789570731708  2.560356707317074  3.178286890243904 
 1.621975271317829  2.181998449612404  3.204810077519380  2.228250387596898 
 1.863566911764706  0.770676455882353  2.772803308823535  3.414526838235294 
 2.539534666666666  1.071516473333334  3.206508666666668  3.895830000000003 
 2.532472440944883  1.593309685039371  1.990890551181103  3.440959055118109 
 1.685087008547009  1.997397435897437  1.874611196581196  1.855164273504274 
 0.368902636538461  0.094034763634615  0.995721211538462  1.937298076923081 
 1.621071062992126  0.011725746456693  2.990763385826771  2.853100787401572 
 2.606079487179486  1.530373205128204  3.333300000000000  1.367544102564103 
 1.320465155279503  1.144469875776396  1.725237639751553  3.619100621118016 
 0.816010480891719 -0.095159751592357  2.606388853503188  1.704039808917196 
 1.422563880597015  0.791921112089552  3.354253731343284  1.048214626865671 
 0.751618833976834  0.180483879150579  1.109879652509654  2.643047876447878 
 1.466591695501731 -0.097971157785467  2.216901384083042  2.479782006920415 
-0.329654957188160  0.054362165989757  0.425620988689218  0.688297103594080 
