 0.006919827187457  0.074522763984385  1.240060874999875  0.626561360937775 
 0.233282871866295  0.084722626378818  0.730018036211635  1.632283565459426 
 0.938075331411906 -0.056550227550422  1.812864841498391  2.241021613832767 
 1.777872636815880  1.080881641791056  2.681453731343368  1.857352238805634 
 0.205859374489779  0.078483735216835  1.196353431122492  1.426493367346941 
 1.221217759562820  0.080480107650290  3.452435519125725  1.872942622950971 
 0.696181530343032  0.177878352744069  1.007322295514491  1.447355013192592 
 0.412367486322216  0.102860462279626  1.772254711246318  0.654289672340417 
 0.618322177865688  0.149802835177875  2.694042687746827  1.327100869565048 
 2.762965354330631  0.806211354330698  2.430340157480352  2.924454330708623 
 0.562802030434760  0.161373738429112  2.122476181474438  1.817866162570862 
 2.152603030302947  1.471511212121229  1.699807878787843  4.462601515151414 
 1.995459444444508  1.128310444444477  0.973628811110998  3.290561111111338 
 1.410918130841086  0.229496635514053  3.542444859813218  3.785332710280312 
 2.525366666666603  2.246834567901252  3.919634567901249  2.361713580246838 
 1.544213203124993  1.024205312500014  3.894842187500062  3.528105468750031 
 1.105081369047613 -0.026770005357143  1.895651190476217  0.871649583333336 
 1.883807826086950  1.082366304347833  2.281414347826084  2.768545652173925 
 1.043514724220617  0.057741774820145  1.900758273381279  1.632043645083982 
 2.313569105691056  1.284258536585362  1.534240243902435  2.060429268292677 
 1.003934132231421 -0.017573733471073  1.921189669421454  3.085154132231374 
 0.876948618357472  0.701935845410606  2.869145893719804  1.845753140096615 
 2.060513592233001  1.132433786407758  4.299140776699032  2.079157281553415 
 0.170431529999997  0.077496078019444  1.502827222222235  1.072834027777778 
 2.536730468750014  0.993991328125006  3.760174218750023  2.952736718750010 
 1.069869672131134  0.277427322950815  2.229640983606553  4.042031967213148 
 0.374437143065694  0.120483827054015  1.594254598540138  1.589725839416046 
 1.811237628865990  1.197031701030927  3.221444329896878  2.583786597938161 
 0.711889619631898  0.045621656472391  2.670046932515325  2.252222392638037 
 2.169637499999993  0.397117013124999  3.161788541666685  2.096204166666674 
 1.807703311258283  0.033278153642383  2.372337086092697  1.376328543046353 
 1.537976230769229  0.335787970769230  4.084824615384642  2.505851538461525 
 1.858832098765439  1.050751037037044  4.793220987654314  3.363055555555555 
 2.253381081081082  1.741568783783780  4.268318918918929  4.200004054054038 
 2.496230894308944  1.703976178861789  2.745480487804882  2.370365040650405 
 0.821518374045803  0.395479330534351  3.434338931297694  2.853048091603096 
 1.597403246753244  0.161282351038962  1.179100064935065  1.417632012987023 
 2.077777064220178  0.289133424403671  1.787123669724773  3.679261467889911 
 0.006343424597207  0.076333699897959  1.073429430719661  1.076314371643399 
 0.514635313351504  0.103471546049047  1.055137411444136  0.837583901907357 
 1.360659523809525  1.449265317460317  1.581749206349196  2.633876984126969 
 0.810131221719454  0.106533154751131  0.654542088687780  2.141902262443437 
 2.403412598425198  2.006257480314963  3.080855118110236  3.511661417322820 
 1.552927225130889 -0.000751939790576  1.280153036649210  2.537717277486936 
 0.060738454077250  0.075488704864091  0.655439397424892  1.185213218884131 
 1.386346712328768  0.520348089041098  2.783473972602741  2.434519520547948 
 1.099690575221238  0.863915884955752  2.045671238938057  1.969155752212383 
 1.014942245098042  1.237367107843138  2.517760294117650  2.595526470588236 
 2.131941666666667  0.340994279487175  2.110519230769215  2.369844871794862 
 0.468956164969452  0.099383724643585  2.033152342158861  1.226502892057027 
-0.589154016282224  0.092510727539092  0.488202225644512  0.525321590230663 
 1.789196323529409  0.822436985294118  1.949606176470592  1.112723308823529 
 1.479076030534349  1.930746564885490  2.334701526717561  3.114520610687025 
 1.296944012345678  1.308347530864196  3.126050000000002  3.559846296296293 
-0.222056507840772  0.069339498442703  0.846719264173700  0.896844704463205 
 0.012284522552448  0.075942323933566  0.774285944055947  0.649869606293706 
 1.136762467532470  0.393224512987013  1.088256688311686  3.329316233766237 
 1.320617432950194  0.567280455938697  1.736607662835246  2.707225287356323 
 0.936421286852589  0.455239335458168  2.647430677290842  3.164869721115538 
 1.659786956521738  2.160353913043481  3.134806956521740  2.241178260869566 
 1.758773480662983  0.919921602209946  2.679512707182324  3.413360773480667 
 2.560271111111111  1.124358896296297  3.152023703703704  3.881797777777779 
 2.475319642857142  1.707113392857144  1.978939285714285  3.368358928571427 
 1.740563978494624  2.119309677419356  1.935919462365590  1.786503440860216 
 0.354126675990675  0.103736688321678  1.122149230769230  1.968262937062945 
 1.913489221556889  0.248230677844311  3.040118562874255  2.960820958083821 
 2.651819696969697  1.382577424242423  3.263269696969697  1.376556818181818 
 1.331275273972603  1.136198287671232  1.738056575342466  3.580198630136992 
 1.067652376237623 -0.209577098366337  2.573417326732680  1.695550495049504 
 1.382440903614458  0.439577618795180  3.176393373493975  1.265482710843373 
 0.754964748251748  0.170890305244755  1.302312097902098  2.616582517482519 
 1.448791699604746 -0.052802944505929  2.217067193675886  2.340815019762841 
-0.265851555425905  0.064612013138857  0.472782681446908  0.819876021003501 
 0.958146677852351  0.492746711409396  1.436333758389265  2.043186577181212 
 0.917270136781609  1.666875862068966  3.474335632183907  2.908757471264367 
 1.706286039603961  1.933968316831683  4.093949504950492  2.948842574257428 
 2.235083333333332  1.464620952380952  3.023571428571431  5.114966666666667 
 0.653325665914219  0.064123112045147  1.521034537246053  1.194745869074493 
 0.488717079618644  0.217025864406780  2.047587288135595  2.527620762711863 
 1.574059227467812  0.332860855364807  2.256191416309013  3.118866523605150 
 1.373362041522493  0.400136169550173  2.469978892733565  1.892561245674741 
 1.349162295081967  1.096831885245903  3.634486885245902  1.860178688524589 
 0.995791114457831  0.380501818253012  2.211228614457835  2.406230722891571 
 1.554531400000001  1.388835499999999  2.806153999999999  1.030582779999999 
 1.518729090909091  2.297984415584414  2.849699999999999  3.946233766233765 
 1.034718053097344  0.311556446902655  2.586665486725665  0.588782209734513 
 1.369398556701030  1.165444329896907  2.590264948453608  4.305238144329897 
 1.499797528089888  0.845562359550562  0.814724866292135  2.113546067415729 
 1.629101809954751  0.483965276018099  1.658609502262443  1.939829411764705 
 2.048865420560747  0.279124607476635  2.810725233644860  3.825648598130841 
-0.338141106334842  0.063673688382353  0.801171730769232  0.521841622171946 
-0.305887608725762  0.055141541426593  0.463015458448754  0.426402096121884 
 1.225574069767441 -0.193615996511628  2.916363372093021  2.796058720930235 
 1.002712304526751  0.470806609876543  2.279302057613170  1.306197448559672 
 0.965248399999999  0.579320550000000  1.564589499999999  1.295038750000000 
 0.891029141914193 -0.022630818580858  1.346070726072607  1.812124422442245 
 0.491217558685446  0.102973521830986  1.636159624413146  2.081118075117372 
 1.602043333333333  1.151108571428571  4.171959523809525  1.078293547619048 
 1.385279124087591  0.811308394160584  3.500701459854015  2.638723357664233 
