 0.158071533759555  0.081187253777502  1.321344501278670  0.658364762148564 
 0.164607969526627  0.077920622292893  0.640535094378665  1.323011227810552 
 0.717761137745852  0.100801726475856  1.471551717352311  2.410696243291531 
 1.564510427350392  1.154083846153856  2.893148717948790  1.370707649572360 
 0.269266022096940  0.085965131905297  1.123715253664072  1.517657497181508 
 1.272511287937728  0.359744359221802  3.458984046692634  1.551789607003998 
 0.929139646464664  0.089201685016838  1.506895454545437  1.696558080808070 
 0.426767154185035  0.100977017071948  1.829228193832655  1.094652804698969 
 0.762674728096734  0.246841837462242  2.655290332326121  1.026752888217397 
 2.638384999999944  0.748810822222215  2.422806666666691  2.842029444444416 
 0.574684860895746  0.133150223288274  2.085574429967390  2.164627198697044 
 1.998315702479294  1.468236280991745  2.325371074380146  4.601661157024739 
 1.912450990991043  1.229743603603630  0.950153990990900  3.376332432432619 
 1.560783225806432  0.358416408602170  3.475493548387174  3.737093548387062 
 2.183874125874089  2.106259440559450  3.984565034965045  2.765395804195763 
 1.127199050282482  1.372306158192100  3.684050282485919  3.194397740113019 
 0.909967548387094  0.075922610322581  1.854414516129048  0.725095536129034 
 1.744459672131143  0.968175639344266  2.081575081967209  2.823088196721321 
 1.238493363228693 -0.076151280717487  2.036973991031369  2.101984080717538 
 2.181986713286713  1.215764685314682  1.312181056643352  2.093122377622372 
 0.878405790625013  0.040601056875001  2.054915624999973  3.030756874999981 
 0.920263074792236  0.578230914127411  2.622455124653738  1.816621052631578 
 1.779795958904104  1.207288767123282  4.263232876712332  1.796553219178095 
 0.173850109110627  0.078830129577006  1.426645336225605  1.164170477223426 
 2.457798843930645  0.944685403468212  3.778135260115624  2.896422543352605 
 1.147207883211667  0.354722875182478  2.384266423357660  4.161955474452586 
 0.391090551791908  0.118160675297111  1.608690867052019  1.719771098265884 
 1.609661633333340  1.172524633333335  3.284305333333315  2.505559000000007 
 0.865992154255315 -0.063003873643618  2.809078989361699  2.077548404255320 
 2.140602155172408  0.399446644482758  3.181522413793120  2.124994396551729 
 1.505439062500004  0.038019391968749  2.502058437499993  1.421237374999998 
 1.382506855895197  0.395275594759825  3.871867685589536  2.529740611353704 
 1.861276000000004  1.135891872000005  4.639567999999999  3.361358399999999 
 2.116344578313254  1.684074819277104  4.060756626506034  4.457719277108415 
 2.405886857142857  1.623316914285714  2.687570285714287  2.314134285714286 
 0.803393746887967  0.238162563900415  3.111252282157665  2.841016182572635 
 1.674528691983121  0.295980118396625  1.346205063291140  1.554316962025321 
 1.827891845493560  0.232763861630902  1.962563862660945  3.481302145922752 
-0.008414716788856  0.075011223595308  0.994885307917892  1.040513115835779 
 0.710318649122809  0.151428376947368  1.185252596491225  1.160916719298244 
 1.153337746031747  0.774233555555555  1.475710825396820  2.237866666666661 
 0.972371236363634  0.235827183272727  0.697784122181816  1.967924363636362 
 2.315069934640523  2.069775816993465  3.034023529411765  3.554808496732015 
 1.540652491694351  0.104479069568107  1.404958538205980  2.544755481727589 
-0.200908754799017  0.070694640549631  0.583217133716161  0.889938326497133 
 1.376155879265093  0.511513259842521  2.793924671916011  2.384329396325462 
 1.042974386422976  0.550070783289817  1.923787728459535  1.569969007832897 
 1.039844053719010  1.280632603305785  2.433414049586780  2.393168181818185 
 1.837589538461539  0.542617293538459  2.241859384615377  2.077666769230768 
 0.642935907153731  0.077507605433790  2.165764079147641  1.534882343987823 
-0.541837975567189  0.073390913120690  0.510831728010475  0.546076633507853 
 1.717290497237568  0.805123038674034  2.000005524861880  1.047019103314919 
 1.471349181286550  1.876409356725143  2.222019298245616  3.150464327485381 
 1.249854358974359  1.638550641025640  2.998004487179488  3.794110256410253 
-0.195872182329317  0.065981731839358  0.899951807228914  0.611507175100399 
-0.262170519311065  0.067237982682672  0.520492435281837  0.449672691231733 
 1.077238773584908  0.372178067924528  1.151809009433960  3.218941037735850 
 1.054765545851531  0.425032244541485  2.106679694323145  2.501453711790393 
 1.063014022140221  0.715540110701107  2.599279704797050  3.201587084870850 
 1.638065158730159  2.194789682539684  3.201214285714286  2.253482539682540 
 1.869913011152417  0.794186171003718  2.766221189591082  3.414866914498140 
 2.545647517730496  1.044612843971632  3.249782978723405  3.902713475177308 
 2.525346456692915  1.584190000000001  1.960332283464567  3.452396062992125 
 1.714281290322581  1.970447580645163  1.887607338709677  1.848544516129033 
 0.418733961460446  0.081834008843813  0.990604462474645  2.020460446247468 
 1.609044333333334 -0.013532003000000  2.711371666666667  2.870742666666666 
 2.608451282051282  1.517965641025640  3.343582051282052  1.357961538461538 
 1.340792770270271  1.075797027027027  1.703144594594594  3.682308108108112 
