 0.143799077952720  0.080872741409457  1.312926745406719  0.646473312336190 
 0.153254701960784  0.078415405233779  0.641579824736014  1.322394901960683 
 0.683532247386640  0.093633286428577  1.533391637630563  2.221656794425034 
 1.643838995633153  1.180528384279485  2.724955021834135  1.599829825327215 
 0.254142562758605  0.084221421494252  1.130628793103485  1.486841609195401 
 1.198136309236933  0.207076407228928  3.428293574297218  1.778422088353525 
 0.909818602150557  0.121722441218641  1.460010681003565  1.642051971326152 
 0.417240179968715  0.098462298162749  1.836507824726194  1.055598748043815 
 0.768804587096836  0.257010214838717  2.618511935483697  1.016759241935350 
 2.648326900584737  0.755526830409349  2.427574853801195  2.830329824561374 
 0.542925098894905  0.150027209599638  2.052639311594160  2.109532427536204 
 2.069476146788941  1.458928899082580  2.154934403669703  4.616288990825627 
 1.848897424242468  1.266574545454567  0.983304144696893  3.168709090909247 
 1.538376766467044  0.387611838323376  3.515711377245595  3.770402994011937 
 2.188206382978686  2.112366666666676  3.986663829787244  2.756958865248185 
 1.202355507329839  1.430796701570689  3.608392146596899  3.189278010471227 
 0.933964397394134  0.073703362214984  1.858502605863207  0.741361714006516 
 1.748810389610385  0.977946201298705  2.139731493506489  2.824271428571438 
 1.172531734234228 -0.053503651126125  2.000224999999981  1.969074549549600 
 2.251638235294118  1.211730441176466  1.409338433823526  2.046282352941170 
 0.806012744548299  0.075428389096574  1.958357320872249  2.963399999999980 
 0.912150319767432  0.596607005813940  2.627441279069767  1.798971802325580 
 1.812080999999994  1.193469214285708  4.258928571428577  1.826139000000013 
 0.154093695944378  0.078279426848204  1.422893511008121  1.131875955967555 
 2.472089285714296  0.955890504761909  3.766916666666684  2.918301785714292 
 1.143403071428559  0.291064867142853  2.368382857142853  4.124021428571459 
 0.370853905344419  0.108734295643706  1.589679334916860  1.639696318289774 
 1.624647000000007  1.155211448275863  3.294851379310325  2.484489310344836 
 0.820012299492382  0.059341141802029  2.660412944162431  2.392947461928932 
 2.156159907834094  0.406103195944700  3.159479262672827  2.099547926267287 
 1.577369642857146  0.105171007964285  2.501022499999991  1.424739321428568 
 1.466454639175256  0.446808944329896  3.985494845360844  2.535595876288651 
 1.855345161290326  1.161668580645166  4.646160483870966  3.382578225806451 
 2.119145238095238  1.669894166666663  4.039913095238105  4.471955952380934 
 2.440282035928144  1.675678862275448  2.715013772455090  2.387908383233533 
 0.878839469072166  0.401486762886598  3.324673711340191  2.837674226804152 
 1.672658371040723  0.291237873574661  1.325347375565612  1.508021357466069 
 1.890874879227051  0.261256402222223  1.969298937198069  3.538821256038655 
-0.013667165324385  0.074380288354959  0.984391968680093  1.032320104399703 
 0.676149058380417  0.138352170357815  1.165786704331447  1.106749491525423 
 1.173431324041812  0.790469825783972  1.455611010452956  2.218240069686405 
 0.972028809523807  0.241249723809523  0.701243276190475  1.841709920634919 
 2.218246979865772  2.129030872483223  3.036647651006712  3.662788590604016 
 1.554034615384614  0.131884919000000  1.378567499999999  2.498319615384632 
-0.205273859778913  0.069751853001700  0.574229903061225  0.889595629251705 
 1.419492785145890  0.534770490716182  2.740341379310347  2.312555437665784 
 1.062488157181573  0.562423758807588  1.903750677506780  1.539175121951218 
 1.025347567226893  1.272053193277311  2.448757983193279  2.443497478991600 
 1.865706115107914  0.481323623741005  2.127761510791358  2.101523381294960 
 0.628519818481850  0.098377652095710  2.104701320132015  1.513839438943895 
-0.543348649602824  0.073156187410689  0.510248570432484  0.545000451897616 
 1.744264575163397  0.828738823529413  2.048100000000002  0.983373710457518 
 1.468001939393939  1.914417575757572  2.318045454545457  3.138838787878789 
 1.181918205128205  1.456127179487178  2.947467948717953  3.897814102564101 
-0.198289351089588  0.067147511977401  0.890752413236479  0.614250365617431 
-0.263573970281544  0.067117237966632  0.521940274244005  0.448211895933263 
 1.150350544554456  0.386560138613862  1.216510891089107  3.298681188118813 
 1.057195690476192  0.464885571428572  2.043139285714284  2.457839047619050 
 1.044950359477124  0.578870203267974  2.563456862745101  3.175611764705883 
 1.629977063492064  2.192263492063493  3.215376984126985  2.230903968253967 
 1.864813138686132  0.765135167883212  2.770289416058399  3.414647810218979 
 2.539534666666666  1.071516473333334  3.206508666666668  3.895830000000003 
 2.532472440944883  1.593309685039371  1.990890551181103  3.440959055118109 
 1.684476949152543  1.992006779661018  1.866739067796609  1.856520508474577 
 0.386632615079365  0.089510939067460  0.976742599206349  1.965895634920639 
 1.596416603053436  0.010214784732824  2.960771755725189  2.880652290076333 
 2.606079487179486  1.530373205128204  3.333300000000000  1.367544102564103 
 1.330660588235295  1.145766274509803  1.727664705882353  3.638081045751637 
 0.797916046762590 -0.097645092805755  2.667324820143888  1.711067985611510 
 1.422563880597015  0.791921112089552  3.354253731343284  1.048214626865671 
 0.816740073770492  0.131335467622951  1.062248926229510  2.606420491803279 
 1.494512204724410 -0.069050972440945  2.151131496062990  2.679353937007875 
