-0.006974775236415  0.074027230864068  0.925123533037801  0.941178995862937 
-0.352027788169580  0.069974776842253  0.580750195445423  0.580721120939543 
 0.958159910852646  0.222351102296516  1.148305352325524  2.397635658914700 
 1.667267350993366  0.835070230165568  2.824942218543075  1.314212065728365 
 0.345248015974140  0.092095843190212  1.067307675438612  1.600069575253925 
 1.579090358680052  0.620416483099001  3.774765710186522  2.255026241033040 
 1.186012248459965  0.299733385944561  1.473049845995886  1.385524876796700 
 0.338290548298072  0.086195451748849  1.569352902483912  1.020709008371662 
 1.035828608460861  0.113130147803782  2.817421692169173  2.170624752475204 
 2.255147099447493  0.664263377154694  2.684579972375695  2.874086325966844 
 0.606570615606839  0.116291863956950  1.857231016597495  1.900911929460574 
 2.268215468409575  1.558807102396519  2.708225555555550  4.077393899782129 
 1.594577152103567  0.707777347411007  1.588660296116488  3.553953883495173 
 1.295561225033284  0.397417282556596  2.969080292942755  3.484432756324896 
 2.210333864118889  1.849495244161360  3.415018895966035  2.206162484076426 
 1.929081340425533  1.320660031914896  4.147621489361705  3.474727872340436 
 0.824317601716736  0.189654431527897  2.393923519313313  1.237802462660941 
 1.384582484888058  1.719526026119404  2.765460634328360  3.172698507462687 
 1.590429637526647  0.221740614968018  1.995809904051165  2.102092110874218 
 1.937531983967938  1.444556052104206  1.623993168537075  2.269869458917836 
 0.960641071701720  0.206686788680689  2.036809369024852  2.812315296367106 
 1.187571838794233  0.997404692005240  2.507725950196597  2.323963171690694 
