 0.055470771801777  0.076603803040546  1.174443882882809  0.698511796396557 
-0.119219883369487  0.070081279608818  0.591367790889355  0.957252017353533 
 0.614843884518795  0.127025392777106  1.493506796589452  2.209159805115669 
 1.730951076923046  1.253759153846163  2.739406923076985  1.254550838461279 
 0.334790051930740  0.083837090173101  0.836566379494046  1.748065379494012 
 1.253594490963844  0.498975935301214  3.391818975903636  1.527785418674781 
 1.043877398374000  0.050681526341466  1.647059528455264  1.596577999999985 
 0.206100928530269  0.078657258860708  1.499481268011562  1.065367598463013 
 0.756932004246324  0.206226183864123  2.597463481953178  1.174300288747258 
 2.442811428571396  1.238387142857139  2.159740357142873  3.005795714285695 
 0.623128985512352  0.122271589162544  2.105609658421641  1.926082803297979 
 2.212997452229265  1.410022382165613  2.157267707006354  4.387801273885306 
 1.654918018433204  1.199313594470060  1.167678815668156  3.422752534562308 
 1.760113921568615  0.471294571895437  3.214621895424880  3.688807189542463 
 2.032495159574441  2.159642021276603  3.878247872340433  2.591293617021244 
 1.158645549999999  1.406469961240317  3.457901162790727  3.423424806201571 
 0.710295760722346  0.114905979887133  1.836415124153510  0.688547530925508 
 1.416651126373621  1.184994120879123  2.250036538461536  3.078000274725274 
 1.352908058823522 -0.041506543450979  1.940998039215669  2.251366470588275 
 1.920909090909090  1.573554136363633  1.579541018636360  1.990137409090906 
 0.822764104234534  0.138434958403909  2.122138273615622  2.724620358306181 
 1.037367633517492  0.705717771639034  2.569127624309390  2.133602578268872 
 1.982392041884812  1.124600209424081  4.159634554973826  1.882013403141370 
 0.056031559045725  0.078127845719019  0.981739105367793  1.185003889993377 
 2.564485020242923  1.083086113360327  3.264843319838069  3.247074493927127 
 1.121348878923760  0.635022255156948  2.308083856502238  4.083073542600913 
 0.346286888888890  0.100916427940628  1.415416793893126  1.600311365564028 
 1.589359889807169  1.158215426997248  3.250427272727259  2.501624793388437 
 0.942637450094159  0.002003153182673  2.776795480225986  1.996259322033903 
 2.245832824427473  0.401510020305343  3.173553435114516  2.147356870229013 
 1.635045454545458  0.235260514876032  2.343428374655643  1.292536968870521 
 1.260232926573426  0.354552647202797  3.788032167832179  2.585734615384609 
 1.901791000000003  1.156282178947371  4.505688947368418  3.256854210526314 
 2.282260305343512  1.522848251908395  3.809843511450386  4.427541221374033 
 2.542453409090908  1.860344886363636  2.842369886363634  2.133727613636360 
 0.936227563186813  0.426934497802198  2.812381593406588  3.097281318681329 
 1.958975423728811  0.443798117203391  1.338860919491526  1.749016949152544 
 1.854839353099729  0.297133258113208  2.081994609164420  3.331256064690030 
-0.238108094866797  0.068380928044184  0.805851851851857  0.591223895906436 
 0.756262647554807  0.154087380708263  1.114338431703203  1.177230455311973 
 1.218035823045269  0.676642057613169  1.630430905349792  2.394707407407402 
 1.017201829573935  0.185710208270676  0.861655181954886  2.107314536340849 
 1.929260651162792  2.106120465116279  2.824772558139534  3.646750232558133 
 1.120181537275064  0.198598259125964  1.308043804627250  3.063712339331625 
-0.450013212500000  0.070740663714617  0.480956074055555  0.521127804111113 
 1.507881137566139  0.058692969841270  2.859070634920636  2.753510582010580 
 1.099046107055962  0.652813673965937  1.872448661800487  1.521231824817517 
 1.275863074766355  1.884074766355140  2.552587850467289  2.469482710280374 
 1.790199092970522  0.596778888888889  2.395159863945577  2.299812018140590 
 0.503878304737516  0.109688624860435  1.932337003841230  1.327486248399488 
