 0.023242222309675  0.077889825748040  1.187251601049764  0.625867183727266 
 0.170341916808149  0.077883231697786  0.671650994906582  1.391156706281719 
 0.766730076335747 -0.011476391393123  1.594207442747981  2.177031106870168 
 1.759890186915850  1.061601588785057  2.696324766355218  1.851900467289403 
 0.243678015460106  0.089749182331287  1.141221411042984  1.485109693251535 
 1.196066256410236  0.099766993333349  3.453673846153883  1.862726153846296 
 0.779118387755123  0.067156997265310  1.250193346938759  1.438818775510188 
 0.363448907090486  0.089092379144247  1.732909290953641  0.693804738875299 
 0.645374698507519  0.196474073731350  2.530484776119243  1.237191104477486 
 2.671214743589680  0.789679435897428  2.455840384615413  2.857905769230737 
 0.544264647134913  0.158457738963031  2.086675600739330  1.833091497227332 
 2.097986153846069  1.487720615384633  1.675330615384579  4.470799999999898 
 1.932925500000058  1.153019800000029  0.926473270999898  3.238085000000205 
 1.461148809523779  0.199459920634950  3.472800793650907  3.788819841269789 
 2.533396385542106  2.228726506024114  3.926512048192786  2.365725301204745 
 1.542688248175176  1.043155620437969  3.874944525547504  3.504901459854043 
 1.067914243902434 -0.026305725365854  1.881741463414657  0.889208214634148 
 1.847204721030036  1.120242961373397  2.242904291845488  2.833140343347651 
 1.070753120728922  0.003601791799546  1.881937585421396  1.683238268792759 
 2.307695312500000  1.202792343749995  1.444453648437496  2.028298437499994 
 0.995212429149814 -0.030798791497974  1.941291902833975  3.077440080971630 
 0.809173621359207  0.704156747572794  2.827847087378637  1.814348058252424 
 1.992859894736835  1.064170526315781  4.430600000000003  1.857221684210544 
 0.213835575415281  0.081890967446290  1.463267331118504  1.139392823920264 
 2.515964539007105  0.965316204255324  3.722471631205694  2.928414893617029 
 1.117586074074062  0.276652099259255  2.274476296296292  4.023105925925955 
 0.369538013422819  0.109041603801343  1.560117718120799  1.710550201342270 
 1.716969294605817  1.124550871369295  3.280448962655579  2.587928215767648 
 0.791056526315785  0.010945070676690  2.793593984962394  2.406648496240605 
 2.167742051282044  0.420200083179487  3.177625128205146  2.105203589743597 
 1.728410191082807 -0.082882210828027  2.483799999999982  1.471671847133752 
 1.537557116564416  0.452805786503067  3.999536196319041  2.517812269938640 
 1.901020454545461  1.070087204545461  4.777752272727266  3.328214772727272 
 2.247515384615386  1.711618205128202  4.224844871794881  4.208383333333317 
 2.491895348837210  1.694488139534884  2.733424806201553  2.366155038759688 
 0.908455982857144  0.463679253142857  3.421039428571415  2.816372571428604 
 1.653537914691942  0.314296678009479  1.301748672985783  1.537176682464461 
 2.109527049180324  0.259065707049181  1.884844098360658  3.696770491803281 
-0.013665765731814  0.074579842852760  1.048549903593343  1.073484014022790 
 0.540027048780492  0.118879351024391  1.034098707317067  0.883376634146342 
 1.399289551282052  1.188980448717948  1.412761666666659  2.487564102564090 
 0.982595742574254  0.200793368316831  0.599732295049503  1.888891584158413 
 2.399747727272727  1.985850757575759  3.068898484848485  3.511437878787864 
 1.596069915254236  0.057175747881356  1.329344152542370  2.502984745762732 
-0.091858100211643  0.070265874073016  0.626666315132275  0.971508835978843 
 1.422488681948425  0.526655564469916  2.747989684813756  2.365565616045849 
 1.150838021582732  0.810997158273381  2.032040287769787  1.957661151079131 
 1.018852288288291  1.240140000000000  2.498514414414417  2.597805405405406 
 1.935645493562232  0.421342666952787  2.098255793991407  2.190922746781111 
 0.471307824120605  0.067775809155779  1.912107202680069  1.262389413735343 
-0.557451193058569  0.089122910737528  0.526308475054236  0.471623011930586 
 1.774789221556885  0.764691137724552  1.985452694610782  1.133986467065869 
 1.472295434782607  1.920096376811589  2.257842028985511  3.107041304347828 
 1.288006306818182  1.250822102272725  3.069111363636365  3.561082954545452 
-0.269518519654842  0.072166317257910  0.847748619367208  0.722204391179288 
-0.208407014084507  0.060716597042253  0.674393956466070  0.414783708322663 
 1.168967324840766  0.371092076433121  1.127066114649679  3.351259872611467 
 1.146890695652175  0.495883347826086  1.810613623188404  2.587095362318844 
 0.945565272388059  0.419480439925374  2.640087686567168  3.119055597014925 
 1.661499999999999  2.163253913043480  3.117727826086957  2.262857391304349 
 1.891283928571429  0.674268866071429  2.799953125000006  3.406809821428574 
 2.545738028169013  1.054978880281690  3.128321126760563  3.888126760563382 
 2.510760714285715  1.641854821428572  1.974767857142857  3.418902678571428 
 1.757654672897197  2.062514953271030  1.921957102803737  1.823877757009347 
 0.410968435483871  0.090682187479839  0.992019213709677  2.007651612903230 
 1.634442957746480 -0.044484283568075  3.018204225352114  2.857909389671358 
 2.637345454545454  1.402081818181817  3.258704545454545  1.353038787878788 
 1.337698607594937  1.110526518987341  1.759002531645570  3.548528481012663 
 0.827197384615384 -0.157771409961539  2.599096923076928  1.750611153846153 
 1.386449523809525  0.455912617380952  3.248148809523810  1.214728744047619 
 0.768879677165354  0.211905274409449  1.151243779527560  2.645207874015748 
 1.392011041666668 -0.080425652986111  2.181718749999997  2.348068402777777 
-0.328641114118896  0.053944416163811  0.423918699893843  0.689239373673036 
 0.990828511235956  0.445545263202247  1.392222106741576  1.947686797752813 
 0.953509297938144  1.659950515463918  3.458044329896906  2.925302061855668 
 1.714381089108912  1.931761386138614  4.099349504950492  2.933194059405943 
 2.235083333333332  1.464620952380952  3.023571428571431  5.114966666666667 
 0.869301364985162  0.456976928783383  1.703067655786352  1.282658931750741 
 0.491385695966667  0.197607412000000  1.936167333333335  2.480908999999998 
 1.590442692307693  0.369493881923077  2.217353461538464  3.095189999999999 
 1.236821523178808  0.375731710033113  2.440741059602649  1.669021854304638 
 1.370797089552239  1.203131417910449  3.697743283582089  1.794871716417910 
 0.905586757493188  0.264382901117166  2.290566212534062  2.292760762942780 
 1.557003434343435  1.407649797979797  2.819453535353534  1.023451292929292 
 1.535555500000000  2.316359999999999  2.839608750000000  3.930539999999999 
 1.046849629629630  0.397038285185185  2.512280740740741  0.649122664444444 
 1.407328190476190  1.135241809523809  2.591950476190476  4.293807619047620 
