-0.091552318715712  0.073156898566414  0.985743007683821  0.672255815038516 
-0.380377660823691  0.069653840218961  0.537719734275010  0.577024143022443 
 1.007466064156112  0.229164607071136  1.027396565690294  2.362989958158950 
 1.704524204793012  1.021043575163403  2.716420915032713  1.311754408932315 
 0.376639830704890  0.097321990310632  1.064800145161310  1.652190442054957 
 1.174509254637433  0.300668602613834  3.253275548060722  1.693185210792628 
 1.190269610538379  0.295742040446738  1.447508934707893  1.414207445589906 
 0.268432068542341  0.086315041165057  1.425922331189727  0.971703258306537 
 0.812734469603541  0.132806145603526  2.371130837004359  1.805501585903045 
 2.124812956810613  0.905566398671093  2.266444518272436  2.949666112956804 
 0.668535575697480  0.114107806472571  1.718891222570509  2.183854310344822 
 2.270291605839398  1.843003467153292  2.446142153284664  4.099764233576613 
 1.606613191489374  0.992975771276603  1.263382374999974  3.315735372340477 
 1.283955803212839  0.359103107228923  3.361393373493999  3.258913855421674 
 2.184319383378010  2.046072922252013  3.130834316353889  2.355289705093822 
 1.777968614864864  1.480461635135138  4.303627027027046  3.549386148648665 
 0.874661166456493  0.179284210163935  2.270457881462809  0.961940233543504 
 1.249296588888886  1.666301576227393  2.697782170542639  3.355577519379844 
 1.655496179183128  0.174759302292491  1.977668761528318  2.064077075098835 
 2.006867434210529  1.497169671052630  1.584050661513155  1.997756348684208 
 1.118454460526316  0.185401911447369  1.859075618421047  2.997894605263150 
 1.119663289085544  0.912379026548670  2.178523598820062  2.262788790560472 
 1.934677708333331  1.090816094940475  4.182463095238096  2.121199404761908 
 0.014266727376971  0.073381501585762  0.793663065838511  1.129434352603921 
 2.381456130790187  1.085225705722072  3.345826430517718  3.628960217983653 
 1.483482522321428  0.502717086294642  2.369129866071424  3.939187723214287 
 0.460089542712552  0.097381058116059  1.752274966261806  1.479014372469631 
 1.380129966403163  1.125402213438734  3.245885770750987  2.507612648221345 
 1.025106592120510  0.171913007137891  2.667939745075317  2.591407415990727 
 2.141053421633553  0.421782392538631  3.053933112582785  2.376318322295805 
