 0.002711501208112  0.076934909673260  1.115700076880793  0.713724327841942 
-0.359100652630025  0.069650044103518  0.571374908185572  0.586447492966886 
 0.944922972588763  0.203202951340106  1.148277256446640  2.370183248730933 
 1.679234148397965  0.795211312006750  2.840866273187212  1.320446353625518 
 0.381010329116564  0.094838919226345  1.120140609513869  1.648779508625197 
 1.522432352071004  0.518058557130182  3.582877366863919  2.303275887574006 
 1.188900890774131  0.294501345291625  1.480085790031805  1.370838038176020 
 0.365541148059705  0.086833568448755  1.596349203980113  1.091798468756217 
 0.971656846371365  0.104034900103677  2.729066729500425  2.128691517436338 
 2.151581341107850  0.680378770116615  2.468917492711379  2.726646355685125 
 0.612469467608688  0.119955477485507  1.870728483834989  1.924794147157182 
 2.258465588235279  1.786176529411770  2.511245735294112  4.044774705882338 
 1.619793546391763  0.861338783505161  1.365784026804104  3.289797113402100 
 1.243764188976370  0.306393070236226  3.082680629921278  3.226881259842512 
 2.190143566265053  1.942128506024098  2.993957108433739  2.358051469879508 
 1.802464724637681  1.443249055072466  4.246090434782622  3.552271884057987 
 0.822939082266909  0.194386715749543  2.399040402193794  1.209190181901277 
 1.290612066601177  1.579958860510808  2.857246168958743  3.234572495088407 
 1.550804017857136  0.206472366897322  1.980609029017850  2.073923772321445 
 1.902123112244901  1.454331071428570  1.576555053826529  2.108161632653061 
 0.996210603061225  0.199426608938776  2.007873673469381  2.864917142857139 
 1.128289831654677  0.994348187050356  2.444981870503605  2.267588201438852 
 1.942964948805460  1.400709965870305  4.125773378839589  1.979173003412971 
 0.024809366963095  0.074704152391730  0.810384385860382  1.129968981769679 
 2.440023035230349  0.917508646883469  3.371475880758808  3.420567750677511 
 1.521763698630137  0.547640439863013  2.312060684931507  3.962123972602741 
