 0.023923253944903  0.074461240642214  1.235362568807191  0.592441616514084 
 0.273580171830985  0.085972748535199  0.684166887323879  1.635897183098406 
 0.847906042295865 -0.031688033716002  1.754106948640306  2.238799697885104 
 1.767541717791360  1.051244539877314  2.735971165644275  1.834156441717377 
 0.158564591798086  0.075843903012617  1.208258801261882  1.339545268138805 
 1.157989999999966  0.152342468253992  3.557813492063550  1.856374603174822 
 0.613342141057957  0.144896584357688  1.077151057934485  1.400884130982347 
 0.404988289377322  0.097343070769219  1.774163369963512  0.625196257142847 
 0.641641995260753  0.170668521800959  2.802403317535294  1.403539857819704 
 2.779158878504578  0.902232028037371  2.423784112149575  3.072343925233598 
 0.562580088888850  0.072086047404040  2.269545117845044  2.022985521885473 
 2.172041666666552  1.653328541666690  1.618064999999951  4.520562499999860 
 2.211828378378456  0.910035810810850  1.125256824324186  3.284078378378654 
 1.649949240506280  0.262330481012705  3.759270886076131  3.776949367088521 
 2.696666176470512  2.183169117647080  3.904308823529431  2.511901470588144 
 1.406151619047611  1.093893333333351  4.074259047619122  3.422442857142895 
 1.182960072463759  0.088983950724638  1.844602173913076  0.768123398550727 
 1.872931770833325  1.058288645833342  2.363686458333329  2.897334895833345 
 0.968045818713442 -0.008332516081869  2.020582748537992  1.638388011695962 
 2.514891803278688  1.374958524590156  1.412850311475400  1.775909508196714 
 0.931893222222246 -0.073490073333332  1.933952222222175  3.030057222222180 
 0.786694926174475  0.752888053691244  2.818271812080531  1.789370469798653 
 1.850501304347813  1.238688985507235  4.545546376811598  2.102773913043503 
 0.173155931199997  0.081061460454399  1.474347520000014  1.029227712000002 
 2.441133636363653  1.106174909090916  3.792226363636391  3.046290000000012 
 1.117186979166650  0.370309139583327  2.040419791666659  4.104027083333373 
 0.329641391224863  0.091064903513712  1.587531444241306  1.508144606946969 
 1.778572258064530  1.275744838709677  3.152432258064477  2.627294838709695 
 0.687665948186524  0.186624119170982  2.869933160621738  2.342981865284971 
 2.063308333333319  0.073983079374999  3.173182291666703  1.935054166666682 
 1.726899206349212 -0.031479061904764  2.388542857142838  1.385223730158723 
 1.536073529411762  0.160698555294116  4.076243529411799  2.519310588235274 
 1.940154385964922  1.070130596491239  4.896861403508761  3.358035087719298 
 2.427912500000002  1.981804999999994  4.467892500000021  3.997302499999968 
 2.427319130434783  1.781693913043479  2.806511304347828  2.438092173913042 
 0.779949971428573  0.328678208571429  3.545942857142835  2.882942857142911 
 1.813737894736837  0.188385494315791  1.345324421052632  1.283461684210542 
 2.204918309859145  0.201664398028171  1.828533521126765  3.869283098591551 
-0.042444822334294  0.074028919286743  1.125613314121046  0.976234971181563 
 0.312097813106800  0.083152683737864  0.885807864077665  0.982157548543688 
 1.457804173913046  1.403293217391306  1.680265391304337  2.746919130434768 
 0.420613392086329  0.099578831294964  1.019140251798558  2.129525179856111 
 2.573632926829271  2.145312195121953  3.072952439024387  3.604591463414610 
 1.562502097902096 -0.007695292307692  1.180203286713282  2.608197902097937 
-0.001400859402465  0.073115674077328  0.850956291739891  1.259803339191581 
 1.400755774647888  0.478542093896716  2.956933333333334  2.239958685446015 
 1.261744671052631  0.975357631578946  2.107123026315796  1.920910526315780 
 1.053861156069369  1.077710809248554  2.678779190751448  2.521271676300576 
 2.303198245614035  0.327600649122801  1.977971929824540  2.449523684210512 
 0.339165913580251  0.076924388765433  1.920070061728398  1.127420432098764 
-0.580031697341513  0.164158985869122  0.420708121267904  0.521625439672799 
 1.847997826086954  0.659692826086958  2.146160869565220  1.234316811594204 
 1.600146808510635  2.058268085106372  2.401188297872348  3.122007446808514 
 1.060809357798164  1.131371926605502  3.187172477064223  3.618644036697241 
-0.200403821106821  0.068922685893180  0.807259601029598  0.913607310167307 
-0.007452968389662  0.075839922047713  0.770661033797221  0.625263713717694 
 1.051463800000006  0.381738020000000  0.903046079999995  3.340265000000007 
 1.223840820512824  0.663741743589743  1.659952307692301  2.747542564102567 
 0.768270282894735  0.437013539473685  2.365963815789486  3.153002631578947 
 1.772664938271604  2.108153086419756  3.665488888888888  2.004654320987654 
 1.758679591836735  0.810237755102042  2.521576870748305  3.587201360544219 
 2.732295121951219  1.099289036585366  3.356300000000001  3.903420731707317 
 2.476994366197183  1.851302816901410  1.849681690140844  3.152425352112672 
 2.015719999999999  2.321266000000003  1.990075999999997  1.862170000000001 
 0.299989518279570  0.112392844924731  1.224028602150535  1.723805591397859 
 1.974825000000004  0.258946781428571  3.025227857142863  2.918602857142844 
 2.660749999999999  1.477725370370369  3.186670370370370  1.294182407407408 
 1.437027558139536  1.331016860465114  1.371157674418606  3.717545348837219 
 1.137108734177215 -0.207820127025317  2.751784810126592  1.717108860759490 
 1.428829281045752  0.450763606013071  3.159977777777777  1.283987450980391 
 0.737294566801619  0.122824833603238  1.289653441295548  2.618280971659921 
 1.612005442176877 -0.143701499319728  2.292252380952374  2.329106802721078 
-0.027647038329241  0.073500582039312  0.457434021621622  1.073622972972975 
 0.951462100840339  0.517627647058824  1.349461386554629  2.088228571428580 
 0.936219901219512  1.672708536585366  3.471018292682926  2.797052439024388 
 1.721153020833333  1.967600000000000  3.987004166666661  3.022738541666670 
 2.257386842105261  1.470654736842105  2.929673684210529  5.149955263157895 
 0.688414590909087  0.124810364863637  1.221995318181828  0.785736736363636 
 0.497835193054188  0.272500985221675  1.933891625615765  2.548807389162560 
 1.599840932642488  0.207217487046632  2.285654404145077  3.139627461139896 
 1.211933608247423  0.361567210996564  2.432632302405500  1.831328865979380 
 1.221444255319150  0.986664787234044  3.651488297872342  1.800790425531914 
 1.058687228464421  0.389275662921348  2.316040449438208  2.505333333333338 
 1.577486966292136  1.379172359550560  2.849717977528089  1.009894584269662 
 1.428026575342466  2.286949315068490  2.895321917808218  3.921458904109587 
 1.026059696969696  0.348989257575758  2.680607070707071  0.601796714141414 
 1.200694328358208  1.156040208955224  2.641832835820895  4.420125373134331 
 1.603446962025318  1.058307721518987  0.875005748101266  2.444540506329111 
 1.621520903954802  0.577062711864406  1.616153672316384  1.933242372881356 
 2.111052688172044  0.355970161290322  2.905810752688172  3.866003225806453 
-0.313031913279132  0.078920846626017  0.849363319783198  0.548035113821139 
-0.253265691123190  0.082592560887681  0.464771452898551  0.422887670652174 
 1.271032770270270 -0.205598399324324  2.921511486486484  2.720164864864867 
 0.975552827225132  0.579264240837696  2.213352879581155  1.238686335078536 
 0.965278474025975  0.396166941558441  1.595897077922077  1.490499772727272 
 0.873146466666668 -0.035097518433333  1.336982399999998  1.788393000000003 
 0.461824920993228  0.102650513544018  1.651728893905193  1.966367494356655 
 1.596387142857142  1.152657428571428  4.261020000000002  1.026532257142857 
 1.469471575757574  0.833730424242424  3.612433939393941  2.594138787878787 
 0.822038951612903  0.520490120967742  1.958955241935487  2.059552016129035 
 2.323302105263159  1.445696210526316  2.421781052631579  3.898447368421053 
 1.307270591133008  0.516735246305419  2.956427586206896  3.026575369458128 
 1.625460810810814  0.560271846846846  2.389282432432431  2.355188738738739 
 2.480140000000000  0.759303181818182  2.874577272727272  2.343310909090909 
 1.199573515625000  1.220625703125002  2.271421093750000  3.316130468750000 
 0.673246310432572  0.063511474900763  1.594100763358778  1.201378091603054 
 2.102150909090908  1.205026272727272  1.825020000000000  2.352108181818184 
 1.823239007092198  1.413656241134752  3.181634042553193  3.502019858156030 
 1.862758333333333  1.392254375000000  3.967675000000000  4.421481250000001 
 1.443560419580420  0.362031006993007  1.654804195804196  3.345753846153844 
-0.325054274234694  0.062543787844388  0.498021885204083  0.766224974489796 
 0.483962305684755  0.163197297932817  2.076024289405687  1.576440310077518 
 1.088263269230769  0.133395368269231  2.904026923076921  3.698712500000000 
 1.258723359374999  0.353810110156250  0.834631796875000  1.548469453125001 
 1.491837536231884  1.466358550724637  1.618815652173913  1.261360579710145 
 2.106753271028037  0.951419439252337  3.575944859813084  1.966474766355138 
 2.452609677419354  0.455819059677420  3.957645161290327  2.534348387096773 
 1.383072881355933 -0.033372149152542  1.682340677966101  1.927407909604519 
-0.509241003787879 -0.035990204154716  0.603679299242424  0.456500507575757 
 0.885334458598726  0.116204842038217  0.617164787261146  2.137464331210191 
 0.766467781250000  1.647470312500001  2.032340624999999  2.535596875000000 
 0.744832382978724  0.041238236595745  2.295618723404256  1.108857234042553 
 0.890064949494949 -0.107141299696970  2.422573232323237  2.322456060606058 
 1.440746565656566  1.965310101010101  2.669619191919190  2.167927272727272 
 1.334304951923076  0.189650146346154  1.807785096153847  2.494496634615385 
