-0.159493765865148  0.071111942077892  0.880537788813341  0.656795526293870 
-0.403911938274073  0.069789244497126  0.507826036476220  0.564312869916076 
 0.945764973228239  0.211734583732290  1.017131218267625  2.446202519684987 
 1.745232189349090  1.259166656804740  2.808474556213063  1.317322289053054 
 0.362780914879989  0.094040526871999  0.965721216000025  1.686658320000002 
 1.054989819897078  0.330766787049748  3.072380102915966  1.433994049742759 
 1.056612889647333  0.242299048976112  1.326303993174049  1.480966029579055 
 0.197508181802229  0.082668190891748  1.322873107080182  0.889041194850788 
 0.688097964341777  0.099050621926767  2.192922406277201  1.645653182214434 
 2.280442703862633  0.890661678111584  2.212770386266108  2.937208154506424 
 0.638869411929668  0.106150875763696  1.700924366312322  2.164765494685195 
 2.260507073954969  1.789770739549845  2.679400643086812  4.120147909967822 
 1.625843897763593  0.999477539936111  1.190711223642142  3.390464856230095 
 1.324086721311467  0.249716914936254  2.994471584699475  3.282804189435325 
 2.234179789789781  2.084135735735741  3.131948048048049  2.416578558558543 
 1.262982505337079  1.440234353932588  3.368305617977549  3.519477528089902 
 0.655729254375729  0.128495447194866  1.990675845974337  0.900822393465576 
 1.415928830845768  1.577515845771148  2.197147761194030  3.001641044776119 
 1.586589417177904  0.113712168926382  1.753023466257656  2.295552760736224 
 2.000071906354518  1.386710434782607  1.518040706020064  1.926012408026754 
 1.068360131168834  0.250372999220779  1.969876805194797  3.024724025974017 
 1.104462002861227  0.760159370529322  2.089546494992850  2.127897854077253 
 1.945230593749999  1.268894624999998  4.079984687500004  2.053838593750005 
 0.011182987193597  0.073923641530265  0.795336865332668  1.126021010505257 
 2.437535820895524  0.863994136417912  3.274027761194040  3.358096716417911 
 1.526272838196285  0.568627887692307  2.276966790450922  4.018132891246690 
 0.340687547167410  0.090837805596435  1.533638446849140  1.445382558879692 
 1.356681033149174  1.101425966850829  2.962201657458563  2.476343830570904 
 0.934700603243242  0.113733633913513  2.612158594594593  2.330953405405404 
 1.934379849340864  0.357720480451977  2.862765725047079  2.192100941619590 
 1.529577815884477  0.323290093790614  2.149969494584837  1.335698615523464 
 1.359543502525253  0.399669228282828  3.783047727272728  2.509548232323232 
 2.035304258555135  1.396292828897339  4.377670722433459  3.568066159695817 
