 0.026248492240675  0.076494657327796  1.106893982581094  0.712795015043687 
-0.116421292832045  0.069196976654249  0.609683945748404  0.974548791285970 
 0.624412192015012  0.121737479428883  1.534424999999937  2.190892349137893 
 1.723405925925896  1.259950740740750  2.755307037037097  1.272075399999748 
 0.345845822143681  0.087190993663132  0.896980804475888  1.767594346289758 
 1.258040758720919  0.463868989302334  3.371541569767463  1.517414531976823 
 1.027981417218554  0.275604542251658  1.701093642384087  1.589871337748332 
 0.190650443320619  0.079846512045799  1.493862500000033  0.988979713740455 
 0.728835669245683  0.237924735589946  2.575196518375144  1.242011297872260 
 2.102951945080071  1.011864851258579  2.264966132723124  2.823176659038893 
 0.612117583111552  0.086743358105425  2.112454350051150  1.818309518935502 
 2.462624747474718  1.467957676767683  2.255210101010087  3.986619696969665 
 1.769475219298268  1.226096859649136  1.197084618421010  3.454283333333425 
 1.756767333333319  0.443144057000013  3.210561666666713  3.681385999999978 
 2.024402885572113  2.170594029850752  3.848831343283589  2.611948756218875 
 1.177412774538744  1.333233468634693  3.466447232472353  3.438334686346883 
 0.607925870757181  0.096310559851175  1.906104308094001  0.940944420626633 
 1.162999137614674  1.371727859327221  2.194041284403664  2.920621406727826 
 1.398275971978976 -0.051644352994745  2.025088441330981  2.226088966725080 
 1.823725707547170  1.700588679245280  1.651293557075468  1.951047641509431 
 0.786937080123272  0.170949854329738  2.143657164869023  2.739090909090901 
 1.174651170212764  0.711334650455921  2.387099848024310  2.061605319148931 
 2.002476696832576  1.071133325791852  4.090176923076926  1.886090769230777 
 0.080554424407252  0.077733588905160  0.993559107391913  1.223903117154817 
 2.570042187500006  0.954045975390628  3.301124609375011  3.093516796875000 
 1.215640602409633  0.680891461445782  2.321740160642566  4.131114457831338 
 0.358747464584921  0.099157653032750  1.498688804265037  1.534776999238378 
 1.477844088305494  1.310037207637236  3.141304295942713  2.428994272076380 
 0.954705846689892  0.061082492926828  2.805671080139370  2.072580139372831 
 1.992170403587444  0.343374350044843  2.827132286995521  2.196936547085207 
 1.536143511450385  0.282472576743002  2.240924427480911  1.121822149363865 
 1.332826590778098  0.357956406628242  3.729991066282428  2.584983573487030 
 1.927256294416247  1.174214842639596  4.499107106598980  3.272856852791876 
 2.281743046357616  1.581510536423838  3.681414569536428  4.407362251655620 
 2.537344607843136  1.833645588235294  2.779226470588234  2.181788529411762 
 1.152876744186045  0.316263465474061  2.830725939177100  2.969166189624334 
 1.925839068100356  0.507553526164875  1.396035544802867  1.740865627240146 
 1.808249476439790  0.252908614554974  2.102460209424086  3.327969633507856 
-0.264630298717949  0.068748552538461  0.770966339743594  0.572289862307695 
 0.787681041322315  0.144307124198347  1.134200347107438  1.157505206611571 
 1.297692165354333  0.592480026181103  1.605341122047242  2.440367913385823 
 1.032292318501170  0.187387780327869  0.881316804683840  2.095473302107724 
 1.784536680161943  2.055096761133605  2.735216599190282  3.545341295546556 
 1.082516564643799  0.215367994459103  1.275875831134564  3.096432981530349 
-0.454017779686558  0.070770536953773  0.461521328089210  0.525978606389393 
