 0.004467254888024  0.077178363470785  1.117109104314541  0.714602693063996 
-0.359081077843428  0.069657197118554  0.571482794475621  0.586445874800574 
 0.966668084362070  0.218415662932103  1.129131869958787  2.388766975308610 
 1.685953559602637  0.805603615927157  2.857951655629166  1.333728936589292 
 0.382554617713691  0.095002641390318  1.123149132852745  1.647131256436664 
 1.481195585298194  0.485914694757286  3.573748404993075  2.403123300970915 
 1.194178756530831  0.301455502204809  1.488909477533952  1.371389404388701 
 0.371657603353061  0.087187183718933  1.609377958579895  1.089240957692306 
 0.986844332369959  0.087459040183046  2.742446050096291  2.213876396917104 
 2.148924927536211  0.673379628057968  2.462212463768123  2.749945507246371 
 0.618955584320036  0.117728744516112  1.871019115237559  1.925023375204797 
 2.163544300518121  1.621503678756482  2.536952979274607  4.153319170984446 
 1.602069982456150  0.726150041578952  1.549547514035070  3.533936666666696 
 1.326498076398358  0.393311176261942  2.896621418826753  3.527241746248289 
 2.223135085995078  1.942519484029487  2.987829975429979  2.362705061425051 
 1.800322827988338  1.468727504373180  4.251981924198263  3.526430903790104 
 0.839178717352414  0.199783689025045  2.438117352415036  1.244390437388192 
 1.309879777113400  1.653099835051548  2.827098969072164  3.202752164948452 
 1.563063545150496  0.211035379977704  1.990848595317718  2.068335005574152 
 1.878129168539329  1.430314112359548  1.544399463146067  2.239723348314606 
 0.975332721827410  0.210073643309645  1.994599492385781  2.848227817258879 
 1.131281514685316  0.988401958041954  2.486350069930076  2.273603496503499 
 1.915466838709677  1.362746129032257  4.091340645161288  1.965051580645162 
 0.024731625022222  0.074726326546222  0.810657277244444  1.129981351111114 
 2.466398882681561  0.943656650000000  3.398721229050280  3.394222067039110 
