 0.033660662907529  0.076118059931589  0.989810586050220  0.979305979155580 
-0.336080913747697  0.069562239748829  0.592896029786666  0.598842323729245 
 1.082249818181771  0.241133984638515  1.447780413027876  2.708539656406556 
 1.088133984604101  0.356166240872436  2.701788416422295  1.361904613416368 
 0.456994510410613  0.108080357270842  1.080578694151820  1.689269970966403 
 1.646130400537633  0.526901992043013  3.423232437275991  2.289529363799303 
 1.598099645075427  0.504242373345166  1.654375447204965  1.637959698314096 
 0.470893570567990  0.100710799527537  1.677876092943207  1.058927898536998 
 1.122838569521693  0.228947411329256  2.493658398220235  2.434405506117885 
 2.028299057437390  0.951823094639173  1.764424187039759  3.521129749631803 
 0.667585834007800  0.126303382022964  1.899357798960117  1.885662651646441 
 2.059205149253725  1.628543776119405  3.010527761194028  3.847330149253731 
 1.616139563241108  1.401009466403163  2.202559340019755  2.543526146245066 
 1.358354514036784  0.445635352081318  2.747738141335919  3.495700774443365 
 2.144777678018578  1.679555557275541  3.260971826625386  2.031245030959752 
 1.791399968630851  1.275980525129983  4.149881975736561  3.211177816291163 
