-0.106880884150958  0.072828858753642  0.968324884096993  0.673179393531092 
-0.383327639169865  0.069803552062541  0.532215385176135  0.574629498500152 
 1.008239913888795  0.229923509402784  1.030123802222140  2.364429027777732 
 1.702729088937077  1.020808071583519  2.713993492407843  1.311313977657120 
 0.377540504929998  0.096883874059646  1.057877415094360  1.654183749239196 
 1.175470476821189  0.298152066804642  3.242654801324516  1.683207731788126 
 1.189170968109345  0.294584562995446  1.452091856492017  1.415203416856478 
 0.263419071397969  0.085673789991429  1.411582522763809  0.956942201392607 
 0.797350742046448  0.139383944729150  2.365477214101416  1.778670851246738 
 2.119761348684193  0.903337832236839  2.268337335526326  2.950529605263151 
 0.669943277804302  0.112825349814330  1.722339599383643  2.178677272727267 
 2.270291605839398  1.843003467153292  2.446142153284664  4.099764233576613 
 1.606281226666679  0.993892906666674  1.261659127999974  3.315481066666718 
 1.284378179999988  0.358691874800007  3.358536400000023  3.258732199999987 
 2.184319383378010  2.046072922252013  3.130834316353889  2.355289705093822 
 1.777968614864864  1.480461635135138  4.303627027027046  3.549386148648665 
 0.869290251937983  0.177598153307494  2.250588242894065  0.947145523514210 
 1.255097241842102  1.673467394736845  2.702897631578951  3.363856578947367 
 1.648984093872222  0.174374231342896  1.978121629726197  2.067114471968730 
 1.999462175324678  1.493488928571427  1.585576302272725  1.995558214285712 
 1.118439713168188  0.187483425554107  1.866162411994780  3.000788917861791 
 1.117377142011832  0.913794630177512  2.186882396449707  2.279136834319526 
 1.934677708333331  1.090816094940475  4.182463095238096  2.121199404761908 
 0.015371660907336  0.073449123175193  0.793815138416989  1.132474049227803 
 2.381456130790187  1.085225705722072  3.345826430517718  3.628960217983653 
 1.484886479820627  0.502223508206277  2.370417892376677  3.941393049327355 
 0.447437130431895  0.097638576523588  1.728887441860463  1.469437607973419 
 1.379795390532545  1.124631143984220  3.246661538461538  2.506789940828404 
 1.017980696511628  0.161593157162790  2.671024651162789  2.576861395348834 
 2.139665638766519  0.421532805770925  3.054033039647580  2.376701982378854 
