 0.023011841460199  0.078200310586710  1.189706505866911  0.627111934811182 
 0.170341916808149  0.077883231697786  0.671650994906582  1.391156706281719 
 0.770089009523679 -0.010208861123803  1.590194476190366  2.173108761904701 
 1.733375124378069  1.118648159203990  2.706514925373218  1.720286567163841 
 0.246709159268277  0.091419298292682  1.139821134146381  1.485880365853660 
 1.222762657657640  0.166889116216230  3.429684684684718  1.763476576576701 
 0.798501027837281  0.045185423426129  1.247588222698055  1.437304047109191 
 0.356478958620710  0.084635242216085  1.729992183908136  0.715642202758615 
 0.775027563636433  0.279111406181826  2.664507636363444  1.034670963636211 
 2.677707843137190  0.789793607843129  2.457164052287611  2.859522222222190 
 0.550886478368099  0.168257166658444  2.071391650853847  1.855218595825400 
 1.984509677419296  1.459105268817217  1.860878709677394  4.455625806451541 
 1.930458333333390  1.158041960784343  0.930905853921469  3.248683333333534 
 1.530003622047215  0.256948850393730  3.568595275590663  3.781733858267665 
 2.519795294117587  2.226405882352958  3.943163529411779  2.365514117646986 
 1.357968418079092  1.152983728813569  3.695320338983094  3.312780790960475 
 1.064034734513270  0.026863851327434  1.975536725663738  0.797188442477878 
 1.847890163934419  1.123303237704923  2.252035655737700  2.815447950819683 
 1.083692603686629  0.001771715207375  1.892071198156664  1.679880414746592 
 2.317917054263567  1.209149069767437  1.456509821705422  2.032196899224800 
 0.994809640000016 -0.032376349999999  1.942945999999967  3.095319599999970 
 0.781768748717932  0.646846923076900  2.850868205128203  1.851651794871792 
 2.000241999999992  1.047338421052623  4.417088421052635  1.852543789473702 
 0.222271173950483  0.081515046254036  1.479036275565134  1.152267631862216 
 2.488997333333345  0.969517698666671  3.727273333333353  2.938621333333340 
 1.195389776119390  0.312378905970145  2.333091791044771  4.154058955223909 
 0.372639535809019  0.103283078822282  1.561606366047738  1.704007161803702 
 1.699774297188763  1.142352088353414  3.254174297188733  2.572912048192783 
 0.814312371929820 -0.010712707719300  2.790266666666656  2.388975789473686 
 2.166252475247518  0.418637012475247  3.162830693069324  2.102536138613868 
 1.724818987341777 -0.073005846835445  2.476606329113906  1.433371645569615 
 1.522619325842696  0.458549770786516  3.988552247191032  2.492004494382013 
 1.913802173913050  1.098463630434789  4.747527173913038  3.320522826086956 
 2.226321951219513  1.649535609756094  4.242285365853666  4.200268292682908 
 2.466694326241135  1.702417517730497  2.740239716312058  2.374655319148935 
 0.904821483333335  0.445184773888889  3.406252777777764  2.789759444444476 
 1.660569953051642  0.321435657089202  1.317163004694836  1.527855962441320 
 2.134642241379306  0.245721433275863  1.869248965517244  3.668765517241382 
-0.012696594168842  0.074467286940818  1.049817180156662  1.073820400348132 
 0.537173879518077  0.119451978120482  1.037562963855416  0.884771156626506 
 1.400255515151516  1.183991696969697  1.424809818181811  2.475960606060594 
 0.984353399014775  0.202706997044334  0.601047259113298  1.887807881773396 
 2.331908783783784  2.044618918918921  3.063755405405406  3.582721621621610 
 1.596375423728812  0.054344155084746  1.327628813559319  2.500558050847478 
-0.091858100211643  0.070265874073016  0.626666315132275  0.971508835978843 
 1.434691274238229  0.552436598337952  2.736243490304712  2.345693351800557 
 1.139830647482013  0.800366223021583  2.026856834532377  1.947598920863304 
 1.014341644067799  1.256616949152543  2.542004661016952  2.614580932203390 
 1.939450209205021  0.427583604184098  2.100889539748945  2.171192050209200 
 0.474447066783834  0.085914777328647  2.027665553602815  1.280870597539544 
-0.557451193058569  0.089122910737528  0.526308475054236  0.471623011930586 
 1.707512650602408  0.797533614457832  1.978445783132533  1.063523172891568 
 1.491454166666665  1.952055555555551  2.249972916666670  3.173746527777780 
 1.266482969696970  1.205306969696968  2.880503030303033  3.863074545454543 
-0.269187128352490  0.072150877298851  0.847757509578542  0.722193448275860 
-0.208407014084507  0.060716597042253  0.674393956466070  0.414783708322663 
 1.166570955414014  0.374571394904459  1.125918343949042  3.354357961783442 
 1.148987031700289  0.495958573487031  1.813347262247837  2.588141210374642 
 0.950238679856115  0.406509679496403  2.642571582733817  3.151336330935251 
 1.603916363636363  2.161668181818182  3.107461818181819  2.337491818181819 
 1.875045798319328  0.684382798319328  2.801696218487399  3.422828571428574 
 2.532396503496502  1.040973503496504  3.130241258741259  3.885937762237764 
 2.516456637168142  1.638503893805310  1.978744247787611  3.416951327433627 
 1.765559134615385  2.091727884615387  1.941602980769229  1.802015576923078 
 0.410006969818913  0.091164573420523  0.993220784708249  2.007881690140849 
 1.627539318181819 -0.040296874545455  3.023079545454546  2.849565454545451 
 2.583684415584416  1.421203896103895  3.201788311688312  1.316387532467532 
 1.322069074074074  1.087249691358024  1.768770370370371  3.564188888888895 
 0.779506970967742 -0.104365028032258  2.573751290322586  1.676488387096774 
 1.559967730496453  0.634326283829787  3.234885106382979  1.064077397163120 
 0.768879677165354  0.211905274409449  1.151243779527560  2.645207874015748 
 1.394661951219514 -0.081545798118467  2.179939024390241  2.343926829268291 
-0.328641114118896  0.053944416163811  0.423918699893843  0.689239373673036 
 0.992093249299721  0.453981996358544  1.388676946778714  1.941278711484598 
 1.094245510975610  2.039212195121952  3.175475609756098  3.582584146341464 
 1.625685963302753  1.915518348623854  4.045074311926604  2.948510091743121 
 2.072298275862068  1.589948620689655  3.012163793103450  4.952818965517242 
 0.817425525672371  0.379963530625917  1.686094376528119  1.277785476772615 
 0.496922886345515  0.192037450498339  1.934114617940201  2.488500996677739 
 1.589654545454546  0.363778508712121  2.219659848484850  3.096651136363635 
 1.231136906249999  0.387318623218750  2.460000312500000  1.653540625000001 
 1.320525081967213  1.364461803278689  3.709620491803280  1.848079180327868 
 0.908199972602740  0.266206945917808  2.292389589041098  2.301967397260274 
 1.115885970149254  1.380360149253731  2.706832835820895  1.155804447761194 
