-0.033498859609630  0.072390707721476  1.048705818318258  0.710486534534667 
-0.124795551657061  0.070011486800429  0.598859974639754  0.969458897694478 
 0.621398081399499  0.122246685801286  1.534814102564041  2.183550427350390 
 1.724192279411735  1.256307132352950  2.752223897058883  1.273701683823280 
 0.344657907925391  0.086828976247085  0.899549665501199  1.766208508158513 
 1.256145423188395  0.464455513971023  3.371193333333355  1.516060866666745 
 1.019201308900534  0.270789927879584  1.695693062827207  1.584204267015694 
 0.178222800652994  0.080115387895520  1.454493936567195  0.916425074626864 
 0.729224178160954  0.236220284099621  2.570276436781512  1.239690499999920 
 2.102951945080071  1.011864851258579  2.264966132723124  2.823176659038893 
 0.611632600304864  0.086216199053862  2.108062601625989  1.815848475609741 
 2.462624747474718  1.467957676767683  2.255210101010087  3.986619696969665 
 1.769475219298268  1.226096859649136  1.197084618421010  3.454283333333425 
 1.756767333333319  0.443144057000013  3.210561666666713  3.681385999999978 
 2.024402885572113  2.170594029850752  3.848831343283589  2.611948756218875 
 1.177412774538744  1.333233468634693  3.466447232472353  3.438334686346883 
 0.583032604086846  0.092719216916986  1.899821455938703  0.951880327203066 
 1.162999137614674  1.371727859327221  2.194041284403664  2.920621406727826 
 1.397733765323985 -0.051904983467600  2.024452889667233  2.226359019264485 
 1.823725707547170  1.700588679245280  1.651293557075468  1.951047641509431 
 0.786100512232421  0.169526057278288  2.141983944954122  2.736826758409778 
 1.176003610271901  0.709104365558907  2.381071601208453  2.056123564954677 
 2.002476696832576  1.071133325791852  4.090176923076926  1.886090769230777 
 0.083168472628726  0.078619572892954  0.989682466124664  1.216939085365858 
 2.570042187500006  0.954045975390628  3.301124609375011  3.093516796875000 
 1.215640602409633  0.680891461445782  2.321740160642566  4.131114457831338 
 0.343276827838828  0.097516972038096  1.498327692307689  1.508612673992666 
 1.476218273159149  1.308720000000005  3.139787648456049  2.428086935866991 
 0.953117770833330  0.061603959965277  2.804944097222219  2.072202430555564 
 1.992170403587444  0.343374350044843  2.827132286995521  2.196936547085207 
 1.527871428571432  0.273408006666666  2.236266917293228  1.115212217293231 
 1.332826590778098  0.357956406628242  3.729991066282428  2.584983573487030 
 1.927256294416247  1.174214842639596  4.499107106598980  3.272856852791876 
 2.281743046357616  1.581510536423838  3.681414569536428  4.407362251655620 
 2.537344607843136  1.833645588235294  2.779226470588234  2.181788529411762 
 1.152236642857141  0.316676673571429  2.830453392857141  2.968302678571433 
 1.925839068100356  0.507553526164875  1.396035544802867  1.740865627240146 
 1.808249476439790  0.252908614554974  2.102460209424086  3.327969633507856 
-0.277055722259136  0.068793238425249  0.723359249169439  0.543110324385384 
 0.783136926829269  0.146821156325203  1.135126536585366  1.153625869918700 
 1.297488644400788  0.592614760903733  1.606422377210214  2.440666011787816 
 1.030686620046619  0.187568205594405  0.882044348717948  2.096956876456872 
 1.784536680161943  2.055096761133605  2.735216599190282  3.545341295546556 
 1.079466897637795  0.214604270341207  1.274702992125984  3.094486614173234 
-0.474240149421375  0.070982395000892  0.450417994077604  0.530017641252554 
