 0.062189558266284  0.077367835428960  1.181611474530758  0.696431585344216 
-0.112945316250891  0.069760378103347  0.600156218674254  0.968474262295036 
 0.621002187853855  0.127666520573038  1.518669943820159  2.203015168539287 
 1.723766715867129  1.264689188191891  2.766357933579395  1.275294457564325 
 0.338906820451826  0.086581645208084  0.880563511296110  1.751965992865641 
 1.257103355491318  0.475998024046252  3.384141329479790  1.536641066474067 
 1.067444382716063  0.098151602623460  1.658877006172820  1.615720077160479 
 0.200783032589728  0.079720809004847  1.500559262851635  1.079176547041704 
 0.740083463675252  0.221906871794876  2.598996794871682  1.198585258546919 
 2.103317511520717  1.005811497695850  2.281863824884804  2.823773041474646 
 0.603074456570828  0.112610328510267  2.099320739219684  1.787328131416822 
 2.429255135135104  1.476927081081088  2.204951891891877  4.023284864864830 
 1.782058078602643  1.223588515283856  1.200714903930088  3.427681222707514 
 1.755478590163921  0.447332311475422  3.214775409836110  3.665383934426208 
 2.023991134020591  2.187343814432996  3.861109793814439  2.602931958762855 
 1.182571584230768  1.352921384615392  3.464758076923106  3.457473846153866 
 0.598643048941799  0.088144373473545  1.896124867724873  0.910241198677250 
 1.166356075235104  1.393632476489031  2.167706896551720  2.906459874608148 
 1.414619343629336 -0.028419899922779  1.962968339768321  2.249617953667991 
 1.861835265700483  1.699663285024152  1.659449440096614  1.967685942028982 
 0.784522925750400  0.156302201358610  2.115998894154808  2.666357661927323 
 1.227167116564414  0.674490061349687  2.473028527607358  2.120803527607357 
 2.022058733031671  1.057547787330314  4.095537104072402  1.903318823529419 
 0.064441409157266  0.078578542063703  0.990513921698740  1.193367020570676 
 2.603109920634927  1.056890963492067  3.277963492063504  3.193744444444445 
 1.247517238493718  0.685903689958157  2.306122510460245  4.171490794979094 
 0.371359854032259  0.104499374622581  1.485134274193544  1.570501532258056 
 1.485960878934629  1.335898934624703  3.156156416464881  2.455227118644074 
 0.905478099827879  0.039101910051634  2.753266437177279  2.008484853700521 
 2.105828954423589  0.405381704343163  2.894510455764082  2.198402949061665 
 1.605547826086960  0.232560871358695  2.312608423913038  1.216832241032607 
 1.312921682215743  0.378525685422740  3.724777842565607  2.595165306122445 
 1.918631071428574  1.169165428571431  4.500616836734689  3.270626530612243 
 2.269426206896552  1.583833110344825  3.698370344827590  4.417226206896542 
 2.529020918367346  1.860568877551020  2.775466836734692  2.184850306122446 
 0.956285217283951  0.482356795802469  2.745328641975304  3.094036790123464 
 1.972537804878046  0.516443133333334  1.362603930894309  1.775867113821141 
 1.816727419354838  0.276829485913979  2.090748118279571  3.333895161290326 
-0.235835236434109  0.068404725529715  0.807399670542641  0.592111560594318 
 0.772156208053692  0.142849107114094  1.125885604026845  1.154862298657718 
 1.270602623966943  0.628580144628099  1.620788636363634  2.404892768595037 
 1.026789022004890  0.188697132518337  0.859117764303178  2.103193154034226 
 1.783281500000000  2.065717083333335  2.728227916666665  3.555310833333330 
 1.095440122137404  0.218512834096692  1.303786895674300  3.096481170483465 
-0.446712258724100  0.070960067091772  0.480453038876772  0.524743548200656 
 1.407381005434783  0.008574443750000  2.798346195652175  2.750778804347824 
 1.044295931232092  0.705104040114613  1.869180802292265  1.420119799426934 
