 0.016655291146259  0.075880199060229  0.951426899250602  0.968571639744707 
-0.344446697231361  0.069689032929360  0.589395784018633  0.588133063925423 
 1.041819360708480  0.216556506602258  1.440824045893671  2.740744363929113 
 1.770693962558491  1.085226751950081  2.584258190327638  1.465056731201141 
 0.419822108978868  0.101720860642605  1.072438050880299  1.689502002640845 
 1.585784556291388  0.591969632238413  3.688788741721867  2.046957256953683 
 1.382889291553139  0.383073726212536  1.460015285195274  1.618780772025419 
 0.410116082309283  0.093659389464741  1.611248758762894  1.060110333690717 
 0.961543474196704  0.191592953612465  2.869485394352452  2.615480720545219 
 2.323313839285694  0.667936995684522  2.757673660714289  2.890494791666658 
 0.642954220971371  0.118778693298451  1.893065837634896  1.952923744720782 
 2.156546859999990  1.628348940000003  2.705077099999993  4.077815000000002 
 1.862075377777785  1.337793288888893  1.584274810518504  2.835949037037061 
 1.398124988399069  0.439807125127613  2.370452761020890  3.631645011600924 
 2.220284374999993  1.938253060344829  3.469431681034484  2.358881702586201 
 1.815649577205882  1.130867830882355  4.094397242647054  3.486443382352943 
 0.926161317038100  0.205774085787204  2.530188281811652  1.343003542774982 
 1.255896912311900  1.459523734610123  2.824001231190151  2.882425444596441 
 1.420303211845101  0.364971148018224  2.294798481397111  2.283214426727411 
