 0.028271516040908  0.078118072610933  1.228026467576654  0.589701267918389 
 0.261879466275659  0.089113556686204  0.676706906158291  1.626290322580451 
 0.898840445103654 -0.011568294243313  1.773524035608135  2.280057863501393 
 1.745778362573050  1.116095906432761  2.744550292397759  1.868437426900190 
 0.166409021376261  0.079232251991214  1.188324084919521  1.387402928257689 
 1.146634383561615  0.099668244520569  3.499447945205530  1.851971917808408 
 0.599640637813232  0.152461427995449  1.099227585421391  1.442799316628683 
 0.398819661654169  0.104468100714274  1.762171052631724  0.614494745112772 
 0.625416027027100  0.134574797297306  2.676379922779719  1.337896100385936 
 2.776847169811225  0.898878084905648  2.426025471698157  3.078384905660331 
 0.620206309538425  0.017370833166154  2.282995076923008  2.038049846153800 
 2.181793617021160  1.631767446808534  1.612613191489312  4.523525531914751 
 2.197176623376698  0.926837012987050  1.125388636363504  3.275689610389875 
 1.583942159090865  0.286958386363678  3.705113636363799  3.762236363636287 
 2.669601388888817  2.168119444444464  3.901475000000018  2.495029166666581 
 1.411728349514555  1.092341747572834  4.080363106796193  3.415420388349553 
 1.105932865497070 -0.010569358479532  1.910732163742717  0.861656608187136 
 1.882684574468077  1.107885000000008  2.320061170212761  2.918653723404268 
 0.987897666666659  0.021457083611113  2.009947777777758  1.634329722222275 
 2.509847619047619  1.395088412698405  1.419824904761895  1.770288571428565 
 0.936768823529432 -0.058300094117645  1.938643137254860  3.005860294117610 
 0.783438266666647  0.727858787878760  2.813364848484844  1.798004848484844 
 1.845606282051270  1.294123589743579  4.492111538461541  2.105305128205150 
 0.178043901013022  0.080332721250361  1.489295369030404  1.049671070911724 
 2.443280733944971  1.102577431192667  3.790235779816541  3.051414678899095 
 1.110906288659777  0.366700035051540  2.042622680412364  4.100387628866018 
 0.311142414089348  0.081255253130585  1.549474570446725  1.545799484536069 
 1.783641104294492  1.245271349693251  3.155920858895669  2.641709202454005 
 0.721785460580909  0.068273819917010  2.782810373443964  2.339664730290454 
 2.024168181818170  0.106900232909090  3.144771818181850  1.947536363636377 
 1.773027678571435 -0.074939998214288  2.386325892857120  1.393520357142850 
 1.536073529411762  0.160698555294116  4.076243529411799  2.519310588235274 
 1.944981034482768  1.053921620689666  4.892946551724127  3.368477586206896 
 2.427912500000002  1.981804999999994  4.467892500000021  3.997302499999968 
 2.397356198347108  1.783638016528926  2.781550413223143  2.420304132231404 
 0.783094790909093  0.340752108181818  3.520978181818160  2.869037272727324 
 1.815804444444440  0.169462799555557  1.324029111111111  1.290944777777794 
 2.198621126760553  0.206832707887326  1.812047605633808  3.879209859154932 
-0.034006274583333  0.074728228881944  1.127520875000007  0.990961125000007 
 0.351784715990458  0.084936985011933  0.898989045346057  0.964244009546538 
 1.362584214876035  1.420490578512397  1.672451404958667  2.712620661157009 
 0.751397927927925  0.095206955855855  0.701840754954952  2.164009459459457 
 2.567778313253015  2.144643373493978  3.066165060240960  3.602975903614434 
 1.539252601156067  0.010222534682081  1.247476589595371  2.594603468208121 
 0.006553701782816  0.073068459886547  0.833603565640192  1.239740113452203 
 1.302182535211268  0.527710873239439  2.967131455399061  2.282512206572776 
 1.263326322580645  1.010506451612902  2.102183225806458  1.905499999999990 
 0.985672946745566  1.240023136094674  2.568366863905327  2.492290532544377 
 2.298937391304347  0.327393339130429  1.987719130434762  2.460313043478247 
 0.420387901041670  0.073319955000001  1.997058072916667  1.107404244791666 
-0.591082292263610  0.092485225214901  0.489645710601726  0.484650088825213 
 1.838620979020977  0.655154055944057  2.111888811188814  1.193190769230770 
 1.495655892857140  2.062365178571421  2.418246428571434  2.954864285714289 
 1.058142162162161  1.147456936936935  3.190581981981984  3.612811711711704 
-0.214976167694205  0.069388819000001  0.826311775585694  0.886165733662141 
-0.026800575774135  0.073923565701275  0.772419289617490  0.622704732240437 
 1.046717207207212  0.396682990990991  0.937532594594590  3.320400900900907 
 1.235871686746990  0.577122610441767  1.695058634538147  2.660408032128518 
 0.785894506410255  0.458422782051283  2.407503205128216  3.110124358974359 
 1.678332954545454  2.248564772727276  3.430079545454544  2.020979545454546 
 1.759508108108108  0.809469797297299  2.524372297297302  3.584722972972974 
 2.732295121951219  1.099289036585366  3.356300000000001  3.903420731707317 
 2.487629411764706  1.876819117647060  1.843747058823528  3.155307352941172 
 1.794347794117646  2.269136764705885  2.060977941176468  1.899211764705883 
 0.335349702460850  0.107628903780761  1.134750089485457  1.924586577181215 
 1.983956060606065  0.221645436363636  3.022953787878794  2.910498484848471 
 2.660749999999999  1.477725370370369  3.186670370370370  1.294182407407408 
 1.418180930232559  1.348117325581393  1.380316976744187  3.709427906976754 
 1.107123139534882 -0.213532213779070  2.660667441860475  1.708431395348835 
 1.378669879518073  0.433607528433734  3.164781927710842  1.269845361445783 
 0.712145928057554  0.126520067985611  1.284538920863310  2.574753597122302 
 1.468911244979923 -0.032657195020080  2.227177510040157  2.324459036144574 
-0.054849428033475  0.074237580523013  0.467724533054393  1.030242782426780 
 0.950683225806454  0.510860475806452  1.358897177419362  2.054825000000006 
 0.950606573563218  1.664595402298851  3.452933333333332  2.795959770114941 
 1.721292680412371  1.955743298969072  3.990857731958757  3.012128865979384 
 2.257386842105261  1.470654736842105  2.929673684210529  5.149955263157895 
 0.716277738095234  0.094667742063492  1.308268015873024  0.875148809523810 
 0.462034937149759  0.260628231884058  1.990043478260871  2.517546376811592 
 1.613847150259068  0.201765259067357  2.279029533678756  3.137627979274611 
 1.304776190476191  0.397045629251701  2.473003061224489  1.839775170068026 
 1.229812886597939  0.984677628865981  3.651019587628868  1.791193814432989 
 1.035653016949154  0.364227931050847  2.305342372881361  2.493397288135598 
 1.563869166666668  1.386952708333332  2.841473958333333  1.046212687500000 
 1.471119078947369  2.293082894736840  2.852863157894736  3.921122368421051 
 1.022561441441440  0.315025481981982  2.608317117117118  0.589502339639639 
 1.200694328358208  1.156040208955224  2.641832835820895  4.420125373134331 
 1.596011518987343  1.027645949367088  0.876818786075950  2.431705063291138 
 1.635784615384615  0.561212912087912  1.632477472527473  1.954489560439561 
 2.116913829787235  0.345751117021276  2.915255319148936  3.866008510638299 
-0.350551197969542  0.060555911586295  0.809604784263960  0.509209784263960 
-0.275440895214522  0.062626507937294  0.449880760726073  0.422384099339934 
 1.273685102040815 -0.208571395238095  2.918937414965983  2.721925850340139 
 0.963407385321102  0.488634986238532  2.253405504587157  1.237930321100919 
 1.057875062240664  0.465595037344398  1.616959336099583  1.441451576763485 
 0.901192442244225 -0.029316522871287  1.365434719471945  1.768352475247526 
 0.476595206073753  0.094528994577007  1.652987418655098  1.984052060737524 
 1.601081944444444  1.176219722222222  4.253533333333335  1.032256361111111 
 1.458368024691356  0.824201172839506  3.616988271604940  2.584756790123457 
 0.825018901515151  0.522973750000000  1.988452272727276  2.039482954545456 
 2.319354166666668  1.450922291666666  2.422589583333333  3.894927083333334 
 1.328457979797983  0.527628712121212  2.949183333333332  3.031125252525252 
 1.642291244239634  0.602939723502304  2.457348387096772  2.446667281105992 
 2.488061261261262  0.765709909909910  2.860407207207207  2.340793693693693 
 1.178328676470588  1.236755735294119  2.269761764705882  3.314780882352942 
 0.654360167064441  0.133895672735084  1.623378281622909  1.300860429594271 
 2.094289285714285  1.205813303571428  1.821167857142857  2.355464285714288 
 1.826734265734265  1.416961748251748  3.177544755244757  3.499533566433568 
 1.862758333333333  1.392254375000000  3.967675000000000  4.421481250000001 
 1.426903439490446  0.382639700636943  1.663607643312102  3.323262420382163 
-0.351479079145729  0.059499440284309  0.493303937562816  0.747473015075377 
 0.476074773969072  0.154514765463918  2.063957474226804  1.598489432989690 
 1.071577156862745  0.118534091176471  2.862818627450978  3.686213725490196 
 1.251601470588235  0.328031641911765  0.790178117647059  1.585948088235295 
 1.497017301587302  1.467965079365079  1.611923492063493  1.226780634920635 
 2.105793518518518  0.967118888888889  3.571178703703703  1.964597222222220 
 2.452609677419354  0.455819059677420  3.957645161290327  2.534348387096773 
 1.400783333333334 -0.034569089880952  1.671710714285714  1.974702976190475 
