-0.159493765865148  0.071111942077892  0.880537788813341  0.656795526293870 
-0.403911938274073  0.069789244497126  0.507826036476220  0.564312869916076 
 0.947594705511704  0.213242331763786  1.016738982047152  2.443908346456641 
 1.745601130952358  1.254640565476197  2.812463392857189  1.316545338392655 
 0.362780914879989  0.094040526871999  0.965721216000025  1.686658320000002 
 1.054989819897078  0.330766787049748  3.072380102915966  1.433994049742759 
 1.063207815699665  0.244596961376567  1.325420864618873  1.480867736063697 
 0.197508181802229  0.082668190891748  1.322873107080182  0.889041194850788 
 0.688079769652190  0.100616785521741  2.193583304347782  1.646393565217352 
 2.276753191489334  0.897253887234039  2.213028510638311  2.934150425531901 
 0.639235445542844  0.106322293925715  1.701255591836710  2.165005142857138 
 2.256971884984011  1.781339297124606  2.686536741214053  4.121103514376974 
 1.626647092651772  0.996952300319498  1.190795249201248  3.385934504792395 
 1.325301058394152  0.253572037043802  2.993684671532868  3.287079014598528 
 2.234703222891557  2.084502108433740  3.127887048192772  2.412807108433720 
 1.260754767226892  1.439203977591041  3.400006442577052  3.499130812324943 
 0.656414301864801  0.128870440846154  1.990846270396278  0.900581936130535 
 1.396751116751265  1.578739111675131  2.207002030456853  3.055705583756345 
 1.590317709923654  0.117076358992368  1.753502900763346  2.292420305343539 
 1.981887500000002  1.419281099999998  1.539379703666664  1.933000366666665 
 1.069116102998699  0.245518239113429  1.967374889178610  3.026308474576263 
 1.107487528571425  0.765617228571423  2.090448571428576  2.137228142857143 
 1.949908874999999  1.267682437499998  4.079142187500004  2.055273593750005 
 0.011182987193597  0.073923641530265  0.795336865332668  1.126021010505257 
 2.437535820895524  0.863994136417912  3.274027761194040  3.358096716417911 
 1.538783557951481  0.559322449218328  2.272069218328834  4.021526684636124 
 0.341778931852793  0.090858297964467  1.532966307106599  1.445418972081215 
 1.360122932234435  1.104875091575092  2.954822710622711  2.474774725274727 
 0.934974286637930  0.112867533803879  2.613092241379309  2.333562607758619 
 1.935943536121671  0.358309610494296  2.866488403041823  2.195464258555138 
 1.530936397849463  0.323146903154122  2.151660752688171  1.339766887096773 
 1.359349307106599  0.397123665989848  3.783761928934010  2.506793147208122 
 2.045636124031009  1.395233000000000  4.383567829457363  3.575625581395348 
