 0.023011841460199  0.078200310586710  1.189706505866911  0.627111934811182 
 0.170341916808149  0.077883231697786  0.671650994906582  1.391156706281719 
 0.770089009523679 -0.010208861123803  1.590194476190366  2.173108761904701 
 1.765306862745058  1.083578382352951  2.700298529411847  1.767596078431040 
 0.246709159268277  0.091419298292682  1.139821134146381  1.485880365853660 
 1.216668538812768  0.167876957990881  3.429448858447522  1.765589497717021 
 0.798501027837281  0.045185423426129  1.247588222698055  1.437304047109191 
 0.356478958620710  0.084635242216085  1.729992183908136  0.715642202758615 
 0.774391690647551  0.285707326259001  2.662470863309162  1.034861564748051 
 2.674529220779156  0.789995857142849  2.457500649350678  2.857144805194773 
 0.550524342395414  0.168297560511407  2.071843536121631  1.855652661596932 
 1.984509677419296  1.459105268817217  1.860878709677394  4.455625806451541 
 1.930458333333390  1.158041960784343  0.930905853921469  3.248683333333534 
 1.530003622047215  0.256948850393730  3.568595275590663  3.781733858267665 
 2.519795294117587  2.226405882352958  3.943163529411779  2.365514117646986 
 1.357968418079092  1.152983728813569  3.695320338983094  3.312780790960475 
 1.064034734513270  0.026863851327434  1.975536725663738  0.797188442477878 
 1.844644081632646  1.125615714285720  2.249417959183668  2.819454693877562 
 1.082367575057729  0.001392121016168  1.890591224018458  1.680369745958478 
 2.317917054263567  1.209149069767437  1.456509821705422  2.032196899224800 
 0.994809640000016 -0.032376349999999  1.942945999999967  3.095319599999970 
 0.784545969543130  0.645175583756323  2.842667005076140  1.848746700507611 
 2.000241999999992  1.047338421052623  4.417088421052635  1.852543789473702 
 0.222271173950483  0.081515046254036  1.479036275565134  1.152267631862216 
 2.488997333333345  0.969517698666671  3.727273333333353  2.938621333333340 
 1.195389776119390  0.312378905970145  2.333091791044771  4.154058955223909 
 0.372639535809019  0.103283078822282  1.561606366047738  1.704007161803702 
 1.699695161290330  1.141683346774194  3.255824596774171  2.574292741935496 
 0.814312371929820 -0.010712707719300  2.790266666666656  2.388975789473686 
 2.166245728643209  0.407049882010050  3.173088944723635  2.105699497487444 
 1.722815189873422 -0.075278378481014  2.481843670886058  1.436988734177210 
 1.522619325842696  0.458549770786516  3.988552247191032  2.492004494382013 
 1.913802173913050  1.098463630434789  4.747527173913038  3.320522826086956 
 2.226321951219513  1.649535609756094  4.242285365853666  4.200268292682908 
 2.469293478260870  1.713201231884058  2.744805072463770  2.383465942028984 
 0.904821483333335  0.445184773888889  3.406252777777764  2.789759444444476 
 1.659364622641508  0.319811721509434  1.316010943396227  1.525936415094345 
 2.134642241379306  0.245721433275863  1.869248965517244  3.668765517241382 
-0.012696594168842  0.074467286940818  1.049817180156662  1.073820400348132 
 0.537173879518077  0.119451978120482  1.037562963855416  0.884771156626506 
 1.398527195121952  1.187144085365853  1.426130609756090  2.475493902439012 
 0.984353399014775  0.202706997044334  0.601047259113298  1.887807881773396 
 2.331908783783784  2.044618918918921  3.063755405405406  3.582721621621610 
 1.596743881856539  0.056929200843882  1.327124894514765  2.500777215189893 
-0.091858100211643  0.070265874073016  0.626666315132275  0.971508835978843 
 1.428617226890758  0.546716700280114  2.736462745098041  2.348170868347343 
 1.139518844765342  0.798873321299639  2.026125992779786  1.949159927797828 
 1.013063523404258  1.256919574468085  2.543402553191492  2.613202553191490 
 1.938868619246862  0.427877453556483  2.097561924686183  2.172855648535560 
 0.474608522887326  0.085746951232395  2.026903521126764  1.280420369718311 
-0.557451193058569  0.089122910737528  0.526308475054236  0.471623011930586 
 1.713636904761903  0.799230416666667  1.981536309523813  1.066677658928572 
 1.491454166666665  1.952055555555551  2.249972916666670  3.173746527777780 
 1.266482969696970  1.205306969696968  2.880503030303033  3.863074545454543 
-0.269187128352490  0.072150877298851  0.847757509578542  0.722193448275860 
-0.208407014084507  0.060716597042253  0.674393956466070  0.414783708322663 
 1.166570955414014  0.374571394904459  1.125918343949042  3.354357961783442 
 1.148987031700289  0.495958573487031  1.813347262247837  2.588141210374642 
 0.950238679856115  0.406509679496403  2.642571582733817  3.151336330935251 
 1.603916363636363  2.161668181818182  3.107461818181819  2.337491818181819 
 1.875045798319328  0.684382798319328  2.801696218487399  3.422828571428574 
 2.532396503496502  1.040973503496504  3.130241258741259  3.885937762237764 
 2.521727678571429  1.641300357142858  1.979391964285714  3.417531249999999 
 1.765559134615385  2.091727884615387  1.941602980769229  1.802015576923078 
 0.410006969818913  0.091164573420523  0.993220784708249  2.007881690140849 
 1.627539318181819 -0.040296874545455  3.023079545454546  2.849565454545451 
 2.593732000000000  1.427099999999999  3.211797333333334  1.315128800000000 
 1.322069074074074  1.087249691358024  1.768770370370371  3.564188888888895 
 0.775896119741100 -0.104208442362460  2.573233009708743  1.676622006472491 
 1.560019642857142  0.623610400142857  3.246971428571428  1.080450664285714 
 0.768879677165354  0.211905274409449  1.151243779527560  2.645207874015748 
 1.394661951219514 -0.081545798118467  2.179939024390241  2.343926829268291 
-0.328641114118896  0.053944416163811  0.423918699893843  0.689239373673036 
 0.992093249299721  0.453981996358544  1.388676946778714  1.941278711484598 
 1.094245510975610  2.039212195121952  3.175475609756098  3.582584146341464 
 1.625685963302753  1.915518348623854  4.045074311926604  2.948510091743121 
 2.072298275862068  1.589948620689655  3.012163793103450  4.952818965517242 
 0.817425525672371  0.379963530625917  1.686094376528119  1.277785476772615 
 0.496922886345515  0.192037450498339  1.934114617940201  2.488500996677739 
 1.589654545454546  0.363778508712121  2.219659848484850  3.096651136363635 
 1.229561415094339  0.382753947893082  2.455885849056604  1.649541194968554 
 1.308722500000000  1.360465967741936  3.705855645161291  1.847619032258064 
 0.907120027472528  0.266331388076923  2.291840384615386  2.302266208791209 
 1.232673456790124  1.370993580246913  2.714697530864197  1.163014790123457 
