-0.000267346890494  0.076558970619156  1.112213863511242  0.710992768849849 
-0.359770473301692  0.069804988770782  0.570253761287445  0.586450476475806 
 0.946552566768534  0.203601198848119  1.147204278899022  2.371314576962252 
 1.666366661101825  0.781094871485814  2.834561268781330  1.305509862604227 
 0.380076281220403  0.094979496307206  1.118425779063667  1.650415044713310 
 1.539916836419752  0.534939866697536  3.598555246913593  2.261420833333378 
 1.188575101387412  0.294392540992532  1.475117395944495  1.368561803628588 
 0.362134014123461  0.086604119793579  1.591172444444458  1.092120707259257 
 0.967980518589151  0.105995533851288  2.724678265014253  2.115761296472788 
 2.141696991403990  0.675234756876788  2.471180372492845  2.717232378223490 
 0.613314419130183  0.119831844898429  1.866095566778884  1.927265656565649 
 2.237598285714271  1.780329942857148  2.512064142857137  4.041121428571413 
 1.620276372950830  0.866265102459022  1.364135764344243  3.288563934426267 
 1.231026816074180  0.307506753323035  3.119990108191673  3.148077897990719 
 2.180517136038179  1.935125369928403  2.981416229116949  2.352416610978511 
 1.787546715116279  1.432802744186048  4.240117441860479  3.562366569767458 
 0.812808966271648  0.184517894010939  2.383402552415689  1.211186352780307 
 1.281502902529181  1.565887879377434  2.861861284046693  3.225164980544746 
 1.557660599078334  0.193246719746545  1.976929135944693  2.071555760368681 
 1.901505012787727  1.452228158567773  1.580145220204602  2.100176086956522 
 0.993319605876393  0.199145982735562  2.012383687943256  2.860510435663624 
 1.127270740793202  0.981246515580732  2.423808073654398  2.250996600566575 
 1.976648477508650  1.433639169550171  4.136265397923873  2.003924671280278 
 0.024967911165480  0.074786512334964  0.810101278380783  1.129324008007121 
 2.440546236559136  0.913818066397849  3.367467473118281  3.427012365591402 
 1.510178287526427  0.513736280465116  2.343705031712473  3.932967864693447 
