 0.158071533759555  0.081187253777502  1.321344501278670  0.658364762148564 
 0.164607969526627  0.077920622292893  0.640535094378665  1.323011227810552 
 0.718886042704504  0.102128647864775  1.472498772241890  2.414011209964352 
 1.564510427350392  1.154083846153856  2.893148717948790  1.370707649572360 
 0.269266022096940  0.085965131905297  1.123715253664072  1.517657497181508 
 1.272511287937728  0.359744359221802  3.458984046692634  1.551789607003998 
 0.929139646464664  0.089201685016838  1.506895454545437  1.696558080808070 
 0.426767154185035  0.100977017071948  1.829228193832655  1.094652804698969 
 0.762674728096734  0.246841837462242  2.655290332326121  1.026752888217397 
 2.637175690607680  0.748171259668501  2.418840883977925  2.843943646408811 
 0.574684860895746  0.133150223288274  2.085574429967390  2.164627198697044 
 1.971053174603132  1.474377777777787  2.341754761904743  4.585894444444392 
 1.908778727272780  1.236926181818209  0.942515390908999  3.378434545454734 
 1.540598378378359  0.317573632432452  3.430115675675753  3.731335675675641 
 2.165233793103412  2.101424137931044  3.988989655172424  2.768041379310304 
 1.059970011445779  1.328568132530131  3.670077710843420  3.279562650602437 
 0.909967548387094  0.075922610322581  1.854414516129048  0.725095536129034 
 1.747138110749181  0.974251335504890  2.091827035830614  2.799425407166133 
 1.238831185682320 -0.075959561297538  2.036585682326601  2.102951677852398 
 2.181986713286713  1.215764685314682  1.312181056643352  2.093122377622372 
 0.879594865814710  0.029690920766774  2.051213738019141  3.026607987220428 
 0.920263074792236  0.578230914127411  2.622455124653738  1.816621052631578 
 1.779795958904104  1.207288767123282  4.263232876712332  1.796553219178095 
 0.173850109110627  0.078830129577006  1.426645336225605  1.164170477223426 
 2.446864406779670  0.940870196610173  3.777732203389847  2.907974011299439 
 1.128263262411336  0.401431587943259  2.354770212765953  4.167943262411376 
 0.391090551791908  0.118160675297111  1.608690867052019  1.719771098265884 
 1.601317792207799  1.178750876623378  3.296658441558423  2.521134415584423 
 0.865992154255315 -0.063003873643618  2.809078989361699  2.077548404255320 
 2.139197854077247  0.401727860600858  3.181818025751089  2.124212446351936 
 1.505439062500004  0.038019391968749  2.502058437499993  1.421237374999998 
 1.381223886462882  0.400432101310043  3.873914410480366  2.528330131004359 
 1.852196875000004  1.142559250000005  4.629540624999999  3.356035156249999 
 2.105919512195122  1.668978048780484  4.075865853658546  4.459741463414615 
 2.409227586206897  1.623858390804597  2.689389655172415  2.313024712643678 
 0.806783839506173  0.242256081893004  3.107637448559659  2.837941975308662 
 1.674528691983121  0.295980118396625  1.346205063291140  1.554316962025321 
 1.828990222222221  0.191474794488890  1.971041244444446  3.465463555555562 
-0.008414716788856  0.075011223595308  0.994885307917892  1.040513115835779 
 0.710318649122809  0.151428376947368  1.185252596491225  1.160916719298244 
 1.152001878980892  0.772922834394904  1.475083789808912  2.237350636942670 
 0.972371236363634  0.235827183272727  0.697784122181816  1.967924363636362 
 2.396715942028986  2.092025362318841  3.013577536231884  3.551178260869555 
 1.539095652173912  0.108563838260870  1.403011772575250  2.542997658862891 
-0.200908754799017  0.070694640549631  0.583217133716161  0.889938326497133 
 1.377985158730160  0.519039780423281  2.795453968253969  2.382146560846564 
 1.042974386422976  0.550070783289817  1.923787728459535  1.569969007832897 
 1.037308966804981  1.280222780082988  2.434367219917015  2.393587136929463 
 1.837976175548590  0.533570816300938  2.238759874608143  2.073207836990594 
 0.642935907153731  0.077507605433790  2.165764079147641  1.534882343987823 
-0.541837975567189  0.073390913120690  0.510831728010475  0.546076633507853 
 1.717290497237568  0.805123038674034  2.000005524861880  1.047019103314919 
 1.464888390804598  1.874037356321835  2.210220689655174  3.170610919540231 
 1.386965521472392  1.716685276073618  3.073660122699389  3.710204907975460 
-0.195872182329317  0.065981731839358  0.899951807228914  0.611507175100399 
-0.262170519311065  0.067237982682672  0.520492435281837  0.449672691231733 
 1.074718133971294  0.375045485167464  1.145981387559807  3.227626315789474 
 1.056177821350765  0.423940562091503  2.109103921568627  2.501278213507625 
 1.044851159420289  0.724547137681160  2.570257608695655  3.214480072463770 
 1.638065158730159  2.194789682539684  3.201214285714286  2.253482539682540 
 1.864520220588236  0.792385220588235  2.753282352941181  3.408844852941176 
 2.542142253521126  1.042910711267606  3.253758450704226  3.902550000000002 
 2.528347580645162  1.572112258064517  1.953368548387097  3.452383064516128 
 1.714281290322581  1.970447580645163  1.887607338709677  1.848544516129033 
 0.418950815789473  0.081762875222672  0.991392914979757  2.020559109311745 
 1.607371380471381 -0.012580925589226  2.720289225589225  2.863660269360269 
 2.608451282051282  1.517965641025640  3.343582051282052  1.357961538461538 
 1.422036518987342  1.041225189873417  1.717794303797468  3.640068354430384 
