 0.156719063144929  0.080864535570033  1.328967407862310  0.679042437346655 
 0.157536303714710  0.077268353595833  0.636407776820175  1.316491812778504 
 0.726064115789353  0.106125856315796  1.482396263157794  2.416437543859590 
 1.594503137254862  1.210011813725501  2.937813725490279  1.290392009803590 
 0.285038421326997  0.087716852132700  1.085590722748852  1.560770853080566 
 1.258046259574451  0.336443848170226  3.487039148936200  1.532075655319266 
 0.936961856187308  0.095965422909702  1.511413377926404  1.693868227424737 
 0.421499981715906  0.100961054917014  1.815793389592177  1.095726005625877 
 0.763483008720985  0.256760422093030  2.653770348837053  1.045514319767321 
 2.662574853801111  0.756811520467829  2.427069005847978  2.843512280701724 
 0.572315411957909  0.136371343202266  2.088791423948184  2.158338834951432 
 1.945204961240268  1.472182170542645  2.342894573643392  4.576876744185994 
 1.776458113207583  1.206492792452849  1.155317125786100  3.573702515723399 
 1.533105820105801  0.320238629629649  3.419298941799017  3.725111640211606 
 2.165233793103412  2.101424137931044  3.988989655172424  2.768041379310304 
 1.054096538323349  1.321062814371268  3.665246107784477  3.280210179640745 
 0.888789411764703  0.073893299690402  1.844528792569674  0.722111443343655 
 1.742530508474572  1.050509728813562  2.089856610169489  2.864681694915262 
 1.241059799107136 -0.067928860267856  2.031873214285694  2.103544866071477 
 2.187413698630137  1.220696027397257  1.290746295205476  2.145346575342460 
 0.887614009375013  0.024263272500001  2.064024687499973  3.013322499999982 
 1.094269974683537  0.647593898734165  2.742556962025314  1.900500506329111 
 1.779611185185179  1.195598666666661  4.307558518518523  1.820406000000014 
 0.175479111966700  0.079826051477627  1.404997710718009  1.210243215400624 
 2.445402259887014  0.917634868361586  3.754571751412445  2.911583615819213 
 1.206918048780478  0.435962667073167  2.274114634146338  4.167339634146363 
 0.394082814648213  0.115855323681662  1.605805420991922  1.725141061130322 
 1.600031064516136  1.176957741935486  3.290295483870949  2.517372580645167 
 0.870640486618001 -0.016705585133821  2.789489781021896  2.062274209245745 
 2.131559909909901  0.455229836126126  3.214573423423439  2.044489639639646 
 1.505491558441563  0.042015306590908  2.493329220779215  1.397454837662336 
 1.373819321266968  0.406642856108597  3.889298642533953  2.519081900452480 
 1.860141984732828  1.138820030534356  4.623576335877861  3.345138167938930 
 2.105919512195122  1.668978048780484  4.075865853658546  4.459741463414615 
 2.408502873563218  1.631845172413793  2.689458620689656  2.321404022988506 
 0.820536473076923  0.292717018846154  3.094663076923066  2.825889615384634 
 1.700245867768593  0.313397342809918  1.374326735537191  1.546098842975212 
 1.815152747252746  0.220369433186814  2.023604761904761  3.352879487179494 
-0.007816161471231  0.075121643979606  0.995310233066282  1.039241026948290 
 0.708844377162632  0.152129319965398  1.179625086505188  1.168729446366781 
 1.176499378881988  0.799047670807453  1.492201956521733  2.282983229813659 
 1.025465719844356  0.259063787937743  0.703357336964979  1.951259143968870 
 2.396715942028986  2.092025362318841  3.013577536231884  3.551178260869555 
 1.534190333333332  0.111401962133334  1.389022000000000  2.548334333333348 
-0.202683296075227  0.070864891193786  0.583976407195421  0.886632281275557 
 1.536074739583335  0.395425973958334  2.794616666666672  2.663157031250002 
 1.031082315035799  0.561437541766110  1.951467780429599  1.595111766109784 
 1.057087566115704  1.278371280991736  2.462970661157027  2.394462396694217 
 1.852322960725075  0.538375119033231  2.267114803625370  2.101879154078549 
 0.646300458702066  0.089527795235989  2.181965929203539  1.540628171091444 
-0.544300935569284  0.073564739661351  0.514556866990295  0.543718192409531 
 1.708002054054053  0.826865459459461  2.027589189189191  1.062173987567569 
 1.444293255813954  1.882273255813949  2.186665697674420  3.210481976744185 
 1.397495217391303  1.723386335403725  3.086247826086959  3.701139130434783 
-0.193351132743363  0.066343909042639  0.903099477071600  0.607198280772323 
-0.263007463805584  0.066714976949328  0.516197655635988  0.453203555532575 
 1.083870707964603  0.417158537168142  1.199393318584070  3.266333628318586 
 1.068607426160339  0.434674755274262  2.151350843881855  2.474928481012658 
 1.022413754512635  0.740885342960290  2.487389891696754  3.261234657039713 
 1.635871171875000  2.187933593750001  3.203005468750001  2.244365625000000 
 1.860290114068441  0.800214486692015  2.749349809885935  3.440614448669202 
 2.547112765957446  1.041893765957447  3.255214893617022  3.901719858156031 
 2.547272500000001  1.561447250000001  1.955980833333334  3.455791666666666 
 1.712980640000000  1.965163200000001  1.891033680000000  1.848000160000001 
 0.451439320346320  0.084246678268398  0.978295411255411  2.074781385281389 
 1.584678511904761 -0.282295234523810  2.860368452380952  2.723682738095236 
 2.642765333333333  1.504895733333333  3.388578666666667  1.440341066666667 
