-0.153687322682562  0.070674317501298  0.891479005696490  0.659295873537117 
-0.401407533661419  0.070017084282010  0.509984196574795  0.565418867480290 
 0.944604637059620  0.215227246967847  1.029670541500677  2.457640275650792 
 1.736986289855050  1.258344463768121  2.853177681159466  1.313029344057773 
 0.372368757709913  0.093208518541984  0.980398190839719  1.686479236641223 
 1.114982674545448  0.327219948818188  3.137828000000014  1.484147674545506 
 1.093087296137345  0.269044999366955  1.358141362660932  1.491586824034323 
 0.217240510978390  0.082116728346984  1.342399550625729  0.898303778156995 
 0.702032211775060  0.119876887328649  2.246867574692395  1.657244991212615 
 2.194996756756735  0.952746268468465  2.264053513513523  2.953752252252244 
 0.660347374308498  0.130150760303192  1.739475607902712  2.185939437689968 
 2.267379779411747  1.844718014705889  2.473300183823522  4.109155882352911 
 1.592207238605910  1.001106621983922  1.268990678284157  3.340353887399516 
 1.303844197292060  0.354875934429407  3.121106189555149  3.332492069632481 
 2.197690375722537  2.070862138728327  3.153491329479770  2.401372716762993 
 1.770794440789473  1.446102743421055  4.289642434210545  3.566638157894752 
 0.691564502958579  0.144641523817752  2.038918343195275  0.913074699644970 
 1.254380468489580  1.669833828125003  2.703714843750003  3.363750781249998 
 1.576379970972415  0.133629715152396  1.758686066763414  2.306700145137906 
 1.977730707395501  1.484248456591639  1.577341707717039  1.974826430868165 
 1.086854508042896  0.236946129356568  2.034851796246641  3.087318364611251 
 1.181892594670404  0.904221542776995  2.216919635343622  2.297924824684431 
 2.077312448979591  1.137680663265304  4.170129591836736  2.122241020408168 
 0.013322513244707  0.074598020393402  0.799047126440179  1.128979015263420 
 2.403621525885555  1.056805520435967  3.347824523160770  3.578071662125342 
 1.548199523809523  0.543484294565825  2.343163529411758  4.041655462184876 
 0.359558052029982  0.091143677377889  1.561896564647095  1.463051405371640 
 1.393851651315790  1.189225789473683  3.243159429824562  2.516253728070175 
 0.968493162540366  0.132321317082884  2.634997847147468  2.355242411194829 
 2.010915891472867  0.375439677945736  2.910206976744186  2.322459496124032 
 1.546443846153846  0.348423161865794  2.220014566284781  1.421324554828150 
 1.275929475884245  0.324514756270097  3.777458842443731  2.479411897106110 
