 0.087424296207987  0.079814437686898  1.207391105092002  0.663097444203877 
 0.049576123540146  0.074572465747259  0.691293269890491  1.119104872262712 
 0.610628584683286  0.126235495079161  1.455661134564566  2.240084432717633 
 1.710216888888853  1.255808577777787  3.048388888888961  1.288892839999700 
 0.347210665369631  0.085413188702981  0.872467260700426  1.751295590142674 
 1.263872296636074  0.434332673761477  3.384218654434273  1.562367675841062 
 1.005527280405422  0.056477563175679  1.570076199324305  1.629853952702687 
 0.259764178458299  0.082133677930303  1.581548046462550  1.020356842661033 
 0.740972742222264  0.222100104444449  2.609170444444326  1.187703379999909 
 2.504047058823494  1.221587725490192  2.163090980392175  2.998990196078410 
 0.618334964004898  0.122568369163391  2.074582186732155  2.011202334152313 
 2.086146067415700  1.274775078651693  2.317111685393245  4.414268539325803 
 1.742563033707896  1.131295112359568  1.080159230337022  3.491006179775397 
 1.732215122807004  0.448393891228083  3.248330526315836  3.694338596491205 
 2.041709734042526  2.157127659574475  3.875939361702135  2.607892553191457 
 1.152135529477611  1.418326343283589  3.414449626865700  3.446058208955243 
 0.815658475728154  0.113150911213592  1.883626699029137  0.717866216504855 
 1.497587717121583  1.009349205955336  2.359003225806451  2.996438957816382 
 1.346407019607837 -0.043307133058822  1.926941372549001  2.253167647058865 
 1.958937878787878  1.578683484848481  1.557124869191916  2.096874242424239 
 0.863446056042039  0.145465895726796  2.109755341506114  2.761394045534140 
 1.032569822761190  0.699432686567156  2.566851119402984  2.131226119402980 
 1.984357848837205  1.107891046511624  4.210984883720934  1.906862558139546 
 0.052135168305597  0.076804463139183  1.113234508320727  1.183091467473526 
 2.547593775933618  1.051513360995853  3.263524896265572  3.257065145228219 
 1.095055085470078  0.493645335042733  2.263908119658116  3.968399572649590 
 0.338980484716158  0.099826097678603  1.447064104803489  1.591743842794751 
 1.576341440922196  1.156261527377524  3.271730835734854  2.507105187319893 
 0.901895968749997 -0.005414507792970  2.771359179687499  2.017478906250005 
 2.298719183673462  0.443056393142856  3.186181224489809  2.175284081632660 
 1.572171657754014  0.139419490454545  2.411619251336895  1.376651371657754 
 1.280086039855072  0.357998656521739  3.801806884057982  2.574370652173906 
 1.890054157894739  1.150815652631582  4.498293684210523  3.251734210526315 
 2.297220491803279  1.538151073770489  3.880889344262301  4.415604098360642 
 2.509084180790958  1.873532768361582  2.857473446327682  2.124842711864405 
 0.895599163265306  0.368859216034986  2.872913994169089  3.046424781341122 
 1.954301694915252  0.438304142203391  1.363034351694915  1.742008940677969 
 1.888774999999998  0.280948439000000  2.060773235294117  3.313026764705887 
-0.201085555261459  0.069878526100710  0.851798812136867  0.673953111684960 
 0.755308126064738  0.165578651856899  1.118852896081771  1.190065877342421 
 1.229950020920503  0.701429205020921  1.627601464435145  2.410323221757316 
 1.043936923076924  0.200084431593406  0.832329383516483  2.141102747252744 
 2.084068222222224  2.080346666666666  2.964293888888885  3.692873888888880 
 1.123481586021505  0.219941148655914  1.295616666666667  3.064291935483878 
-0.268801377384198  0.062923989700272  0.486747451680290  0.798573878292466 
 1.545188478260871  0.072284577717391  2.864833423913044  2.741720108695649 
 1.059663210161663  0.569515381062355  1.884425404157045  1.600452424942261 
 1.255438300469484  1.853222065727700  2.565095774647886  2.437269483568075 
 1.798025427872862  0.589493334963324  2.406747432762832  2.248869682151589 
 0.544558900128041  0.106268951357234  1.988735211267608  1.390570832266325 
-0.452421351515151  0.073023644367461  0.528182960606062  0.460734149212121 
 1.649963695652173  1.070050326086957  2.028710869565217  1.164564264673913 
 1.523958304093568  1.811797660818712  2.011579649122808  3.409701754385965 
