-0.179193827461943  0.070869890893404  0.839699248730923  0.671436649644758 
-0.410154345328284  0.069301119754338  0.500416169739048  0.555861078872027 
 0.889930325508501  0.186614390563387  1.046074212206483  2.398173395931090 
 1.663883079470172  1.288661258278153  2.718604635761642  1.273227940397126 
 0.384832809222411  0.095274953155514  0.945522811934929  1.715595117540691 
 1.042347043726229  0.325873666825101  3.098397338403060  1.459042948669255 
 0.920402275641034  0.186891930074789  1.418438931623921  1.472711452991442 
 0.147169825157635  0.081898869047287  1.269696929382116  0.844152184110971 
 0.648425549440316  0.125100154636196  2.207971175373083  1.506044393656676 
 2.124233464566911  0.629130370196848  2.195788976377965  2.977013188976368 
 0.587442471126632  0.123855979678454  1.739026315789452  2.090403700657891 
 2.230837358490547  1.757095735849062  2.235172528301878  3.895169056603748 
 1.583129290322595  0.924239241935494  1.166969435483841  3.310728387096840 
 1.769729256965931  0.443630947678030  3.250090092879300  3.642723219814222 
 1.981606337448539  2.166612757201652  3.703088477366260  2.595561316872404 
 1.216893002931595  1.468174918566781  3.235514006514683  3.554122475570049 
 0.587827619875778  0.110835052231056  1.860632670807462  0.844966926956521 
 1.376866729411762  1.513674894117650  2.214276941176467  2.911676941176469 
 1.381802956909354  0.023926569598812  1.886026448736990  2.264186181277888 
 1.969521401515153  1.471588598484846  1.579856606439391  2.072809659090908 
 1.000645276853256  0.230537706202723  1.818556822995451  2.983427987897122 
 1.136603946666666  0.710641853333327  2.201927199999997  2.119851333333330 
 1.928232177121770  1.061657250922506  4.003587822878234  1.839867154981556 
 0.023014804981452  0.074737390683095  0.788714930471650  1.143432570217279 
 2.593775971731453  1.034258020141345  3.233445936395769  3.118870318021203 
 1.430499939393937  0.530752413939393  2.207073272727270  4.033918181818190 
 0.280321303500000  0.086167503807500  1.465158124999998  1.398120062499997 
 1.381021535714291  1.135379663865548  3.100391806722680  2.475769957983197 
 0.846005365482231  0.068265035431471  2.584201522842636  2.234449238578680 
 1.903779220779220  0.358035564972171  2.822914100185532  2.096609647495367 
 1.456071119691122  0.285570472316602  2.187020463320461  1.191049622972971 
 1.314246093670887  0.330196319240506  3.701182025316462  2.564111139240504 
 1.878080041841006  1.230674368200838  4.462060251046022  3.283580753138075 
 2.228948022598869  1.648886327683614  3.501110169491528  4.379388700564965 
 2.417732388663966  1.800444493927125  2.717965182186234  2.281166639676111 
 1.155557799336649  0.251724008623549  2.720147761194030  3.021586069651741 
 1.665949688311688  0.483803877662338  1.282238927272727  1.797676701298703 
