-0.001087633713792  0.074549678037462  0.932273713198688  0.942117627158378 
-0.350544294893618  0.069844471275548  0.581583287971623  0.583478607999983 
 0.978962302304084  0.210247252138253  1.167053717603632  2.386632442396285 
 1.653181924242413  0.947182716212125  2.815047424242448  1.409692722272624 
 0.356624888164353  0.093196107927646  1.076768322912030  1.601024877177311 
 1.609233001402519  0.615884551079949  3.755010939691452  2.229922468443238 
 1.258230162213746  0.306981459837788  1.540421335877857  1.437769952290063 
 0.358218646133097  0.088232760927157  1.590615768884903  1.028312209622298 
 0.983424436791644  0.240768340810812  2.840239668700921  2.274438709677375 
 2.316758832335308  0.736564790209578  2.689489970059885  2.890798203592810 
 0.621004976147738  0.126856489394646  1.882235101636076  1.908234605850264 
 2.186810305498972  1.632086659877804  2.697308004073313  4.051636048879839 
 1.618429481605359  0.740627648327763  1.569736777591957  3.553674414715746 
 1.336533510638293  0.428190282180855  2.959721675531930  3.538625930851061 
 2.228399427917613  1.911682036613275  3.478287643020597  2.305103798626997 
 1.894859379014990  1.304089304068525  4.145010706638113  3.486992933618852 
 0.869606129677978  0.185376326501306  2.470200957354230  1.253422114882502 
 1.295242080865921  1.542295363128494  2.686662430167597  2.854893296089385 
 1.569095204841708  0.280916386536314  2.203995251396641  2.196440875232788 
 1.899741444652911  1.395296003752342  1.635257544277673  2.242980168855536 
 0.981576734870316  0.235548325706052  2.024377809798268  2.842997310278575 
