 0.032654216751126  0.076006614482264  0.984689419311796  0.982253411576469 
-0.337007715437485  0.069585503866324  0.593187854903508  0.597320506793535 
 1.074252746987904  0.251436620510280  1.435537374202653  2.729808788093524 
 1.099996624361775  0.349772351969367  2.704147921225391  1.363926209117378 
 0.464772596362128  0.108646599235221  1.084254113931392  1.693055188094253 
 1.636752762310604  0.528968110909093  3.493241003787884  2.276753702651540 
 1.599530484154935  0.555379927605635  1.670458636531686  1.645119559859143 
 0.467745888746260  0.100369197133931  1.672156842105269  1.054674538382534 
 1.139698036666669  0.210714071427779  2.499650222222213  2.440040666666643 
 2.097723704994178  0.992520662090591  1.832414488966314  3.084704413472701 
 0.670599800898539  0.125193680012468  1.905024892519326  1.879256448839204 
 2.111097889610381  1.620772613636366  2.812722240259739  3.958022727272727 
 1.343670700000005  1.483405457831327  2.447432409638547  2.579623975903628 
 1.376839421511626  0.440347125872095  2.716006395348838  3.548198837209300 
 2.228427025316457  1.648117990506329  3.213537974683543  2.036991186708859 
 1.803845828504674  1.312203112149533  4.067737850467285  3.298844080996886 
