 0.142640472582449  0.081460052279871  1.331618259385574  0.706196273037744 
 0.137144148930099  0.076131165577740  0.647818764336630  1.298140656205326 
 0.747244423280302  0.104682720811294  1.511195026454925  2.411184303350911 
 1.699953789473641  1.229840210526327  3.016123684210615  1.205907626315434 
 0.318630918075405  0.090629034317294  1.036529609883004  1.626147204161247 
 1.250355743478244  0.351035124434796  3.491332608695682  1.512989956521858 
 0.958265746140670  0.075252551286453  1.522606329331027  1.681444939965682 
 0.359028368547430  0.089182284665062  1.740442256902806  1.133077827130850 
 0.746953598853923  0.267311331518631  2.653650143266321  1.055770504297875 
 2.646204395604340  0.774472692307685  2.420901648351673  2.832050549450521 
 0.580050527744460  0.129815967664038  2.083258517350123  2.156507413249186 
 1.942098769230727  1.468790000000009  2.340832307692289  4.574270769230718 
 1.803466826347339  1.197753017964089  1.150659838323293  3.541732335329464 
 1.528630999999981  0.296245247368441  3.418551578947443  3.719656315789440 
 2.178694078947335  2.072705921052640  4.002040789473694  2.766638157894698 
 1.049202701169587  1.308952923976618  3.659288888888934  3.269884210526342 
 0.819916095717882  0.086896316020151  1.853784886649886  0.743304096221664 
 1.750817665615137  1.019690820189278  2.189416403785488  2.828782018927450 
 1.274581494252867 -0.083878171264366  2.043110574712622  2.135051264367866 
 2.225381456953642  1.305115231788075  1.478926835099334  2.114795364238404 
 0.918629399399412  0.050021937537538  2.023016516516491  2.999637537537521 
 1.142968548009361  0.643662435597179  2.773250585480091  1.921095784543323 
 1.941776415094335  1.163091383647794  4.214879874213841  1.824815094339634 
 0.141153763330029  0.076423723498513  1.283902477700700  1.256335698711595 
 2.403991525423737  0.894070235593224  3.653516949152558  2.930930508474581 
 1.180924910179632  0.433142295808380  2.282040119760475  4.149035928143734 
 0.394891415789475  0.121610739901457  1.591338969764833  1.723894848824176 
 1.603416752411583  1.160554630225082  3.263698070739532  2.507356270096469 
 0.894324204275531 -0.031517778123517  2.794131828978621  2.011320427553447 
 2.141606578947359  0.420755673771929  3.172172807017558  2.030139912280707 
 1.511625396825401  0.071889748984126  2.425358095238090  1.340518952380951 
 1.357295020920502  0.399715028870293  3.864289958159011  2.505859832635975 
 1.863924827586210  1.121034855172418  4.599844137931032  3.304371034482757 
 2.105919512195122  1.668978048780484  4.075865853658546  4.459741463414615 
 2.526870285714284  1.730092971428571  2.838090285714284  2.115433828571429 
 0.808675846153846  0.233936083882784  3.041320879120869  2.816534065934085 
 1.737036666666665  0.337930187750001  1.339212320833335  1.547891625000005 
 1.816098461538460  0.214694220230770  2.023277692307691  3.382232307692315 
-0.027322769002285  0.073139518875857  0.957402901751716  0.995369908606249 
 0.700934650000002  0.160912824766667  1.179193449999997  1.172448983333333 
 1.193056970588237  0.816540147058823  1.505146264705878  2.335135588235288 
 1.039277559999998  0.261699629599999  0.691199382399998  1.963088399999998 
 2.395310791366907  2.089790647482015  3.013015107913669  3.546172661870493 
 1.549194098360655  0.121198490622951  1.402257377049181  2.552234754098375 
-0.225522949867843  0.069234147973568  0.563838155066079  0.876594519823793 
 1.582545287958117  0.114073082722513  2.842943455497383  2.763622513089004 
 1.034690800915332  0.558315148741419  1.936015789473688  1.628105720823797 
 1.033754647321429  1.337906919642858  2.489979017857143  2.326364732142859 
 1.833720172910663  0.537119724495675  2.302238040345813  2.131766282420747 
 0.643762896253604  0.092296648083574  2.166825648414988  1.535288760806916 
-0.546527347122302  0.075800409259272  0.523617905845328  0.528242133093524 
 1.672288055555554  0.869827888888890  2.034835555555557  1.069401153888890 
 1.465838913043478  1.852283152173909  2.190689673913044  3.196067934782608 
 1.397018819875775  1.722067080745340  3.089731055900624  3.700977018633541 
-0.196972882838284  0.066525728333333  0.894735115511549  0.591182824257423 
-0.256745652056277  0.066926379686147  0.500071387445888  0.461515539177489 
 1.083238761061948  0.419418174336283  1.192193938053096  3.265903539823010 
 1.065887700205340  0.449207372689938  2.252097946611909  2.454825872689940 
 1.041359659863945  0.756414047619048  2.513959183673471  3.219456122448981 
 1.635515390625000  2.185025781250000  3.206982812500001  2.235601562500000 
 1.854440637450199  0.801521434262948  2.739531872509963  3.465847410358566 
 2.547112765957446  1.041893765957447  3.255214893617022  3.901719858156031 
 2.530429365079366  1.566025952380953  1.961930158730159  3.438887301587301 
 1.617873925233644  1.999093457943927  1.845074299065420  1.815520747663552 
 0.480042463182898  0.099293582589074  0.999600546318290  2.138500475059383 
