 0.142851075540355  0.081492703019348  1.331005028441320  0.705938855517835 
 0.137384346285714  0.075716301528565  0.648176533999968  1.297795428571333 
 0.747744792184603  0.103234800532866  1.508689129662420  2.413456660745944 
 1.699953789473641  1.229840210526327  3.016123684210615  1.205907626315434 
 0.316645603359155  0.091220683837208  1.040381485788153  1.622760723514211 
 1.250355743478244  0.351035124434796  3.491332608695682  1.512989956521858 
 0.955077554806088  0.078845486172010  1.522243153456980  1.682750927487340 
 0.359487320913472  0.089420692459131  1.740991947115430  1.133515540865382 
 0.746953598853923  0.267311331518631  2.653650143266321  1.055770504297875 
 2.646204395604340  0.774472692307685  2.420901648351673  2.832050549450521 
 0.579454707555186  0.131153996055205  2.079276025236557  2.154642429022057 
 1.942098769230727  1.468790000000009  2.340832307692289  4.574270769230718 
 1.802688313253046  1.197047313253029  1.152271644578252  3.546733734939883 
 1.528630999999981  0.296245247368441  3.418551578947443  3.719656315789440 
 2.178694078947335  2.072705921052640  4.002040789473694  2.766638157894698 
 1.049202701169587  1.308952923976618  3.659288888888934  3.269884210526342 
 0.819916095717882  0.086896316020151  1.853784886649886  0.743304096221664 
 1.750817665615137  1.019690820189278  2.189416403785488  2.828782018927450 
 1.274840993071586 -0.085390703233255  2.041748498845244  2.136304157043930 
 2.215009803921568  1.299786339869277  1.451325164052284  2.122207189542478 
 0.911404169184303  0.046857837462237  2.027391842900277  2.998235649546810 
 1.142922464788726  0.643538169014074  2.774315962441312  1.921334507042251 
 1.941776415094335  1.163091383647794  4.214879874213841  1.824815094339634 
 0.140271750947157  0.076688593429711  1.285168594217355  1.253739192422731 
 2.403991525423737  0.894070235593224  3.653516949152558  2.930930508474581 
 1.180924910179632  0.433142295808380  2.282040119760475  4.149035928143734 
 0.392231850849378  0.119187885313704  1.591104077010188  1.723806115515277 
 1.603416752411583  1.160554630225082  3.263698070739532  2.507356270096469 
 0.894647541371155 -0.031274526217495  2.792461938534277  2.011975413711587 
 2.141606578947359  0.420755673771929  3.172172807017558  2.030139912280707 
 1.512302866242042  0.070386436082802  2.425568471337574  1.340193853503183 
 1.357295020920502  0.399715028870293  3.864289958159011  2.505859832635975 
 1.863924827586210  1.121034855172418  4.599844137931032  3.304371034482757 
 2.105919512195122  1.668978048780484  4.075865853658546  4.459741463414615 
 2.527422159090907  1.728533920454545  2.833981249999999  2.116535909090909 
 0.808698919117647  0.235347981250000  3.043061029411754  2.816436029411784 
 1.734484166666665  0.338405354416667  1.346612745833335  1.546142458333338 
 1.813394656488548  0.212868970458016  2.020311832061067  3.380368320610694 
-0.027770852130898  0.073080771144596  0.957154322678846  0.995756552511420 
 0.701603819095480  0.160711021541038  1.179919849246228  1.171761055276381 
 1.190176088235296  0.813986558823529  1.507862735294113  2.332044705882347 
 1.033776811023620  0.260825918897637  0.691207541732282  1.958134645669290 
 2.395310791366907  2.089790647482015  3.013015107913669  3.546172661870493 
 1.548545245901638  0.120857664393443  1.402238360655738  2.551873442622965 
-0.225599098853618  0.069206770679012  0.563686151675485  0.876452980599652 
 1.582545287958117  0.114073082722513  2.842943455497383  2.763622513089004 
 1.035805251141553  0.557263949771689  1.941662785388132  1.628898401826483 
 1.033647737777778  1.337556222222223  2.489211555555556  2.328981333333335 
 1.835423275862069  0.538294782758619  2.301621551724129  2.131512068965514 
 0.643565502873565  0.093168870359196  2.166732614942531  1.535857040229885 
-0.546527347122302  0.075800409259272  0.523617905845328  0.528242133093524 
 1.670728212290501  0.870729776536314  2.035935195530727  1.066378813966481 
 1.465838913043478  1.852283152173909  2.190689673913044  3.196067934782608 
 1.397018819875775  1.722067080745340  3.089731055900624  3.700977018633541 
-0.197094496290189  0.066540515037098  0.894572044517723  0.591175427040393 
-0.256650587757313  0.066907381180932  0.499858106175515  0.461384775947995 
 1.083853244444446  0.421941144000000  1.192653022222221  3.267615555555557 
 1.065388081632655  0.447477633673469  2.251580204081632  2.457982040816328 
 1.041467713310580  0.754698737201366  2.514630375426623  3.220494880546077 
 1.635515390625000  2.185025781250000  3.206982812500001  2.235601562500000 
 1.854440637450199  0.801521434262948  2.739531872509963  3.465847410358566 
 2.547112765957446  1.041893765957447  3.255214893617022  3.901719858156031 
 2.530429365079366  1.566025952380953  1.961930158730159  3.438887301587301 
 1.617873925233644  1.999093457943927  1.845074299065420  1.815520747663552 
 0.479441978723404  0.099136012458629  0.998157990543736  2.137246572104019 
