 0.033670907179069  0.075874062021352  0.984570657325840  0.984792738190601 
-0.336105652832676  0.069636790283611  0.594197542845843  0.597230968959142 
 1.082173705109441  0.268838200102194  1.431738160583900  2.766035912408730 
 1.094429233333329  0.343500047500001  2.692344202898559  1.362252523695598 
 0.465384622916661  0.109396132854166  1.083685634000016  1.700055624999999 
 1.632415678741657  0.528734273708296  3.496846520495716  2.263894099142064 
 1.570718097731244  0.544078023350787  1.652883290663172  1.634094319371716 
 0.463955832767406  0.099249076274192  1.671026417657051  1.059565329456699 
 1.147840607875765  0.216280282623406  2.503835607321122  2.441173044925101 
 2.130086080178158  0.981369560200443  1.895734253897545  3.004890423162577 
 0.672713397558787  0.121959867511330  1.902078537836662  1.896525865754591 
 2.111051036682607  1.626559569377993  2.771859441786282  3.964466507177032 
 1.312973817380358  1.492030806045343  2.462498992443318  2.583793576826212 
 1.387430022330095  0.440124313495147  2.714188932038836  3.551527281553398 
 2.204614486133768  1.671644535073410  3.219129690048938  2.000278613376834 
 1.813841440214069  1.311975883792049  4.058272629969414  3.295761009174313 
