 0.015332036735831  0.075901525747057  0.946520658440807  0.968360251822820 
-0.344573214246501  0.069655631931459  0.589222665413113  0.587688511446594 
 1.012978264011746  0.195293524852511  1.469692298672524  2.622506637168112 
 1.694249702194344  0.976435365203767  2.800972727272751  1.421842455642526 
 0.416583311319068  0.103080236800356  1.069076832263832  1.687441599821745 
 1.592853351206433  0.585634329651479  3.714808579088478  2.203741849865992 
 1.293382401785719  0.308331174919645  1.534814303571425  1.501871705357129 
 0.386436644013495  0.090568454638279  1.605624903035422  1.053444556998308 
 0.929211532019720  0.194683976522169  2.816958916256124  2.503995073891572 
 2.329520547945186  0.692033036621002  2.703807305936077  2.901653272450526 
 0.626261372835148  0.124117875625124  1.906442701092340  1.927279791459774 
 2.186137890624990  1.623405214843753  2.737770507812494  4.041503125000000 
 1.631961344383065  0.835382646777168  1.503580134438288  3.511518968692481 
 1.302281194047617  0.402224986666670  2.659137619047626  3.541102142857138 
 2.232046986607137  1.913634866071430  3.501934375000001  2.344234062499995 
 1.815026779324056  1.203501049701792  4.122350894632202  3.488019483101397 
 0.905374053054660  0.199250585731512  2.554640675241167  1.324933967041797 
 1.310276656967212  1.539940683060111  2.700492076502730  2.853034562841529 
 1.460448486739466  0.349016472418098  2.288427925117003  2.268663026521067 
 1.915495228136884  1.353342718631176  1.607872511596957  2.212845114068442 
