 0.159985571755690  0.080336468516548  1.322307506361222  0.660448796437884 
 0.163200468141592  0.077971694203533  0.639746908259554  1.322598215339134 
 0.719115072566250  0.102516200176997  1.469673769911402  2.417345309734453 
 1.558603203463168  1.158887359307369  2.892938095238168  1.368295627705335 
 0.271649289943487  0.086314529943502  1.122611209039585  1.520013785310732 
 1.270291123552108  0.357532742548274  3.458205791505819  1.557675015444121 
 0.928906689075648  0.088916621680675  1.506320168067209  1.696910420168056 
 0.426621427312788  0.101128529553593  1.829257415565401  1.094717988252567 
 0.762674728096734  0.246841837462242  2.655290332326121  1.026752888217397 
 2.631885714285659  0.756138791208784  2.425729670329694  2.840070879120852 
 0.574163465889050  0.133534750569332  2.086617128874351  2.164279608482846 
 1.945204961240268  1.472182170542645  2.342894573643392  4.576876744185994 
 1.771857848101301  1.206968063291158  1.154354386075885  3.577362025316586 
 1.543511351351332  0.317610443243263  3.430540000000077  3.730421621621587 
 2.165233793103412  2.101424137931044  3.988989655172424  2.768041379310304 
 1.056737481325297  1.323421987951818  3.668366265060287  3.280200602409665 
 0.909659260450158  0.076123245016077  1.852494212218665  0.724506097106111 
 1.700732441471567  1.022537859531776  2.038563210702338  2.862101003344490 
 1.240509028697565 -0.070210293377482  2.034587858719627  2.104476158940445 
 2.177608108108108  1.226251959459456  1.275705953378374  2.148184459459454 
 0.874703354098374  0.018704531803280  2.056620983606529  3.020644590163915 
 0.930868201634869  0.581628446866472  2.630986376021796  1.824639782016348 
 1.783208344827580  1.210764827586201  4.271844827586211  1.800725310344840 
 0.172361293492406  0.080126486626898  1.426594143167036  1.168428861171366 
 2.446302272727281  0.921614725568186  3.756400568181834  2.912195454545458 
 1.201511951219503  0.438338947560972  2.266593292682923  4.168584146341487 
 0.391991122157773  0.117689053517402  1.609993271461713  1.721489907192563 
 1.602479035369782  1.182375434083603  3.289701929260431  2.520312861736342 
 0.863387406417108 -0.058182618957221  2.805144385026734  2.074956684491980 
 2.137388340807167  0.412757374977578  3.201922869955174  2.092077578475342 
 1.506141433021811  0.038230951495326  2.502071651090336  1.422778380062304 
 1.382177300884956  0.399522394690265  3.879746902654884  2.527744247787602 
 1.860141984732828  1.138820030534356  4.623576335877861  3.345138167938930 
 2.105919512195122  1.668978048780484  4.075865853658546  4.459741463414615 
 2.407661016949152  1.625124067796610  2.689411299435029  2.318714689265537 
 0.817717710317460  0.263304967857143  3.107077380952370  2.834295634920654 
 1.683765833333332  0.297868575250001  1.352232500000001  1.560419250000005 
 1.819678544061301  0.235329046973181  2.007945593869732  3.368911111111117 
-0.008134605620438  0.075106760718248  0.994637810218982  1.039894138686133 
 0.709267302977235  0.150697600455341  1.185533590192642  1.161725656742556 
 1.151485942492013  0.772466357827476  1.473087571884979  2.235069329073477 
 0.974560799999998  0.237069146909090  0.697953213090907  1.967163999999998 
 2.396715942028986  2.092025362318841  3.013577536231884  3.551178260869555 
 1.534333783783782  0.105421201486487  1.383974324324324  2.545342905405420 
-0.201324185176087  0.070635463497133  0.584283772317773  0.888517927927933 
 1.424737817258884  0.522246230964468  2.786282741116752  2.419206345177668 
 1.044168212435233  0.549532797927461  1.926068393782388  1.571513290155439 
 1.037994466942150  1.281104008264463  2.432935950413226  2.398500413223143 
 1.850721951219512  0.545880824390241  2.235964634146334  2.085350304878047 
 0.643032676291795  0.078351970775076  2.166871428571429  1.535017325227963 
-0.544104514134275  0.073037550915469  0.512985600971735  0.544928606007066 
 1.719931758241757  0.807882252747254  1.998664285714288  1.049154712637365 
 1.450426067415730  1.863647191011232  2.201561797752810  3.202969662921348 
 1.392813850931676  1.722023602484470  3.085745341614909  3.702450310559006 
-0.195475561389338  0.066073728546042  0.901274725363488  0.610427417609044 
-0.263625701438849  0.067645895282631  0.517668081192190  0.452671210894141 
 1.079782991071430  0.418439095535714  1.182553348214285  3.255629910714287 
 1.056685856832974  0.427749236442516  2.114103253796095  2.499954880694143 
 1.032709965277777  0.715936215277779  2.525911805555558  3.251271875000000 
 1.638065158730159  2.194789682539684  3.201214285714286  2.253482539682540 
 1.861043223443224  0.795781868131868  2.748703296703301  3.418232600732600 
 2.542142253521126  1.042910711267606  3.253758450704226  3.902550000000002 
 2.532929032258065  1.565059435483872  1.955913709677420  3.445398387096774 
 1.714281290322581  1.970447580645163  1.887607338709677  1.848544516129033 
 0.417541940936863  0.082345114786151  0.991211303462322  2.022204480651735 
 1.587466400000000 -0.053384901454545  2.748767636363635  2.841567272727272 
 2.608451282051282  1.517965641025640  3.343582051282052  1.357961538461538 
