-0.067619927243258  0.072901823939463  1.017841718918876  0.686393002702797 
-0.372946671052633  0.070096467401984  0.546647377940213  0.581350475048713 
 1.013686435616345  0.235599900780828  1.021949654246494  2.383618356164340 
 1.739952027972011  1.090604918414924  2.724713752913790  1.301858376922918 
 0.373986419188589  0.093856369835525  1.102887799342123  1.642777850877192 
 1.390496376562498  0.281875111937505  3.253290625000012  1.789104250000045 
 1.211283488649946  0.317172426893670  1.435029999999989  1.391322879330929 
 0.303374044265814  0.087202394914254  1.489935428724559  0.983793473204715 
 0.833889848427093  0.113396544985702  2.461919351763535  1.908177693040948 
 2.187751963746201  0.745424355438063  2.486136253776444  2.721151963746220 
 0.668442745308442  0.133674439877380  1.716555369383069  2.184575399847672 
 2.293906229508181  1.808639016393448  2.498013508196716  4.050372786885221 
 1.671259928571439  0.941935009523816  1.387982102380928  3.406248809523856 
 1.388861621093738  0.258364453906257  3.342332031250023  3.146159960937488 
 2.181128726790446  2.069516180371355  3.143024933687006  2.373169655172402 
 1.785907206349206  1.452797314285716  4.262225714285733  3.603516825396842 
 0.917783983050845  0.222760795827901  2.407265580182543  1.032178858148629 
 1.272963038321993  1.605831428571431  2.730067120181407  3.333481632653061 
 1.621083355006494  0.149708538543564  1.986171378413516  2.047222366710035 
 1.939944756756760  1.478758756756755  1.557584273243241  2.172775513513515 
 1.163915633074935  0.185277144573644  1.870949315245473  3.007345607235136 
 1.166946756373937  0.903572053824360  2.240309631728049  2.246166572237961 
 2.018583110465116  1.003482476453488  4.148202906976743  2.157732558139537 
 0.024460583753501  0.074916509345938  0.803758815966388  1.135984341736698 
 2.439959248554910  0.986654374855492  3.342159537572259  3.527138150289022 
 1.483763861607142  0.532777544999999  2.454955803571426  3.933253794642857 
 0.533833946853626  0.098747440418605  1.841198837209299  1.498403768809846 
 1.407957612576066  1.125419918864098  3.337391683569977  2.476229006085192 
 0.964879792349727  0.245085117841530  2.672095901639343  2.680442349726771 
