-0.067225180172428  0.072920300801728  1.018680808189613  0.687027976831991 
-0.372895925138033  0.070083165528842  0.546702399902558  0.581444560636551 
 1.015503794594503  0.236051908878385  1.026724104864784  2.393177837837794 
 1.740304232558122  1.087556627906982  2.727306279069805  1.300631031860307 
 0.374845894432307  0.093477217565501  1.104603660480367  1.643298526200872 
 1.400542305642631  0.280698623260194  3.251133385579949  1.798837398119167 
 1.212114176610985  0.316378774832938  1.436079964200466  1.389543365155116 
 0.305665200426899  0.087198785971183  1.493251339381018  0.984019814407683 
 0.834956397880559  0.111426683709057  2.468386512524035  1.918770809248511 
 2.190597103658514  0.753184044664630  2.483620884146350  2.721280487804875 
 0.668121769094357  0.133173730257991  1.718379299847770  2.182537442922369 
 2.291585342019528  1.805292833876227  2.499246644951134  4.048994136807793 
 1.669105391924001  0.930061410926372  1.387397584323016  3.402969833729262 
 1.399854070450086  0.248478916634058  3.337796868884564  3.137065557729930 
 2.179674350132621  2.066988328912469  3.135020424403186  2.375209973474790 
 1.785606253968253  1.449992933333335  4.258935555555574  3.611081587301604 
 0.922572600518805  0.225513355901427  2.418388326848263  1.043632805447468 
 1.274648636136361  1.604149681818184  2.725142954545456  3.337953181818181 
 1.620632731958755  0.151979561649486  1.990380528350507  2.050318556701052 
 1.939019568733157  1.479410350404311  1.556968412668462  2.174893369272238 
 1.164593664516129  0.180760103096774  1.887332438709673  3.001113161290316 
 1.166705289957567  0.903508981612445  2.241486421499297  2.245057708628007 
 2.004812195845697  1.017986563501483  4.168740356083084  2.146041127596442 
 0.024851922725152  0.075008209528231  0.803763417545498  1.136368651423242 
 2.443609742120341  0.984646658166190  3.344177650429804  3.509555300859604 
 1.483065089686098  0.533885937578474  2.455966816143496  3.939335874439462 
 0.536751173045268  0.099741001983539  1.845795267489709  1.498705576131683 
 1.411326195564517  1.127675483870968  3.345056451612900  2.481877016129031 
 0.948029246458923  0.256436973881020  2.682609490084984  2.695707790368266 
