 0.224947914694064  0.086616516746990  1.071400345853984  1.330206827309283 
-0.256667861293943  0.070399086213595  0.689703635957364  0.660948389154815 
 1.563989793814383  0.667006731924404  1.883240397766271  3.539564089347047 
 1.291860475213674  0.371935243743592  2.717677948717949  1.498141534301955 
 1.098118543385486  0.239106270037932  1.304036865196786  2.255887946894260 
 1.836070847766637  1.183915379033730  3.703821604375571  2.234567019143128 
 1.858855648979593  1.262938619591837  2.101681518367351  2.186053502040804 
 0.576069102154534  0.128313253693164  1.736832098811296  1.085418346285288 
 1.240229563546797  0.308178468325122  2.728721674876847  2.730653300492601 
 2.101084077348061  1.715956099447510  2.776394917127072  3.451429502762434 
 0.704326122438389  0.141071923576923  1.996211277072439  2.000378491411494 
 1.730907858692810  0.965191625882353  3.734165882352941  3.679918169934641 
