 0.023242222309675  0.077889825748040  1.187251601049764  0.625867183727266 
 0.170341916808149  0.077883231697786  0.671650994906582  1.391156706281719 
 0.769242777777646 -0.010322733888882  1.591617432950081  2.174797892720245 
 1.762542924528263  1.059833207547180  2.692945283018947  1.849265566037417 
 0.243678015460106  0.089749182331287  1.141221411042984  1.485109693251535 
 1.196066256410236  0.099766993333349  3.453673846153883  1.862726153846296 
 0.779411206543988  0.066412901145199  1.249952842535771  1.438383640081784 
 0.363448907090486  0.089092379144247  1.732909290953641  0.693804738875299 
 0.645374698507519  0.196474073731350  2.530484776119243  1.237191104477486 
 2.671214743589680  0.789679435897428  2.455840384615413  2.857905769230737 
 0.544611312683801  0.158359856211397  2.087313970588194  1.834887683823504 
 2.055771830985838  1.463653239436636  1.749604507042220  4.498574647887231 
 1.930458333333390  1.158041960784343  0.930905853921469  3.248683333333534 
 1.472958617886148  0.193115577235803  3.483260162601741  3.773922764227589 
 2.533396385542106  2.228726506024114  3.926512048192786  2.365725301204745 
 1.576480068493145  1.048437465753437  3.820086986301425  3.468876712328794 
 1.067914243902434 -0.026305725365854  1.881741463414657  0.889208214634148 
 1.841527426160330  1.121500759493677  2.242488607594932  2.836537552742628 
 1.071013470319627  0.003404553881280  1.882519178082175  1.682766894977217 
 2.307695312500000  1.202792343749995  1.444453648437496  2.028298437499994 
 0.994809640000016 -0.032376349999999  1.942945999999967  3.095319599999970 
 0.805914376811578  0.708728454106259  2.829506280193233  1.815916425120770 
 1.992859894736835  1.064170526315781  4.430600000000003  1.857221684210544 
 0.213788091371680  0.081837852438053  1.463484845132753  1.139721261061946 
 2.518256428571441  0.962440177142862  3.719952142857164  2.921417857142865 
 1.144581406249987  0.304036667187495  2.324377343749995  4.135488281250029 
 0.369750000000000  0.109095269573155  1.560047382550329  1.711513422818780 
 1.705559919028348  1.137900607287450  3.268038461538439  2.591946153846166 
 0.790910174242420  0.011443656439392  2.796624999999988  2.405260227272731 
 2.167742051282044  0.420200083179487  3.177625128205146  2.105203589743597 
 1.728410191082807 -0.082882210828027  2.483799999999982  1.471671847133752 
 1.537557116564416  0.452805786503067  3.999536196319041  2.517812269938640 
 1.895774444444450  1.072076377777784  4.768636666666660  3.335412222222222 
 2.236064556962027  1.709381265822782  4.222582278481021  4.208418987341756 
 2.491895348837210  1.694488139534884  2.733424806201553  2.366155038759688 
 0.909223747191012  0.471422748876405  3.423312921348301  2.822964606741606 
 1.653537914691942  0.314296678009479  1.301748672985783  1.537176682464461 
 2.104591869918695  0.260771839512196  1.884308780487807  3.698311382113823 
-0.013665765731814  0.074579842852760  1.048549903593343  1.073484014022790 
 0.540027048780492  0.118879351024391  1.034098707317067  0.883376634146342 
 1.399289551282052  1.188980448717948  1.412761666666659  2.487564102564090 
 0.982595742574254  0.200793368316831  0.599732295049503  1.888891584158413 
 2.396224060150376  1.981560902255641  3.069307518796992  3.510583458646602 
 1.596069915254236  0.057175747881356  1.329344152542370  2.502984745762732 
-0.091858100211643  0.070265874073016  0.626666315132275  0.971508835978843 
 1.422488681948425  0.526655564469916  2.747989684813756  2.365565616045849 
 1.150838021582732  0.810997158273381  2.032040287769787  1.957661151079131 
 1.018807704035877  1.240022197309417  2.510095515695070  2.609548878923767 
 1.935645493562232  0.421342666952787  2.098255793991407  2.190922746781111 
 0.471307824120605  0.067775809155779  1.912107202680069  1.262389413735343 
-0.557451193058569  0.089122910737528  0.526308475054236  0.471623011930586 
 1.774789221556885  0.764691137724552  1.985452694610782  1.133986467065869 
 1.469361094890509  1.923526277372258  2.259856204379565  3.102510948905112 
 1.281380584415584  1.200829090909090  3.019916883116886  3.727120779220776 
-0.269518519654842  0.072166317257910  0.847748619367208  0.722204391179288 
-0.208407014084507  0.060716597042253  0.674393956466070  0.414783708322663 
 1.166570955414014  0.374571394904459  1.125918343949042  3.354357961783442 
 1.147236676300579  0.495046604046242  1.811289306358379  2.587781213872835 
 0.948571351449275  0.418358909057972  2.638421739130439  3.134541666666666 
 1.645532478632478  2.158606837606839  3.115729059829061  2.278941025641027 
 1.880109090909091  0.679540069264070  2.803323376623382  3.407810389610393 
 2.539733333333333  1.046760493055556  3.117265972222222  3.900244444444446 
 2.511621238938054  1.642707433628319  1.973763716814159  3.425048672566371 
 1.751167129629630  2.059237962962965  1.922702870370369  1.826694629629630 
 0.410301583838383  0.090893622202020  0.991598646464646  2.007536767676771 
 1.634442957746480 -0.044484283568075  3.018204225352114  2.857909389671358 
 2.632622388059701  1.412562686567163  3.258391044776119  1.359024776119403 
 1.329243846153846  1.100578525641025  1.758739102564103  3.550210256410262 
 0.827197384615384 -0.157771409961539  2.599096923076928  1.750611153846153 
 1.386449523809525  0.455912617380952  3.248148809523810  1.214728744047619 
 0.768879677165354  0.211905274409449  1.151243779527560  2.645207874015748 
 1.392011041666668 -0.080425652986111  2.181718749999997  2.348068402777777 
-0.328641114118896  0.053944416163811  0.423918699893843  0.689239373673036 
 0.989634213483147  0.446039167696629  1.391581376404497  1.946090168539329 
 0.958043569158879  1.644917196261683  3.455274766355140  3.053299999999998 
 1.714381089108912  1.931761386138614  4.099349504950492  2.933194059405943 
 2.196077272727272  1.442479318181818  3.024756818181820  5.109559090909092 
 0.869301364985162  0.456976928783383  1.703067655786352  1.282658931750741 
 0.495306159967214  0.192013188852459  1.934871147540985  2.484072131147539 
 1.588758237547894  0.366656579693487  2.217004980842914  3.099410344827585 
 1.236821523178808  0.375731710033113  2.440741059602649  1.669021854304638 
 1.370451544117647  1.204925294117648  3.696674264705882  1.802172867647059 
 0.906319539295393  0.266056228211382  2.290755284552847  2.295467750677507 
 1.557003434343435  1.407649797979797  2.819453535353534  1.023451292929292 
 1.550121917808220  2.353405479452054  2.844173972602739  3.919749315068491 
 1.046849629629630  0.397038285185185  2.512280740740741  0.649122664444444 
 1.368712647058824  1.329010882352941  2.492464705882354  4.174805882352941 
