 0.054550823577211  0.076736798893411  1.173722908762347  0.697711981933314 
-0.118275694931210  0.070236257334537  0.593599988993467  0.957787936278013 
 0.614925343639577  0.127574949588880  1.501203107617824  2.208977509068881 
 1.730951076923046  1.253759153846163  2.739406923076985  1.254550838461279 
 0.332478480366473  0.083301716256543  0.842200446335116  1.745635863874350 
 1.253534051359505  0.499695379214511  3.393311782477364  1.528530691842982 
 1.045288442622967  0.051258965081970  1.645098377049160  1.595484540983592 
 0.203775290124650  0.079684105449661  1.486374784276161  1.066686548418022 
 0.764307108742043  0.210199579104482  2.600273134328244  1.172677475479655 
 2.463337867647025  1.223748713235291  2.174930147058840  2.980326102941157 
 0.620901324765243  0.119450451125587  2.110669366197152  1.907886971830968 
 2.242851298701264  1.472505090909100  2.140076818181803  4.333082467532422 
 1.654918018433204  1.199313594470060  1.167678815668156  3.422752534562308 
 1.759475765472300  0.472598237785028  3.214178501628707  3.678846905537438 
 2.031571604278048  2.163590374331557  3.878532085561504  2.591896791443817 
 1.158141899227798  1.404157104247111  3.457013513513543  3.423268339768360 
 0.710865442696628  0.115213465698876  1.831847865168550  0.689376463370787 
 1.421978270270265  1.187155351351353  2.244525675675672  3.082562702702702 
 1.345851910331377 -0.042134204990252  1.942624171539943  2.246580116959104 
 1.920909090909090  1.573554136363633  1.579541018636360  1.990137409090906 
 0.817894158415848  0.140516294488449  2.119645049504937  2.705532013201312 
 1.032866354359922  0.706557513914648  2.574227458256028  2.136599628942482 
 1.992995306122445  1.120199846938773  4.147083673469391  1.884058469387764 
 0.056931436024016  0.077663264969980  0.980990560373583  1.187311474316215 
 2.571670161290330  1.076809233870971  3.270339112903238  3.239141532258066 
 1.194123532110086  0.655331458256879  2.310377064220178  4.148512844036715 
 0.352565328244276  0.102307792393554  1.426895504664967  1.600954113655632 
 1.589104273972609  1.157173068493154  3.250343835616425  2.501139452054802 
 0.939263597722957  0.001412395332067  2.780203225806449  1.997942694497158 
 2.229453307392988  0.382994254941634  3.159489494163437  2.147971206225687 
 1.637172853185599  0.234483758725761  2.341455678670356  1.292398669529084 
 1.254128058620689  0.355362955517241  3.781898965517252  2.588478620689649 
 1.915436546391756  1.164787340206189  4.506091752577316  3.269599999999999 
 2.266734615384616  1.521600699999997  3.771303846153851  4.443372307692296 
 2.537417714285713  1.863176571428571  2.843597142857141  2.131010057142854 
 0.931955755905512  0.415801745931759  2.764992650918630  3.136869553805784 
 1.957625316455694  0.443253568185655  1.335382012658228  1.748249789029538 
 1.857479619565216  0.296092749347826  2.076887499999999  3.324885054347829 
-0.238348132639792  0.068468981222366  0.805845552665805  0.591057233940185 
 0.759721785714287  0.153169193469388  1.110265952380951  1.178212244897960 
 1.220869195876291  0.675765443298969  1.629895917525771  2.395334845360820 
 1.009709654320987  0.189067237283950  0.867987697777777  2.113626419753082 
 1.923236338028170  2.107332394366197  2.827008920187792  3.633383568075111 
 1.119370580152672  0.195179829007634  1.312850916030535  3.069851653944026 
-0.449459170819490  0.070612218242697  0.480129099280177  0.522374024031010 
 1.501350578947370  0.060772030000000  2.855268421052632  2.755508947368419 
 1.098362397094432  0.651759612590799  1.872987651331720  1.521649346246972 
 1.274586037209303  1.875875813953489  2.550620000000000  2.465878604651163 
 1.784210383747179  0.593309345372460  2.394500451467267  2.299505643340858 
 0.493630636125654  0.107084404672775  1.936023298429319  1.306772329842932 
