 0.140655126434165  0.080996431669299  1.337400967378987  0.713907428571628 
 0.144821439004149  0.076524007565693  0.659818691286276  1.305940248962563 
 0.779173745454420  0.105812741345461  1.556099272727167  2.392612181818124 
 1.699953789473641  1.229840210526327  3.016123684210615  1.205907626315434 
 0.338051487870601  0.087002916698112  1.023416576819448  1.680589892183287 
 1.251306584415567  0.349441435584429  3.489720779220808  1.510284891775010 
 0.956814310645742  0.065286124607333  1.522250418848149  1.670760209424071 
 0.357791033613456  0.089150619863142  1.739016326530658  1.133064861944776 
 0.748753445714340  0.266856499142864  2.654309142856988  1.055001731428453 
 2.646204395604340  0.774472692307685  2.420901648351673  2.832050549450521 
 0.573973848606139  0.131957535589952  2.094641329011309  2.160702755267398 
 1.942098769230727  1.468790000000009  2.340832307692289  4.574270769230718 
 1.803466826347339  1.197753017964089  1.150659838323293  3.541732335329464 
 1.528630999999981  0.296245247368441  3.418551578947443  3.719656315789440 
 2.178694078947335  2.072705921052640  4.002040789473694  2.766638157894698 
 1.049202701169587  1.308952923976618  3.659288888888934  3.269884210526342 
 0.819797306733165  0.083059959002494  1.850454114713229  0.746817970573568 
 1.751957594936703  1.019994715189877  2.189195569620252  2.830143987341777 
 1.282330367816085 -0.074566391034481  2.049826666666646  2.129983448275911 
 2.228793333333333  1.306535999999996  1.483173747333330  2.113224666666660 
 0.929569391566278  0.056088298192772  2.009042771084313  3.003941265060224 
 1.142789463869458  0.643425547785537  2.771312354312351  1.920114685314683 
 1.941776415094335  1.163091383647794  4.214879874213841  1.824815094339634 
 0.142578307514450  0.076290214749518  1.273397668593455  1.275079913294797 
 2.403991525423737  0.894070235593224  3.653516949152558  2.930930508474581 
 1.180924910179632  0.433142295808380  2.282040119760475  4.149035928143734 
 0.396525247539151  0.122141907977629  1.594867897091718  1.720007718120794 
 1.603416752411583  1.160554630225082  3.263698070739532  2.507356270096469 
 0.894368105515584 -0.031758171678658  2.796239568345322  2.007884652278181 
 2.141606578947359  0.420755673771929  3.172172807017558  2.030139912280707 
 1.509859433962268  0.077961408584905  2.419712893081756  1.345066194968552 
 1.355162291666667  0.399253841250000  3.863940000000015  2.508497499999992 
 1.863924827586210  1.121034855172418  4.599844137931032  3.304371034482757 
 2.105919512195122  1.668978048780484  4.075865853658546  4.459741463414615 
 2.526870285714284  1.730092971428571  2.838090285714284  2.115433828571429 
 0.806062960573477  0.227639582795699  3.025277777777768  2.818545519713280 
 1.724674180327867  0.337212192868853  1.310202856557378  1.544656516393447 
 1.817322779922778  0.214545433436294  2.023336679536678  3.384329729729737 
-0.025719325530303  0.073263022184848  0.956756613636366  0.993848303030307 
 0.692906847290642  0.164282124532020  1.167918243021344  1.179325566502462 
 1.194103065476192  0.825454226190476  1.503103333333329  2.334052083333328 
 0.998241033210331  0.238715233948339  0.689378028044279  2.028535055350551 
 2.395310791366907  2.089790647482015  3.013015107913669  3.546172661870493 
 1.554151333333333  0.124433515466667  1.406952900000001  2.555095333333348 
-0.225274928157897  0.069048899078947  0.562254698245614  0.878511710526320 
 1.582785078534034  0.114670061780105  2.844010209424085  2.762253403141360 
 1.029472418604652  0.568809581395349  1.913915116279073  1.620888023255812 
 1.035154668161436  1.336990807174889  2.493530941704036  2.324901345291481 
 1.835575000000000  0.535907167816090  2.299302011494245  2.128482183908043 
 0.647106901004306  0.093334939411765  2.167604447632713  1.535047632711621 
-0.546621008100810  0.075903037890469  0.523943583528357  0.528001558955895 
 1.671299720670390  0.871093407821230  2.032208938547488  1.067263730167599 
 1.465838913043478  1.852283152173909  2.190689673913044  3.196067934782608 
 1.397018819875775  1.722067080745340  3.089731055900624  3.700977018633541 
-0.194427415914684  0.066975674930271  0.895419598031171  0.591236934372434 
-0.256704106371490  0.066745834589633  0.500535250539957  0.461550300431965 
 1.080129013452916  0.427368885201794  1.194590179372197  3.269132735426010 
 1.065142427983541  0.453976616255144  2.256528600823044  2.448737654320990 
 1.042103856655290  0.757762525597270  2.513340614334473  3.219676450511947 
 1.635515390625000  2.185025781250000  3.206982812500001  2.235601562500000 
 1.854440637450199  0.801521434262948  2.739531872509963  3.465847410358566 
 2.547112765957446  1.041893765957447  3.255214893617022  3.901719858156031 
 2.530429365079366  1.566025952380953  1.961930158730159  3.438887301587301 
 1.624108301886792  2.004233018867926  1.852984433962264  1.820260566037736 
 0.491989538860103  0.099226637746114  1.082415051813472  2.213362176165804 
