 0.037238897439745  0.078308121794682  1.145334623493937  0.765169955321374 
-0.356374187097719  0.069783680879551  0.579552995699233  0.579172438911628 
 0.956657358948363  0.216450815338730  1.125672151263843  2.380609908998957 
 1.684581435643553  0.806218042937298  2.855469471947222  1.332310491254014 
 0.366683964299604  0.093401338171205  1.127991817120638  1.615651605058364 
 1.478003525210081  0.483790029299724  3.577982212885164  2.402301540616288 
 1.196424973656486  0.302811229726030  1.484295226554259  1.377909462592188 
 0.400619895000004  0.088843992862764  1.652278510638313  1.087598219255317 
 0.985911001932384  0.087544312763286  2.741784154589324  2.216979710144884 
 2.166142708333311  0.667565085357139  2.469426041666674  2.754585863095232 
 0.618703967805003  0.119490300113835  1.866441230936802  1.930072494553368 
 2.163872727272713  1.622999272727279  2.537671298701294  4.154884935064925 
 1.604181943957978  0.730629586164628  1.553060390542889  3.532793520140135 
 1.324913784153001  0.393246177868857  2.896191256830614  3.527031420765021 
 2.222237696078423  1.941204240196081  2.987609313725494  2.363659705882343 
 1.800322827988338  1.468727504373180  4.251981924198263  3.526430903790104 
 0.847187735483869  0.202869450073733  2.455272165898625  1.256726054377878 
 1.301672765481169  1.657231631799164  2.823616317991632  3.207960460251046 
 1.563550890868591  0.212839895144767  1.990756670378612  2.068092538975517 
 1.878342651685397  1.429373685393256  1.542426429438202  2.241310089887640 
 0.983269900100908  0.209174097537841  1.992437941473254  2.849993239152366 
 1.147138303155008  0.990556694101505  2.493418930041158  2.283375857338822 
 1.915466838709677  1.362746129032257  4.091340645161288  1.965051580645162 
 0.001515482427964  0.073313805729334  0.777187554936230  1.118721143127070 
 2.457799999999998  0.946737653867404  3.396863535911602  3.391837845303872 
