 0.087764662039015  0.079794106274411  1.206515195227676  0.662571259219282 
 0.050525964619615  0.074876334059575  0.691073445279541  1.118373547204338 
 0.613618908505807  0.126502356841420  1.454698086500578  2.236922018348579 
 1.758905025125587  1.235915276381922  2.886563819095561  1.180256003517248 
 0.342576472148522  0.087632260066311  0.864986913793141  1.751995623342178 
 1.255564301829257  0.479712492439034  3.385655792682949  1.527228685975692 
 1.031112639344278  0.063480779344265  1.620463295081947  1.635455803278673 
 0.258298202318240  0.081841114899891  1.582406006322482  1.017626111696521 
 0.736027960784354  0.204542672113294  2.598510457516224  1.202110982570716 
 2.443717499999968  1.249205321428568  2.156341071428588  3.007163571428552 
 0.625486908622739  0.130485016166467  2.078699520958053  1.996259281437106 
 2.105660893854719  1.259781363128499  2.308040670391048  4.397641899441302 
 1.677225345622144  1.235419493087572  1.169193838709631  3.468482488479359 
 1.741370795847737  0.453147401384096  3.235303806228419  3.686852941176448 
 2.031786719576693  2.160558201058208  3.875219047619055  2.593852910052878 
 1.153655575378786  1.403868257575765  3.438455303030332  3.447545833333353 
 0.832732900990097  0.119992713514852  1.881695297029714  0.704020101980199 
 1.409119815303425  1.146369920844328  2.275322427440631  3.087798680738788 
 1.351182195608776 -0.045451674970058  1.932595409181619  2.264946706586867 
 1.958831958762886  1.589999484536079  1.541576928350512  2.049164123711336 
 0.849567556325830  0.141281416741768  2.112230155979189  2.750419237434998 
 1.029775842592589  0.687601277777770  2.571527222222221  2.139277222222218 
 1.956934126984123  1.133564708994706  4.165406349206354  1.866817777777787 
 0.051164460000000  0.076655869109434  1.112307901886794  1.182903079245284 
 2.554938095238103  1.084514722222225  3.264716666666678  3.257874603174606 
 1.090071249999992  0.500179925892855  2.261348660714282  3.993350892857161 
 0.343513011168386  0.098395665671822  1.442096048109961  1.597848711340197 
 1.581346539509543  1.161418392370575  3.250728337874646  2.501489373297010 
 0.921490361165045 -0.006970992601943  2.778453203883494  2.011040582524277 
 2.269201176470581  0.431613820862744  3.189866666666679  2.151146274509810 
 1.597777479892765  0.177120893914209  2.394615817694367  1.349768774798927 
 1.271833476868327  0.362363897508897  3.799132740213535  2.571630249110314 
 1.894411117021279  1.151952202127662  4.504209042553188  3.250212234042552 
 2.296536000000001  1.541355447999997  3.869012000000006  4.403051999999986 
 2.541383522727271  1.860285795454545  2.845477840909089  2.134173068181815 
 0.917729728291316  0.382564092717087  2.856336974789910  3.060737535014018 
 1.965924789915964  0.447011943529412  1.365431962184874  1.729064873949582 
 1.873191111111110  0.296107103500000  2.070459444444445  3.310728611111115 
-0.201287495216548  0.069943260265029  0.851722501616035  0.673756683904333 
 0.751030657894738  0.156087567697368  1.132090378289472  1.195714539473685 
 1.227857218683653  0.687471358811040  1.629765817409765  2.396858174097659 
 1.045377296587927  0.203814281364829  0.839001799475065  2.124335958005247 
 1.949963611111112  2.105200925925925  2.799640277777776  3.696328240740733 
 1.127124772117962  0.213126078552279  1.296673485254692  3.065082573726549 
-0.268801377384198  0.062923989700272  0.486747451680290  0.798573878292466 
 1.542608675675677  0.075053871891892  2.863925945945947  2.744702972972970 
 1.083577142857144  0.619475714285714  1.863793367346940  1.531541326530610 
 1.295063504504505  1.896851801801802  2.537234234234234  2.506646396396397 
 1.796291142191143  0.593764354312354  2.399291608391607  2.306444055944056 
 0.536767595084088  0.107092756416559  1.976602457956018  1.382469340232858 
-0.452421351515151  0.073023644367461  0.528182960606062  0.460734149212121 
 1.558016474358974  1.199693910256410  2.180503846153847  1.492398589743589 
