 0.021332704531680  0.075456162129919  1.240999184289910  0.627551983383952 
 0.275858407239819  0.097167865090488  0.752037386877776  1.596220588235143 
 0.769994723404109 -0.034257789702120  1.681126382978598  2.194362340425466 
 1.769281553398018  1.073404320388361  2.684944660194257  1.850630097087051 
 0.203111503324791  0.084979414335037  1.209147493606180  1.448326982097189 
 1.220970052083312  0.100950883854182  3.458554687500039  1.874433333333477 
 0.738995060827273  0.069603622116793  1.112454549878325  1.494000973235991 
 0.408541884726250  0.097207573746389  1.771832853026048  0.667058306051865 
 0.597957312280769  0.155844843508780  2.610695087719114  1.273474245613886 
 2.762965354330631  0.806211354330698  2.430340157480352  2.924454330708623 
 0.564004306728950  0.166947333885981  2.114345607476594  1.832034953271002 
 2.152603030302947  1.471511212121229  1.699807878787843  4.462601515151414 
 1.995459444444508  1.128310444444477  0.973628811110998  3.290561111111338 
 1.408488333333298  0.228046407407442  3.536893518518651  3.783606481481420 
 2.525366666666603  2.246834567901252  3.919634567901249  2.361713580246838 
 1.543867862595413  1.025014198473296  3.890322900763420  3.514335114503847 
 1.070651330049256 -0.014935606896552  1.852864532019727  0.912524384236455 
 1.884306550218334  1.085025895196514  2.279520087336241  2.767941048034946 
 1.049058696629208  0.023791958202249  1.865079775280882  1.664740674157348 
 2.313674399999999  1.274881039999996  1.537973999999996  2.056024799999995 
 0.996529212598441 -0.014096734251967  1.927817716535401  3.070038976377923 
 0.816706799999984  0.676560146341442  2.857990243902436  1.832124390243900 
 1.992859894736835  1.064170526315781  4.430600000000003  1.857221684210544 
 0.202679301383646  0.070321704646540  1.494175471698125  1.097967509433960 
 2.519763571428584  1.018079785714291  3.767882857142878  2.917918571428580 
 1.070367741935470  0.282356237096770  2.233156451612899  4.035262903225838 
 0.378068887784091  0.099981004306819  1.593495738636357  1.709849005681805 
 1.723464853556494  1.136672050209205  3.280003347280311  2.583612552301268 
 0.704290951807225  0.029800623524095  2.658431927710831  2.280232228915664 
 2.169493939393933  0.415208669292929  3.166633838383856  2.098883838383845 
 1.813852258064521  0.038728633548386  2.369843225806433  1.380682387096769 
 1.536815304878048  0.440279306097560  3.998477439024413  2.521102439024379 
 1.868186746987959  1.058477518072296  4.793446987951800  3.344986746987952 
 2.253381081081082  1.741568783783780  4.268318918918929  4.200004054054038 
 2.489370634920636  1.693726746031746  2.747793650793654  2.369653174603173 
 0.894129613496934  0.465336210429448  3.438776687116551  2.825959509202489 
 1.567520754716978  0.191038044402516  1.178684088050315  1.406469937106927 
 2.077777064220178  0.289133424403671  1.787123669724773  3.679261467889911 
 0.015903973422958  0.076461996902792  1.078290568769394  1.072573485005175 
 0.566076767955807  0.109599875966851  1.057677458563529  0.885452983425415 
 1.365324409448820  1.440740472440945  1.580925196850384  2.645355118110221 
 0.837268545454543  0.092896787272727  0.656781325454542  2.121579545454544 
 2.403412598425198  2.006257480314963  3.080855118110236  3.511661417322820 
 1.551136597938143 -0.005069172680412  1.292234742268037  2.528189690721674 
 0.043082749509113  0.074959292847125  0.656169900140252  1.179829929873785 
 1.385771923076924  0.527623660256412  2.795061217948720  2.426388782051283 
 1.068069863636363  0.895206590909090  1.977662727272731  1.919566363636356 
 1.020548535211271  1.224053943661972  2.515035680751176  2.587840845070423 
 2.098641463414635  0.332823229268289  2.134377439024375  2.379864634146333 
 0.458614016423360  0.073621840620439  1.949006386861316  1.268135364963503 
-0.589389442934782  0.091986414940640  0.488391630842398  0.524771008152173 
 1.757714285714284  0.841250642857144  1.920238142857147  1.094009785714286 
 1.479076030534349  1.930746564885490  2.334701526717561  3.114520610687025 
 1.298720249999999  1.311486249999998  3.126345625000002  3.566455624999997 
-0.224370705250597  0.069565897862769  0.848802852028637  0.888969164677801 
 0.028453056761566  0.076889581476868  0.775528985765128  0.652064848398577 
 1.149935408805034  0.382495874213837  1.097421635220123  3.324848427672960 
 1.267752300000001  0.559424633333333  1.744213999999997  2.617389666666667 
 0.925481468503936  0.453091504724410  2.641416929133864  3.147522440944882 
 1.661697368421051  2.163388596491230  3.122260526315790  2.259567543859650 
 1.752863440860214  0.913164677419356  2.687651075268821  3.407839784946240 
 2.560271111111111  1.124358896296297  3.152023703703704  3.881797777777779 
 2.475319642857142  1.707113392857144  1.978939285714285  3.368358928571427 
 1.740563978494624  2.119309677419356  1.935919462365590  1.786503440860216 
 0.385206419501133  0.096443669523810  1.128770521541949  2.014935827664407 
 1.904338011695909  0.256904989473684  3.045291228070178  2.961363157894726 
 2.637345454545454  1.402081818181817  3.258704545454545  1.353038787878788 
 1.328702000000000  1.127940999999999  1.736526400000000  3.567996000000006 
 1.034977111111110 -0.186098181644445  2.593149777777784  1.678397777777777 
 1.390321098265897  0.461219744046242  3.231158381502891  1.230195658959538 
 0.746275159851301  0.190002557249071  1.275138289962826  2.630794052044611 
 1.386041271477665 -0.074623000206185  2.159122336769757  2.333604123711337 
-0.268405135355893  0.064899436709452  0.473006473745624  0.815206009334889 
 0.961932295514513  0.373424091556728  1.397328786279686  1.936987071240109 
 0.922223354444444  1.648251111111112  3.476842222222222  2.903052222222221 
 1.705417549019608  1.928714705882353  4.094778431372546  2.943574509803923 
 2.235083333333332  1.464620952380952  3.023571428571431  5.114966666666667 
 0.721590353200883  0.278225981183223  1.532861810154525  1.277527417218541 
 0.470353154824903  0.252316582101167  1.951556420233464  2.479465758754863 
 1.570676859504133  0.348045265702479  2.235222727272728  3.109871900826446 
 1.345667555555556  0.415149882539683  2.474970158730161  1.885979047619048 
 1.370797089552239  1.203131417910449  3.697743283582089  1.794871716417910 
 0.964685835777125  0.363277993137830  2.204990029325517  2.378466568914960 
 1.552250400000001  1.402695199999999  2.818419999999999  1.023393779999999 
 1.518729090909091  2.297984415584414  2.849699999999999  3.946233766233765 
 1.042924336283185  0.298364314159292  2.566861946902656  0.577278846902655 
 1.369398556701030  1.165444329896907  2.590264948453608  4.305238144329897 
 1.468862421052632  0.851742210526316  0.825915190526316  2.105532631578947 
 1.653948401826484  0.490808063926941  1.655258447488585  1.926668949771689 
 2.046894444444444  0.276988314814815  2.806159259259259  3.823479629629629 
-0.335070088036117  0.063835889762980  0.802306083521446  0.519530230248307 
-0.305592394846797  0.054993167005571  0.463183761838440  0.424992469916434 
 1.259644593023256 -0.197909420930233  2.928094186046510  2.784394767441862 
 1.016470690909092  0.470604222545455  2.213596727272727  1.300463490909092 
