-0.179939061007570  0.070671522146099  0.835334690176282  0.674006972191523 
-0.411219230980559  0.069245448071135  0.500070891504639  0.555367634573092 
 0.888764022012472  0.178067035487428  1.052396967924438  2.404622169811268 
 1.675381606557350  1.236694131147549  2.769542622950871  1.289403403278466 
 0.388273174311914  0.095104307513760  0.944814467889937  1.721903486238536 
 1.041045603448269  0.321827698754795  3.099063409961704  1.456942894636069 
 0.945236540540549  0.191658288594597  1.393262508108096  1.457576010810800 
 0.143775629556968  0.081333217284175  1.270679943037998  0.839997084810127 
 0.654619344246977  0.126344659840975  2.205835921421840  1.504921478016798 
 2.113388559322015  0.855402663135590  2.244237711864417  2.784616313559313 
 0.581227247425484  0.126690469361755  1.735120612582761  2.062981374172180 
 2.239209293680278  1.756659702602236  2.234084089219322  3.866311524163543 
 1.575595063291153  0.947234699367098  1.171475268987312  3.297244620253228 
 1.756462575757564  0.449460957878799  3.233566666666709  3.639625757575739 
 1.964515555555534  2.177473931623938  3.714357692307697  2.603223931623906 
 1.242723706333331  1.486617266666673  3.280704333333358  3.531813000000018 
 0.584594210918115  0.112247615441687  1.865955955334996  0.848564424565756 
 1.336962537530263  1.569274261501214  2.265242372881354  2.879789830508472 
 1.367101531664203  0.022029276494846  1.894835493372597  2.251521060382943 
 1.927102636363637  1.606945954545452  1.584950291363633  1.953137909090906 
 0.914720027480920  0.236593730992367  1.838088763358768  2.907842290076331 
 1.145294953020133  0.716575355704692  2.224600939597312  2.117062147651004 
 1.933766079999998  1.025322171999997  4.068275200000004  1.837581996000007 
 0.026245560190074  0.075175169598205  0.792294500422388  1.146945279831049 
 2.618074007220222  1.005247868953071  3.232351624548746  3.139732129963900 
 1.280846846153842  0.672864853461537  2.267987615384611  4.159750769230779 
 0.283225287414755  0.087796484247985  1.463940793552384  1.395423124612521 
 1.419846919354843  1.148150230414749  3.190025576036856  2.435271889400926 
 0.849036459530024  0.059769807859007  2.587393733681457  2.221085900783289 
 1.902292968749999  0.308430563515625  2.836354296875004  2.117204101562506 
 1.468089942748094  0.293877482175572  2.179318893129770  1.191238654007632 
 1.310117168865436  0.320729915831135  3.694502374670190  2.580106068601580 
 1.892509695652176  1.217408843478262  4.478477826086954  3.283960434782608 
 2.240156571428571  1.663378171428569  3.522487428571432  4.361727428571421 
 2.466486521739130  1.810333913043479  2.778589130434781  2.223131999999996 
 1.106553269097220  0.305925918750000  2.762815277777777  2.991604166666668 
 1.689051065989848  0.524847819543148  1.296204611675126  1.890607131979697 
 1.791749723756905  0.235742206519337  2.072879558011050  3.366220718232048 
