 0.130905139282485  0.079717448966157  1.080605097698537  1.103207608754556 
-0.300585032541622  0.069829213608503  0.633239447968919  0.629779486170909 
 1.352792821014451  0.402466940043483  1.773042980434739  3.248969347826058 
 1.255323657859973  0.376643392384415  2.825175759577284  1.477883845904842 
 0.710088375588693  0.152370014858712  1.183351586577719  1.960133948194653 
 1.962962047531990  1.391962127879344  3.545850731261430  2.210290274223047 
 1.791778486204329  1.049610585533185  1.929109715958243  2.089078061148385 
 0.623591587625757  0.132607629228034  1.808268051643196  1.229763251576120 
 1.356949852856317  0.400097771783036  3.003673456433925  2.788141431044418 
 2.031471401151628  1.482861343570055  2.384019990403070  3.559017946257195 
 0.881933345499240  0.159503468753430  2.107704687499987  2.185937766768297 
 1.810865647518607  1.238151834987594  3.776024069478906  3.669453101736974 
