-0.156417471014509  0.070749699622588  0.908924106280143  0.634647447946966 
-0.133221868604651  0.070173523044328  0.572225534011613  0.945796329941814 
 0.650576278903376  0.144767243110851  1.435670429082170  2.231314541120340 
 1.679724557377022  1.224354327868861  2.769245901639397  1.286414714753876 
 0.335764134615369  0.083559554508545  0.921027642094048  1.738561858974364 
 1.090071993135002  0.334765740160190  3.196228146453109  1.464125448512648 
 1.035636707466351  0.228171488616893  1.681087882496923  1.594796609547113 
 0.148617016146653  0.079804181227767  1.367744547581928  0.845927472698907 
 0.647284532722538  0.161872081858641  2.342998036649147  1.412209698952823 
 2.100805689277881  0.915030527352294  2.270342013129115  2.795071772428875 
 0.585329534019807  0.100925782675110  1.985134581497769  1.983009251101304 
 2.267786742424222  1.759021818181823  2.358868939393930  3.884837499999974 
 1.781984663865568  1.236591848739509  1.239895852941135  3.418027731092524 
 1.758503745928325  0.442931642019556  3.252140065146624  3.678554723127015 
 1.969470608695630  2.182752173913050  3.720715652173918  2.605294347826061 
 1.245848160738253  1.484127281879201  3.279015100671165  3.533420134228206 
 0.613272224606582  0.108299979894135  1.898849356223183  0.854515674105866 
 1.315310601583109  1.596202163588394  2.300393667546173  2.877946965699206 
 1.402953073248400  0.028838156114651  1.931771974522281  2.307951114649712 
 1.857587960199006  1.677290049751241  1.619294697014922  1.936460696517410 
 0.832551551056344  0.197655722992958  2.049529401408441  2.869389788732390 
 1.152530984528831  0.732022067510542  2.247421659634314  2.145962869198308 
 1.949746885245900  1.027594274590161  4.067567213114757  1.837391594262302 
 0.065799700249066  0.077885832496887  0.975938897882941  1.181133001245334 
 2.624578326996203  0.991201215589356  3.261590114068451  3.144074144486694 
 1.269555703422049  0.678706128897337  2.274839087452467  4.155884790874536 
 0.331976892828147  0.094022593506090  1.527887009472260  1.460896075778069 
 1.433301767605639  1.158703286384980  3.204145539906094  2.441165023474182 
 0.904416474226802  0.053132871737849  2.665773932253308  2.174049337260677 
 1.909088008130081  0.324995553902439  2.874304674796753  2.151769918699193 
 1.509228997772831  0.276486571625835  2.258569933184853  1.170096647438752 
 1.290044758720930  0.339395404360466  3.735346220930239  2.593876162790695 
 1.882059424778763  1.212287805309736  4.463453539823005  3.254567256637167 
 2.249574375000000  1.667843624999997  3.640478125000003  4.389702499999991 
 2.479055555555555  1.811268000000001  2.775912888888888  2.213670044444441 
 1.160272870201095  0.322110667641682  2.819786837294332  2.988081718464355 
 1.840951622418878  0.584738341592921  1.405405094395280  1.854192153392333 
 1.820579120879120  0.260178430659341  2.115430494505496  3.362649175824179 
-0.432361198019802  0.069648379437204  0.518537488590289  0.514408488165960 
 0.771310697305864  0.148443422725832  1.137100729001585  1.167929809825675 
 1.197534180138569  0.377017683602771  1.294286004618937  2.992800923787528 
 1.047138491484185  0.226335262287104  0.856239381021897  2.111500729927009 
