 0.139233074656782  0.082453076825773  1.334841055966124  0.732670817318033 
 0.144782338035961  0.078142154038722  0.666421263900384  1.323456749654126 
 0.755492476377817  0.124936356692920  1.509710629921145  2.400192125984186 
 1.699953789473641  1.229840210526327  3.016123684210615  1.205907626315434 
 0.348493201863332  0.090229608059004  1.004426086956566  1.777787577639748 
 1.251306584415567  0.349441435584429  3.489720779220808  1.510284891775010 
 0.957077403508790  0.059223558596495  1.527000508771912  1.678782280701742 
 0.355566852668224  0.090199636132247  1.728787470997723  1.133824153132248 
 0.749098792022846  0.266049164387471  2.653581196581043  1.053815715099597 
 2.646204395604340  0.774472692307685  2.420901648351673  2.832050549450521 
 0.585154399672878  0.125734768690031  2.079691433021773  2.171030996884711 
 1.942098769230727  1.468790000000009  2.340832307692289  4.574270769230718 
 1.803466826347339  1.197753017964089  1.150659838323293  3.541732335329464 
 1.528630999999981  0.296245247368441  3.418551578947443  3.719656315789440 
 2.178694078947335  2.072705921052640  4.002040789473694  2.766638157894698 
 1.049202701169587  1.308952923976618  3.659288888888934  3.269884210526342 
 0.819701455847254  0.085439982243437  1.831845346062064  0.752726410978522 
 1.751957594936703  1.019994715189877  2.189195569620252  2.830143987341777 
 1.278247981859403 -0.073980774376416  2.040038095238074  2.138829024943359 
 2.228793333333333  1.306535999999996  1.483173747333330  2.113224666666660 
 0.930534489795931  0.057786997376094  1.989092128279860  2.986665597667622 
 1.141685243619483  0.640466798143841  2.772528306264498  1.920701392111367 
 1.941776415094335  1.163091383647794  4.214879874213841  1.824815094339634 
 0.155027938319482  0.076978443961219  1.258455244690680  1.315774976915975 
 2.403991525423737  0.894070235593224  3.653516949152558  2.930930508474581 
 1.175651823529403  0.424528202352938  2.286963529411761  4.139452352941198 
 0.399670478206584  0.123917032045404  1.596858002270142  1.721890351872861 
 1.603416752411583  1.160554630225082  3.263698070739532  2.507356270096469 
 0.895382380952378 -0.031134770452382  2.790223333333331  2.007209285714289 
 2.141606578947359  0.420755673771929  3.172172807017558  2.030139912280707 
 1.506015789473688  0.080716742817337  2.417671517027859  1.349784984520122 
 1.355162291666667  0.399253841250000  3.863940000000015  2.508497499999992 
 1.863924827586210  1.121034855172418  4.599844137931032  3.304371034482757 
 2.105919512195122  1.668978048780484  4.075865853658546  4.459741463414615 
 2.526870285714284  1.730092971428571  2.838090285714284  2.115433828571429 
 0.805289483870968  0.225691041577061  3.023681003584219  2.821936917562742 
 1.718673895582328  0.338798534377511  1.302768060240965  1.547338514056229 
 1.816216153846152  0.213619151000000  2.021932692307690  3.383154615384623 
-0.023888693463561  0.073041973015777  0.952640646130732  0.997930803906841 
 0.682090440251574  0.151953536855346  1.140300361635218  1.217801383647798 
 1.199076114457833  0.825560692771084  1.494410753012043  2.332721084337343 
 0.977811413043477  0.230697066666666  0.697676397101448  2.041062318840578 
 2.395310791366907  2.089790647482015  3.013015107913669  3.546172661870493 
 1.555825838926174  0.124192629664430  1.410068355704699  2.547780536912767 
-0.224511156419216  0.069013327467249  0.562222616593886  0.879355615720529 
 1.577114948453610  0.116120138144330  2.842431958762888  2.759188917525772 
 1.027155397196262  0.573051962616822  1.899708644859816  1.614815070093456 
 1.039860325688074  1.345834128440368  2.499045412844037  2.320319266055048 
 1.833317714285715  0.535954441142855  2.300896857142849  2.129628285714283 
 0.647564191279889  0.095794297848102  2.168100421940930  1.539459353023910 
-0.546525017985611  0.075859061237689  0.524147384262594  0.528161602517985 
 1.671299720670390  0.871093407821230  2.032208938547488  1.067263730167599 
 1.465838913043478  1.852283152173909  2.190689673913044  3.196067934782608 
 1.397018819875775  1.722067080745340  3.089731055900624  3.700977018633541 
-0.192994741224490  0.067152372032653  0.896183053061223  0.590849528979589 
-0.256704106371490  0.066745834589633  0.500535250539957  0.461550300431965 
 1.090835906976746  0.436362749767442  1.193553395348836  3.280030697674419 
 1.058757910750509  0.468954230223124  2.242001825557808  2.448860649087223 
 1.041569897610921  0.758637883959045  2.512063481228671  3.219251194539251 
 1.635515390625000  2.185025781250000  3.206982812500001  2.235601562500000 
 1.854440637450199  0.801521434262948  2.739531872509963  3.465847410358566 
 2.547112765957446  1.041893765957447  3.255214893617022  3.901719858156031 
 2.530429365079366  1.566025952380953  1.961930158730159  3.438887301587301 
 1.624108301886792  2.004233018867926  1.852984433962264  1.820260566037736 
 0.514905636704120  0.069465131348315  1.097937528089887  2.274510112359550 
