 0.019044450425847  0.077576398722328  1.231755553662554  0.595852304940675 
 0.250661224242424  0.092530709181805  0.670194136363567  1.628810606060407 
 0.949412040816126 -0.030993730787162  1.768108746355516  2.265210495626735 
 1.739361827956944  1.115991935483883  2.825580107526974  1.908446774193186 
 0.154481348830389  0.080583244020466  1.172875029239814  1.381760233918131 
 1.175908249999974  0.066498548125019  3.471356250000047  1.866251250000173 
 0.591188721461208  0.111963276689503  1.064616255707743  1.440679452054776 
 0.399675267148047  0.104859394548725  1.757623465704111  0.615867155956669 
 0.626748977186384  0.128486807984799  2.679429657794476  1.336483916349648 
 2.760479816513669  0.912524651376135  2.434422935779859  3.067909174311881 
 0.638096978857109  0.035214996511428  2.275282285714222  2.012285142857101 
 2.181793617021160  1.631767446808534  1.612613191489312  4.523525531914751 
 2.197176623376698  0.926837012987050  1.125388636363504  3.275689610389875 
 1.499605411764660  0.262222011764750  3.648871764706051  3.790472941176391 
 2.675571830985842  2.173295774647908  3.894295774647905  2.516066197183012 
 1.512295794392515  1.018697943925251  3.972337383177645  3.430536448598168 
 1.100971206896546 -0.015580950000000  1.902855747126463  0.874183218390807 
 1.873887368421044  1.115790421052640  2.318148421052627  2.911546315789487 
 1.066892513227506  0.039346505291007  1.937576190476172  1.657906084656136 
 2.494165625000000  1.367135312499992  1.406347953124991  1.760185624999993 
 0.933751980676349 -0.046254870531399  1.929850241545853  3.005146376811558 
 0.784175258823510  0.720754058823503  2.826375882352936  1.806042941176466 
 2.052624545454537  1.175637818181810  4.269734545454547  2.071381818181833 
 0.173978254197346  0.082164214114874  1.495128276877774  1.059331723122240 
 2.520494827586222  0.977962068965523  3.784918103448300  2.949652586206907 
 1.117186979166650  0.370309139583327  2.040419791666659  4.104027083333373 
 0.307357215909091  0.103347513509741  1.530478246753237  1.543464610389597 
 1.828752795031069  1.225325341614907  3.164611180124187  2.669050931677037 
 0.722591411764702  0.041544023529410  2.757571428571410  2.337485294117644 
 2.003852287581691  0.348854489019607  3.265095424836625  2.003045751633997 
 1.812763087248327  0.058452954362415  2.379465100671122  1.373565167785230 
 1.692758526315788  0.200835514736840  4.102616842105296  2.546494736842087 
 1.850460000000008  1.064398186666675  4.823109333333326  3.351277333333333 
 2.420940000000002  1.929222222222217  4.417660000000019  3.992433333333305 
 2.371738345864662  1.793818045112783  2.756516541353387  2.379782706766915 
 0.791375427272729  0.332909256363637  3.557828181818160  2.868980909090961 
 1.745065979381439  0.095458700618558  1.315080824742269  1.317253711340222 
 2.198621126760553  0.206832707887326  1.812047605633808  3.879209859154932 
-0.029013482910547  0.074922193851802  1.117095887850474  0.999668451268364 
 0.392512535211273  0.098296385408451  0.932785830985910  0.877107774647887 
 1.366371344537817  1.421024873949581  1.652295966386544  2.719487394957967 
 0.747693557692305  0.097642116346153  0.682439699999996  2.177366346153843 
 2.563810714285717  2.143561904761907  3.072122619047616  3.598054761904738 
 1.538304301075267 -0.010241750000000  1.274433387096770  2.534658064516155 
 0.040470714285710  0.072292074181547  0.814311979166664  1.206524107142871 
 1.215640088888889  0.513973404444447  2.933672000000000  2.360035555555561 
 1.273793035714286  0.994400178571428  2.081312500000006  1.907219047619038 
 0.992897698795185  1.247801506024095  2.548831325301205  2.495981325301204 
 2.292089830508473  0.331595457627113  1.988983050847438  2.455352542372868 
 0.442062172093026  0.089696678418605  1.975371627906977  1.117231395348836 
-0.592845573065903  0.092474543553009  0.497186710601727  0.484870790830944 
 1.776668702290074  0.844207557251909  1.992906870229012  1.131141832061069 
 1.497624210526313  2.066388596491221  2.416222807017550  2.945084210526319 
 1.044740377358490  1.163872075471696  3.188787735849059  3.606767924528295 
-0.237197611825193  0.067953766849615  0.829064820051411  0.877713727506422 
-0.029423357699115  0.072769452336283  0.764547699115048  0.642061270796460 
 1.079304955752217  0.394933203539823  0.934721132743359  3.309156637168148 
 1.244989715447157  0.580864308943089  1.683517886178857  2.658634146341467 
 0.792493969135801  0.460330333333334  2.419340123456800  3.101105555555556 
 1.687920879120878  2.239626373626376  3.410199999999999  2.014434065934066 
 1.763554609929078  0.818354397163122  2.510091489361707  3.594926950354611 
 2.710937209302325  1.097856523255814  3.338946511627908  3.890458139534883 
 2.484464285714286  1.861955714285715  1.844087142857142  3.146402857142853 
 1.701739634146341  2.132419512195124  1.897565975609754  1.755232195121952 
 0.338554465168539  0.109705615707865  1.131423662921346  1.927433932584277 
 2.020261068702295  0.188968307633588  3.048211450381685  2.889510687022886 
 2.667055000000000  1.417590833333332  3.263484999999999  1.324237500000000 
 1.418180930232559  1.348117325581393  1.380316976744187  3.709427906976754 
 1.108861944444443 -0.217318599277778  2.603188333333342  1.692848888888887 
 1.371347560975610  0.432950973902438  3.170396341463414  1.272592865853658 
 0.710831014084507  0.133610720070422  1.288057112676057  2.579975704225352 
 1.477255294117650 -0.042764061019608  2.206842745098036  2.312554509803918 
-0.060701655863541  0.075531323432836  0.463063212793177  1.035193049040513 
 0.997195494071149  0.512716679841898  1.377135533596844  2.014150592885381 
 0.945389465555555  1.671015555555556  3.469397777777776  2.828563333333332 
 1.704052692307693  1.938569230769231  4.043078846153841  2.948423076923079 
 2.257386842105261  1.470654736842105  2.929673684210529  5.149955263157895 
 0.670765737179484  0.098285599121795  1.374570128205135  0.972197692307692 
 0.462075211220658  0.248359544600939  1.991113615023476  2.513075586854458 
 1.621258461538462  0.209328451282051  2.279778461538461  3.132748205128205 
 1.317816712328768  0.407624503424658  2.488362671232877  1.855456164383561 
 1.284339439252338  0.982015794392525  3.705647663551403  1.790092523364486 
 1.034231590106008  0.360484239081272  2.284245936395766  2.494726148409899 
 1.554216893203885  1.387976213592232  2.808039805825242  1.044400757281553 
 1.471119078947369  2.293082894736840  2.852863157894736  3.921122368421051 
 1.025042280701753  0.317133407894737  2.595967543859650  0.590933067543859 
 1.197133636363636  1.158154454545455  2.630740909090908  4.419398484848488 
 1.576952705882354  1.024904117647059  0.886978401176471  2.389912941176469 
 1.624941747572815  0.445050951456310  1.642497087378642  1.918555825242718 
 2.116913829787235  0.345751117021276  2.915255319148936  3.866008510638299 
-0.338457673280422  0.063577335357143  0.815441216931218  0.496487156084657 
-0.278360539772728  0.062346691250000  0.446719258116883  0.425126565259741 
 1.270540337837837 -0.202217737162162  2.921245270270267  2.725208783783787 
 0.996965391304349  0.477412160869565  2.261547391304349  1.279763347826088 
 0.987324396135264  0.561091545893719  1.547339951690820  1.321066328502415 
 0.934606485507247  0.002863567282609  1.297848768115940  1.838098550724640 
 0.482330021367521  0.090798582264957  1.651285897435897  1.996088675213672 
 1.604651388888888  1.175225833333333  4.229227777777780  1.024086916666667 
 1.441863953488371  0.834853139534884  3.588587209302327  2.561722674418604 
 0.827203598484848  0.527284166666666  1.964953787878791  2.065365909090912 
 2.315555208333334  1.450905625000000  2.423321875000000  3.890612500000000 
 1.373090894736845  0.541901605263157  2.946206842105262  3.072672105263155 
 1.666080444444447  0.591171111111111  2.475445333333331  2.442801333333334 
 2.582724742268042  0.705212327835052  2.896671134020618  2.245003092783505 
 1.176954074074074  1.240087407407409  2.268195555555555  3.315679259259260 
 0.705642410256411  0.057627980641026  1.621392307692307  1.433352564102564 
 2.086581355932202  1.173762288135593  1.835581355932204  2.311334745762714 
 1.830351063829787  1.433172482269503  3.177753191489363  3.496295744680852 
 1.837880434782609  1.355663260869565  3.964771739130434  4.462376086956523 
 1.436263205128205  0.376208865384615  1.665324358974359  3.322833974358972 
-0.354256621250000  0.056645776082888  0.494640405375001  0.743110475000000 
 0.484855353980099  0.156548135323383  2.067951243781094  1.594140796019901 
 1.073475865384615  0.106398175961538  2.813711538461536  3.655146153846154 
 1.253327478991596  0.359349589075630  0.749251294117647  1.586977647058825 
