 0.016843404715665  0.075896765940085  0.951583195006913  0.968447877392560 
-0.344446697231361  0.069689032929360  0.589395784018633  0.588133063925423 
 1.042318577385672  0.217164414755417  1.438002433841171  2.735988612670376 
 1.790351574675312  1.116583524350652  2.580495779220805  1.472828270616772 
 0.419412288429383  0.101949910197976  1.073166067575908  1.688884843818742 
 1.586650893561101  0.596342762601842  3.683443363994756  2.040878224704377 
 1.382777084837550  0.385260173790616  1.465900125451261  1.615795523465692 
 0.410326142574262  0.093821483272276  1.611915156765684  1.060474620132009 
 0.963025056530229  0.190767228421054  2.872417056530183  2.616810136452183 
 2.321101481481461  0.667903290518517  2.756653629629633  2.894509037037029 
 0.641939004632315  0.117714248674005  1.895742014051505  1.951399672131140 
 2.153251465863444  1.624238493975906  2.719276204819271  4.079124096385543 
 1.865654542772869  1.341371194690269  1.584984066519160  2.845079351032473 
 1.395487878787876  0.436181960209793  2.363449277389285  3.630656526806523 
 2.221971814254852  1.939235248380131  3.472495248380131  2.376509848812090 
 1.808032846580407  1.122366210720889  4.096580961182992  3.488419223659891 
 0.936116809182208  0.209979417022956  2.535575681492115  1.339792050215208 
 1.253178248148147  1.460329533607682  2.825456927297668  2.882310562414264 
 1.418334387291980  0.365689078623299  2.296302118003023  2.282266187594553 
