 0.058750778171859  0.079100680791278  1.252248212823901  0.627804207367227 
 0.159585296528925  0.076262478793381  0.666767014545417  1.378016528925508 
 0.728303234836596  0.099822581664080  1.500762674961030  2.157930015552050 
 1.631521774891741  1.192747316017325  2.720748051948125  1.611403376623083 
 0.268220736194880  0.087566501148491  1.152099640371267  1.456511716937355 
 1.195808443999985  0.207111741600012  3.426949200000029  1.774646000000111 
 0.835496112026377  0.125100345924221  1.381087742998339  1.453331861614485 
 0.441335424849717  0.107368774789573  1.814037875751581  0.818244846092179 
 0.770772345276935  0.265294968729649  2.621185342019369  1.018238517915173 
 2.650213609467396  0.754221881656797  2.429650887573990  2.834406508875710 
 0.543248134396375  0.144544378196397  2.059717657657614  2.116833873873848 
 2.069476146788941  1.458928899082580  2.154934403669703  4.616288990825627 
 1.863760625000045  1.263813593750023  0.973340992968670  3.182664843750160 
 1.540453734939737  0.382904000000022  3.521864457831411  3.769618072289118 
 2.188206382978686  2.112366666666676  3.986663829787244  2.756958865248185 
 1.207634983597880  1.433916296296305  3.612596825396866  3.190143915343938 
 1.070274007633583  0.058378869847328  1.917254580152690  0.897148427480918 
 1.754791558441554  0.979939772727277  2.160415909090906  2.812903896103906 
 1.116693166666660 -0.028819619583332  1.935873958333315  1.859038750000045 
 2.296187692307693  1.209932692307688  1.433085899999996  2.034052307692301 
 0.803520661891129  0.085123966475646  1.960325214899690  2.949627220630354 
 0.904249732142848  0.605350922619034  2.634219345238095  1.793533035714284 
 1.812080999999994  1.193469214285708  4.258928571428577  1.826139000000013 
 0.217941390831555  0.078876879641791  1.496512366737748  1.140188880597014 
 2.473966467065878  0.960341405988028  3.768167065868281  2.917384431137731 
 1.143378478260857  0.300996814492750  2.369750724637677  4.129480434782639 
 0.372119897086093  0.106232103750994  1.593246754966881  1.686470463576146 
 1.621541541095898  1.148260205479453  3.291401712328748  2.490386986301379 
 0.813336243037971  0.056845968784809  2.676980506329107  2.386868354430379 
 2.156566355140180  0.430976011775700  3.153821028037399  2.091171962616828 
 1.588198523985243  0.111156853247232  2.512923247232463  1.432585645756454 
 1.482496031746031  0.438188514285714  3.998774603174622  2.533347089947081 
 1.855345161290326  1.161668580645166  4.646160483870966  3.382578225806451 
 2.119145238095238  1.669894166666663  4.039913095238105  4.471955952380934 
 2.443953012048193  1.675425120481927  2.714800602409639  2.385715662650602 
 0.889163612745099  0.438619681372549  3.322472549019594  2.827897549019635 
 1.649302202643171  0.289346687488987  1.327681365638768  1.522921674008816 
 1.902205392156860  0.251349167941177  1.975918529411766  3.534673039215694 
-0.010269883802216  0.074452308776641  1.049058542199492  1.065935882352943 
 0.583405937500004  0.128733195000000  1.048439014423071  0.901515408653847 
 1.256631954887219  0.861580789473684  1.420738872180445  2.266156390977435 
 0.961828257575755  0.233120709848484  0.697542968181817  1.868807954545452 
 2.218246979865772  2.129030872483223  3.036647651006712  3.662788590604016 
 1.544406934306568  0.086355863649635  1.367225985401458  2.533058394160600 
-0.101013649027638  0.070243841145343  0.633050388945753  0.960140747185267 
 1.418654588859418  0.537392058355439  2.702582228116714  2.272422281167111 
 1.033126067708335  0.579226927083334  1.881040364583338  1.594740677083331 
 1.008816142276424  1.236292682926829  2.467249593495936  2.513859349593496 
 1.890602325581397  0.460107443410850  2.113369767441851  2.100659689922476 
 0.544515321060385  0.112039930000000  2.059660235640651  1.438157437407954 
-0.557734000000000  0.087500027459460  0.527491485405411  0.472703531891892 
 1.746788258064515  0.833947096774195  2.049563870967745  0.988653533548389 
 1.476289079754601  1.921251533742327  2.319358282208592  3.134430674846627 
 1.174876875000000  1.443452937499998  2.948188125000005  3.888799374999998 
-0.249461067101585  0.071940500615098  0.870591202236717  0.704148555452002 
-0.206833734536083  0.061366262448453  0.675958234536083  0.411297868814433 
 1.202650883977902  0.358190607734807  1.202776906077346  3.343208839779007 
 1.063436017130623  0.450343051391863  1.997111349036401  2.438371092077090 
 1.106671280487804  0.477412101219513  2.561784146341465  3.177554878048782 
 1.621975271317829  2.181998449612404  3.204810077519380  2.228250387596898 
 1.863566911764706  0.770676455882353  2.772803308823535  3.414526838235294 
 2.539534666666666  1.071516473333334  3.206508666666668  3.895830000000003 
 2.532472440944883  1.593309685039371  1.990890551181103  3.440959055118109 
 1.685087008547009  1.997397435897437  1.874611196581196  1.855164273504274 
 0.369755617307692  0.093348690557692  0.993287865384616  1.935687307692311 
 1.621216007905139  0.010793634782609  2.991946245059288  2.851547430830037 
 2.606079487179486  1.530373205128204  3.333300000000000  1.367544102564103 
 1.320465155279503  1.144469875776396  1.725237639751553  3.619100621118016 
 0.816524987055016 -0.098191689320388  2.610216181229777  1.705265695792879 
 1.422563880597015  0.791921112089552  3.354253731343284  1.048214626865671 
 0.752546903474903  0.179310481467181  1.108927915057917  2.642159459459461 
 1.474297962962963 -0.086879563703704  2.210768888888885  2.528080370370370 
-0.329957364626556  0.055476681811525  0.429771457780083  0.688481836099585 
