 0.099421031243094  0.079441750676575  1.237411342134124  0.668725369637160 
 0.045913969542253  0.074216484206863  0.700893938204207  1.128655968309799 
 0.630087731283329  0.126918977767384  1.432449117646979  2.226060160427763 
 1.700568749999964  1.242168973214295  3.033833928571502  1.269575397321126 
 0.338309328376686  0.086202461573728  0.890430530359391  1.747544237918218 
 1.272600410658295  0.429923915423207  3.395598746081527  1.587675360501653 
 1.044676803571447  0.053408038660718  1.520654607142836  1.579912857142842 
 0.293541718981983  0.092380735963942  1.650715164369075  1.051482322375395 
 0.765236630769279  0.273697336153852  2.645609487179350  1.083406989743483 
 2.514219028340044  1.195323684210523  2.155816194332002  3.003424696356253 
 0.626027921725939  0.126442097416337  2.047030830039494  2.100994202898532 
 2.083206432748506  1.316937894736850  2.327015789473670  4.431660818713411 
 1.702673131313160  1.151006535353551  1.137727843434292  3.507172727272832 
 1.728547822878215  0.421269848708501  3.253125461254662  3.708382656826545 
 2.055066363636337  2.162302673796799  3.877334759358297  2.628046524064139 
 1.023627353797464  1.342098164556973  3.704239873417768  3.357387341772181 
 0.811258179723501  0.086320729322581  1.857724193548398  0.767744507373273 
 1.512474710327451  0.986508438287155  2.343955919395464  2.968338790931994 
 1.352799381237519 -0.054186289341316  1.920384630738505  2.253806586826390 
 1.962338775510203  1.589733877551017  1.555666449489792  2.093472448979588 
 0.875271735507254  0.158553223115942  2.097324275362303  2.803684239130424 
 1.031260065913367  0.694603333333325  2.571617890772127  2.136110734463272 
 1.982086416184967  1.110661040462424  4.208005780346824  1.905546011560704 
 0.056861061383928  0.075096116569940  1.142416822916668  1.176501458333335 
 2.542290222222232  0.998499022222225  3.277885777777791  3.236219111111115 
 1.097980084033606  0.501294026890754  2.239343277310921  3.954294957983210 
 0.359015106529210  0.105520388180413  1.479788058419240  1.592749656357380 
 1.585087065527071  1.159346125356128  3.272574928774912  2.514468091168098 
 0.886297575638504  0.000032441473476  2.772726719056974  2.018423772102166 
 2.293701652892555  0.436626431074379  3.186638429752080  2.173610743801660 
 1.550612073490816  0.137963760708661  2.433488713910758  1.407861608923884 
 1.285572396296296  0.353486661111111  3.803800740740753  2.574948888888882 
 1.909451912568309  1.151197508196724  4.504296174863385  3.243532786885245 
 2.307873451327434  1.507919477876103  3.930169026548680  4.425586725663702 
 2.477112290502792  1.848918994413408  2.867829050279328  2.098303128491619 
 0.895093576023391  0.371814886257310  2.887769590643267  3.050955263157908 
 1.964818260869563  0.450733402434783  1.357900117391305  1.768571173913047 
 1.899959821428570  0.279039997797619  2.061341666666666  3.321422321428577 
-0.191948895294856  0.069898498826850  0.859319109159352  0.674040928481809 
 0.702555498281789  0.162046093797251  1.104476924398624  1.173590360824743 
 1.232282923728815  0.703257309322034  1.626082203389829  2.405625847457620 
 1.036656723163842  0.211924308474576  0.812228801129943  2.125942655367230 
 2.368252702702705  2.141289189189187  2.935252702702699  3.669497297297287 
 1.133846000000000  0.216519530555556  1.271396500000000  3.055198055555563 
-0.268894603125002  0.063271243267857  0.489870539553571  0.799870133928576 
 1.543006327077749  0.072902559249330  2.859411528150134  2.741376675603215 
 1.036011688596492  0.563365964912280  1.880301315789476  1.624935109649120 
 1.243062819512196  1.820030243902439  2.571802439024389  2.363462439024389 
 1.806611002444989  0.595312454767725  2.408732029339849  2.226783618581907 
 0.599824369338423  0.085453810648855  2.109351017811708  1.506060559796440 
-0.451498528347406  0.073119779979681  0.528861703860074  0.460962096622436 
 1.655735549450549  0.997254065934067  1.970259890109890  1.083049970879121 
 1.560670817610063  1.896670440251570  2.068329056603774  3.289277358490565 
 1.452764311111111  1.555241155555556  3.013588888888891  3.602206666666668 
