-0.081045396576102  0.072796059993482  0.995794869565175  0.675187703804443 
-0.377992044678716  0.069895805811013  0.540639454250327  0.579366858165976 
 0.998770493793010  0.231972810027593  1.023275251861987  2.369811999999956 
 1.721803849658298  1.079184601366747  2.704957175398669  1.308292035762944 
 0.374024381643052  0.095709438685552  1.087728075354127  1.650766118980169 
 1.259347246100518  0.289948910485275  3.260037088388227  1.704346551126566 
 1.205196779252117  0.321023558878169  1.429856586248481  1.399689167671879 
 0.279710645945951  0.086264049766824  1.455342739798637  0.977843501324854 
 0.791278202107299  0.151832935114944  2.459246934865850  1.842915038314133 
 2.142476666666642  0.816137161666663  2.374644166666679  2.872170999999997 
 0.680559315325344  0.125443481869110  1.744030665669386  2.188096335078530 
 2.290853310104513  1.826969024390251  2.472640139372816  4.059283623693353 
 1.664246335078546  0.951125560209432  1.325205609947618  3.396970680628322 
 1.281695510330566  0.337048674380173  3.385827685950437  3.235285950413210 
 2.187247648648643  2.067007837837839  3.137480810810813  2.372294216216203 
 1.779875544217686  1.465979163265309  4.301321768707503  3.559596938775527 
 0.901893434278348  0.191680912835051  2.313889948453621  0.990409379123710 
 1.259130243658534  1.637354219512198  2.712957560975613  3.346278780487804 
 1.620228461538454  0.140706991205129  1.993337294871786  2.023703461538481 
 1.959469364640887  1.479710165745855  1.561540638397788  2.155796795580110 
 1.146509030144168  0.192631889515072  1.844062083879419  3.008522542595013 
 1.172004627507162  0.902859555873923  2.209172206303729  2.269159598853868 
 1.925359835526314  1.095406414144736  4.226007236842104  2.139297697368424 
 0.018459677746212  0.073778528702178  0.799128975757577  1.133556425189397 
 2.391832058823526  1.080391394117648  3.361805588235301  3.645690588235297 
 1.484468384955752  0.526367154115043  2.410298893805305  3.929043141592921 
 0.508855863104840  0.095505495787634  1.791206518817202  1.492147674731179 
 1.372080193750000  1.142326645833334  3.304231666666664  2.460770833333334 
 1.046474379854369  0.196184330291262  2.666118325242717  2.636313349514559 
 2.206919230769231  0.443296661593406  3.185418131868132  2.351671428571429 
