-0.109964500606410  0.072800411570015  0.967114531422228  0.667254076626337 
-0.384461241143460  0.069750589534657  0.531569596387225  0.574015661943156 
 0.986702782991102  0.244766543211150  1.013990157771175  2.381391348973559 
 1.717380213333313  1.143942986666672  2.888491200000043  1.318048249866486 
 0.342875958990935  0.090380498111254  1.043332976067291  1.660682341526521 
 1.179679952066112  0.285780630330584  3.225929752066128  1.675418909090956 
 1.022697925531922  0.232967961968088  1.367345787234031  1.482876351063817 
 0.255949192490550  0.084876527884385  1.403467396002178  0.955265429497567 
 0.798281037133005  0.138995533005183  2.345874006908419  1.775375302245212 
 2.123621237458176  0.911914608695649  2.267523578595328  2.955602006688956 
 0.648601371027495  0.123154504012136  1.728232524271819  2.207001860841423 
 2.268966666666648  1.847021465201472  2.447924358974351  4.099394871794842 
 1.604978116343503  0.974763808864274  1.256633027700804  3.333025484764596 
 1.283170019920307  0.356336570517935  3.355371513944246  3.255114940239031 
 2.189355576923071  2.055635164835167  3.138090109890112  2.369872417582405 
 1.787965016835016  1.481190484848487  4.304663636363656  3.559439057239074 
 0.770217935779815  0.166117721703801  2.221192136304071  0.940201042201834 
 1.248688319947503  1.675141207349085  2.709141732283467  3.358003674540680 
 1.563249579831926  0.098406258739497  1.865236624649851  2.241037955182099 
 1.995777689873421  1.512473037974682  1.585920699683541  2.033095981012655 
 1.100356675487466  0.209388714902507  1.915523621169910  3.073731337047345 
 1.157538235294115  0.905251908177902  2.201025251076044  2.272553945480628 
 1.948468466076694  1.070272884660766  4.177630383480826  2.157842064896758 
 0.012956625072604  0.073509333310261  0.791311625750243  1.120988378509200 
 2.380499455040868  1.077180719346050  3.339594277929162  3.618419891008176 
 1.502005847255369  0.521484155513126  2.380004486873503  3.974293317422435 
 0.421153584076434  0.091441097358811  1.718530644019815  1.480432413305022 
 1.377726513888889  1.122763611111111  3.245036904761905  2.512903769841270 
 0.989296140456183  0.158613184225690  2.684286554621848  2.551156422569024 
 2.106459538784066  0.398753049937106  2.992242557651993  2.378851991614255 
 1.611415341959334  0.415719441515712  2.042207929759705  1.363510554528649 
