 0.047534009981702  0.076572203126210  1.010113395348816  0.988184980402452 
-0.331021030400207  0.069917858062161  0.596720180631086  0.605350291739339 
 1.159390319263186  0.279555533261708  1.445260306983839  2.823915732923989 
 1.117083438634710  0.369295517247641  2.711047058823536  1.382692877777725 
 0.470212957570710  0.110100993544093  1.081257979034958  1.710184193011646 
 1.615688105805243  0.521454554419478  3.419066292134838  2.324945290262193 
 1.549988019197212  0.478783795602096  1.628556342931933  1.628364048865609 
 0.489629195928757  0.100810910560643  1.723414775233254  1.084861283375734 
 1.115110486486489  0.226475262892468  2.507354629097172  2.430716273720507 
 2.113382611570226  1.236627752165287  1.940390347107431  3.705066776859495 
 0.677913769619757  0.124402601184004  1.884528321678299  1.951137587412582 
 1.953672054375890  1.590627675753231  3.285203586800574  3.759241319942614 
 1.701476791934006  1.284296503208066  2.144340231072402  2.547173143904682 
 1.390595339336492  0.437446210331755  2.714171753554504  3.504734691943124 
 2.066225590433485  1.698546860986546  3.191143198804184  2.032472017937220 
 1.872214495798320  1.222435579831933  4.286923949579825  3.004027100840336 
