-0.114783125680949  0.072441075324073  0.955175297387394  0.659869367871136 
-0.387116381944446  0.069909188377246  0.528609732656688  0.573590453846131 
 0.939343955022387  0.216494035187413  1.021371840479673  2.439752173912993 
 1.720114139941668  1.264412827988343  2.866006413994216  1.311555841690764 
 0.353553373901456  0.091047288868175  1.029265093874855  1.663362383488682 
 1.166466596396391  0.304764004594601  3.255901261261277  1.592272900900951 
 1.099632705366929  0.269314018083244  1.350940558598016  1.482152738225616 
 0.242425553627087  0.082738535805479  1.387251456206358  0.956402428801718 
 0.757917157303388  0.139613881037167  2.311830250648183  1.720852549697455 
 2.181136200716824  0.928504082437273  2.274678315412196  2.966751075268809 
 0.666767294304885  0.131247162447868  1.736202211690339  2.202091548183253 
 2.271070802919690  1.843084306569350  2.469944343065686  4.103747810218948 
 1.598085792349739  1.011508672131155  1.264847057377023  3.341324316939944 
 1.282978249534441  0.343969071508386  3.308372253258867  3.239946927374290 
 2.197841790633603  2.050971349862261  3.157011019283749  2.400358292011006 
 1.788446677852348  1.460339677852351  4.309301677852369  3.568487583892633 
 0.742295770676691  0.166195450150376  2.139294736842113  0.915918223308270 
 1.248132590414504  1.667639404145081  2.710522797927464  3.363218134715023 
 1.578587267525028  0.134573300057226  1.770363090128745  2.302272961373415 
 1.985157436708864  1.492234113924049  1.584749908544301  1.994714936708859 
 1.092700535904256  0.234910364494681  2.026639813829781  3.095074069148929 
 1.183442706872367  0.911923814866757  2.225232959326791  2.306076437587657 
 1.990149821958455  1.018881676261127  4.169329673590505  2.160222433234425 
 0.009114760388349  0.073640201756796  0.790376125631069  1.120204271844663 
 2.401311475409833  1.058161163934427  3.345887978142084  3.578310109289619 
 1.528543824289404  0.528664274315244  2.381623979328159  4.017796899224807 
 0.421475152200826  0.091620281105915  1.666085213204951  1.491884181568085 
 1.372301068136273  1.120751462925851  3.295447695390782  2.517000400801602 
 0.975676139240506  0.131834151047180  2.679313578826238  2.428896662830836 
 2.005001941747572  0.369205964699029  2.942852427184465  2.342245242718447 
 1.586293310463122  0.366607307547170  2.207534648370498  1.429623761578044 
