 0.095946946112857  0.080101529589996  1.220751235356675  0.669724750798912 
 0.049768756948228  0.073939539926427  0.691154599273368  1.124975603996306 
 0.609228723063568  0.128694427413798  1.446865742705491  2.235236074270512 
 1.705450458715559  1.243838853211019  3.048446330275305  1.266777013761158 
 0.341156283042376  0.085619591633415  0.886913289276843  1.745357980049878 
 1.273671034374988  0.431629309437509  3.391230937500022  1.582646500000085 
 1.000604833887059  0.061887678073093  1.565441046511609  1.625452558139519 
 0.284419846073308  0.088381003246070  1.616572565445064  1.036853947643977 
 0.752837535620102  0.261357298153040  2.660492875989304  1.119086612137094 
 2.525174399999964  1.211204599999996  2.146138800000017  3.007321599999978 
 0.628302907012971  0.123693442336364  2.066346493506460  2.057504675324656 
 2.058728804347796  1.327077608695659  2.354991304347813  4.406435326086919 
 1.704309900000028  1.158749470000016  1.138962664999949  3.502399500000104 
 1.723448617021263  0.446008684397176  3.247481205673806  3.711203900709197 
 2.048961329787208  2.163922340425539  3.879223404255327  2.622058510638265 
 1.179231818490565  1.444689698113214  3.389547924528330  3.505827547169829 
 0.815787886363635  0.109759678227273  1.883028409090919  0.753241491363637 
 1.509279652605455  1.001298635235733  2.358364267990074  2.984688833746902 
 1.343848618677037 -0.045374502062255  1.926131906614768  2.253774124513661 
 1.957769499999999  1.578706649999996  1.558898120499997  2.097574999999996 
 0.870206442857150  0.153725850285715  2.101669821428556  2.785400535714274 
 1.035315402621719  0.694131310861415  2.571951685393257  2.133057677902616 
 1.982086416184967  1.110661040462424  4.208005780346824  1.905546011560704 
 0.055022614264376  0.077078714914115  1.122675489171024  1.175814525765498 
 2.523073706896561  1.005330560344830  3.267954310344841  3.243878448275865 
 1.102588613445371  0.497835665546216  2.248326470588232  3.955020168067243 
 0.344340992173914  0.101374501601740  1.464813304347822  1.584838347826078 
 1.561937485875712  1.170477090395483  3.290654237288119  2.512581638418086 
 0.899455231660229 -0.004707978745175  2.771995173745173  2.008429536679542 
 2.295141152263367  0.439045663868312  3.187276954732523  2.174904115226345 
 1.556040583554379  0.132557428726790  2.414230238726788  1.385885763925730 
 1.277075187725631  0.364008803249097  3.803610108303261  2.584139711191329 
 1.883909895287961  1.155312062827228  4.490972774869107  3.246165968586386 
 2.316608108108109  1.507119828828826  3.938198198198205  4.429849549549535 
 2.478211173184356  1.844967597765363  2.864936871508378  2.100195865921787 
 0.889277642441860  0.369089799709302  2.878186046511621  3.043709011627921 
 1.954301694915252  0.438304142203391  1.363034351694915  1.742008940677969 
 1.897653709198811  0.279766318278932  2.060284569732937  3.317232344213655 
-0.197833047591888  0.069892743935361  0.854054841571614  0.675043238276301 
 0.756463213675216  0.165703006222222  1.118268119658119  1.189820495726497 
 1.230525567226892  0.702015567226891  1.627243277310923  2.404653151260498 
 1.045258296703297  0.200513648626373  0.825149630769230  2.143098076923074 
 2.252891011235957  2.076479213483145  2.983192696629210  3.654621910112350 
 1.132526208791208  0.220080200549451  1.284698681318681  3.059785164835172 
-0.268887644414171  0.062811748101726  0.486745934877384  0.798514205267943 
 1.546295591397851  0.075607189784946  2.863570698924732  2.747666129032256 
 1.046720136674260  0.575653006833712  1.890371981776767  1.605228929384963 
 1.252852537735850  1.824785377358491  2.579801886792451  2.401171226415094 
 1.806973267326734  0.587506792079207  2.409693811881184  2.237185643564356 
 0.561684835471204  0.092895171871728  2.078969502617805  1.456210811518327 
-0.452280411622276  0.073108384507452  0.528468156779663  0.460744688983050 
 1.660104780219780  1.054522527472528  2.026827472527473  1.148759091758242 
 1.504963450292398  1.882473099415203  2.147310526315791  3.361221637426901 
