 0.033713816221978  0.075897815473321  0.984880635805742  0.984889866595566 
-0.336034622365649  0.069621882804611  0.594234564041089  0.597275552476276 
 1.082166087832926  0.269915711547880  1.434711792656547  2.759732901367863 
 1.094838643427737  0.343675457915760  2.693564124909231  1.362738614887382 
 0.465756256762375  0.109424664939658  1.083889185018743  1.699914856429461 
 1.633448428707222  0.528821790038025  3.494988783269967  2.266162937262381 
 1.582824054529469  0.547412360386985  1.655220810114332  1.637274837291105 
 0.465352941276600  0.099854081149786  1.670829804255324  1.058283840936163 
 1.147155938922823  0.216265377884509  2.504644031093828  2.441675180455279 
 2.131787865168523  0.989989747258425  1.890100314606737  3.022523146067409 
 0.673601341385338  0.122879423234868  1.903264279624873  1.891192455242962 
 2.110654368932031  1.629394417475731  2.787015614886729  3.965942071197410 
 1.315306420854276  1.492495678391963  2.462225628140696  2.583302889447251 
 1.386724227713176  0.440649742151165  2.712367635658916  3.552453972868217 
 2.206544538087520  1.669130307941654  3.223921555915719  2.006961085899512 
 1.810264409707244  1.311010058551618  4.061401232665635  3.298639907550078 
