 0.117878905824346  0.078798654851641  1.095534485209793  1.054521089658380 
-0.307306119434308  0.069785274205362  0.620927238389593  0.630660518978090 
 1.317074005882309  0.366540646000005  1.647893871323487  3.150914558823504 
 1.291550417091835  0.393680267327808  2.911735140306123  1.577905277232098 
 0.605803284754151  0.135428217106473  1.184531426105425  1.843803077467276 
 1.954109071803851  1.430053787215415  3.403115761821370  2.217306479859909 
 1.794603843797859  1.003685026952527  1.856026976339972  2.081417212863692 
 0.671399977432337  0.142319440291879  1.873147340892471  1.202250425822964 
 1.333182088218223  0.391800321416135  2.952129541497383  2.906999999999989 
 1.979805223488165  1.414423969325151  2.413494373356702  3.637938036809814 
 0.881474234685653  0.164387245602441  2.079674038461523  2.173430362426043 
 1.875355435286282  1.262115908122502  3.931815712383487  3.532775632490013 
