-0.007279736742544  0.074008967852204  0.924974140053183  0.941258765001531 
-0.352027788169580  0.069974776842253  0.580750195445423  0.580721120939543 
 0.954031802133784  0.215061906469452  1.151609916197809  2.392881571289980 
 1.672669854132889  0.846744350113457  2.790503241491114  1.329264031928578 
 0.346335047324717  0.091506776914206  1.067453387915145  1.600185793357934 
 1.600380384615378  0.599507542485212  3.788409171597641  2.216822366863948 
 1.196613446502064  0.298607041162554  1.477286471193409  1.392111378600809 
 0.340699685413813  0.086683152584361  1.568416328303623  1.021687729401003 
 1.021353062218229  0.116962388827774  2.811916140667224  2.164553832281291 
 2.288609649122785  0.667434500087717  2.691324853801174  2.878885818713443 
 0.608634367931027  0.124449840303139  1.860630880082331  1.896328255275341 
 2.274876614699320  1.546510467706018  2.723100957683736  4.091549443207120 
 1.599388429487187  0.694983315705131  1.586022873397419  3.542254647435925 
 1.302213638709672  0.407801740903230  2.967620258064528  3.480790322580642 
 2.205555425531908  1.863777276595746  3.412666382978729  2.229169106382971 
 1.906809710144928  1.321987732919258  4.136522567287785  3.461322360248457 
 0.828196403463201  0.193249884614719  2.399736277056285  1.230605462337659 
 1.412859824501990  1.752657270916336  2.664095816733068  3.212469521912349 
 1.575838153846149  0.226737017374360  2.012542758974351  2.135524410256426 
 1.915039445544557  1.426862019801978  1.614196794257426  2.248120851485148 
 0.943211799038461  0.218830916211539  2.034730673076921  2.809340288461533 
 1.226327468503938  1.025387677165353  2.631396587926515  2.383806692913391 
