 0.038141373156032  0.078439665135477  1.146063462117372  0.765672855494318 
-0.356248278719673  0.069765371308479  0.579843066150242  0.579229452265403 
 0.957045018145092  0.217917702691537  1.128925582258005  2.386955241935452 
 1.684309221854293  0.816540910629144  2.852659768211947  1.335264052483332 
 0.367463079864137  0.093441369374089  1.128519639010205  1.616472974284327 
 1.478220473314604  0.478032501292139  3.578343679775291  2.400157022471952 
 1.196704002100846  0.303487771018910  1.481971848739488  1.380839443277297 
 0.401117388291649  0.088578635754123  1.653542309739238  1.087730730282062 
 0.985529408301176  0.088939984276063  2.740074903474856  2.215759169884126 
 2.185114136904740  0.672719010952378  2.492576190476197  2.769161755952374 
 0.620621058413636  0.120211322148890  1.867621656740643  1.932919491066586 
 2.184077083333319  1.630668645833339  2.536002734374995  4.141358593749988 
 1.608267989510499  0.734334132342662  1.557625966783199  3.533825000000030 
 1.309433263522880  0.392111273509020  2.893922191400846  3.532269348127594 
 2.233810709046446  1.929261931540345  3.000014425427876  2.365344156479207 
 1.793536158357771  1.496987489736072  4.245069501466288  3.506751319648110 
 0.852972571297987  0.203970463738574  2.456904204753206  1.257674560329066 
 1.302276656567793  1.663308305084747  2.816177542372882  3.209530084745763 
 1.572028555431125  0.213313158835387  1.993826752519589  2.074850951847720 
 1.879630707964605  1.433227876106192  1.552002568805309  2.242516128318584 
 0.992145957142857  0.206814025469388  1.994632346938770  2.854146326530605 
 1.152278817189632  0.990743724420187  2.493470941336978  2.295598226466577 
 1.903691184210526  1.357183881578946  4.102606249999999  1.958153914473685 
 0.001629710245515  0.073271105160056  0.777292461661945  1.118804513692166 
 2.406489136490248  0.924702361281338  3.445544568245126  3.431185793871871 
