 0.048347040158484  0.078654341862624  1.235887107001215  0.622284549537882 
 0.164453718481848  0.076396661006594  0.675489399339896  1.388178712871176 
 0.738209664178976  0.000584759160454  1.562118843283473  2.220294029850688 
 1.630946909871210  1.195385536480695  2.717806437768313  1.613336824034044 
 0.268144585909076  0.089703447727271  1.151127852272764  1.477939090909091 
 1.195808443999985  0.207111741600012  3.426949200000029  1.774646000000111 
 0.816894153846172  0.100886718745303  1.368235811965797  1.420825128205116 
 0.435000797938163  0.103082199216488  1.813006597938224  0.801518573608242 
 0.771576818181880  0.264907486688319  2.622666233766060  1.020493912337527 
 2.657950909090848  0.755115987878780  2.424605454545481  2.839441818181788 
 0.539098450074189  0.162002619664193  2.069407977736504  2.119040074211476 
 2.069476146788941  1.458928899082580  2.154934403669703  4.616288990825627 
 1.932826818181871  1.193500727272754  0.930122155454453  3.265208181818368 
 1.540453734939737  0.382904000000022  3.521864457831411  3.769618072289118 
 2.188206382978686  2.112366666666676  3.986663829787244  2.756958865248185 
 1.207634983597880  1.433916296296305  3.612596825396866  3.190143915343938 
 1.061282366412209  0.057698516793893  1.914716030534369  0.894832053435116 
 1.781382894736837  0.981428585526320  2.206733552631575  2.821564473684220 
 1.080663155818532  0.023401154043394  1.967981262327399  1.781661735700239 
 2.307231200000001  1.211590559999995  1.434394935999996  2.013200799999994 
 0.821022681547631  0.086066426488096  1.979171130952357  2.974742559523790 
 0.904385701492528  0.606537104477598  2.632843880597014  1.800022089552237 
 1.812080999999994  1.193469214285708  4.258928571428577  1.826139000000013 
 0.217414707127881  0.080197995706499  1.497097903563950  1.142236656184485 
 2.473966467065878  0.960341405988028  3.768167065868281  2.917384431137731 
 1.143378478260857  0.300996814492750  2.369750724637677  4.129480434782639 
 0.381124780025774  0.108954921432991  1.587307474226797  1.709371778350503 
 1.621005601374577  1.148116769759451  3.293337113402042  2.489830240549837 
 0.810650295165391  0.059856286692111  2.675874554707372  2.388303562340966 
 2.160763133640546  0.432194315760368  3.148221198156697  2.095606912442402 
 1.590907142857146  0.114279463270676  2.518187593984953  1.420657593984959 
 1.482496031746031  0.438188514285714  3.998774603174622  2.533347089947081 
 1.855345161290326  1.161668580645166  4.646160483870966  3.382578225806451 
 2.119145238095238  1.669894166666663  4.039913095238105  4.471955952380934 
 2.463980254777070  1.671287707006369  2.729317834394906  2.397647133757961 
 0.889163612745099  0.438619681372549  3.322472549019594  2.827897549019635 
 1.672895982142855  0.297282652053572  1.322580669642858  1.531636696428577 
 1.896123557692305  0.249009395480770  1.974739326923079  3.527608173076930 
-0.009800404000000  0.074261632761702  1.051084723404259  1.069016663829789 
 0.570360714285719  0.126941845523810  1.050841761904756  0.896009428571429 
 1.380607175925926  1.073558657407407  1.480142870370364  2.442458333333322 
 0.977280089686096  0.214409360538116  0.636300285201792  1.862202242152463 
 2.218246979865772  2.129030872483223  3.036647651006712  3.662788590604016 
 1.540865934065933  0.074705896117216  1.373723516483515  2.540789010989028 
-0.091859221058094  0.070153498650415  0.629602435477179  0.966087697095442 
 1.414886042780751  0.532807620320857  2.706528609625671  2.267422727272729 
 1.035132750809063  0.637539546925567  1.901188673139163  1.506599288025885 
 1.004491845188286  1.244266192468619  2.483104602510461  2.523611297071129 
 1.877189230769232  0.474236043846151  2.101453076923067  2.094054999999996 
 0.521169556748468  0.113046110076688  2.054293251533744  1.427705214723928 
-0.557095382955772  0.089023494498383  0.527147738942832  0.472644872707659 
 1.758393289473683  0.839275986842106  2.043397368421056  0.987118537500002 
 1.478735345911950  1.936987421383644  2.312771069182393  3.139402515723272 
 1.174876875000000  1.443452937499998  2.948188125000005  3.888799374999998 
-0.257807493036212  0.072237589507893  0.860219275766015  0.714537799442895 
-0.207872141206675  0.060858009743260  0.674512952503210  0.413594577920411 
 1.189753815028903  0.356571855491330  1.198909595375721  3.346570520231215 
 1.075230754310346  0.468806181896552  1.996909913793102  2.450315517241382 
 1.104299938080494  0.481835514551084  2.565663157894738  3.178015789473686 
 1.614551640625000  2.173933593750001  3.209773437500000  2.231402343749999 
 1.864298507462687  0.767050320895522  2.775160447761200  3.420206343283583 
 2.539534666666666  1.071516473333334  3.206508666666668  3.895830000000003 
 2.527419685039371  1.599917952755906  1.991033070866142  3.444522834645668 
 1.756472090909091  2.066613636363638  1.935023727272726  1.818989272727274 
 0.396549217303822  0.091691561146881  0.988751247484910  1.986134808853122 
 1.621071062992126  0.011725746456693  2.990763385826771  2.853100787401572 
 2.613881818181818  1.516675454545453  3.341977922077922  1.378622597402597 
 1.321022151898735  1.151319873417720  1.724405822784810  3.633807594936712 
 0.813316713815789 -0.099836417105263  2.617570394736846  1.702750328947368 
 1.423321068702290  0.799730068854962  3.365543511450381  1.048560687022901 
 0.774081852713178  0.216720006589147  1.127420503875970  2.652841085271318 
 1.465330847457628 -0.099578858983051  2.207952542372879  2.460185423728812 
-0.329304031052631  0.054392674764537  0.426197974000000  0.689577526315789 
 0.979105109289618  0.446839135792350  1.424022568306013  1.963820218579238 
