-0.171491253386681  0.071065450304004  0.866089685333291  0.647464844693426 
-0.406928412981164  0.069887087459585  0.502936121744463  0.564954575511850 
 0.932839196799891  0.218369763472007  1.015500437759906  2.423384799999946 
 1.682454712990913  1.237630996978858  2.749968882175274  1.310850990936350 
 0.356601433475650  0.089670222963278  0.941173420153742  1.691479333902650 
 1.008209991087337  0.309800170142608  3.044430659536559  1.428221623885968 
 1.016108465845472  0.227261240369543  1.328322889137725  1.468485487122050 
 0.175357087803404  0.082209261898663  1.303785364077691  0.868358501213592 
 0.677965452330711  0.099934830738788  2.162546262093182  1.625618381706205 
 2.103756827309216  0.718939265180720  2.140494779116477  2.939811044176696 
 0.614212291429746  0.115599168793849  1.685478221113856  2.137116043225265 
 2.252069056603755  1.808599849056609  2.269004603773576  3.871281132075446 
 1.562667571884998  0.949128277955281  1.182869498402525  3.343034504792396 
 1.329874249547912  0.247629698553352  2.971469620253186  3.273281555153697 
 1.975029011857688  2.160971146245064  3.698702766798423  2.603150988142270 
 1.238190890560471  1.402907404129799  3.264571386430701  3.585753982300900 
 0.620003289623717  0.127264113849487  1.955594640820989  0.903065389053591 
 1.375675853080566  1.599396611374411  2.244165402843601  2.845996682464453 
 1.524288019169320  0.053399263162940  1.735337555910530  2.286533386581497 
 1.919742704402519  1.234160283018866  1.424053368238991  1.909914842767293 
 1.005715764473687  0.254149148552632  1.957127368421044  2.983736184210521 
 1.140710749999998  0.680053671052627  2.131965394736842  2.085867105263158 
 1.936293812949639  1.090306187050357  3.983982014388493  1.855216902877704 
 0.009465943919598  0.073519372321106  0.794666974271358  1.118091396984930 
 2.454852354570640  0.872630844044322  3.190860941828262  3.225474238227148 
 1.505878116343488  0.551157021052631  2.235742603878113  3.998221883656516 
 0.317679193742178  0.090835052435544  1.493905882352939  1.424959386733414 
 1.320221927308452  1.069997996070729  3.055487426326125  2.485342829076623 
 0.896064684150512  0.092558121516533  2.605407411630554  2.314057468643100 
 1.890188788426762  0.336462962965642  2.819133453887887  2.165295840867997 
 1.514147673545967  0.268919224127580  2.151242401500935  1.262546687992493 
 1.327045085790887  0.333928019839142  3.749105630026812  2.501451206434314 
 1.892179876033060  1.200259933884299  4.452675619834707  3.307573140495867 
 2.211938578680204  1.512505741116749  3.495197969543149  4.375286294416239 
 2.465866023166025  1.736520386100386  2.692134749034748  2.261781698841698 
