 0.015815534603523  0.075995414910061  0.946830753152121  0.968215566825491 
-0.344571651893525  0.069639877367263  0.589311767316128  0.587748756092190 
 1.012846749815445  0.195548834464948  1.468430721033168  2.623077343173402 
 1.692973832807558  0.980471471608838  2.793356151419581  1.421429837066138 
 0.416742839061111  0.103252016554472  1.071317498494259  1.687074601417181 
 1.598977234332423  0.598631647029977  3.724603133514992  2.187439495912848 
 1.290975013333338  0.307331206142224  1.534742773333330  1.502824631111098 
 0.386425447088612  0.091118159621096  1.608197793248954  1.054373362531641 
 0.941722305000015  0.199030409170001  2.841548699999967  2.518064199999945 
 2.327494410876114  0.690812907945617  2.708622054380668  2.895701661631414 
 0.626449898005961  0.122868660173545  1.912900348085516  1.933401690701136 
 2.186137890624990  1.623405214843753  2.737770507812494  4.041503125000000 
 1.634384044117655  0.841392586764710  1.507897689338217  3.508571507352973 
 1.306100432142854  0.400340287857146  2.651227738095245  3.543366428571423 
 2.237910948081258  1.915005011286683  3.497830022573365  2.345787494356655 
 1.812948750000000  1.203264738095241  4.121122420634916  3.487975595238101 
 0.906290353317344  0.197355102837730  2.556636290967234  1.328495647482011 
 1.311266312534434  1.544430068870525  2.706574655647381  2.853291735537189 
 1.453549737045627  0.350864512482600  2.288142923433873  2.268880974477964 
 1.914704353612170  1.352636634980986  1.608148747338402  2.212191501901142 
