 0.146570100603103  0.080705685227994  1.321065090470350  0.683096615199248 
 0.158241690149253  0.077278510402979  0.635860005671609  1.317234164179005 
 0.729763262608576  0.108568179130441  1.489534660869465  2.417974608695594 
 1.696048272251266  1.225784659685875  3.014261780104800  1.202697115182892 
 0.285047681235138  0.087843756769595  1.084908990498850  1.560666745843228 
 1.244797116379293  0.345714781551737  3.501511637931064  1.530486163793222 
 0.938852686567181  0.097342555389721  1.511361194029834  1.694741956882243 
 0.425852141654991  0.101488317035059  1.815504067321232  1.100571542776997 
 0.768613155619651  0.259123865129689  2.655357060518577  1.049476818443684 
 2.654184916201062  0.782092569832395  2.432655307262594  2.835576536312820 
 0.571361158168538  0.136570291894652  2.086350891410012  2.157145380875177 
 1.945204961240268  1.472182170542645  2.342894573643392  4.576876744185994 
 1.777602111801277  1.204444062111819  1.159518155279440  3.566950931677146 
 1.528749468085087  0.320905484042573  3.419464893617097  3.727091489361668 
 2.160533103448240  2.095921379310353  3.990937931034493  2.768160689655131 
 1.054096538323349  1.321062814371268  3.665246107784477  3.280210179640745 
 0.863709578313250  0.072223447891566  1.838394277108448  0.703707127108436 
 1.757338613861381  1.051174818481851  2.159820792079206  2.842045874587465 
 1.242447101769905 -0.064486217699114  2.029050884955732  2.110431194690313 
 2.197391836734694  1.227375578231289  1.319971150340132  2.164327891156457 
 0.891103167182676  0.025625006811146  2.064388544891614  3.011734674922583 
 1.134066187050353  0.651276690647470  2.760293285371700  1.897754676258991 
 1.923745608108103  1.192192905405400  4.233197972972978  1.802916891891904 
 0.175499606243495  0.079883566566077  1.404724765868894  1.209893465140478 
 2.442384971098274  0.905981165895958  3.742816184971115  2.925248554913299 
 1.194514390243893  0.444356996341460  2.278244512195118  4.160531097560997 
 0.393657684677420  0.115701550267282  1.604315552995387  1.724717741935472 
 1.603968058252435  1.181455016181231  3.280862135922312  2.521058252427190 
 0.870754361445780 -0.018305249373495  2.787885301204817  2.053233012048195 
 2.169833628318576  0.493600325752212  3.188284070796475  2.033738938053102 
 1.521087781350486  0.046862003311896  2.473543408360123  1.384672733118969 
 1.377566828193833  0.426948066960352  3.901727312775347  2.510294713656379 
 1.857130597014929  1.140830029850751  4.627055223880594  3.327132835820894 
 2.105919512195122  1.668978048780484  4.075865853658546  4.459741463414615 
 2.533053142857141  1.726106685714285  2.825476571428570  2.119534971428571 
 0.818392424124514  0.286208501556421  3.097613618677032  2.821950583657607 
 1.710170901639342  0.328531303114755  1.370392991803280  1.532363483606562 
 1.817761904761904  0.217691777509158  2.020550549450548  3.360517582417589 
-0.008661458570387  0.074838899477753  0.991995791393147  1.039989482129834 
 0.709147543252598  0.152907814775086  1.178717820069201  1.169237231833909 
 1.185567347560976  0.814968109756097  1.497348262195117  2.309445426829262 
 1.030553333333331  0.261173734496124  0.701013238759688  1.956029844961239 
 2.395310791366907  2.089790647482015  3.013015107913669  3.546172661870493 
 1.536732333333332  0.112701162133333  1.392465333333334  2.550529666666681 
-0.203058778777871  0.071013152708505  0.582394100743187  0.887197208918254 
 1.549977540106953  0.385971564171123  2.800441711229952  2.673643315508024 
 1.027932440191387  0.557055550239235  1.945377751196176  1.604456076555023 
 1.039728916317992  1.318927238493725  2.492900418410043  2.346035564853558 
 1.849256134969325  0.535046731288341  2.258417791411035  2.100094478527606 
 0.647756697503673  0.091343072202644  2.182250807635829  1.541877679882525 
-0.544359337455830  0.073619999148684  0.514305282950534  0.543661459363956 
 1.675470380434781  0.865976793478262  2.041244021739132  1.067013900543479 
 1.452990786516854  1.860679213483142  2.184822471910113  3.206753932584269 
 1.394992687499999  1.724166249999998  3.088293125000003  3.704167500000001 
-0.195405704838710  0.066183934145161  0.898166185483870  0.607544066935481 
-0.263280574324325  0.066698689927235  0.515284940748441  0.452635912889813 
 1.083375745614037  0.418949374561404  1.200014605263157  3.264249561403510 
 1.067077663157896  0.444167804210527  2.173678947368420  2.468078947368422 
 1.021138439716312  0.741489468085107  2.494584751773052  3.246557446808513 
 1.629761666666667  2.183173809523809  3.218557936507938  2.237157936507936 
 1.856594163424124  0.803105642023346  2.748547081712065  3.454044747081712 
 2.547112765957446  1.041893765957447  3.255214893617022  3.901719858156031 
 2.537244444444445  1.571721984126985  1.961469047619048  3.432037301587301 
 1.714458306451613  1.963262903225808  1.893403306451613  1.854734032258065 
 0.451923978448276  0.084865307025862  0.978755344827586  2.076513577586211 
 1.591475235294117 -0.287979072941176  2.881852941176470  2.708528235294116 
