-0.111149750055571  0.072940402782226  0.961725488888846  0.661995902777875 
-0.385643412959041  0.069668755919246  0.530218057662422  0.574106812217492 
 0.944413355421584  0.219756585045187  1.016876592770996  2.428627108433685 
 1.720718970588212  1.267410558823534  2.867520294117694  1.308353687352741 
 0.350132689005916  0.090472321184989  1.033601942725498  1.661737788018433 
 1.170263185251793  0.308074900269790  3.262571762589944  1.595866834532424 
 1.094434118918925  0.265080768118921  1.351655470270258  1.479676486486472 
 0.247123562764232  0.083561807064497  1.398053300813026  0.956993441734415 
 0.764363891209765  0.140075219251525  2.316062402088728  1.726912706701441 
 2.169666962699801  0.923514088809944  2.274868028419193  2.965691651865001 
 0.667340760717653  0.130263276544953  1.734309779179786  2.203681230283910 
 2.272698181818164  1.843857090909098  2.468634727272720  4.099709090909061 
 1.598609090909104  1.015785079889815  1.262782707988954  3.343003581267271 
 1.286561707317063  0.339048783114453  3.317611632270190  3.237833771106930 
 2.193161476323113  2.057979387186632  3.155605013927579  2.405013259052911 
 1.789140510204081  1.459595523809526  4.307677551020428  3.573507482993213 
 0.757117194010416  0.171409460833334  2.158437239583342  0.917096330989582 
 1.247173905989580  1.670544557291670  2.710431770833336  3.361310677083331 
 1.583248295454539  0.136449558863638  1.783231534090899  2.293282528409116 
 1.987452839116722  1.492876246056780  1.588044072870660  1.997142334384856 
 1.095648310483872  0.225141914112903  2.006381639784940  3.094153897849456 
 1.177563254847642  0.904776080332406  2.226956094182828  2.308649861495844 
 1.985663850746267  1.040435596716417  4.178178805970150  2.174244656716421 
 0.010952410795181  0.073377433069397  0.792281883759037  1.119514867469882 
 2.392929619565214  1.060786402173914  3.341539130434790  3.589649728260871 
 1.524699643765902  0.530456371908396  2.378034045801521  4.007914758269720 
 0.425314016735539  0.090962660652892  1.680262534435261  1.488935123966940 
 1.371350383697813  1.118597634194830  3.289218290258450  2.520772166998011 
 0.973419397244546  0.131601190884041  2.682496096440873  2.441308725602751 
 2.030361660079050  0.380481541146245  2.960151778656126  2.332492687747036 
 1.590528745644600  0.372487917421603  2.206363240418119  1.424121695121950 
