 0.156911829520261  0.080871749020918  1.329251623616138  0.679066400984227 
 0.157169869836552  0.077262283759280  0.636671253788971  1.316322719167806 
 0.724376883392105  0.103228911837462  1.480376837455728  2.417557773851530 
 1.569154727272690  1.167146318181828  2.900318181818258  1.348209045454237 
 0.285516200718546  0.088051796646705  1.090926215568900  1.553595089820357 
 1.258046259574451  0.336443848170226  3.487039148936200  1.532075655319266 
 0.931663528428111  0.092713747157194  1.510829933110351  1.698474080267547 
 0.419794459039561  0.099049998765532  1.817584463276890  1.091303460451975 
 0.763254867647114  0.253404338823536  2.654228823529253  1.040027811764584 
 2.650910857142800  0.760884857142850  2.426362285714310  2.845594285714256 
 0.573678059399331  0.138221998537338  2.088947727272691  2.159276785714261 
 1.945204961240268  1.472182170542645  2.342894573643392  4.576876744185994 
 1.770431265822820  1.209015974683563  1.155734132911328  3.577437974683674 
 1.532899473684191  0.320347057894756  3.416151052631654  3.724455789473650 
 2.165233793103412  2.101424137931044  3.988989655172424  2.768041379310304 
 1.054096538323349  1.321062814371268  3.665246107784477  3.280210179640745 
 0.894289122257050  0.075875645141066  1.842972413793118  0.722738984952980 
 1.725488926174492  1.041862013422822  2.055070134228185  2.855175838926183 
 1.239443880266068 -0.066401040798225  2.035175831485567  2.104557871396944 
 2.176143624161074  1.224297449664426  1.279120007382546  2.147477852348988 
 0.887325340694020  0.021667442271294  2.062225236593032  3.013228391167174 
 1.076058230958224  0.628242457002446  2.723132432432430  1.907690663390661 
 1.785654999999994  1.218870070422529  4.276485915492962  1.796843450704238 
 0.174464970199369  0.079093370902413  1.406242182581330  1.209253861490031 
 2.445402259887014  0.917634868361586  3.754571751412445  2.911583615819213 
 1.207660731707308  0.435795837804875  2.266992682926825  4.169489024390266 
 0.393719662788019  0.116604307179724  1.607920967741931  1.724419470046071 
 1.597085258064523  1.178724322580647  3.289151290322562  2.515923870967748 
 0.870832266009849 -0.022700062783253  2.789032512315269  2.063794088669954 
 2.132367420814470  0.453506532217194  3.215296380090514  2.046357013574667 
 1.505923778501633  0.040058711498371  2.492722149837127  1.397774560260584 
 1.372090855855856  0.408352437837837  3.892910360360377  2.517323873873866 
 1.860141984732828  1.138820030534356  4.623576335877861  3.345138167938930 
 2.105919512195122  1.668978048780484  4.075865853658546  4.459741463414615 
 2.412885714285714  1.628976914285714  2.690542857142858  2.319375428571429 
 0.820536473076923  0.292717018846154  3.094663076923066  2.825889615384634 
 1.692626446280990  0.303287442396695  1.371730785123968  1.556740165289261 
 1.816315073529410  0.220248622279412  2.023662132352940  3.354768750000007 
-0.007715524562682  0.075145856548105  0.995254336734697  1.039402835276969 
 0.708680931034485  0.151645058379310  1.183659913793101  1.167686068965516 
 1.162168107255521  0.780691009463722  1.481707917981067  2.239208201892739 
 0.999479548872178  0.238012445112781  0.709474863157893  1.946445488721803 
 2.396715942028986  2.092025362318841  3.013577536231884  3.551178260869555 
 1.534575503355703  0.108759022281879  1.387200335570470  2.547572483221491 
-0.202558285212420  0.070851573472222  0.584327521241830  0.886493455882358 
 1.535091731266151  0.396185385012920  2.792077519379850  2.661956847545222 
 1.041060099502487  0.557928830845771  1.951132835820900  1.577758532338307 
 1.051639437246965  1.270486072874494  2.450604453441298  2.406607287449395 
 1.852925981873111  0.539346025377641  2.269612688821744  2.103484894259818 
 0.644938764359353  0.091344518659794  2.180188512518409  1.538503976435934 
-0.544248984995586  0.072794794912895  0.514213018799651  0.544536497793468 
 1.720298241758241  0.813383461538463  2.001767582417584  1.050948668681321 
 1.449066514285714  1.875250857142853  2.190580000000001  3.207440000000000 
 1.397495217391303  1.723386335403725  3.086247826086959  3.701139130434783 
-0.192611775444265  0.066405357786753  0.904431260096929  0.607168823101775 
-0.263479319116136  0.067526941531346  0.517549458376157  0.453394910791367 
 1.082709517543861  0.421721435964912  1.188773903508771  3.255287719298247 
 1.062195105932205  0.436393737288136  2.134442372881355  2.488502966101695 
 1.025027500000000  0.730781369565218  2.492519565217394  3.267717391304349 
 1.638065158730159  2.194789682539684  3.201214285714286  2.253482539682540 
 1.864892045454545  0.802730795454545  2.747498863636368  3.429951136363636 
 2.542142253521126  1.042910711267606  3.253758450704226  3.902550000000002 
 2.547272500000001  1.561447250000001  1.955980833333334  3.455791666666666 
 1.714281290322581  1.970447580645163  1.887607338709677  1.848544516129033 
 0.431985377440347  0.085825413145336  0.979449197396963  2.064877006507597 
 1.584678511904761 -0.282295234523810  2.860368452380952  2.723682738095236 
 2.619739473684210  1.536196184210525  3.341830263157895  1.362063157894737 
