 0.113111600907182  0.078650878617820  1.086954477785511  1.046437983251965 
-0.309217562393558  0.069869392645870  0.619176391967774  0.628392620759481 
 1.287651470418426  0.380315143217898  1.613497182539639  3.072024098124072 
 1.235878270833333  0.389976559485679  2.859930664062497  1.571151122851515 
 0.576983871500354  0.128537775290739  1.183264663173021  1.833509332376162 
 2.009729017951423  1.161833949102431  3.577899366420284  2.089781024287235 
 1.777650566523608  0.663822603313306  1.745789477339059  1.860821862660931 
 0.633678343497931  0.131832205427062  1.865545344892580  1.198090084508096 
 1.334378131868132  0.352145394932846  2.977731135531125  2.903701770451758 
 2.057882311770936  1.132998558918344  2.400543616118768  3.824734252385999 
 0.843826374640603  0.160128322120459  2.093056003159546  2.182443680884686 
 1.882574653865651  1.434049376425854  3.866922686945500  3.491479974651457 
 1.647629672097758  1.661004185336051  2.394197973523419  2.632565539714867 
