 0.146570100603103  0.080705685227994  1.321065090470350  0.683096615199248 
 0.158241690149253  0.077278510402979  0.635860005671609  1.317234164179005 
 0.727393530647865  0.107558113835383  1.486846287215311  2.416820490367718 
 1.696048272251266  1.225784659685875  3.014261780104800  1.202697115182892 
 0.285047681235138  0.087843756769595  1.084908990498850  1.560666745843228 
 1.245999703862644  0.346751585064391  3.500333047210330  1.532223562231878 
 0.938852686567181  0.097342555389721  1.511361194029834  1.694741956882243 
 0.425852141654991  0.101488317035059  1.815504067321232  1.100571542776997 
 0.768613155619651  0.259123865129689  2.655357060518577  1.049476818443684 
 2.654184916201062  0.782092569832395  2.432655307262594  2.835576536312820 
 0.571361158168538  0.136570291894652  2.086350891410012  2.157145380875177 
 1.945204961240268  1.472182170542645  2.342894573643392  4.576876744185994 
 1.777602111801277  1.204444062111819  1.159518155279440  3.566950931677146 
 1.528749468085087  0.320905484042573  3.419464893617097  3.727091489361668 
 2.160533103448240  2.095921379310353  3.990937931034493  2.768160689655131 
 1.054096538323349  1.321062814371268  3.665246107784477  3.280210179640745 
 0.863709578313250  0.072223447891566  1.838394277108448  0.703707127108436 
 1.757338613861381  1.051174818481851  2.159820792079206  2.842045874587465 
 1.242836726057900 -0.065717989755010  2.028917371937619  2.108339866369759 
 2.197391836734694  1.227375578231289  1.319971150340132  2.164327891156457 
 0.891148929012359  0.026184867901236  2.063404012345652  3.010897530864180 
 1.128111763285017  0.657480241545882  2.759230676328500  1.892516908212558 
 1.923745608108103  1.192192905405400  4.233197972972978  1.802916891891904 
 0.175499606243495  0.079883566566077  1.404724765868894  1.209893465140478 
 2.442384971098274  0.905981165895958  3.742816184971115  2.925248554913299 
 1.194514390243893  0.444356996341460  2.278244512195118  4.160531097560997 
 0.393646344059978  0.115599891155710  1.604385928489038  1.724229296424440 
 1.603968058252435  1.181455016181231  3.280862135922312  2.521058252427190 
 0.870164134615381 -0.017650909831732  2.788425721153844  2.053937259615387 
 2.169833628318576  0.493600325752212  3.188284070796475  2.033738938053102 
 1.521087781350486  0.046862003311896  2.473543408360123  1.384672733118969 
 1.377566828193833  0.426948066960352  3.901727312775347  2.510294713656379 
 1.857130597014929  1.140830029850751  4.627055223880594  3.327132835820894 
 2.105919512195122  1.668978048780484  4.075865853658546  4.459741463414615 
 2.533053142857141  1.726106685714285  2.825476571428570  2.119534971428571 
 0.819770284046693  0.288307139688716  3.097289105058355  2.824082879377452 
 1.710170901639342  0.328531303114755  1.370392991803280  1.532363483606562 
 1.817761904761904  0.217691777509158  2.020550549450548  3.360517582417589 
-0.008661458570387  0.074838899477753  0.991995791393147  1.039989482129834 
 0.709147543252598  0.152907814775086  1.178717820069201  1.169237231833909 
 1.185008532110093  0.814282385321101  1.495649021406723  2.309721100917425 
 1.030553333333331  0.261173734496124  0.701013238759688  1.956029844961239 
 2.395310791366907  2.089790647482015  3.013015107913669  3.546172661870493 
 1.536732333333332  0.112701162133333  1.392465333333334  2.550529666666681 
-0.203058778777871  0.071013152708505  0.582394100743187  0.887197208918254 
 1.547307124010555  0.387176978891821  2.800618733509240  2.668631398416889 
 1.027932440191387  0.557055550239235  1.945377751196176  1.604456076555023 
 1.045750172268908  1.312422478991598  2.483896638655464  2.354960504201682 
 1.849256134969325  0.535046731288341  2.258417791411035  2.100094478527606 
 0.647756697503673  0.091343072202644  2.182250807635829  1.541877679882525 
-0.544359337455830  0.073619999148684  0.514305282950534  0.543661459363956 
 1.675470380434781  0.865976793478262  2.041244021739132  1.067013900543479 
 1.452990786516854  1.860679213483142  2.184822471910113  3.206753932584269 
 1.394992687499999  1.724166249999998  3.088293125000003  3.704167500000001 
-0.195405704838710  0.066183934145161  0.898166185483870  0.607544066935481 
-0.263280574324325  0.066698689927235  0.515284940748441  0.452635912889813 
 1.083375745614037  0.418949374561404  1.200014605263157  3.264249561403510 
 1.065850666666668  0.439073695833333  2.169447083333333  2.467891250000001 
 1.021287224199288  0.741305266903915  2.493037722419932  3.247811387900358 
 1.626024960629921  2.181019685039370  3.214588976377954  2.232593700787401 
 1.856594163424124  0.803105642023346  2.748547081712065  3.454044747081712 
 2.547112765957446  1.041893765957447  3.255214893617022  3.901719858156031 
 2.537244444444445  1.571721984126985  1.961469047619048  3.432037301587301 
 1.714458306451613  1.963262903225808  1.893403306451613  1.854734032258065 
 0.451923978448276  0.084865307025862  0.978755344827586  2.076513577586211 
 1.591475235294117 -0.287979072941176  2.881852941176470  2.708528235294116 
