 0.041951827296552  0.079156368398959  1.228940892388346  0.622752905512043 
 0.166874876666666  0.078007002616660  0.676331626666628  1.389123833333221 
 0.740408897058697  0.006509564172800  1.581286397058716  2.225547058823472 
 1.630876261261225  1.195948288288297  2.735121621621697  1.622651261260956 
 0.250216099405454  0.090389253032103  1.149671854934641  1.486417003567184 
 1.208008237704903  0.198122809016406  3.427848770491833  1.771710655737818 
 0.800503836206918  0.040372202672418  1.244568103448259  1.452481530172397 
 0.401149412663775  0.091025487161565  1.810270305676940  0.789191371615715 
 0.769890936454913  0.287795267224088  2.623302675585106  1.032928645484810 
 2.662265432098704  0.769840925925918  2.435138271604966  2.854720987654290 
 0.540165941399231  0.173368848878731  2.076442723880552  2.118454104477586 
 2.081305617977467  1.380172741573047  1.845720224719074  4.479169662921274 
 1.938866176470645  1.138479705882382  0.918462716666567  3.259043137255103 
 1.539645846153818  0.266319415384644  3.567509230769340  3.771372307692258 
 2.523008139534824  2.223236046511645  3.938001162790712  2.373109302325509 
 1.363090441988946  1.160269226519347  3.682317679558053  3.309344198895051 
 1.074465248868773  0.023726537556561  1.984691402714954  0.801841484162898 
 1.789838926174491  0.988970067114098  2.234346979865768  2.828589261744976 
 1.065729269311057  0.011087115448853  1.942072442588711  1.734598121085639 
 2.309519685039371  1.219677322834641  1.448416275590547  2.015288976377946 
 0.813522580745354  0.084014991614908  1.984994409937864  2.988760869565196 
 0.834724902255627  0.606033308270660  2.748550751879697  1.800301879699245 
 1.816622518518512  1.154257037037031  4.245208888888893  1.823995259259273 
 0.222399146002075  0.080087649952232  1.494434164070622  1.150518701973000 
 2.469806250000012  0.967881530000005  3.724032500000018  2.925133125000007 
 1.146074130434771  0.286802466666663  2.360549275362314  4.119047101449305 
 0.378495369700911  0.106121874293889  1.583643823146938  1.718112483745112 
 1.607768692579512  1.125746113074207  3.283835335689025  2.483222968197889 
 0.807641642666663  0.063334987893332  2.670004799999994  2.401041866666667 
 2.156493981481475  0.431065446851851  3.152440740740756  2.096719444444450 
 1.589860299625472  0.118149525205992  2.511262921348303  1.424070861423218 
 1.487979378531072  0.421948244067796  4.002220903954823  2.507216384180782 
 1.918898958333339  1.100556500000006  4.749559374999994  3.286503124999999 
 2.226321951219513  1.649535609756094  4.242285365853666  4.200268292682908 
 2.426616455696203  1.679207405063291  2.747167721518989  2.417072151898734 
 0.885051315270937  0.440420911330049  3.322350246305406  2.813506896551752 
 1.684326431718061  0.312087255770926  1.337417180616741  1.527893480176217 
 1.883608920187791  0.237560358028170  1.988405164319251  3.463882159624420 
-0.011266156958763  0.074616966834192  1.051972482817873  1.070978470790380 
 0.547522826603330  0.120917143444181  1.047590783847975  0.885068859857483 
 1.385244634146342  1.105437317073170  1.466229853658530  2.475561463414623 
 0.987518960396036  0.207575650495049  0.607499027722770  1.872348019801977 
 2.311168707482993  2.053714965986397  3.046913605442177  3.603898639455771 
 1.549145787545787  0.080734694652015  1.370379926739925  2.522785347985365 
-0.091119090501046  0.070007934967641  0.628053244050105  0.968779780793326 
 1.407698556430448  0.536240569553807  2.684931233595805  2.256945931758533 
 1.124263875739645  0.687183639053255  2.081324260355034  1.772043491124256 
 1.018743752136754  1.256106410256410  2.511512820512822  2.575202991452990 
 1.943937295081968  0.430067813114752  2.118526639344254  2.154639344262291 
 0.501528654300170  0.107029228954469  2.081025801011806  1.435628667790896 
-0.557172440604752  0.089059201295897  0.526985241900654  0.472391573434125 
 1.727203057324839  0.843436305732485  2.055087898089175  0.990706291082804 
 1.493299333333332  1.921890666666662  2.240651333333336  3.134906666666668 
 1.278891533742332  1.223611104294477  2.875016564417181  3.886390797546010 
-0.259644299534884  0.071944058418605  0.856284037209301  0.716896158139533 
-0.207589510883483  0.061175149282970  0.674008002560820  0.413907831241997 
 1.189903505747128  0.354224109195402  1.200526781609193  3.344617816091955 
 1.077623678160921  0.467805395402299  1.968497011494252  2.495197011494259 
 1.124220582822085  0.445844341104295  2.569825153374234  3.162120245398774 
 1.533013124999999  2.095453125000001  3.193492968750000  2.252132812500000 
 1.877983402489626  0.686629195020747  2.786005394190875  3.411949377593364 
 2.533169444444443  1.040867854166667  3.132005555555556  3.883861111111113 
 2.502972033898305  1.614883983050848  1.974247457627119  3.395153389830508 
 1.758662543859649  2.058386842105266  1.947341315789472  1.812710701754387 
 0.406523783673469  0.090838483653061  0.985274346938775  2.001874285714290 
 1.621722614107884 -0.003355304564315  3.011440248962656  2.839299170124479 
 2.606003947368421  1.423973815789473  3.240575000000001  1.351976973684210 
 1.317048701298702  1.139347207792207  1.716569610389610  3.625646753246758 
 0.828125125000000 -0.097760679968750  2.604028437500005  1.719569062499999 
 1.423321068702290  0.799730068854962  3.365543511450381  1.048560687022901 
 0.774946921259842  0.214969101181102  1.125829173228347  2.655114960629921 
 1.396837760736196 -0.090491923926380  2.204834662576685  2.391181595092023 
-0.329263093453009  0.054088762435385  0.425725105913411  0.690023210137275 
 0.988200426666668  0.451093137866667  1.400772933333335  1.940188266666670 
 1.098411094047619  2.047514285714287  3.156945238095239  3.591039285714286 
 1.609272232142858  1.919115178571429  4.023217857142856  2.945514285714287 
 2.075946551724138  1.594277931034483  3.003437931034484  4.951872413793104 
 0.818670605381165  0.309330108354260  1.679420852017939  1.285507757847532 
