 0.012271535305824  0.075506201568708  0.939035530014201  0.968929456045570 
-0.345517425399891  0.069638385032075  0.588662846138988  0.586649872366227 
 0.983702822304779  0.192302992639409  1.468876153903303  2.594355241635659 
 1.691152735562298  0.967645186930096  2.818245136778137  1.425222958510535 
 0.412108699325231  0.102670176239316  1.065783320557822  1.682597098515517 
 1.524160955334984  0.562037094193552  3.668143672456582  2.253359466501277 
 1.308389223034740  0.311694146170021  1.524627824497254  1.505339844606933 
 0.375638293316308  0.089572300213707  1.590216492124318  1.035901783397186 
 0.892708828867775  0.186728495825412  2.666253241140851  2.401905790838329 
 2.336708422664604  0.703158350474730  2.700821745788672  2.915369525267987 
 0.622902804663648  0.126923806631024  1.880833433734925  1.879474949799188 
 2.174956254826245  1.615488841698844  2.716229787644781  4.041802123552126 
 1.593765460420040  0.717396871890148  1.547652783521793  3.519889822294052 
 1.270023492805752  0.388702898321346  2.765547122302167  3.488179616306946 
 2.235063566739600  1.884765601750549  3.512938074398250  2.326476498905903 
 1.836395268389662  1.221918564612329  4.130029423459241  3.482788270377740 
 0.900885014202170  0.201809851336675  2.534374937343368  1.293034398496237 
 1.304208228005463  1.546069617486341  2.680995081967211  2.855888251366120 
 1.511785898305081  0.337091745288137  2.281322796610167  2.277435677966110 
 1.908297403314920  1.356354825046038  1.604747607918968  2.240603001841621 
