-0.085350345021897  0.073062157542673  0.989805984682670  0.674007190919133 
-0.379253261551435  0.069733998908366  0.539417503979757  0.578200101922407 
 0.998108348901006  0.229063946799457  1.032061452747171  2.357421565934021 
 1.704738191964269  1.036235401785719  2.716095535714320  1.308638825223063 
 0.376511488862691  0.096938155733647  1.068869777843272  1.650007071302297 
 1.190875624784850  0.299465053958698  3.265193803786588  1.685123769363216 
 1.191786167048061  0.296716012597256  1.448064530892438  1.413773878718521 
 0.274480810438977  0.086736550224838  1.441471461456119  0.970944848501071 
 0.808654452166083  0.139873393646211  2.406394223826668  1.838528339350141 
 2.124484803921550  0.896702285947709  2.268831372549030  2.941198366013066 
 0.674080490409571  0.114138058159969  1.735265610510022  2.181205177743426 
 2.270291605839398  1.843003467153292  2.446142153284664  4.099764233576613 
 1.609599893333346  0.993036373333341  1.263268194666641  3.318620266666719 
 1.285183518518506  0.356414360905357  3.372908230452700  3.264595267489700 
 2.188072466487930  2.048363538873996  3.123013941018769  2.354682466487924 
 1.781033707482993  1.480713414965989  4.307576530612264  3.551985374149676 
 0.883823244084680  0.179937992353674  2.285338854296398  0.986590881942713 
 1.250351752319585  1.662270902061858  2.701550257731962  3.357430670103092 
 1.648487287024895  0.161559741074706  1.996724495412836  2.055158715596351 
 1.999484415584418  1.483705292207791  1.578251951623374  2.007072175324673 
 1.124903952569170  0.180785342160738  1.843540013175226  3.000383794466397 
 1.132539265785608  0.912440895741554  2.176380176211457  2.262310719530103 
 1.917480835913310  1.111618049226005  4.200806191950464  2.126180804953564 
 0.015563929714286  0.073302573151905  0.797267146095239  1.131189733333337 
 2.380896986301366  1.086797627397261  3.344430410958910  3.633149041095892 
 1.481225246636770  0.505803425246636  2.372739417040354  3.939722421524665 
 0.468641649932250  0.097979161803523  1.764194918699184  1.487296341463410 
 1.376881458077710  1.141535316973415  3.256250715746420  2.508749488752557 
 1.055139880896226  0.194779320943396  2.682822995283018  2.625175943396222 
 2.161529530201342  0.443885227785235  3.102240939597318  2.362077852348992 
