 0.156911829520261  0.080871749020918  1.329251623616138  0.679066400984227 
 0.157536303714710  0.077268353595833  0.636407776820175  1.316491812778504 
 0.725969063157774  0.106407347543866  1.482363807017443  2.417504210526257 
 1.581200676328463  1.189371062801943  2.909333333333414  1.320064299516581 
 0.284687580476174  0.087477866904760  1.087088083333371  1.559886666666664 
 1.258046259574451  0.336443848170226  3.487039148936200  1.532075655319266 
 0.935825886287643  0.096101371070237  1.511722909698980  1.694758695652162 
 0.420559107193242  0.100556039669953  1.816660648801182  1.094566459802536 
 0.764484225146254  0.255639664327492  2.653847368420895  1.041504257309820 
 2.659612209302267  0.758221802325574  2.427423255813978  2.844346511627876 
 0.572644482374778  0.138013667365105  2.087314539579932  2.158115347334386 
 1.945204961240268  1.472182170542645  2.342894573643392  4.576876744185994 
 1.770431265822820  1.209015974683563  1.155734132911328  3.577437974683674 
 1.532899473684191  0.320347057894756  3.416151052631654  3.724455789473650 
 2.165233793103412  2.101424137931044  3.988989655172424  2.768041379310304 
 1.054096538323349  1.321062814371268  3.665246107784477  3.280210179640745 
 0.890190900621115  0.074211136024845  1.844079503105604  0.722312627950312 
 1.740809830508470  1.044365762711867  2.072697288135590  2.860901016949161 
 1.241334058295957 -0.068425081614348  2.033241704035854  2.105706950672694 
 2.176143624161074  1.224297449664426  1.279120007382546  2.147477852348988 
 0.887325340694020  0.021667442271294  2.062225236593032  3.013228391167174 
 1.085429999999993  0.639736444444433  2.732788888888886  1.901817777777775 
 1.776344436619713  1.215421267605628  4.282847183098595  1.798986408450717 
 0.175154413124999  0.079777870281250  1.404985937500007  1.210337427083333 
 2.445402259887014  0.917634868361586  3.754571751412445  2.911583615819213 
 1.207114909090900  0.434674953939391  2.269243030303027  4.166458787878810 
 0.394610135294118  0.116438322528259  1.606458246828139  1.724842099192606 
 1.598564083601294  1.177974919614150  3.289551768488727  2.516472347266887 
 0.870433390663387 -0.021534829213761  2.790025552825551  2.062545454545458 
 2.131559909909901  0.455229836126126  3.214573423423439  2.044489639639646 
 1.505923778501633  0.040058711498371  2.492722149837127  1.397774560260584 
 1.373819321266968  0.406642856108597  3.889298642533953  2.519081900452480 
 1.860141984732828  1.138820030534356  4.623576335877861  3.345138167938930 
 2.105919512195122  1.668978048780484  4.075865853658546  4.459741463414615 
 2.408502873563218  1.631845172413793  2.689458620689656  2.321404022988506 
 0.820536473076923  0.292717018846154  3.094663076923066  2.825889615384634 
 1.693093004115224  0.305727288312758  1.372756995884775  1.552786502057618 
 1.815152747252746  0.220369433186814  2.023604761904761  3.352879487179494 
-0.007715524562682  0.075145856548105  0.995254336734697  1.039402835276969 
 0.707804241379313  0.151958163551724  1.182061120689653  1.168270206896551 
 1.173920285714286  0.791628730158730  1.488113523809518  2.257492063492058 
 1.008549501915706  0.243907507279693  0.710962082758619  1.944298467432948 
 2.396715942028986  2.092025362318841  3.013577536231884  3.551178260869555 
 1.534190333333332  0.111401962133334  1.389022000000000  2.548334333333348 
-0.202558285212420  0.070851573472222  0.584327521241830  0.886493455882358 
 1.535917662337664  0.396331646753247  2.793703896103901  2.663718181818184 
 1.036332814814815  0.559687802469136  1.952352098765436  1.583427975308641 
 1.050037310204083  1.272089714285715  2.452282857142860  2.404719183673472 
 1.852925981873111  0.539346025377641  2.269612688821744  2.103484894259818 
 0.646579677941178  0.090038316426471  2.181301617647058  1.540442205882352 
-0.544070484581497  0.072808318093666  0.514444546519828  0.544246812334801 
 1.716074486486485  0.822106324324326  2.013822162162164  1.063238690270272 
 1.446050229885057  1.877227586206893  2.189684482758622  3.207936781609195 
 1.397495217391303  1.723386335403725  3.086247826086959  3.701139130434783 
-0.192611775444265  0.066405357786753  0.904431260096929  0.607168823101775 
-0.263109657569516  0.067500283944387  0.517285698249228  0.453545796292482 
 1.084903436123350  0.421297706607930  1.191916343612334  3.258134361233482 
 1.066375585774061  0.436776242677824  2.145252928870292  2.480945397489540 
 1.025585884476534  0.735042194945849  2.489434657039714  3.264965703971121 
 1.638065158730159  2.194789682539684  3.201214285714286  2.253482539682540 
 1.863074809160305  0.802683473282443  2.749547709923668  3.437900000000000 
 2.547112765957446  1.041893765957447  3.255214893617022  3.901719858156031 
 2.547272500000001  1.561447250000001  1.955980833333334  3.455791666666666 
 1.714281290322581  1.970447580645163  1.887607338709677  1.848544516129033 
 0.444464485838780  0.084173072679739  0.979494379084967  2.073406971677564 
 1.584678511904761 -0.282295234523810  2.860368452380952  2.723682738095236 
 2.634026315789473  1.522428684210525  3.356577631578948  1.393141842105263 
