-0.179687873782786  0.070740775238099  0.852457207062557  0.650206144355363 
-0.409539737139274  0.069740219396197  0.500342471476360  0.561401285403570 
 0.902129377643402  0.200388738021155  1.048605274320153  2.384093202416869 
 1.680015248447180  1.288449409937895  2.708619565217440  1.313933906832087 
 0.376121074462585  0.094475489415304  0.946658555460045  1.696000773860708 
 1.037871007677536  0.329426327735131  3.102504606525930  1.458956815739018 
 0.872063705263165  0.171875590368423  1.488662084210514  1.555097599999988 
 0.153390618562506  0.081614306193123  1.268253862500022  0.853471125000000 
 0.642946448960320  0.124815279744803  2.210721550094466  1.506127873345894 
 2.106053174603157  0.624253686626981  2.220718849206361  2.994037301587291 
 0.575706422203674  0.116539581992099  1.757093678665472  2.123446005267772 
 2.230826136363617  1.757427537878793  2.234740606060597  3.898329545454520 
 1.601915501618137  0.945284029126224  1.162692702265341  3.308979611650551 
 1.764494672897183  0.444854941121507  3.254617757009389  3.646457943925214 
 2.001714390243882  2.159939024390250  3.706147154471549  2.589332520325180 
 1.216893002931595  1.468174918566781  3.235514006514683  3.554122475570049 
 0.595092007343942  0.110858029554468  1.854769522643827  0.846820729742961 
 1.371516161137437  1.516895402843605  2.195672274881513  2.904772985781988 
 1.439502050898196  0.054768275059881  1.824724940119750  2.242252844311405 
 1.961571093750002  1.195676093749998  1.521178637812498  2.070870562499999 
 1.014968747023813  0.217605410416667  1.808798749999988  2.980292410714281 
 1.129820172185430  0.698156953642378  2.202495761589402  2.124239072847681 
 1.941871345454544  1.069622963636361  3.996172363636368  1.836488723636370 
 0.008568285847589  0.073819513177294  0.780188343079318  1.124971726283052 
 2.599150171821310  1.045349655326462  3.227265979381452  3.104138487972509 
 1.424929207317071  0.530768556707316  2.205134695121949  4.035970426829277 
 0.278708398850575  0.086005362000000  1.467138697318006  1.396145849297570 
 1.380511475103739  1.134729709543570  3.095212655601651  2.480910995850626 
 0.858155580928479  0.064822465395231  2.576173525721452  2.230557340025095 
 1.903259809523809  0.338607473371428  2.834614095238098  2.113852571428577 
 1.453314149139581  0.282822307648183  2.225262523900572  1.208705706883364 
 1.312400272264632  0.331279175826972  3.702790330788810  2.566013740458013 
 1.878080041841006  1.230674368200838  4.462060251046022  3.283580753138075 
 2.228948022598869  1.648886327683614  3.501110169491528  4.379388700564965 
 2.353314341085272  1.854769224806202  2.586769379844961  2.283229302325579 
 1.148237112396693  0.251187937520661  2.717495371900827  3.017744793388430 
 1.489657537537537  0.410207345525525  1.165864825825827  1.456263363363365 
