 0.218468456051340  0.086508450260597  1.118824433577814  1.243389798288547 
-0.267852744756337  0.070273678848988  0.670180963567246  0.655619422456131 
 1.812481491002524  1.043385031928025  1.826493971808002  3.466605227077949 
 1.117925461476073  0.256446880985403  2.652218045417672  1.816107778183262 
 0.920546299734616  0.197245674432487  1.505038971595222  2.253256430446194 
 1.768731572226655  1.027265281021551  3.732740143655232  2.294805370311264 
 1.879437537366547  1.256332825907471  2.249710219928831  2.041325807829173 
 0.684321313545311  0.148097073191732  1.854470756756759  1.271908638759935 
 1.279553491174985  0.333514282299545  2.658688350983367  3.039279576399385 
 1.956629140717487  1.499221547982063  3.407084394618832  3.655362959641253 
