 0.041828559970298  0.078151584173680  1.147018381989076  0.773386319149023 
-0.356570030866004  0.069713895039879  0.581637202837910  0.577727488648316 
 0.955800634194763  0.218734250566605  1.137058904174892  2.399094731610307 
 1.687734886731380  0.821064775113273  2.853919255663457  1.345764591747463 
 0.366395557342314  0.093318541685122  1.127910927299004  1.614639046701972 
 1.480517615492954  0.471097052000004  3.575247887323953  2.393948591549337 
 1.199021863874351  0.306318653727751  1.476797455497374  1.383809518324593 
 0.402821840768414  0.088873563811098  1.654975186766290  1.088257914727852 
 0.978107298839475  0.086933997785301  2.736399999999953  2.194848355899374 
 2.258832944606392  0.650599230408161  2.663520845481053  2.889318075801742 
 0.623664824644005  0.120880346822546  1.866107389428246  1.935329557713044 
 2.251836036036025  1.560055000000005  2.673651869369364  4.087790090090083 
 1.615702538330502  0.753275483304945  1.566654621805774  3.553689097103948 
 1.299212544011539  0.388582131601736  2.924966089466103  3.535561183261179 
 2.238937276995297  1.913301478873242  3.016527230046952  2.384962816901398 
 1.967458371607516  1.313351158663885  4.100080584551152  3.505079331941556 
 0.855811995450407  0.206380605122839  2.449320746132854  1.255906987261145 
 1.303346725933607  1.664765456431536  2.813633817427386  3.223741493775935 
 1.604568625277156  0.221957274767185  1.993564955654095  2.098868514412433 
 1.896543140495871  1.415486962809915  1.589811324586776  2.265260785123967 
 1.006929218623481  0.208531244898786  2.015800809716595  2.859074493927118 
 1.178963237662338  0.971974896103893  2.496159480519486  2.328518961038961 
 1.889370977198697  1.368273192182410  4.120901302931596  1.979516905537460 
-0.003079772256828  0.073705498768088  0.768145881073311  1.116760426449452 
