 0.026220833203596  0.078636583942940  1.191452581063451  0.629695309987259 
 0.169295455932203  0.077790750118637  0.671932993220300  1.389356610169378 
 0.770542797618911 -0.020842468432533  1.558349999999885  2.168907341269774 
 1.652279675925889  1.199054027777787  2.715796296296374  1.640629074073759 
 0.247890365783117  0.090948673132529  1.143504313253051  1.487106144578315 
 1.220377222222206  0.158087913675227  3.422663247863280  1.778972649572768 
 0.794645638297894  0.046160844127664  1.251196276595727  1.439118361702111 
 0.356179443935947  0.084344348659032  1.732372997711759  0.717430819679628 
 0.773618673835194  0.291053285663090  2.655907168458591  1.037258584229241 
 2.684680921052566  0.792918105263149  2.456752631578976  2.855342105263125 
 0.595758538095216  0.177281799741758  2.089138827838785  1.901665934065909 
 1.984509677419296  1.459105268817217  1.860878709677394  4.455625806451541 
 1.927217961165104  1.163502718446631  0.934771816504755  3.245866019417674 
 1.530003622047215  0.256948850393730  3.568595275590663  3.781733858267665 
 2.523008139534824  2.223236046511645  3.938001162790712  2.373109302325509 
 1.357968418079092  1.152983728813569  3.695320338983094  3.312780790960475 
 1.067722587719294  0.029644914035088  1.974423245614056  0.798585692982458 
 1.852754918032780  1.108628729508202  2.263111885245897  2.816348360655749 
 1.090461697247699 -0.000074909633026  1.896201605504570  1.682152293578030 
 2.309759541984734  1.210584198473278  1.454550893129767  2.025980916030528 
 0.997050080321301 -0.030428070281123  1.940355823293139  3.098451807228885 
 0.770735760416649  0.700787552083310  2.866146354166665  1.831783333333330 
 2.003971630434774  1.039699456521730  4.425428260869570  1.839027826086975 
 0.223747452183172  0.080362994323748  1.482155591054323  1.154998306709264 
 2.485363815789485  0.968581084210531  3.720325657894756  2.936300000000007 
 1.195389776119390  0.312378905970145  2.333091791044771  4.154058955223909 
 0.371364059526939  0.103367593077530  1.577243101182648  1.717135085413917 
 1.683763095238103  1.137146865079365  3.259214682539660  2.570242460317472 
 0.800892257731956  0.059583100180411  2.661615979381437  2.371140979381444 
 2.159122274881510  0.432922542748815  3.151478672985798  2.096070142180100 
 1.719716666666671  0.002946765517240  2.459436781609180  1.403243678160915 
 1.528763023255813  0.451700576744185  4.002522674418626  2.502729651162781 
 1.916200000000006  1.103238872340432  4.743064893617015  3.305413829787233 
 2.226321951219513  1.649535609756094  4.242285365853666  4.200268292682908 
 2.461132624113476  1.703606879432624  2.742812765957448  2.374643971631205 
 0.894325167539268  0.451517378534032  3.387983246073286  2.770391623036679 
 1.666864414414414  0.330062923693694  1.325631081081081  1.519758648648654 
 2.134642241379306  0.245721433275863  1.869248965517244  3.668765517241382 
-0.012831522842197  0.074452148818657  1.050025666957284  1.073915518744554 
 0.540498623188410  0.119016038454107  1.035533043478255  0.886999782608696 
 1.379653316326531  1.105020969387755  1.458579693877545  2.470361224489785 
 0.983715931372546  0.205991095098039  0.602588056862743  1.885877450980389 
 2.321418791946309  2.046383892617452  3.054477852348994  3.587885234899317 
 1.582689615384614  0.079712848615385  1.360803538461537  2.512245384615402 
-0.092595363607598  0.070308030273206  0.627391790928270  0.971228523206758 
 1.428041542699726  0.552107168044079  2.731766115702483  2.344455096418735 
 1.119069999999999  0.766072595155710  2.062229411764708  1.953646020761241 
 1.026434773913046  1.264568739130435  2.520420869565219  2.610823913043478 
 1.949029288702930  0.440938905439328  2.113912133891204  2.161386610878656 
 0.476319955631401  0.086602265136519  2.037562116040959  1.302550546075087 
-0.557254918743229  0.089029856338029  0.526370437703148  0.471625099674973 
 1.681225632911391  0.858416898734178  2.022006329113927  1.027276042405065 
 1.488860958904108  1.927449315068488  2.235165753424661  3.156406849315070 
 1.266482969696970  1.205306969696968  2.880503030303033  3.863074545454543 
-0.269131681381958  0.072123900383877  0.848280796545104  0.721063790786946 
-0.208125751918159  0.060817697685422  0.675469283887469  0.414519151150895 
 1.170241604938273  0.378005672839506  1.137802962962960  3.343082716049385 
 1.076087425742575  0.444815136138614  1.946354950495048  2.543249009900994 
 0.950920156363636  0.404503348727273  2.647183272727276  3.157491636363636 
 1.589288828828828  2.160774774774775  3.105312612612613  2.335502702702704 
 1.876163291139241  0.683103105485233  2.801978481012663  3.424576371308019 
 2.532396503496502  1.040973503496504  3.130241258741259  3.885937762237764 
 2.513164035087720  1.642730175438597  1.979741228070176  3.414148245614034 
 1.753223425925926  2.080793518518521  1.940143611111110  1.805444629629630 
 0.404816518367346  0.094863785897959  0.987564489795918  2.003340204081637 
 1.614219649122808 -0.046836172807018  3.021983771929825  2.838796929824558 
 2.609866216216216  1.418654054054053  3.195581081081082  1.326687837837838 
 1.323646851851852  1.089472530864196  1.767635802469136  3.564735185185191 
 0.778284486206896 -0.126294441724138  2.591112758620694  1.675998620689654 
 1.505907533333333  0.678055440133333  3.249308666666666  1.048388686666666 
 0.771005432950191  0.222122757471264  1.159491072796936  2.646384674329502 
 1.356752175226587 -0.049740392145015  2.200673111782475  2.316793655589123 
-0.328641114118896  0.053944416163811  0.423918699893843  0.689239373673036 
 0.997820919220057  0.461965490250697  1.401073398328693  1.941362395543179 
 1.093459420481928  2.044221686746989  3.166659036144579  3.582674698795181 
 1.621928691588786  1.922875700934580  4.037702803738316  2.956862616822431 
 2.072298275862068  1.589948620689655  3.012163793103450  4.952818965517242 
 0.814847885985748  0.376651000061758  1.688082422802852  1.278385178147268 
 0.514546924106583  0.186293818808778  1.951021003134797  2.479053291536049 
 1.595372796934867  0.360536119923372  2.218832950191572  3.099616091954021 
 1.198189369369368  0.383333631921922  2.475222222222222  1.685848648648649 
 1.369803966942148  1.393300413223141  3.726028925619834  1.842103305785123 
