 0.138736739180643  0.082453211401267  1.331832783613361  0.733654447479178 
 0.148256245730027  0.077351700371895  0.667275087878757  1.325113126721670 
 0.704958139318778  0.119934661563473  1.435166625386907  2.349278173374563 
 1.719297980769192  1.255468605769241  3.048972115384695  1.236341293268906 
 0.353383180535946  0.086623409999998  1.004472679830788  1.835697884344145 
 1.272193636704104  0.386369810187277  3.456892134831486  1.542402771535683 
 1.060816636528047  0.055558842857146  1.511832405063271  1.622529186256768 
 0.353571733256361  0.091800018136255  1.731435103926140  1.128702829099305 
 0.756127005524914  0.251157419613266  2.654595580110348  1.051951397789941 
 2.530194238683090  1.056281572016456  2.225843621399195  2.977440329218085 
 0.605941388203222  0.109445168039765  2.072160677466829  2.152961413843866 
 2.083072674418572  1.303297639534891  2.308992906976731  4.441830232558100 
 1.879439757575792  1.261867515151532  1.146114381818122  3.445787878788004 
 1.723495181159407  0.419496771739144  3.253289492753672  3.695654710144904 
 2.053880372340399  2.161788297872348  3.874711702127667  2.624423936170181 
 1.018003824374996  1.322856562500010  3.708868750000047  3.343032500000029 
 0.840344391408113  0.089098707541766  1.825823866348460  0.752914382338904 
 1.532568946015419  0.992636915167096  2.342706169665808  2.982040874035992 
 1.306940439330538 -0.038078463514643  2.044105230125506  2.172554184100463 
 2.022130459770114  1.646933275862064  1.593904839655168  2.083355057471260 
 0.930624560794055  0.097582466004964  2.008607444168716  2.964714392059542 
 1.121228978586719  0.694809807280504  2.729497858672373  1.959519057815844 
 1.975995142857138  1.110887771428567  4.216591428571432  1.911444914285725 
 0.156439205770964  0.077574382876465  1.255669747520294  1.319110550045087 
 2.536688837209312  1.011402604651166  3.302882325581410  3.247931162790702 
 1.099262780487798  0.524412114146339  2.308936585365850  4.007312682926849 
 0.420737059513743  0.123659754473574  1.590077061310778  1.717052114164894 
 1.588301213017758  1.167631775147931  3.288391420118327  2.528927514792907 
 0.863652293453721 -0.014526836320543  2.798726862302482  2.071792776523706 
 2.263527004219402  0.431499938059071  3.218560337552757  2.160478059071737 
 1.553310306406689  0.127391266935933  2.450424791086349  1.387790454038997 
 1.280252313653136  0.355466727675276  3.800599630996322  2.574649446494458 
 1.922242777777781  1.149380633333337  4.505186111111108  3.260369444444443 
 2.299373043478262  1.516345486956519  3.915826086956529  4.413588695652159 
 2.496035555555554  1.853346111111111  2.854662222222220  2.111456444444443 
 0.892328963276836  0.375059527966102  2.863545197740105  3.024092090395493 
 1.966182882882881  0.487380728378379  1.352951112612613  1.732263333333338 
 1.865643769968049  0.281828684536741  2.081694249201278  3.372914696485628 
-0.024673554634514  0.072610323348907  0.950187799547856  0.997522200452152 
 0.687886523809526  0.156616148158730  1.138354222222220  1.217071507936508 
 1.297695890410962  0.787612684931507  1.540231150684929  2.350224383561640 
 0.955570658307210  0.232582220062695  0.729387447021943  2.035392163009402 
 2.387041496598642  2.155974149659862  2.899899999999997  3.661291836734684 
 1.459273275862069  0.052402686206897  1.319776896551725  2.659033793103463 
-0.225648233071555  0.069032837652705  0.560951602094240  0.879305497382204 
 1.553114507772022  0.092622501554404  2.856056476683938  2.725423575129532 
 1.041533229665073  0.583214186602871  1.880664354066988  1.591895095693778 
 1.246236981481483  1.803900925925926  2.570040277777776  2.363730092592592 
 1.858155080213904  0.590682347593581  2.372051069518712  2.220896256684491 
 0.662531416781294  0.093208782902339  2.174323383768916  1.536381430536452 
-0.546687054054054  0.075843726212892  0.524283739909914  0.527711190990990 
 1.652364602272726  0.996804318181819  1.976655681818181  1.079980253977273 
 1.609714418604651  1.864190116279067  2.082436627906977  3.284329069767442 
 1.453131866666666  1.559857155555556  3.022343555555557  3.605472000000001 
-0.192923841373671  0.067253293327882  0.896204668847095  0.590419364677021 
-0.256724678030303  0.066925955443723  0.501058854978355  0.461011329220779 
 1.083681069767444  0.523552191627907  1.230146186046510  3.351260000000001 
 0.972830944071589  0.577276577181209  2.189422147651003  2.433564876957493 
