 0.139008623779826  0.082938080429913  1.327341173416323  0.730445725856882 
 0.150160494972066  0.077593485293290  0.663197086312818  1.323925181564152 
 0.701636566153739  0.103736214261544  1.434876830769140  2.331562769230720 
 1.700394977168913  1.246280776255717  3.037037899543455  1.258794470319326 
 0.352237978813539  0.086725958601693  1.003580028248628  1.834707485875704 
 1.273226312302826  0.429594886498432  3.397650473186142  1.588433564668856 
 1.067087779783412  0.056009500180509  1.511413032490954  1.619794296028867 
 0.350937591065302  0.091325879159218  1.729082016036698  1.128072920962197 
 0.763054436657733  0.270562298921839  2.654309973045677  1.064610312668352 
 2.522139919354802  1.064474443548383  2.228762500000018  2.976991532258043 
 0.621559467686866  0.141588742509168  2.073758956276412  2.160104513399132 
 2.078653179190719  1.303586092485556  2.303987745664726  4.441528901734065 
 1.882634096385576  1.255801566265077  1.150103451807169  3.430665060241089 
 1.735510184501831  0.423829811808132  3.254123985239902  3.697432472324700 
 2.053880372340399  2.161788297872348  3.874711702127667  2.624423936170181 
 1.019831710062889  1.333794968553470  3.700462264150990  3.348230817610092 
 0.838398388625591  0.087592126682464  1.830399763033187  0.754069990995262 
 1.509709494949491  0.988785176767678  2.342506818181816  2.970068939393942 
 1.316950061224484 -0.029470180734692  2.048133877551003  2.188069591836777 
 2.004535555555555  1.636983722222218  1.593783011666663  2.091550999999995 
 0.916572011741691  0.182129825166341  2.062468884540101  2.863264383561632 
 1.033315172744717  0.702190556621872  2.584242610364683  2.125935508637231 
 1.982086416184967  1.110661040462424  4.208005780346824  1.905546011560704 
 0.151499530664239  0.077665882265696  1.248344131028213  1.316620473157418 
 2.536688837209312  1.011402604651166  3.302882325581410  3.247931162790702 
 1.099636333333326  0.515520111428569  2.304528095238092  4.000711904761924 
 0.416477254000001  0.122537677086316  1.588652947368417  1.709214421052620 
 1.587608793103454  1.161364080459773  3.273670977011478  2.514910057471271 
 0.875915508620686 -0.000663841573277  2.803646336206895  2.047615732758625 
 2.282378389830501  0.434219725932203  3.205094491525437  2.161962711864414 
 1.554952173913047  0.142608624538043  2.445948913043475  1.395090959239130 
 1.287225230483271  0.355432596654275  3.805149442379194  2.574105947955383 
 1.909451912568309  1.151197508196724  4.504296174863385  3.243532786885245 
 2.298630172413794  1.511224146551721  3.924412068965524  4.412331034482744 
 2.495293922651932  1.849709392265193  2.851957458563534  2.110688176795579 
 0.885861145772594  0.354618151895044  2.883172886297368  3.047996209912549 
 1.968178947368419  0.498088779385966  1.359194811403509  1.754554298245618 
 1.867850920245397  0.282433577484663  2.079008588957055  3.348395705521478 
-0.025157724867725  0.072380520093726  0.948532373393805  0.996854467120186 
 0.688691042654030  0.156503837819905  1.137954186413900  1.216854075829384 
 1.227384308035716  0.739933191964286  1.614778928571427  2.377816741071423 
 0.957170562500000  0.238929681874999  0.729353767499999  2.035607812499998 
 2.387041496598642  2.155974149659862  2.899899999999997  3.661291836734684 
 1.441454147157191  0.045783906354515  1.312946488294315  2.701744816053527 
-0.225733288059703  0.068938910403863  0.559682077260755  0.879208937664623 
 1.542002580645163  0.075066867204301  2.861020430107528  2.740580645161288 
 1.036148424821004  0.589074988066825  1.872394510739859  1.607310859188542 
 1.247569800000001  1.818893333333333  2.569359999999998  2.366772857142856 
 1.796955831265510  0.601371821339949  2.412527295285355  2.217902729528536 
 0.665772922868743  0.086363273031123  2.170647902571045  1.540411502029770 
-0.546783363390441  0.075887768346538  0.524079694589724  0.527550452660053 
 1.649502655367231  0.995490338983052  1.977920338983050  1.080245337288136 
 1.601891647058824  1.865462352941174  2.079521176470589  3.286626470588235 
 1.454836311111111  1.557322488888889  3.017911555555557  3.603597333333334 
-0.196667899835796  0.066639888949097  0.894517701149424  0.591282087848930 
-0.256526683839479  0.067066329533623  0.500535143167028  0.461042536008676 
 1.048980934579441  0.518247891588785  1.249689859813083  3.364924299065422 
