-0.158993132884279  0.071339941564609  0.905405633802766  0.631853988854976 
-0.132938254492754  0.069813238992026  0.573145380289840  0.945383876811548 
 0.637352762824846  0.144995104049413  1.484454199785114  2.198056928034332 
 1.688415349650321  1.248809650349659  2.749194405594461  1.289132615384378 
 0.338496225352097  0.083405912806066  0.915577858071537  1.745571289274110 
 1.212839695530716  0.435923850055875  3.347213966480469  1.453905363128567 
 1.047388933500637  0.235794086700128  1.684848933500610  1.573844542032610 
 0.139703506723345  0.079346272746520  1.350846970633718  0.846584188562596 
 0.683204493846182  0.209727753076926  2.453482153846073  1.321310815384551 
 2.088347006651867  0.930859991130817  2.261683370288260  2.805129268292674 
 0.611790519479152  0.072975259905209  2.063176979166636  1.891665937499986 
 2.382354585152815  1.697067292576425  2.360552401746717  3.842526200873331 
 1.755237240000020  1.211741280000012  1.231107811999961  3.407262400000082 
 1.758915166666653  0.442564093666679  3.252338333333379  3.685985333333312 
 1.973884035874416  2.198334977578482  3.726198654708525  2.613341704035848 
 1.258086890942027  1.430422355072470  3.341027173913070  3.491388405797121 
 0.579012675641026  0.094414003007692  1.874312820512826  0.891117007948719 
 1.318977881690136  1.591495718309863  2.312996338028167  2.843793239436617 
 1.398968676923069  0.029691320676924  1.944419692307680  2.304932307692337 
 1.857587960199006  1.677290049751241  1.619294697014922  1.936460696517410 
 0.772816866028714  0.177247888133972  2.149656778309398  2.763709888357250 
 1.147005370370367  0.737382136752131  2.232783618233614  2.134302279202273 
 2.005286051502144  1.070593854077250  4.085978111587985  1.905193819742497 
 0.066439550409062  0.077756279351794  0.973513530522343  1.185765707992452 
 2.624809803921574  0.998523371372552  3.254124705882363  3.157806274509805 
 1.270823061224485  0.618214864897958  2.263191346938771  4.140631428571441 
 0.330760064857531  0.095736196677069  1.522578086838533  1.471473066485744 
 1.446093868105520  1.176990671462833  3.198293285371693  2.443417266187055 
 0.980370157973171  0.094373762354694  2.772997615499252  2.077353204172880 
 1.966298715203426  0.340152154432548  2.857545396145615  2.180406423982875 
 1.539642780373835  0.292587895934579  2.256522429906538  1.157368959579437 
 1.297458108823529  0.350479047352941  3.732311470588242  2.615734117647056 
 1.895940227272730  1.207292927272729  4.465485454545450  3.268102727272726 
 2.266421290322580  1.647288903225804  3.650709032258068  4.397359354838700 
 2.490757077625570  1.815392237442923  2.774783561643834  2.202627671232873 
 1.171286290909088  0.316184162181818  2.817738181818182  2.989036000000004 
 1.845193993993993  0.585094497897898  1.388795576576576  1.876515135135138 
 1.813958108108108  0.256067637189189  2.111766486486488  3.358060810810814 
-0.432708021256495  0.069558208685078  0.518166751676903  0.514508414454418 
 0.771866570512821  0.148375773621795  1.132931891025641  1.166484150641028 
 1.144020180000002  0.337816264600000  1.363237420000000  2.985404600000000 
 1.040352593457944  0.224147271495327  0.869543237383177  2.120562616822430 
 1.341011181818182  1.911480909090909  2.479166363636364  3.984342727272726 
