 0.029513223819184  0.078346683400206  1.140126063991834  0.757431072117916 
-0.357460951574920  0.069761207608568  0.577614491992928  0.578962374506901 
 0.956461290909022  0.216507248858590  1.125964603636304  2.380244040404008 
 1.684581435643553  0.806218042937298  2.855469471947222  1.332310491254014 
 0.367083055414628  0.093544705014633  1.127531802926845  1.616606292682926 
 1.481193625869260  0.484367113936027  3.575026008344933  2.403241446453449 
 1.196878902953592  0.302802148744728  1.484763364978895  1.378376993670872 
 0.395821866631583  0.088569767148419  1.643127157894752  1.084981701157892 
 0.986179252417812  0.086978485212767  2.741757253384865  2.217335976789124 
 2.156191336270169  0.673526216387662  2.464410866372987  2.747803524229069 
 0.618573725483688  0.117564675004891  1.866944293478244  1.926134130434774 
 2.163872727272713  1.622999272727279  2.537671298701294  4.154884935064925 
 1.603594203152374  0.729118885639234  1.553004173380017  3.533744133099855 
 1.326699713896453  0.393708245504092  2.895866212534073  3.526655858310621 
 2.223135085995078  1.942519484029487  2.987829975429979  2.362705061425051 
 1.800322827988338  1.468727504373180  4.251981924198263  3.526430903790104 
 0.846586461467888  0.202201453513762  2.452493302752301  1.254339265137613 
 1.309709487396692  1.653211818181819  2.827470041322313  3.204176859504131 
 1.563539441340776  0.210882542837990  1.990923005586585  2.067897430167613 
 1.877160493273546  1.429024260089684  1.543621885874439  2.239967017937219 
 0.980344870221327  0.210288660623743  1.991493360160960  2.848439336016092 
 1.134581144645342  0.989646495132124  2.489347705146042  2.277299443671769 
 1.915466838709677  1.362746129032257  4.091340645161288  1.965051580645162 
 0.003546192538714  0.073227850647114  0.779426416611919  1.118917606757394 
 2.466398882681561  0.943656650000000  3.398721229050280  3.394222067039110 
