 0.057275578426372  0.078242671104066  1.171355050761352  0.706458006768340 
-0.112523090446304  0.069635375717570  0.609261370153402  0.969583856345841 
 0.629786520789689  0.123102691001116  1.521561957730748  2.196728031145679 
 1.718518749999970  1.256703750000009  2.745214705882412  1.264978227940927 
 0.342237952324178  0.086777147342072  0.888133829559033  1.762683790226465 
 1.257053402857132  0.475709463771437  3.383519142857164  1.525124282857220 
 1.036472520661168  0.299990402479341  1.694864876033038  1.571937217630842 
 0.204046408472916  0.079068089432509  1.509614384236488  1.064752620689652 
 0.719473086693585  0.260262618145165  2.570180846774091  1.217034034274110 
 2.101083908045957  1.009074988505745  2.269609655172426  2.821526666666658 
 0.615694610638284  0.090426559441743  2.088183282674745  1.789317325227948 
 2.445015736040579  1.472923908629448  2.250700507614200  4.002855329949207 
 1.784325991189450  1.222066977973582  1.198437414096873  3.453233039647668 
 1.747955612903212  0.434809796774206  3.206142903225851  3.668336774193527 
 2.029041224489769  2.184018877551027  3.857588265306128  2.608700510204050 
 1.172430702316601  1.343743745173752  3.470743629343659  3.458094208494229 
 0.616337652116402  0.097980396621693  1.897635449735456  0.909033076984128 
 1.171479249190933  1.402804530744340  2.160648220064719  2.918239158576049 
 1.401283890909083 -0.035467487563635  1.952567999999982  2.214483454545491 
 1.824293160377359  1.697663679245281  1.651991670283015  1.947602830188676 
 0.781383231974927  0.160018547742947  2.120817868338547  2.677697021943567 
 1.205282319277107  0.693842575301199  2.422272289156621  2.060505120481922 
 2.022029374999997  1.055744723214282  4.090704464285718  1.904403392857150 
 0.073010602968961  0.077829845674764  0.991529224021594  1.208563414304999 
 2.596188477366262  0.983461850617287  3.281294650205773  3.138994650205762 
 1.213759105691051  0.673034727235771  2.316326016260158  4.137030894308956 
 0.370366698651865  0.097843677114989  1.489529500396506  1.562923076923069 
 1.489259570388354  1.339125048543695  3.154446844660185  2.450464563106803 
 0.910640164948450  0.044728691993126  2.759371305841923  2.006669415807564 
 2.049803456790121  0.398369718074074  2.865009876543215  2.181777530864201 
 1.562707474226808  0.253645926958762  2.264014948453603  1.170651249226802 
 1.313634850282486  0.378800669774011  3.708206497175150  2.594388700564968 
 1.925894393939397  1.173776888888891  4.495713636363631  3.271847474747473 
 2.273252348993289  1.580766382550333  3.688226845637588  4.406440268456366 
 2.536849748743718  1.854178894472362  2.774465326633165  2.187255577889445 
 1.009364419664268  0.535811931894485  2.744603357314145  3.022672901678664 
 1.938721348314604  0.513177561048690  1.377067104868914  1.747605655430714 
 1.813319312169311  0.277551057566138  2.084648677248678  3.329033597883601 
-0.242000992980217  0.068990132712188  0.799444996809194  0.585462396426295 
 0.788140504201682  0.146481953176471  1.129721865546218  1.163102352941177 
 1.271516008230454  0.628143806584362  1.621814382716047  2.412063786008226 
 1.033030169491525  0.187860044067796  0.868779141888619  2.089784503631957 
 1.783770327868852  2.059644262295083  2.736917622950818  3.548368442622948 
 1.089094982188295  0.216595567175572  1.284331653944020  3.089023155216291 
-0.448092561173184  0.070541878104084  0.474717823072626  0.526287557541901 
 1.375509887323943 -0.033417402816901  2.784506760563382  2.758040563380281 
