 0.028587565306075  0.078358385289127  1.228379778911427  0.590526076530911 
 0.262878847058823  0.089416975970576  0.675323720588168  1.626755588235100 
 0.947135087719098 -0.030351665672505  1.767628947368251  2.267501169590556 
 1.739361827956944  1.115991935483883  2.825580107526974  1.908446774193186 
 0.164956194752167  0.079662635728861  1.187976486880515  1.388166618075803 
 1.172189161290296  0.068926836774213  3.488383870967791  1.865649677419533 
 0.598834469525980  0.145434095011291  1.098313837471763  1.444716930022555 
 0.400479884758398  0.107654107026011  1.762727137546612  0.614958223791811 
 0.625623077821086  0.130703387159542  2.681512451361662  1.335675836575710 
 2.763258333333240  0.907711916666654  2.432739814814857  3.069353703703658 
 0.640627627762006  0.034197024869688  2.276048441926283  2.010849858356899 
 2.181793617021160  1.631767446808534  1.612613191489312  4.523525531914751 
 2.197176623376698  0.926837012987050  1.125388636363504  3.275689610389875 
 1.499605411764660  0.262222011764750  3.648871764706051  3.790472941176391 
 2.675571830985842  2.173295774647908  3.894295774647905  2.516066197183012 
 1.512295794392515  1.018697943925251  3.972337383177645  3.430536448598168 
 1.102479378881981 -0.037178076397516  1.914162111801271  0.864906273291928 
 1.873887368421044  1.115790421052640  2.318148421052627  2.911546315789487 
 1.050577794871787  0.023973058974361  1.937895897435880  1.659922051282100 
 2.508830158730159  1.384737460317452  1.405669349206340  1.764756825396819 
 0.933751980676349 -0.046254870531399  1.929850241545853  3.005146376811558 
 0.784175258823510  0.720754058823503  2.826375882352936  1.806042941176466 
 2.056704587155955  1.169905137614671  4.271503669724773  2.071653211009189 
 0.181982363584634  0.081394812779516  1.491494310099587  1.054396813655762 
 2.520494827586222  0.977962068965523  3.784918103448300  2.949652586206907 
 1.117186979166650  0.370309139583327  2.040419791666659  4.104027083333373 
 0.313796071428572  0.080896730139456  1.552348639455772  1.548537925170054 
 1.828752795031069  1.225325341614907  3.164611180124187  2.669050931677037 
 0.718940915254233  0.042601430508472  2.757733050847439  2.339080932203387 
 2.003852287581691  0.348854489019607  3.265095424836625  2.003045751633997 
 1.794039694656494 -0.004537937404582  2.401142748091582  1.374872977099231 
 1.692758526315788  0.200835514736840  4.102616842105296  2.546494736842087 
 1.850460000000008  1.064398186666675  4.823109333333326  3.351277333333333 
 2.420940000000002  1.929222222222217  4.417660000000019  3.992433333333305 
 2.380043750000001  1.773210937500000  2.772414843750003  2.400457812499998 
 0.791375427272729  0.332909256363637  3.557828181818160  2.868980909090961 
 1.754942391304344  0.085678956086958  1.298936304347827  1.316832391304364 
 2.198621126760553  0.206832707887326  1.812047605633808  3.879209859154932 
-0.034601965294924  0.074677330308641  1.125830699588484  0.991532949245549 
 0.355807586538466  0.085851278173077  0.900977235576918  0.960382499999999 
 1.368162416666669  1.423110500000001  1.653557666666656  2.714522499999984 
 0.746478516746409  0.096966029665071  0.685943720574159  2.173199521531097 
 2.563810714285717  2.143561904761907  3.072122619047616  3.598054761904738 
 1.535787634408601 -0.009413970430107  1.269641827956985  2.536928494623682 
 0.009733582524268  0.072192999595469  0.830084142394819  1.237672734627847 
 1.216027522123894  0.514034362831861  2.935238938053097  2.358357522123899 
 1.274464378698225  0.997096213017751  2.088636686390538  1.910288757396441 
 0.992897698795185  1.247801506024095  2.548831325301205  2.495981325301204 
 2.292089830508473  0.331595457627113  1.988983050847438  2.455352542372868 
 0.428571326582282  0.078678791696203  1.995006582278481  1.108028911392405 
-0.591082292263610  0.092485225214901  0.489645710601726  0.484650088825213 
 1.829641911764704  0.692394044117648  2.067925000000003  1.191845220588235 
 1.495655892857140  2.062365178571421  2.418246428571434  2.954864285714289 
 1.044740377358490  1.163872075471696  3.188787735849059  3.606767924528295 
-0.215503413878563  0.069310616120199  0.825584014869886  0.886007261462201 
-0.026800575774135  0.073923565701275  0.772419289617490  0.622704732240437 
 1.079304955752217  0.394933203539823  0.934721132743359  3.309156637168148 
 1.243165325203254  0.579259756097560  1.686043495934954  2.658139837398378 
 0.792493969135801  0.460330333333334  2.419340123456800  3.101105555555556 
 1.682637362637362  2.229245054945058  3.439641758241757  2.018537362637363 
 1.763554609929078  0.818354397163122  2.510091489361707  3.594926950354611 
 2.710937209302325  1.097856523255814  3.338946511627908  3.890458139534883 
 2.484464285714286  1.861955714285715  1.844087142857142  3.146402857142853 
 1.788672388059701  2.273895522388062  2.053195522388057  1.901511940298508 
 0.336225583518930  0.108851579042316  1.134552427616924  1.925155233853014 
 2.020261068702295  0.188968307633588  3.048211450381685  2.889510687022886 
 2.667055000000000  1.417590833333332  3.263484999999999  1.324237500000000 
 1.418180930232559  1.348117325581393  1.380316976744187  3.709427906976754 
 1.109900340909090 -0.214978339602273  2.646966477272736  1.698076136363634 
 1.371347560975610  0.432950973902438  3.170396341463414  1.272592865853658 
 0.710119642105263  0.134075875438596  1.287176912280703  2.578981052631579 
 1.475253125000003 -0.045686818593750  2.206737499999997  2.310457812499997 
-0.056209089495800  0.074001913214286  0.466280581512605  1.029426638655464 
 0.997806640316208  0.512007549407115  1.372692055335975  2.010137154150203 
 0.945389465555555  1.671015555555556  3.469397777777776  2.828563333333332 
 1.705119223300971  1.938270873786408  4.043919417475722  2.954704854368935 
 2.257386842105261  1.470654736842105  2.929673684210529  5.149955263157895 
 0.711578980392153  0.092788686274510  1.315503764705890  0.882187921568628 
 0.462075211220658  0.248359544600939  1.991113615023476  2.513075586854458 
 1.621258461538462  0.209328451282051  2.279778461538461  3.132748205128205 
 1.316792013651878  0.405429607508533  2.485772696245734  1.857917406143344 
 1.288052075471699  0.986327169811323  3.706207547169813  1.792641509433962 
 1.033891985815604  0.360407800212765  2.285496453900715  2.494659929078020 
 1.560492323232324  1.378215656565655  2.836820202020201  1.054142606060606 
 1.471119078947369  2.293082894736840  2.852863157894736  3.921122368421051 
 1.025189557522123  0.316278305309735  2.598893805309736  0.588634953097345 
 1.197133636363636  1.158154454545455  2.630740909090908  4.419398484848488 
 1.579061666666667  1.009791785714285  0.894617786904762  2.411303571428570 
 1.617056038647342  0.434717531400966  1.641020289855073  1.923716425120773 
 2.116913829787235  0.345751117021276  2.915255319148936  3.866008510638299 
-0.350551197969542  0.060555911586295  0.809604784263960  0.509209784263960 
-0.275440895214522  0.062626507937294  0.449880760726073  0.422384099339934 
 1.270540337837837 -0.202217737162162  2.921245270270267  2.725208783783787 
 0.986519327354262  0.461192802242152  2.276553811659194  1.276538071748880 
 1.034085120772946  0.515867739130434  1.619025120772945  1.333044879227052 
 0.924623824561404 -0.009309131333333  1.313802385964910  1.825601754385967 
 0.485620104602510  0.092410706066946  1.651982008368201  1.987158577405855 
 1.604651388888888  1.175225833333333  4.229227777777780  1.024086916666667 
 1.441863953488371  0.834853139534884  3.588587209302327  2.561722674418604 
 0.819230929368030  0.524553531598513  1.956728996282531  2.061641263940523 
 2.315555208333334  1.450905625000000  2.423321875000000  3.890612500000000 
 1.373090894736845  0.541901605263157  2.946206842105262  3.072672105263155 
 1.666080444444447  0.591171111111111  2.475445333333331  2.442801333333334 
 2.582724742268042  0.705212327835052  2.896671134020618  2.245003092783505 
 1.176954074074074  1.240087407407409  2.268195555555555  3.315679259259260 
 0.677230238095239  0.120992654466667  1.614299523809521  1.331320261904761 
 2.086456666666666  1.181410416666667  1.836577500000000  2.302883333333336 
 1.830351063829787  1.433172482269503  3.177753191489363  3.496295744680852 
 1.837880434782609  1.355663260869565  3.964771739130434  4.462376086956523 
 1.436263205128205  0.376208865384615  1.665324358974359  3.322833974358972 
-0.351581228930818  0.059569461970201  0.493583829308178  0.747228289308176 
 0.492694919656020  0.150612859950860  2.065427027027027  1.591558722358722 
 1.073475865384615  0.106398175961538  2.813711538461536  3.655146153846154 
 1.249409098360655  0.354362418852459  0.751312081967213  1.590028196721313 
 1.498209672131148  1.474927868852459  1.600068524590165  1.223650491803279 
