-0.158993132884279  0.071339941564609  0.905405633802766  0.631853988854976 
-0.133132945032633  0.069796540108046  0.573015761276272  0.945373372008656 
 0.635793954355820  0.145950887412668  1.481316048034870  2.204892358078563 
 1.688415349650321  1.248809650349659  2.749194405594461  1.289132615384378 
 0.338129232181410  0.083431702505398  0.916333005399599  1.744791900647952 
 1.205644428961738  0.434880601967222  3.343170765027344  1.460771366120292 
 1.045605491905366  0.232276455915320  1.682527770859261  1.576425778331246 
 0.139703506723345  0.079346272746520  1.350846970633718  0.846584188562596 
 0.682074476407943  0.208664177625574  2.448884931506770  1.324074322678779 
 2.089433407079629  0.930850013274333  2.261495353982313  2.806811504424770 
 0.612232833541003  0.073045114547248  2.058827102803709  1.896063343717535 
 2.267556439393918  1.761394924242429  2.359029166666658  3.882716666666641 
 1.756430198412719  1.217711984126997  1.234743464285675  3.408767857142939 
 1.756649669966983  0.445469003630375  3.254079207920837  3.686942244224401 
 1.969842780269035  2.200900448430500  3.723612107623324  2.612356502242126 
 1.245848160738253  1.484127281879201  3.279015100671165  3.533420134228206 
 0.578818840821567  0.094275792485238  1.874153915276000  0.890605861617459 
 1.307396016129027  1.602484354838714  2.302105107526880  2.874898655913976 
 1.400184246153839  0.031846689907693  1.944381538461526  2.305375846153876 
 1.857587960199006  1.677290049751241  1.619294697014922  1.936460696517410 
 0.773393539325848  0.179170664301766  2.148727447833054  2.765438202247185 
 1.144611576704543  0.737166775568176  2.237655255681814  2.132827272727266 
 2.005286051502144  1.070593854077250  4.085978111587985  1.905193819742497 
 0.066321840428211  0.077804061643577  0.973176945843830  1.185242808564235 
 2.622154474708177  1.000110349027240  3.250835797665379  3.161508560311285 
 1.270739239543722  0.678412060456272  2.276518174904938  4.154615209125486 
 0.330561937313433  0.095969636297151  1.522859158751694  1.471856445047481 
 1.447320223557697  1.178383966346157  3.199449278846145  2.445663701923081 
 0.981720777108431  0.085006792981927  2.768030572289153  2.082203463855426 
 1.966569098712446  0.340500957339056  2.858791416309017  2.180747639484984 
 1.537603279069771  0.293948789441860  2.255438139534879  1.157712592325579 
 1.297458108823529  0.350479047352941  3.732311470588242  2.615734117647056 
 1.882741390134532  1.211301991031392  4.461912107623315  3.265079820627801 
 2.249574375000000  1.667843624999997  3.640478125000003  4.389702499999991 
 2.489992727272727  1.815169545454546  2.773066363636362  2.206205272727269 
 1.170082794918328  0.318575933212341  2.818439927404718  2.987735027223235 
 1.843182686567163  0.586068082985075  1.391175901492537  1.877719522388062 
 1.813958108108108  0.256067637189189  2.111766486486488  3.358060810810814 
-0.432708021256495  0.069558208685078  0.518166751676903  0.514508414454418 
 0.771866570512821  0.148375773621795  1.132931891025641  1.166484150641028 
 1.145281362725453  0.336739613827655  1.362698617234469  2.987476953907815 
 1.041502669789227  0.223977429039812  0.869413736768149  2.119236299765808 
