 0.015123907671564  0.077388316056537  1.201067967698413  0.620042401076954 
 0.221982592857142  0.083616933874992  0.734591008928531  1.465080178571310 
 0.769544003906116 -0.019632051738275  1.603223828124886  2.187634179687436 
 1.760190521326976  1.063377488151669  2.688361137440837  1.846018009478352 
 0.194612310743783  0.088503374118456  1.198295110192884  1.452845592286504 
 1.198193473684189  0.092744387894753  3.461325789473723  1.862444210526461 
 0.719514606741592  0.083110204569292  1.223997752808974  1.441001685393245 
 0.394836658536609  0.092250439268284  1.747367479674903  0.675048596747960 
 0.642964848664744  0.198796375964399  2.528343620177882  1.238985816023614 
 2.719682638888820  0.790657083333325  2.424843750000032  2.898095833333298 
 0.537887000187947  0.158739236990601  2.087817105263117  1.833815037593960 
 2.152603030302947  1.471511212121229  1.699807878787843  4.462601515151414 
 1.976983333333395  1.137889032258096  0.977136913978385  3.284015053763660 
 1.398590982142823  0.210229839285747  3.520991964285842  3.767140178571370 
 2.533396385542106  2.228726506024114  3.926512048192786  2.365725301204745 
 1.544838897058817  1.035455514705896  3.879379411764765  3.514813235294147 
 1.066463658536581 -0.029671969268293  1.884888780487827  0.902134829268294 
 1.861994690265479  1.095805575221247  2.280674336283182  2.804887168141605 
 1.039923288888882  0.007535709555557  1.884678888888872  1.677465111111157 
 2.325546031746031  1.241013571428567  1.534235634920631  2.055534920634915 
 0.993963699187008 -0.031944680894308  1.941445121951186  3.076186178861758 
 0.808612273170716  0.683711902439003  2.854896097560972  1.824617560975606 
 1.992859894736835  1.064170526315781  4.430600000000003  1.857221684210544 
 0.212053162137048  0.079395947704994  1.477222299651579  1.103589976771195 
 2.522393617021289  0.956687551773055  3.721467375886545  2.934232624113483 
 1.070851382113807  0.282253767479670  2.252073983739833  4.027583739837430 
 0.374373168302945  0.106255838333802  1.573247685834495  1.700616830294517 
 1.720109583333342  1.125850541666667  3.284550416666643  2.589198750000013 
 0.788581343396222  0.007547018113206  2.785726792452818  2.416160754716984 
 2.170073869346727  0.430704001105527  3.172076884422127  2.108973366834177 
 1.729653703703708 -0.077023327777779  2.469333333333316  1.479072716049377 
 1.537557116564416  0.452805786503067  3.999536196319041  2.517812269938640 
 1.889882758620696  1.061079011494259  4.775435632183902  3.327385057471264 
 2.253381081081082  1.741568783783780  4.268318918918929  4.200004054054038 
 2.484965891472869  1.693187364341085  2.740055813953491  2.368338759689921 
 0.905920648484850  0.460213632121212  3.441695757575744  2.827795151515187 
 1.577553571428569  0.189006232500001  1.186796666666666  1.411840595238103 
 2.081914814814810  0.290233141296297  1.808051666666669  3.679926851851855 
-0.005543611996161  0.075462183306142  1.056131871401156  1.078269568138200 
 0.541970122850128  0.119392065405406  1.028987592137586  0.884267272727273 
 1.367981159420291  1.374996159420289  1.603736304347817  2.639733333333319 
 0.829097932489449  0.099418548945147  0.653419247257382  2.007722362869196 
 2.404106299212599  2.012637795275592  3.077743307086614  3.507713385826757 
 1.587084651162789  0.031574351162791  1.320791348837206  2.532791162790720 
-0.030966306542059  0.073198599598131  0.607332067823765  1.065133497997340 
 1.390527580174928  0.525272932944608  2.771397959183677  2.352570553935863 
 1.096086582278480  0.867739915611814  2.068486075949370  1.948422784810120 
 1.018319990476193  1.227797523809524  2.522387619047622  2.598617619047619 
 1.990789637305700  0.387792873575126  2.212405181347139  2.321411398963723 
 0.470091335042737  0.066453654847864  1.910648205128207  1.259761076923076 
-0.523270409090910  0.090162350227273  0.441386956022733  0.458605155681818 
 1.771736363636362  0.762106181818183  1.985211515151518  1.122902666666667 
 1.475110977443607  1.929639097744355  2.331228571428575  3.111644360902258 
 1.304021454545454  1.300514424242422  3.106036363636365  3.562228484848482 
-0.187368811842106  0.070233107884616  0.844727277327933  0.802267672064775 
-0.153919037500000  0.069301867593750  0.657888828125001  0.427477697187500 
 1.171721194968555  0.376811735849057  1.120714025157230  3.349380503144657 
 1.148817275362320  0.507885727536231  1.801887246376809  2.589292463768119 
 0.937281914179104  0.437068156343284  2.638394776119406  3.127982462686566 
 1.661697368421051  2.163388596491230  3.122260526315790  2.259567543859650 
 1.801197448979592  0.788719132653062  2.778073469387761  3.330859183673471 
 2.541448148148148  1.143287562962964  3.143094074074074  3.879835555555556 
 2.473071681415929  1.683415929203541  1.971800884955752  3.379752212389379 
 1.752076804123712  2.102894845360827  1.928573298969070  1.781190927835052 
 0.367892949152542  0.101313568622881  1.068669872881355  1.977529449152549 
 1.623435714285715 -0.032387929032258  3.016861751152075  2.861037327188936 
 2.637345454545454  1.402081818181817  3.258704545454545  1.353038787878788 
 1.325087500000000  1.121233026315789  1.745252368421053  3.572247368421058 
 0.827758449612403 -0.160297630193799  2.601522480620160  1.750354263565891 
 1.386931479289942  0.455745737988165  3.245934319526628  1.216713781065089 
 0.757707360323886  0.211394597975708  1.168237408906883  2.650617004048584 
 1.383964862068967 -0.082093207103448  2.176960344827583  2.348334482758620 
-0.297665115209988  0.059952222326901  0.454018374574347  0.754427661748014 
 0.947590055555557  0.421466365833334  1.395989611111113  1.948841666666671 
 0.922223354444444  1.648251111111112  3.476842222222222  2.903052222222221 
 1.711356764705883  1.927750980392157  4.097949019607841  2.935767647058825 
 2.235083333333332  1.464620952380952  3.023571428571431  5.114966666666667 
 0.870134807121661  0.450389955489614  1.703315430267064  1.280156261127596 
 0.489499894560811  0.195225390540541  1.945401013513515  2.479269594594593 
 1.575911023622048  0.369769174409449  2.219778346456694  3.108455118110236 
 1.234539774193548  0.380758665903226  2.433678064516129  1.675315806451615 
 1.370797089552239  1.203131417910449  3.697743283582089  1.794871716417910 
 0.911335344352617  0.278840931432507  2.287570247933886  2.294325619834712 
 1.557003434343435  1.407649797979797  2.819453535353534  1.023451292929292 
 1.518729090909091  2.297984415584414  2.849699999999999  3.946233766233765 
 1.046849629629630  0.397038285185185  2.512280740740741  0.649122664444444 
 1.386627500000000  1.153515192307692  2.589998076923076  4.275165384615385 
 1.515931855670104  0.883426082474227  0.861029001030928  2.103804123711341 
 1.631316814159291  0.469639513274336  1.685850442477877  1.930041150442476 
 2.089830841121495  0.269366476635514  2.819176635514020  3.822860747663551 
-0.429844538043478  0.053099757848247  0.761139239130435  0.559428994565217 
