 0.003846581256816  0.077232645636616  1.117133262295041  0.714847410382610 
-0.359081077843428  0.069657197118554  0.571482794475621  0.586445874800574 
 0.965937161490612  0.218550946759839  1.132980504761843  2.388686542443032 
 1.685189119601317  0.799576634584722  2.858060465116306  1.334830361627795 
 0.382650590937172  0.095055229855818  1.122163504634414  1.648805818743564 
 1.483871759722220  0.491090345722227  3.571354583333343  2.398525555555596 
 1.193253528183721  0.300422085187894  1.487784937369512  1.369820490605414 
 0.371627842167492  0.087206739695565  1.609228275862082  1.089595055270934 
 0.987946354589389  0.087205925323673  2.741970434782560  2.209608985507202 
 2.148731877729237  0.674864227510914  2.464797234352263  2.745725909752541 
 0.618955584320036  0.117728744516112  1.871019115237559  1.925023375204797 
 2.228567155425205  1.746604457478012  2.526483049853367  4.072328152492656 
 1.603301563706574  0.776029972007727  1.498903750965232  3.440600193050226 
 1.290453920634915  0.388720908412704  2.958635555555572  3.395306666666658 
 2.220067843137247  1.945531936274512  2.990588725490200  2.355042303921558 
 1.800585760233918  1.460565070175440  4.254792690058492  3.533776608187150 
 0.839178717352414  0.199783689025045  2.438117352415036  1.244390437388192 
 1.304425483124998  1.643658791666668  2.827929791666666  3.202563541666665 
 1.561000557413595  0.212044730033446  1.988359074693415  2.069760758082513 
 1.883313440366975  1.431657798165136  1.546308809862385  2.224817866972476 
 0.975763779022403  0.207104838757638  1.994320061099791  2.851180142566187 
 1.130292861386139  0.992558415841580  2.476248656294207  2.267641159830271 
 1.915466838709677  1.362746129032257  4.091340645161288  1.965051580645162 
 0.024958305775211  0.074763578289205  0.810739308662816  1.129985668591740 
 2.465127808988761  0.941404608707865  3.402452247191012  3.393383707865173 
 1.585566108786611  0.531375791464435  2.417576066945606  4.221323012552300 
