 0.052154570254803  0.076713409852836  1.014004655226188  0.993366008840400 
-0.328976548792886  0.069969449231590  0.598928222134682  0.606667264853861 
 1.189886206741521  0.301690802501876  1.457998007490593  2.857661048689109 
 1.153950857864355  0.384841671536798  2.741417821067828  1.395982693145691 
 0.478105598765427  0.110518895617284  1.088820272263390  1.720801481481479 
 1.633760539728682  0.584780053701553  3.608007364341094  2.379223129844984 
 1.533568570212770  0.477948364051065  1.624693703063826  1.633249710638287 
 0.496429594414343  0.102785037032929  1.735742005002088  1.093623512380151 
 1.145989572156199  0.239761373950199  2.554225806451603  2.436841595925276 
 2.129349682997101  1.371144402017289  2.137465864553310  3.764907060518725 
 0.685174317818735  0.123069998295317  1.908271812662599  1.975679921942754 
 1.908824829926102  1.469632469211824  3.746160344827585  3.584027586206896 
 1.735925204170288  1.288649149435275  2.177626854908766  2.522494960903569 
 1.403369266288951  0.454056536317282  2.715688385269122  3.521932955618506 
 2.081777611275966  1.720091810089020  3.318647774480711  2.088218471810090 
