-0.001087633713792  0.074549678037462  0.932273713198688  0.942117627158378 
-0.350544294893618  0.069844471275548  0.581583287971623  0.583478607999983 
 0.978861601843254  0.209612994995396  1.166274952626674  2.386237972350202 
 1.648317020958073  0.945121186676651  2.810482485029964  1.415211746556784 
 0.356380868900798  0.093199412265415  1.076839649240408  1.600917470956210 
 1.609588681626923  0.616541353323988  3.756285553997202  2.229249256662032 
 1.256405267686430  0.308722533374763  1.540338107074564  1.437223718929241 
 0.357447575033803  0.088921910906713  1.589849333032908  1.028116667057229 
 0.985038640243916  0.242417951141116  2.840323867595780  2.273549041811802 
 2.314400745156462  0.736477570581220  2.689299403874819  2.888747242921009 
 0.619707903123131  0.127325466290467  1.881933018867907  1.908063108242295 
 2.184304878048771  1.631974491869922  2.696125060975603  4.051992479674799 
 1.618424691151928  0.737331944407349  1.569751407345560  3.552264273789676 
 1.336732005312080  0.427434836918995  2.959009163346629  3.538237981407700 
 2.229973112128139  1.912123684210529  3.475353089244853  2.307654599542329 
 1.894859379014990  1.304089304068525  4.145010706638113  3.486992933618852 
 0.868609045256742  0.182164664186249  2.468322280243699  1.250408468233242 
 1.294107991492328  1.540370571827059  2.686984239888423  2.853691771269177 
 1.569883820224713  0.269999682059926  2.197980243445687  2.194579213483160 
 1.899531629213486  1.394724475655428  1.636767736142322  2.243047059925095 
 0.979353555235350  0.237802971911623  2.025525264169067  2.840488760806913 
