-0.061740083055421  0.073415623780531  1.025467751479248  0.692476022054963 
-0.371336891046215  0.069929680469610  0.549705484370981  0.581724715083421 
 0.992043973333251  0.217437296812127  1.084204142545383  2.405069212121175 
 1.718950600414064  0.993142132505181  2.741184057971048  1.326299697101309 
 0.378301691932052  0.093207027696390  1.118850916135898  1.650039968152866 
 1.484218573853988  0.270450771714776  3.376456027164700  1.919773870967789 
 1.217633694874857  0.316065239940408  1.428171799761610  1.387435232419533 
 0.313675731495233  0.088007078775184  1.504316495228010  0.986250478366913 
 0.850795856607329  0.132968462905343  2.594240206185519  2.084161949390773 
 2.176751603053412  0.719184162290073  2.464061374045812  2.732372519083966 
 0.669477476715148  0.130055073552068  1.764764012251125  2.163113093414999 
 2.303398422712919  1.773292334384863  2.517440851735009  4.067631545741302 
 1.641322350427361  0.878778333333339  1.373688061965791  3.326378205128246 
 1.237422333333325  0.264960792640698  3.144569408369428  3.058630158730151 
 2.183897946666661  2.035346133333336  2.994748533333337  2.381209759999989 
 1.764122052785923  1.434186463343110  4.231852492668639  3.588042815249284 
 0.930114085470084  0.213700222014652  2.481479242979256  1.100837793650792 
 1.275254088967134  1.617571525821600  2.695393661971832  3.378031924882626 
 1.593483866995067  0.148741241059114  1.998408362068957  2.053937931034501 
 1.923643415977965  1.464375013774103  1.548618763360880  2.136871157024794 
 1.076392242045454  0.210008483068182  2.039225909090906  2.965012045454538 
 1.161769830319889  0.903078247566061  2.279601947148820  2.249474965229485 
 2.027354654088049  1.246842641509432  4.177241509433960  2.071458050314468 
 0.028481697493036  0.075508791930826  0.805097573723306  1.140138022284126 
 2.440628254847642  0.913992107202216  3.360638227146817  3.438681440443217 
 1.514577963800904  0.518455069366515  2.425768959276018  3.971213574660634 
 0.561062300731383  0.104310163186170  1.887413563829786  1.503699162234039 
 1.426648966000001  1.130388740000001  3.349934199999998  2.539957800000000 
