 0.057492205653985  0.078107881978908  1.170361350210902  0.706202931645720 
-0.112869711821306  0.069611672013055  0.612153412233662  0.967998487972464 
 0.634652037366044  0.126408496404376  1.533108087431631  2.201642185792311 
 1.718777859778568  1.258344723247242  2.754272324723306  1.266534937269122 
 0.343416005952364  0.086783604309522  0.890155408333367  1.766653333333338 
 1.256186717579240  0.472977153659951  3.378630259366015  1.522897691642729 
 1.028791162483498  0.278532876354031  1.705443196829572  1.585977556142656 
 0.203630753300502  0.079311173176352  1.509079802955700  1.064600285714282 
 0.729440910984883  0.238689857575761  2.568820075757480  1.242585304924164 
 2.101418906605902  1.009444669703870  2.265241685649215  2.822011389521631 
 0.608992597269956  0.088133607552073  2.111250657229498  1.814122345803827 
 2.452845641025611  1.474365179487186  2.249129230769217  4.003174358974326 
 1.769475219298268  1.226096859649136  1.197084618421010  3.454283333333425 
 1.756767333333319  0.443144057000013  3.210561666666713  3.681385999999978 
 2.024402885572113  2.170594029850752  3.848831343283589  2.611948756218875 
 1.177412774538744  1.333233468634693  3.466447232472353  3.438334686346883 
 0.614181085526316  0.098289887955263  1.899214078947375  0.911612008157896 
 1.163000359756093  1.369681890243906  2.194217073170726  2.921623475609754 
 1.401963728222989 -0.051589331986062  2.027925609756081  2.225800696864148 
 1.823725707547170  1.700588679245280  1.651293557075468  1.951047641509431 
 0.786858640553001  0.170551191182796  2.144232565284171  2.737330568356367 
 1.177724318529860  0.713796309341495  2.388577335375185  2.064079019908111 
 2.022871081081078  1.063777725225222  4.087898198198202  1.897910630630638 
 0.074978329006085  0.077942966457066  0.992013062880326  1.211739763353622 
 2.582385943775106  0.975943372289160  3.280093574297200  3.125520883534136 
 1.215640602409633  0.680891461445782  2.321740160642566  4.131114457831338 
 0.372049816600791  0.098097051258499  1.491638023715410  1.562113833992087 
 1.475676858173081  1.313469423076928  3.142353846153838  2.432392788461546 
 0.955497484320554  0.060407116620208  2.805269686411147  2.072908013937291 
 2.007085294117646  0.351527301176470  2.845823529411770  2.207699773755660 
 1.555814987080106  0.273870629095607  2.251809302325577  1.147902415245476 
 1.332961172910663  0.357875686167147  3.728921613832861  2.585457925072045 
 1.927256294416247  1.174214842639596  4.499107106598980  3.272856852791876 
 2.280598000000000  1.578140606666664  3.687878666666670  4.403611999999991 
 2.535053658536584  1.830545853658536  2.778427804878048  2.180922243902437 
 1.153459391771018  0.315517257960644  2.831522003577816  2.967802504472277 
 1.924749458483752  0.508281963176896  1.390864321299639  1.741681263537909 
 1.808249476439790  0.252908614554974  2.102460209424086  3.327969633507856 
-0.243256955627010  0.069010368463022  0.799753987138269  0.583896549967849 
 0.788159949748745  0.148471228040201  1.130060603015076  1.163994455611391 
 1.302281157684633  0.595906665269461  1.604686007984030  2.442288822355286 
 1.035783919239904  0.184472812826603  0.878584098812351  2.093098099762466 
 1.782695772357723  2.057475203252034  2.734693495934958  3.546260975609754 
 1.082516564643799  0.215367994459103  1.275875831134564  3.096432981530349 
-0.448165779921700  0.070471583784290  0.474499196476510  0.526382772930651 
