-0.164796615985593  0.071140133218153  0.905527638221104  0.642051944591451 
-0.132546054886113  0.069792931674501  0.575052409845686  0.954675584129270 
 0.852056790087365  0.159630233775516  1.196627905247728  2.354200583090327 
 1.683183465346508  1.224408415841592  2.780608580858138  1.291025009900766 
 0.322993935091263  0.094340455365110  1.057541328600437  1.783236916835704 
 1.047592644308936  0.323620176321145  3.120630691056930  1.457118050813065 
 0.986510306965771  0.222559604191266  1.565478040141661  1.497857744982281 
 0.174068026168936  0.083553497838610  1.322712873303191  0.825954909502262 
 0.640437770299165  0.126884002574788  2.256616452991395  1.484246826923030 
 2.094093333333316  0.897897787096771  2.274164731182807  2.790532043010743 
 0.571467794698220  0.113069361744662  1.797604735376020  2.035394150417816 
 2.267658490566017  1.758684000000005  2.358832452830180  3.881727924528276 
 1.804604285714308  1.249976190476204  1.244643086580044  3.407578787878877 
 1.757234235668777  0.442374223248419  3.246826433121063  3.663703503184693 
 1.969470608695630  2.182752173913050  3.720715652173918  2.605294347826061 
 1.245848160738253  1.484127281879201  3.279015100671165  3.533420134228206 
 0.631391676258995  0.112122059634532  1.879944028776986  0.818136670791366 
 1.320132161879891  1.595105430809403  2.297302088772844  2.874359007832895 
 1.393282176560112  0.017599571902589  1.933937595129365  2.242708523592114 
 1.864783235294119  1.670759803921566  1.608961392647055  1.929138725490193 
 0.845852065079370  0.212308049619048  2.014688253968243  2.833903333333329 
 1.146422627235212  0.722358308115537  2.235454745529571  2.118372627235209 
 1.934220079999998  1.020806251999997  4.069475600000004  1.835378796000007 
 0.091192005212121  0.078212492800000  0.960352866666669  1.202677727272731 
 2.621600000000005  0.988425186842108  3.262315037593995  3.135809398496242 
 1.274177279693482  0.679675754406129  2.286176551724133  4.158598084291198 
 0.328210650310131  0.081095897582357  1.531967401791866  1.374854238456231 
 1.429853611627911  1.156715000000003  3.202147674418594  2.436108372093027 
 0.867650323404253  0.058230770226950  2.629990212765953  2.195406666666666 
 1.897369138276553  0.314731121282565  2.877870941883772  2.140944889779566 
 1.491609873949582  0.306917511890756  2.231311344537813  1.180569526680670 
 1.286599037572254  0.327568176589596  3.726750289017347  2.588904046242772 
 1.880855198237888  1.211346273127755  4.460767400881053  3.252861233480175 
 2.249574375000000  1.667843624999997  3.640478125000003  4.389702499999991 
 2.475897797356828  1.806177092511014  2.777612334801761  2.215427136563873 
 1.142987313974589  0.320053087477314  2.808672595281305  2.982126860254087 
 1.793950670241287  0.562057755764076  1.382954415549599  1.897621823056302 
 1.816041095890411  0.254584963726028  2.117458904109590  3.362487123287675 
-0.429544795741694  0.069441204439078  0.517617469957886  0.514696289845578 
 0.846467962184874  0.186925474159664  0.819087034873950  1.553090945378152 
 1.233018315508022  0.416099265240642  1.273043909090908  3.075554545454545 
