 0.008464080555508  0.075552606684039  1.238230208333193  0.602674619791972 
 0.247846307228915  0.092848235030108  0.671639472891498  1.625832228915465 
 0.954473421828706 -0.036078450324474  1.769600884955581  2.262599999999912 
 1.739361827956944  1.115991935483883  2.825580107526974  1.908446774193186 
 0.156317378887284  0.078346553366617  1.180928202567808  1.386537089871615 
 1.175908249999974  0.066498548125019  3.471356250000047  1.866251250000173 
 0.591585985915514  0.120519479788737  1.053367699530496  1.440477464788714 
 0.415721868965548  0.104837163068955  1.734400344827720  0.610923497241370 
 0.630011965384688  0.129702132692316  2.683066923076720  1.341081115384451 
 2.760479816513669  0.912524651376135  2.434422935779859  3.067909174311881 
 0.636765693142823  0.035809813654286  2.269989142857079  2.018612571428529 
 2.176380851063713  1.561696170212790  1.621645106382929  4.558285106382836 
 2.196651470588320  1.026710000000042  1.069749338235144  3.225779411765005 
 1.499605411764660  0.262222011764750  3.648871764706051  3.790472941176391 
 2.675571830985842  2.173295774647908  3.894295774647905  2.516066197183012 
 1.512295794392515  1.018697943925251  3.972337383177645  3.430536448598168 
 1.106604011627901 -0.025082022674419  1.892312790697701  0.873947034883723 
 1.873887368421044  1.115790421052640  2.318148421052627  2.911546315789487 
 1.048777265822778  0.055923142531647  1.920907341772135  1.634185569620303 
 2.492422222222222  1.365081904761897  1.411643952380943  1.747063174603168 
 0.933751980676349 -0.046254870531399  1.929850241545853  3.005146376811558 
 0.784175258823510  0.720754058823503  2.826375882352936  1.806042941176466 
 2.052624545454537  1.175637818181810  4.269734545454547  2.071381818181833 
 0.171971474561401  0.078479807271929  1.497077046783639  1.065097777777779 
 2.520494827586222  0.977962068965523  3.784918103448300  2.949652586206907 
 1.123597422680396  0.368512653608241  2.040658762886590  4.104378350515502 
 0.315289874125875  0.150155815790210  1.538989160839150  1.576040034965021 
 1.828752795031069  1.225325341614907  3.164611180124187  2.669050931677037 
 0.722591411764702  0.041544023529410  2.757571428571410  2.337485294117644 
 2.003852287581691  0.348854489019607  3.265095424836625  2.003045751633997 
 1.811837583892622  0.056613820134227  2.375835570469780  1.372979932885901 
 1.692758526315788  0.200835514736840  4.102616842105296  2.546494736842087 
 1.850460000000008  1.064398186666675  4.823109333333326  3.351277333333333 
 2.420940000000002  1.929222222222217  4.417660000000019  3.992433333333305 
 2.371738345864662  1.793818045112783  2.756516541353387  2.379782706766915 
 0.791375427272729  0.332909256363637  3.557828181818160  2.868980909090961 
 1.745065979381439  0.095458700618558  1.315080824742269  1.317253711340222 
 2.201865333333324  0.266903123466668  1.719399733333338  3.799330666666669 
-0.023659601436031  0.075290800646214  1.115297624020894  1.000578851174942 
 0.469843816568053  0.103412894142012  0.983536124260348  0.842600266272189 
 1.364514322033900  1.423250508474577  1.656484915254226  2.716939830508458 
 0.758057345971561  0.102587455924170  0.685349799052129  2.171213744075826 
 2.563810714285717  2.143561904761907  3.072122619047616  3.598054761904738 
 1.544304255319148 -0.006510082446808  1.275231436170209  2.538822872340452 
 0.054897216216213  0.074106635633001  0.816479900426740  1.197300839260326 
 1.215640088888889  0.513973404444447  2.933672000000000  2.360035555555561 
 1.273793035714286  0.994400178571428  2.081312500000006  1.907219047619038 
 0.992897698795185  1.247801506024095  2.548831325301205  2.495981325301204 
 2.292089830508473  0.331595457627113  1.988983050847438  2.455352542372868 
 0.439127461165052  0.084969658883496  1.997153883495145  1.117249296116503 
-0.592427960057062  0.092936354350928  0.497072373751790  0.483701358059913 
 1.776668702290074  0.844207557251909  1.992906870229012  1.131141832061069 
 1.501126608695649  2.064706086956515  2.412742608695658  2.946567826086960 
 1.044740377358490  1.163872075471696  3.188787735849059  3.606767924528295 
-0.237552467432950  0.068167660037038  0.828493499361428  0.877208084291183 
-0.015594364285714  0.073612956742160  0.770411933797913  0.646948602787457 
 1.079304955752217  0.394933203539823  0.934721132743359  3.309156637168148 
 1.244989715447157  0.580864308943089  1.683517886178857  2.658634146341467 
 0.792493969135801  0.460330333333334  2.419340123456800  3.101105555555556 
 1.687920879120878  2.239626373626376  3.410199999999999  2.014434065934066 
 1.763554609929078  0.818354397163122  2.510091489361707  3.594926950354611 
 2.710937209302325  1.097856523255814  3.338946511627908  3.890458139534883 
 2.494577142857143  1.874347142857144  1.846494285714285  3.173461428571425 
 1.701739634146341  2.132419512195124  1.897565975609754  1.755232195121952 
 0.337273027522935  0.101446763738532  1.123112362385319  1.934976605504595 
 2.020261068702295  0.188968307633588  3.048211450381685  2.889510687022886 
 2.667055000000000  1.417590833333332  3.263484999999999  1.324237500000000 
 1.412357176470589  1.353353999999998  1.377047764705883  3.709650588235304 
 1.102028333333332 -0.218899122956990  2.589726881720438  1.697393548387095 
 1.371720000000000  0.430622937696969  3.168156363636363  1.273448666666667 
 0.711736764912281  0.133735349122807  1.288959719298246  2.579656140350878 
 1.477200000000003 -0.042714255271318  2.203520542635656  2.307760077519376 
-0.061360324735731  0.074955134651163  0.464354073572939  1.034531416490488 
 0.996419724409451  0.511857992125985  1.376956653543313  2.013624015748037 
 0.945389465555555  1.671015555555556  3.469397777777776  2.828563333333332 
 1.704052692307693  1.938569230769231  4.043078846153841  2.948423076923079 
 2.257386842105261  1.470654736842105  2.929673684210529  5.149955263157895 
 0.652868073654389  0.129270585371105  1.466521813031166  1.075327507082154 
 0.463469903798077  0.250981168269231  1.993908173076925  2.518488942307690 
 1.621258461538462  0.209328451282051  2.279778461538461  3.132748205128205 
 1.319472380952382  0.406326717687075  2.487301020408163  1.854735714285713 
 1.284339439252338  0.982015794392525  3.705647663551403  1.790092523364486 
 1.034231590106008  0.360484239081272  2.284245936395766  2.494726148409899 
 1.554216893203885  1.387976213592232  2.808039805825242  1.044400757281553 
 1.471119078947369  2.293082894736840  2.852863157894736  3.921122368421051 
 1.025115826086955  0.316717291304348  2.592649565217392  0.592880345217391 
 1.197133636363636  1.158154454545455  2.630740909090908  4.419398484848488 
 1.573011666666667  1.019598214285714  0.887143263095238  2.384949999999999 
 1.624113043478260  0.444441574879227  1.644239130434783  1.917397101449275 
 2.119777551020409  0.329340642857142  2.892373469387755  3.866261224489797 
-0.336400668421052  0.062823382144737  0.816282552631580  0.496815815789474 
-0.276244506441225  0.064331928518519  0.449019618357488  0.426967639613527 
 1.270540337837837 -0.202217737162162  2.921245270270267  2.725208783783787 
 0.996965391304349  0.477412160869565  2.261547391304349  1.279763347826088 
 0.982151132075471  0.555177169811320  1.542737122641508  1.325087924528302 
 0.941621187050361  0.006930102769784  1.310033021582732  1.826667266187052 
 0.485724608501118  0.087642426174497  1.654854809843400  2.017774720357940 
 1.604651388888888  1.175225833333333  4.229227777777780  1.024086916666667 
 1.441863953488371  0.834853139534884  3.588587209302327  2.561722674418604 
 0.832234230769230  0.527560692307692  1.967599230769234  2.065178461538465 
 2.315555208333334  1.450905625000000  2.423321875000000  3.890612500000000 
 1.373090894736845  0.541901605263157  2.946206842105262  3.072672105263155 
 1.666080444444447  0.591171111111111  2.475445333333331  2.442801333333334 
 2.582724742268042  0.705212327835052  2.896671134020618  2.245003092783505 
 1.176954074074074  1.240087407407409  2.268195555555555  3.315679259259260 
 0.618734582132565 -0.038117104034582  1.596942651296829  1.467910086455331 
 2.086581355932202  1.173762288135593  1.835581355932204  2.311334745762714 
 1.830351063829787  1.433172482269503  3.177753191489363  3.496295744680852 
 1.837880434782609  1.355663260869565  3.964771739130434  4.462376086956523 
 1.438181273885350  0.381119700636943  1.664808280254777  3.322884713375794 
-0.354358921250000  0.054898151082888  0.494460692875001  0.743118612499999 
 0.492836522055138  0.155840041102757  2.070208020050126  1.598119548872180 
 1.073475865384615  0.106398175961538  2.813711538461536  3.655146153846154 
 1.259533793103447  0.358977423275862  0.749645551724138  1.579890862068967 
