 0.039739881849986  0.078421054307503  1.147186999999961  0.768257660500088 
-0.356334764250220  0.069622537341802  0.580346623589587  0.578818683484345 
 0.955901420895454  0.218983254796024  1.136996873233772  2.398140995024844 
 1.689419447154460  0.824154195154476  2.851542113821165  1.346042142601516 
 0.367036780106222  0.093412090816030  1.127962141960422  1.615608836310959 
 1.481515927966099  0.471778549322038  3.577529237288145  2.391137994350323 
 1.199021863874351  0.306318653727751  1.476797455497374  1.383809518324593 
 0.402624226865676  0.088897618647120  1.655063113006411  1.088507586460552 
 0.983262852884632  0.090901915105770  2.738519423076876  2.205901346153802 
 2.259690510948883  0.651290251182479  2.663368175182485  2.889726861313862 
 0.624078280520379  0.120522440991953  1.867632242489253  1.935869474248918 
 2.251836036036025  1.560055000000005  2.673651869369364  4.087790090090083 
 1.616687482876721  0.755652196404114  1.565372881849297  3.555128424657564 
 1.299348395652169  0.390053459710150  2.925798405797115  3.537829710144923 
 2.238937276995297  1.913301478873242  3.016527230046952  2.384962816901398 
 1.967458371607516  1.313351158663885  4.100080584551152  3.505079331941556 
 0.857750229582575  0.205907420172414  2.453359346642475  1.256635552631577 
 1.303346725933607  1.664765456431536  2.813633817427386  3.223741493775935 
 1.604559558011044  0.222874795403316  1.995741646408832  2.098810165745872 
 1.896543140495871  1.415486962809915  1.589811324586776  2.265260785123967 
 1.010304451417003  0.208775901781377  2.013020850202425  2.862657186234811 
 1.175321267105264  0.978239934210523  2.494643157894742  2.325848947368421 
 1.889370977198697  1.368273192182410  4.120901302931596  1.979516905537460 
-0.000147897962085  0.073600032667772  0.774828608436019  1.117609184834127 
