-0.161514201807245  0.071081450406630  0.906920216867420  0.638117140843479 
-0.135766480452225  0.070006337716262  0.574706112180874  0.950835098468225 
 0.913687165302671  0.174491073109663  1.122145471358335  2.489895253682432 
 1.676369046052605  1.231973421052639  2.774818750000052  1.290010322368197 
 0.339784503144639  0.086740113962263  0.984892764150976  1.780539098532498 
 1.036583214971202  0.318373429462578  3.097047024952034  1.451496316698710 
 0.950145029308333  0.199570316822980  1.470147561547464  1.466794443141842 
 0.179103326686441  0.082245739091176  1.335266805040795  0.834570711638251 
 0.655129703740175  0.123615366899608  2.216380511810972  1.514056200787359 
 2.118557510729595  0.863969457081542  2.242482403433487  2.801422103004283 
 0.588183505898959  0.124916624391267  1.735438698630116  2.063409760273966 
 2.239209293680278  1.756659702602236  2.234084089219322  3.866311524163543 
 1.568324534534548  0.910321162162171  1.194232327327299  3.302586186186246 
 1.756462575757564  0.449460957878799  3.233566666666709  3.639625757575739 
 1.966448658008636  2.185389610389616  3.716544588744593  2.605288744588719 
 1.244235625083610  1.488291404682280  3.282339464882968  3.530996655518412 
 0.611866898211831  0.114012372552957  1.901739752407161  0.841092511966987 
 1.337689259803918  1.576762205882357  2.270930392156861  2.874162499999997 
 1.382671631736518  0.019056660838324  1.912772005988014  2.250798652694638 
 1.910480642201836  1.630229082568805  1.581826165596327  1.965877247706419 
 0.889692303405577  0.239580901857585  1.904953715170268  2.879555263157889 
 1.142976776406035  0.719230891632367  2.229798628257883  2.108858024691354 
 1.934979279999998  1.026374171999997  4.070906400000004  1.838549596000007 
 0.089950019174757  0.079469733307039  0.965761031553401  1.189828731796120 
 2.622318181818187  1.005278653454547  3.234308363636373  3.140238181818184 
 1.276847137404577  0.681248892748090  2.268432366412210  4.153928244274820 
 0.314238747505127  0.089356810657553  1.511177511961722  1.414380519480517 
 1.429144719540234  1.157605287356325  3.197252643678151  2.435085287356326 
 0.849634817576562  0.062104412543275  2.595529161118503  2.216943009320905 
 1.894849512670565  0.317467077037037  2.843415594541914  2.123168615984412 
 1.479035167652861  0.298025967771203  2.187368441814593  1.188706518145955 
 1.308809302387269  0.320439782758621  3.698620159151199  2.577965251989387 
 1.891530262008736  1.217182681222709  4.479271615720521  3.287216593886462 
 2.240156571428571  1.663378171428569  3.522487428571432  4.361727428571421 
 2.474400438596491  1.805371491228071  2.777019736842104  2.218619999999996 
 1.114965955595024  0.311631082060391  2.778003197158080  2.987488987566609 
 1.732818138297872  0.551456276329788  1.367839353723405  1.912144441489364 
 1.770398328690807  0.226324637214485  2.083908077994430  3.371733147632316 
-0.430920003060263  0.069484058326888  0.517435957297553  0.514130100470810 
 0.908404835820896  0.194051448358209  0.740469616716419  1.592360925373134 
