-0.159493765865148  0.071111942077892  0.880537788813341  0.656795526293870 
-0.403911938274073  0.069789244497126  0.507826036476220  0.564312869916076 
 0.947672398104158  0.211849422859407  1.015400037282688  2.444471090047341 
 1.744946428571406  1.266341755952387  2.757499702380998  1.348111541666465 
 0.361570063884419  0.095223680248795  0.965079349919769  1.686300080256824 
 1.052012039930549  0.331831095225700  3.070513715277792  1.431041527777827 
 1.047269259681100  0.240729451082007  1.325871788154885  1.479004567198166 
 0.196570651205179  0.083029550402115  1.322695144032940  0.887992981775425 
 0.685838644081288  0.096804655786221  2.194352915194303  1.642692137809147 
 2.246585805084721  0.877795538135589  2.222601906779675  2.906095338983039 
 0.633486007252462  0.102083279999175  1.694948762376213  2.143218481848180 
 2.246633593749980  1.937902734375006  2.472655585937491  3.839431249999972 
 1.602665256410271  0.988713512820522  1.185967381410226  3.389698076923140 
 1.324977441016325  0.249070650272238  2.988751905626155  3.280629945553528 
 2.252644656249990  2.078689687500005  3.157262812500000  2.407654874999984 
 1.252375101095890  1.430121150684936  3.334735616438378  3.507157808219192 
 0.654329239155920  0.128262370393904  1.991221570926151  0.900675147948416 
 1.375937550505047  1.567144722222226  2.192962373737374  2.913446969696969 
 1.593871671826616  0.113328045108360  1.750274767801846  2.294383436532535 
 2.008487118644071  1.372260372881354  1.500878173220336  1.912246474576269 
 1.007106344692008  0.249437120445610  1.970654521625155  2.950399999999993 
 1.108039266187047  0.730723712230211  2.089547194244605  2.099596115107913 
 1.926757647058823  1.265532941176469  4.042428104575167  1.949856732026149 
 0.011088178878879  0.073867181891391  0.795296463363365  1.125886336336340 
 2.443011111111112  0.884006563663665  3.284756756756766  3.314968168168169 
 1.526371142131978  0.471933598121826  2.143630913705577  3.827816243654829 
 0.337825364432990  0.088907839621134  1.531833118556700  1.439116301546388 
 1.349598276437851  1.093927996289425  2.976653246753246  2.475025788497218 
 0.935357293598232  0.106914635066224  2.617206512141279  2.321756291390726 
 1.929027809523807  0.354421609752381  2.864031238095237  2.181846285714290 
 1.532339506398538  0.313812356416819  2.149359597806214  1.319054935466178 
 1.362776894206549  0.401208726448363  3.789556171284636  2.514970025188917 
 2.019171245283020  1.430434581132076  4.408123396226412  3.442280377358492 
 2.000071243243243  1.142305940540540  3.043627567567567  4.572174594594594 
