-0.169393196566311  0.070917013890653  0.870318251452678  0.653802437295390 
-0.405661325142162  0.069780083052927  0.504433951787156  0.564284298700218 
 0.942887888178805  0.213763700750806  1.013537385942399  2.444339137380139 
 1.766147627627605  1.263474234234240  2.728288288288335  1.346071105104901 
 0.361775205940583  0.093783465503299  0.960145668316858  1.692764438943897 
 1.037956646234669  0.340154951751319  3.067790367775848  1.430197443082361 
 1.035030055865928  0.238806428770952  1.323115743016748  1.476347966480436 
 0.181301862158890  0.082368986254698  1.306875530624641  0.869572231655548 
 0.675098093049538  0.098242997697656  2.182794787141574  1.637456125108562 
 2.240254507337502  0.882946171907753  2.224885953878421  2.907658700209631 
 0.629340082750398  0.103693350705255  1.692076683087003  2.140087766830865 
 2.242307874015728  1.955095275590557  2.454241062992117  3.830430314960603 
 1.602134487179502  0.985433192307701  1.186976996794842  3.387676923076987 
 1.324373363471963  0.250840069258596  2.986397287522625  3.280421518987331 
 2.245752957317063  2.076910670731712  3.184631402439026  2.403803841463398 
 1.249020863988919  1.442208310249312  3.321313296398914  3.497146814404447 
 0.635084737142857  0.130455436052572  1.972081142857150  0.900173738514285 
 1.370180763546794  1.566621847290644  2.199553201970442  2.887637192118226 
 1.600211056910558  0.089598777138213  1.733440520325190  2.326263739837426 
 1.997523500000003  1.353264233333332  1.485853536999997  1.909766733333331 
 0.993109633858270  0.250372888320210  1.977935564304453  2.945313779527553 
 1.137050643431633  0.693144088471844  2.082421715817696  2.086258042895441 
 1.900384196721311  1.237629442622949  4.034250163934431  1.922575278688530 
 0.012295295939850  0.074173267377945  0.793179500651630  1.124560651629077 
 2.446279941002951  0.874086889970503  3.287575221238947  3.290755457227140 
 1.524504597989948  0.475075722763818  2.142473065326627  3.823861055276388 
 0.324934979686521  0.087253073161128  1.509452915360500  1.422333103448273 
 1.337822213754651  1.064315223048328  2.974462081784386  2.465597769516730 
 0.936342405797100  0.103772337090300  2.618394202898548  2.311188851727981 
 1.929271780303028  0.345454771818181  2.853733522727273  2.163036174242428 
 1.515896727605120  0.279778364095064  2.153608775137110  1.294047769104203 
 1.362396069230770  0.393567883076923  3.782090769230771  2.517226410256411 
 1.993723823529413  1.418376852941177  4.399147058823527  3.414324264705883 
 2.009275151515150  1.160298277777777  3.074702525252526  4.547161111111111 
 2.246122957317064  2.071360670731712  3.186951402439026  2.407893841463399 
