-0.173738304589648  0.071143203790500  0.861574136069071  0.643296081965537 
-0.408575047766751  0.069978974183749  0.502037770595524  0.564126725971852 
 0.917453213930236  0.201797887844120  1.013095677611843  2.391817910447707 
 1.676293858024667  1.284057654320995  2.712015123456839  1.311224623456580 
 0.372294459948750  0.092496859598632  0.939975623398832  1.689226558497014 
 1.021089110486885  0.320915160018733  3.082987827715374  1.442726743445746 
 0.881497577045703  0.183611535759832  1.484303921360242  1.557124675876715 
 0.160842997956662  0.080815409912692  1.275337876161013  0.867433021671827 
 0.638287131076084  0.115488413729130  2.192297866419242  1.538922309832983 
 2.107657968127472  0.624213402509957  2.222261155378498  2.986311553784850 
 0.587265623095224  0.124613241233687  1.717977425044067  2.145171516754842 
 2.232425373134310  1.760417798507468  2.244432537313425  3.890503358208930 
 1.601593431372563  0.948367075163409  1.167232820261407  3.315711111111177 
 1.764348244514093  0.443425379623836  3.258663636363680  3.646600626959228 
 2.001425849802352  2.159883794466409  3.684307509881427  2.579251383399186 
 1.210596488273614  1.461833648208475  3.235616612377875  3.562308469055391 
 0.594969764139592  0.114568335073406  1.865280866426001  0.856490380505414 
 1.379490997679811  1.526253967517404  2.198404408352665  2.899724129930392 
 1.442991951951944  0.057650256366367  1.822826066066056  2.240415015015044 
 1.929636320754719  1.160804308176099  1.508660610377357  2.059477610062892 
 1.016055895988117  0.217795539524517  1.806077800891519  2.978847548291229 
 1.130454268617020  0.695187632978718  2.213325797872338  2.121947606382978 
 1.940212391304347  1.068767047101447  3.994261231884062  1.835485865942035 
 0.004195357054583  0.073092992491761  0.781676842842432  1.118820061791971 
 2.598725517241383  1.041741205862071  3.227615517241388  3.102791379310346 
 1.433952410714283  0.529835882738094  2.204520773809522  4.011889285714294 
 0.283252255418560  0.086619406938352  1.472828163530174  1.409280012978582 
 1.384819898128903  1.136420207900210  3.095017255717247  2.480781912681916 
 0.853877729863690  0.063566597174720  2.568432094175956  2.231534324659233 
 1.905251445086704  0.336343648400770  2.833825818882469  2.111963005780352 
 1.452168007736945  0.283962543326885  2.218201160541584  1.206812620309476 
 1.312629593516211  0.326574781296758  3.696070324189531  2.554237655860347 
 1.877021286307056  1.231755327800831  4.457867219917009  3.280562655601659 
 2.224567231638418  1.640340903954800  3.498407344632771  4.390555932203382 
 2.379130980392157  1.840008470588236  2.537201960784313  2.261308862745096 
 1.147042252892561  0.249587309421488  2.718900826446282  3.013282479338844 
 1.499305173501577  0.394155713123028  1.152438634069402  1.433078706624608 
