 0.023011841460199  0.078200310586710  1.189706505866911  0.627111934811182 
 0.169384276740237  0.077937963446512  0.671481334465156  1.389386587436219 
 0.767628291746509 -0.012840655259111  1.578605374280119  2.169873320537367 
 1.652593623853174  1.197659036697257  2.707743577981728  1.635783394495101 
 0.246350993382337  0.091237778921567  1.139601274509843  1.484827941176472 
 1.221913542600880  0.165337954260103  3.427424215246670  1.763421524663801 
 0.798501027837281  0.045185423426129  1.247588222698055  1.437304047109191 
 0.356478958620710  0.084635242216085  1.729992183908136  0.715642202758615 
 0.773303440860284  0.293069450537642  2.658747311827767  1.034216182795549 
 2.677707843137190  0.789793607843129  2.457164052287611  2.859522222222190 
 0.554874572159068  0.167999948539773  2.064741666666625  1.849282954545428 
 1.984509677419296  1.459105268817217  1.860878709677394  4.455625806451541 
 1.930458333333390  1.158041960784343  0.930905853921469  3.248683333333534 
 1.530003622047215  0.256948850393730  3.568595275590663  3.781733858267665 
 2.519795294117587  2.226405882352958  3.943163529411779  2.365514117646986 
 1.357968418079092  1.152983728813569  3.695320338983094  3.312780790960475 
 1.066812114537441  0.027485904845815  1.975241409691651  0.797917832599121 
 1.848439344262288  1.112355204918038  2.259005327868847  2.811787295081978 
 1.086463707093814  0.003049689702519  1.893643935926756  1.683579176201421 
 2.313183846153847  1.210117923076918  1.455264361538458  2.031476153846147 
 0.994517782258081 -0.034050151209676  1.944314112903192  3.096934274193518 
 0.768636441025624  0.691664307692285  2.857448205128204  1.829286153846151 
 2.000241999999992  1.047338421052623  4.417088421052635  1.852543789473702 
 0.222271173950483  0.081515046254036  1.479036275565134  1.152267631862216 
 2.488997333333345  0.969517698666671  3.727273333333353  2.938621333333340 
 1.195389776119390  0.312378905970145  2.333091791044771  4.154058955223909 
 0.371540331564987  0.103222561580903  1.559423607427048  1.704938726790439 
 1.701737301587309  1.141829166666667  3.251601190476169  2.566943650793662 
 0.807876734265730 -0.007949941258743  2.793452447552436  2.382122027972030 
 2.158187559808606  0.428940605358851  3.154655023923461  2.095363157894743 
 1.725850632911397 -0.069195846835445  2.474063924050615  1.428941898734172 
 1.517960222222221  0.460362884444444  3.987637222222242  2.496077222222213 
 1.913802173913050  1.098463630434789  4.747527173913038  3.320522826086956 
 2.226321951219513  1.649535609756094  4.242285365853666  4.200268292682908 
 2.466694326241135  1.702417517730497  2.740239716312058  2.374655319148935 
 0.897420956756758  0.453646428648649  3.385691351351339  2.783017837837868 
 1.665334562211981  0.326509101198157  1.322630046082950  1.523027741935489 
 2.134642241379306  0.245721433275863  1.869248965517244  3.668765517241382 
-0.012707653919861  0.074466822905052  1.050042979094081  1.073716759581884 
 0.537173879518077  0.119451978120482  1.037562963855416  0.884771156626506 
 1.396004946808511  1.132230212765957  1.443856489361695  2.475982446808500 
 0.984353399014775  0.202706997044334  0.601047259113298  1.887807881773396 
 2.331908783783784  2.044618918918921  3.063755405405406  3.582721621621610 
 1.596950427350426  0.054627523931624  1.328173931623929  2.502977777777798 
-0.091955407521189  0.070260859109110  0.626583599364407  0.971267637711871 
 1.432123684210528  0.552488426592800  2.736508864265931  2.343313019390585 
 1.125749963503648  0.793636277372263  2.040608759124090  1.939730291970797 
 1.028846300429187  1.260360429184550  2.527323605150217  2.618931330472103 
 1.940802868852460  0.436090005737702  2.110654508196713  2.166261885245897 
 0.474304623901584  0.085173227240774  2.027359226713536  1.280575166959579 
-0.557451193058569  0.089122910737528  0.526308475054236  0.471623011930586 
 1.682350297619046  0.830875297619048  2.004066666666670  1.045881099404763 
 1.497857823129250  1.936542176870743  2.240902721088438  3.165117006802723 
 1.266482969696970  1.205306969696968  2.880503030303033  3.863074545454543 
-0.269187128352490  0.072150877298851  0.847757509578542  0.722193448275860 
-0.208407014084507  0.060716597042253  0.674393956466070  0.414783708322663 
 1.167547421383649  0.374789427672956  1.130371572327042  3.350093710691826 
 1.134729913043480  0.472099449275362  1.831516231884056  2.581087246376814 
 0.949574447272727  0.404795203272728  2.641845818181822  3.154778181818182 
 1.599442342342342  2.159861261261262  3.104581081081081  2.331351351351352 
 1.876163291139241  0.683103105485233  2.801978481012663  3.424576371308019 
 2.532396503496502  1.040973503496504  3.130241258741259  3.885937762237764 
 2.516456637168142  1.638503893805310  1.978744247787611  3.416951327433627 
 1.751204056603774  2.087063207547172  1.945258584905659  1.793939811320756 
 0.407379621951219  0.091510469491870  0.987342276422764  2.002630284552850 
 1.627539318181819 -0.040296874545455  3.023079545454546  2.849565454545451 
 2.592794736842105  1.421663157894736  3.204852631578948  1.320907368421052 
 1.322224782608696  1.087074223602483  1.768154658385093  3.568108695652179 
 0.779182478827361 -0.106108396384365  2.574523127035836  1.676334201954397 
 1.524473157894736  0.669500368552631  3.236046710526316  1.050257453947368 
 0.768406164062500  0.214140233203125  1.150341679687501  2.642703515625000 
 1.390464452054796 -0.081827363219178  2.188244520547943  2.339001712328765 
-0.328641114118896  0.053944416163811  0.423918699893843  0.689239373673036 
 0.994482776203967  0.458060456090652  1.390026968838530  1.936904815864027 
 1.093459420481928  2.044221686746989  3.166659036144579  3.582674698795181 
 1.625685963302753  1.915518348623854  4.045074311926604  2.948510091743121 
 2.072298275862068  1.589948620689655  3.012163793103450  4.952818965517242 
 0.817425525672371  0.379963530625917  1.686094376528119  1.277785476772615 
 0.496033318534202  0.188048070358306  1.932965472312705  2.484185016286643 
 1.589528136882130  0.362182343346008  2.219185551330800  3.097005703422052 
 1.228068575851392  0.387620060154799  2.468417956656346  1.655847987616100 
 1.327664537815126  1.387188907563026  3.712525210084034  1.850973949579831 
 0.898430858725762  0.266043520110803  2.296431855955680  2.298327700831025 
