-0.172721478851330  0.071142699098232  0.862795780998347  0.643902449704871 
-0.408290832163503  0.070098291732579  0.502061985672988  0.564450001403773 
 0.922352033388868  0.214082445692829  0.994472233054995  2.382490984974903 
 1.672348212121188  1.254922212121219  2.746718181818229  1.319986296969491 
 0.352211538381189  0.087906440461269  0.937608312445633  1.689118798955616 
 1.009921074007213  0.312987385288815  3.050219855595685  1.428397745487415 
 1.017584024663684  0.228263163284756  1.330347578475324  1.469801334080707 
 0.164914295340288  0.081786541697730  1.285679104843675  0.870794708767627 
 0.662635161756894  0.115240049245787  2.156734871339792  1.562193078970678 
 2.110163241106700  0.694335342015807  2.183551185770763  2.981730632411058 
 0.613862708949498  0.116784106888437  1.693065635179129  2.120824267100970 
 2.227842748091584  1.784568358778631  2.249007709923655  3.890118320610661 
 1.590824419354852  0.960865822580655  1.180878880645130  3.313793870967807 
 1.744692961783427  0.418397946178356  3.260028025477752  3.616461783439470 
 1.972316825396806  2.166276984126989  3.684313095238099  2.594032539682516 
 1.211960785389609  1.458309837662343  3.233982142857168  3.564261038961055 
 0.590009743436756  0.113117630961814  1.903399403341297  0.867773169689737 
 1.374006119047616  1.577397452380955  2.231867380952380  2.863413333333332 
 1.520403943217657  0.059407012523660  1.756458201892732  2.258378391167220 
 1.916723905325447  1.181384023668637  1.434269677810648  1.919537426035501 
 0.993317268436582  0.231243334513275  1.810238584070785  2.968906047197635 
 1.132474212598424  0.689009199475060  2.157483858267715  2.109764566929133 
 1.927709964157705  1.067324713261646  3.999291039426528  1.853744799283160 
 0.004941404480652  0.073119770478106  0.788633166395113  1.117086578411409 
 2.579260824742272  1.026450789347081  3.226628865979389  3.118674570446737 
 1.443537635327633  0.538185280911680  2.210829287749285  3.995493732193739 
 0.315367938423029  0.089835929031289  1.483143304130160  1.423783667083852 
 1.359562195171031  1.093248732394368  3.076689537223333  2.485255734406441 
 0.864779726415092  0.073486166768867  2.556697523584901  2.230131367924528 
 1.901929981378025  0.339788915307262  2.820490316573561  2.134873184357547 
 1.484920940959411  0.278291934797047  2.154761439114389  1.235230599077489 
 1.300935520100504  0.319940900251256  3.699866582914578  2.533661306532661 
 1.875954100418412  1.229541983263599  4.460206694560666  3.284957322175732 
 2.231571505376344  1.583144037634407  3.492313440860217  4.384184946236553 
 2.449636947791166  1.788333614457832  2.627987148594378  2.247602248995983 
 1.160313459504132  0.233763970578512  2.702362809917357  3.015351404958678 
