-0.156417471014509  0.070749699622588  0.908924106280143  0.634647447946966 
-0.133221868604651  0.070173523044328  0.572225534011613  0.945796329941814 
 0.657324022085806  0.146002056404913  1.430014527607290  2.242951411042903 
 1.679724557377022  1.224354327868861  2.769245901639397  1.286414714753876 
 0.335845409139198  0.084397439978744  0.923505635494186  1.739943783209356 
 1.090071993135002  0.334765740160190  3.196228146453109  1.464125448512648 
 1.032968970588246  0.230890651225493  1.681145710784296  1.598785821078420 
 0.148908094076391  0.079852120291502  1.367514972720212  0.845860498830864 
 0.645762016883142  0.161312926675327  2.342097662337594  1.414395337662281 
 2.100805689277881  0.915030527352294  2.270342013129115  2.795071772428875 
 0.582810658204553  0.100133348388466  1.969064744287241  1.982363547334041 
 2.267786742424222  1.759021818181823  2.358868939393930  3.884837499999974 
 1.784845358649811  1.237622405063304  1.242083894514727  3.418497046413589 
 1.758503745928325  0.442931642019556  3.252140065146624  3.678554723127015 
 1.969470608695630  2.182752173913050  3.720715652173918  2.605294347826061 
 1.245848160738253  1.484127281879201  3.279015100671165  3.533420134228206 
 0.613851264285715  0.108231137065714  1.898916142857150  0.854981080285715 
 1.315310601583109  1.596202163588394  2.300393667546173  2.877946965699206 
 1.403601693290727  0.027404092715656  1.932759904153343  2.306635463258817 
 1.857587960199006  1.677290049751241  1.619294697014922  1.936460696517410 
 0.837061980735557  0.201624689422067  2.045507355516627  2.868621190893166 
 1.153793220338981  0.732550748587565  2.247886440677963  2.145265395480222 
 1.949746885245900  1.027594274590161  4.067567213114757  1.837391594262302 
 0.065790248039826  0.077820590535159  0.975744517734911  1.181336092097079 
 2.624578326996203  0.991201215589356  3.261590114068451  3.144074144486694 
 1.269555703422049  0.678706128897337  2.274839087452467  4.155884790874536 
 0.332415995658074  0.094209750679783  1.527122252374491  1.459875169606504 
 1.433301767605639  1.158703286384980  3.204145539906094  2.441165023474182 
 0.898159055072462  0.053470631753622  2.660209130434777  2.175558260869564 
 1.907999391480730  0.324681059878296  2.874444219066942  2.151806490872217 
 1.509034778761065  0.273934370929203  2.255173230088494  1.170836050221238 
 1.290044758720930  0.339395404360466  3.735346220930239  2.593876162790695 
 1.882059424778763  1.212287805309736  4.463453539823005  3.254567256637167 
 2.249574375000000  1.667843624999997  3.640478125000003  4.389702499999991 
 2.479055555555555  1.811268000000001  2.775912888888888  2.213670044444441 
 1.159470583941604  0.321798896350365  2.819280474452554  2.988254197080296 
 1.840951622418878  0.584738341592921  1.405405094395280  1.854192153392333 
 1.820579120879120  0.260178430659341  2.115430494505496  3.362649175824179 
-0.432361198019802  0.069648379437204  0.518537488590289  0.514408488165960 
 0.773651740506330  0.148992262246836  1.137984272151900  1.169439731012660 
 1.199268271028038  0.378538644859813  1.288451098130841  2.997322897196261 
 1.049323226600986  0.226927435467980  0.853181614778325  2.111152463054188 
