 0.147146791095033  0.080747278043329  1.322116558363322  0.682425516245700 
 0.158241690149253  0.077278510402979  0.635860005671609  1.317234164179005 
 0.726064115789353  0.106125856315796  1.482396263157794  2.416437543859590 
 1.620504374999957  1.206312604166678  2.973700520833422  1.251106453124648 
 0.285038421326997  0.087716852132700  1.085590722748852  1.560770853080566 
 1.255283064655155  0.332549975517254  3.487368103448306  1.536538922413911 
 0.937825574043278  0.097509557237940  1.510882861896822  1.694514642262883 
 0.424640206751067  0.101785021161740  1.815529254571080  1.100449803094231 
 0.767008594202953  0.258265203478267  2.654922028985351  1.048432915941908 
 2.665072832369884  0.765000404624270  2.427890173410429  2.841623699421935 
 0.572315411957909  0.136371343202266  2.088791423948184  2.158338834951432 
 1.945204961240268  1.472182170542645  2.342894573643392  4.576876744185994 
 1.777602111801277  1.204444062111819  1.159518155279440  3.566950931677146 
 1.533105820105801  0.320238629629649  3.419298941799017  3.725111640211606 
 2.143621276595708  2.102375886524832  3.990640425531925  2.785826241134710 
 1.054096538323349  1.321062814371268  3.665246107784477  3.280210179640745 
 0.868672072072069  0.071680125225225  1.839004804804818  0.708696264864867 
 1.754950340136049  1.053688231292520  2.134230272108842  2.845109183673477 
 1.242025311111105 -0.066226754222221  2.030669333333313  2.103428222222270 
 2.193471527777778  1.225048402777774  1.298151243749996  2.142096527777772 
 0.889020040372684  0.023890363975156  2.064703726708048  3.011577639751535 
 1.116186980198013  0.654426113861374  2.750058168316829  1.891895297029700 
 1.779611185185179  1.195598666666661  4.307558518518523  1.820406000000014 
 0.175786796670134  0.079777947419355  1.404953485952141  1.210314172736732 
 2.438289772727281  0.912419725568186  3.754990340909107  2.913261931818186 
 1.206918048780478  0.435962667073167  2.274114634146338  4.167339634146363 
 0.394245346766744  0.115829117357969  1.605522055427247  1.725458083140865 
 1.605336163934434  1.169560459016395  3.293278032786867  2.516198688524596 
 0.871550314769972 -0.015636914019372  2.789258111380144  2.060299273607751 
 2.142397321428562  0.474533721517856  3.195420982142873  2.046391964285720 
 1.510028476821196  0.035884543145695  2.486862251655623  1.393505596026488 
 1.375885900900901  0.407297032432432  3.888868918918936  2.517035585585577 
 1.860141984732828  1.138820030534356  4.623576335877861  3.345138167938930 
 2.105919512195122  1.668978048780484  4.075865853658546  4.459741463414615 
 2.436498245614035  1.675909766081870  2.691264327485380  2.276277777777778 
 0.820536473076923  0.292717018846154  3.094663076923066  2.825889615384634 
 1.703849382716047  0.320182370205762  1.377145967078191  1.535564156378606 
 1.814974545454544  0.222770091854546  2.022636363636363  3.349754181818188 
-0.008522528935860  0.074948667043732  0.992143462099129  1.039977026239069 
 0.709147543252598  0.152907814775086  1.178717820069201  1.169237231833909 
 1.186226315789475  0.814263034055727  1.492679040247673  2.304800928792564 
 1.030553333333331  0.261173734496124  0.701013238759688  1.956029844961239 
 2.396715942028986  2.092025362318841  3.013577536231884  3.551178260869555 
 1.536177408637873  0.113218201461794  1.390919601328904  2.547539867109649 
-0.203058778777871  0.071013152708505  0.582394100743187  0.887197208918254 
 1.534495039164492  0.390864425587468  2.795766057441258  2.665207832898175 
 1.029548479809976  0.560707007125891  1.945994536817106  1.603345463182897 
 1.048610592436976  1.292242310924371  2.476350420168069  2.390698739495800 
 1.848616819571865  0.533565640366970  2.260870336391429  2.101291437308868 
 0.646702204111602  0.090865533289281  2.183156975036710  1.541593392070484 
-0.544359337455830  0.073619999148684  0.514305282950534  0.543661459363956 
 1.686749470899469  0.842402328042329  2.047289417989419  1.065187236507938 
 1.454376477272727  1.869469318181814  2.184423863636365  3.212838636363635 
 1.394992687499999  1.724166249999998  3.088293125000003  3.704167500000001 
-0.195405704838710  0.066183934145161  0.898166185483870  0.607544066935481 
-0.263280574324325  0.066698689927235  0.515284940748441  0.452635912889813 
 1.083870707964603  0.417158537168142  1.199393318584070  3.266333628318586 
 1.066450104384135  0.439187064718163  2.154707098121084  2.472197077244259 
 1.023968741007194  0.741864532374102  2.485747482014391  3.262179496402879 
 1.598086692913386  2.169785826771654  3.200660629921261  2.261668503937008 
 1.859664885496183  0.799768816793893  2.749795419847332  3.442745419847328 
 2.547112765957446  1.041893765957447  3.255214893617022  3.901719858156031 
 2.547272500000001  1.561447250000001  1.955980833333334  3.455791666666666 
 1.694336422764228  1.959092682926831  1.889661869918699  1.850545691056911 
 0.451439320346320  0.084246678268398  0.978295411255411  2.074781385281389 
 1.595484371257485 -0.288515451497006  2.872061077844311  2.712952095808381 
 2.654461333333333  1.575521333333333  3.471310666666668  1.518770400000000 
