-0.171033598139302  0.070838639936208  0.866253333333291  0.649670693142038 
-0.406717128933389  0.069922931212222  0.503385524846742  0.564643413731074 
 0.939178321951109  0.209720527430901  1.012140298536491  2.448586341463361 
 1.677306492307668  1.255553569230776  2.752084000000047  1.301162393845945 
 0.360490195258244  0.090454111253174  0.946526583403922  1.692694072819647 
 1.012379742451147  0.298469761012439  3.046115097690958  1.427651671403247 
 1.031259706546282  0.233745284029348  1.318638340857776  1.472187110609469 
 0.175714803811258  0.082320528196610  1.305469866908672  0.867809038112522 
 0.679352324562954  0.104167960708044  2.158670804195759  1.628274475524436 
 2.119759196617312  0.787136794926001  2.161849260042297  2.948195348837196 
 0.622564691905928  0.111139865312707  1.681982920792054  2.136711716171612 
 2.264582307692289  1.939344230769236  2.441472423076914  3.804468461538435 
 1.588313482428130  1.002874236421734  1.191257261980800  3.390628434504857 
 1.329056342342334  0.254742678018024  2.969565225225246  3.271957477477466 
 1.990707983539074  2.206123868312762  3.630665020576134  2.534417283950593 
 1.239230410115606  1.424768034682085  3.313895086705227  3.522266473988453 
 0.627210892045454  0.126721604029546  1.961741818181826  0.903725791136362 
 1.366665776699026  1.585152572815538  2.239021359223301  2.854513349514562 
 1.584303482587055  0.075512541194031  1.722829220563835  2.312577114427888 
 1.925126250000003  1.317032796052630  1.440833786513154  1.914524078947366 
 0.984188523746705  0.252785862664908  1.970433509234820  2.943882058047486 
 1.147739879839785  0.678314165554067  2.097409746328439  2.076634979973298 
 1.927275281690140  1.094877605633800  4.004707746478877  1.869749292253527 
 0.011143534874372  0.073856599054774  0.794315823517590  1.120879914572869 
 2.453696306818184  0.879614132670455  3.230412784090917  3.249137784090909 
 1.503529036458331  0.485597566822916  2.147102812499994  3.864590364583339 
 0.320783744776120  0.090646084447761  1.497065982587062  1.425778731343281 
 1.268133481113324  1.038003936381711  3.035139363817094  2.447836580516900 
 0.908804549327353  0.085869222387892  2.602588228699548  2.300242152466366 
 1.879861705989109  0.329315086243194  2.838943920145192  2.176276588021784 
 1.527561596958176  0.275407597832699  2.152172053231938  1.271927195247146 
 1.359173618666667  0.372075699733333  3.790569066666668  2.551659999999999 
 2.004529105058368  1.347982428015565  4.413763035019452  3.447333852140079 
 2.032384572864322  1.177242110552763  3.128551758793971  4.532780904522612 
 2.432635018050544  1.563726606498195  2.710532490974730  2.266572779783393 
