 0.033912663844748  0.076654741005303  1.235799223985748  0.593575719577030 
 0.260120689349112  0.089722351272177  0.679797411242536  1.619606804733532 
 0.899266231453803 -0.014042046765569  1.774804154302496  2.272289020771423 
 1.749401785714236  1.119447142857156  2.737464880952481  1.860808928571027 
 0.166764094419286  0.079062634404222  1.194022006033232  1.379411764705884 
 1.146634383561615  0.099668244520569  3.499447945205530  1.851971917808408 
 0.599319272300490  0.149248560774653  1.091474014084485  1.434918075117351 
 0.405798475655464  0.109616613445681  1.760267041198647  0.615000644943810 
 0.624675120155112  0.133807567829466  2.677134496123826  1.336435620154874 
 2.776847169811225  0.898878084905648  2.426025471698157  3.078384905660331 
 0.619798242592556  0.017709388206790  2.284035493827091  2.038240432098720 
 2.172041666666552  1.653328541666690  1.618064999999951  4.520562499999860 
 2.197176623376698  0.926837012987050  1.125388636363504  3.275689610389875 
 1.635309999999952  0.261200716049429  3.757995061728572  3.773640740740657 
 2.669601388888817  2.168119444444464  3.901475000000018  2.495029166666581 
 1.406151619047611  1.093893333333351  4.074259047619122  3.422442857142895 
 1.106126477272721 -0.001508990340909  1.902290909090935  0.861649147727275 
 1.882684574468077  1.107885000000008  2.320061170212761  2.918653723404268 
 0.989765926966284  0.022302635112361  2.011783146067396  1.632776404494435 
 2.509847619047619  1.395088412698405  1.419824904761895  1.770288571428565 
 0.938127326732694 -0.061902223762375  1.941360891089067  3.007263861386102 
 0.775859522012558  0.727601886792424  2.817448427672951  1.791235849056599 
 1.845606282051270  1.294123589743579  4.492111538461541  2.105305128205150 
 0.175608916814156  0.079833214430678  1.488504719764025  1.046452138643070 
 2.443280733944971  1.102577431192667  3.790235779816541  3.051414678899095 
 1.105831224489779  0.362388146938770  2.044628571428564  4.096194897959222 
 0.311920642348755  0.079032900928826  1.560018861209954  1.534036120996427 
 1.783641104294492  1.245271349693251  3.155920858895669  2.641709202454005 
 0.723553316872424  0.070454405761315  2.785376954732491  2.340650205761314 
 2.031547663551389  0.100163510467289  3.154757943925266  1.949705607476649 
 1.771768965517247 -0.059903618965519  2.394695689655150  1.399405862068958 
 1.536073529411762  0.160698555294116  4.076243529411799  2.519310588235274 
 1.940154385964922  1.070130596491239  4.896861403508761  3.358035087719298 
 2.427912500000002  1.981804999999994  4.467892500000021  3.997302499999968 
 2.397356198347108  1.783638016528926  2.781550413223143  2.420304132231404 
 0.785488531531533  0.338952269369370  3.518823423423402  2.865263963964015 
 1.828779310344823  0.166585654712645  1.321538160919540  1.286752068965534 
 2.198621126760553  0.206832707887326  1.812047605633808  3.879209859154932 
-0.035944386993007  0.074057552006992  1.127796713286721  0.984936685314692 
 0.329274201923081  0.085447538701923  0.885994711538457  0.979781562499999 
 1.362610750000002  1.422879666666667  1.676016833333323  2.712843333333318 
 0.585566313725488  0.095149260784313  0.863124274509801  2.149135294117644 
 2.567778313253015  2.144643373493978  3.066165060240960  3.602975903614434 
 1.544211176470586  0.009024226470589  1.253791764705878  2.596163529411794 
 0.000696120274910  0.073714073109965  0.847623865979378  1.250142611683866 
 1.315667909090909  0.541617072727275  2.960236363636364  2.271073636363641 
 1.263326322580645  1.010506451612902  2.102183225806458  1.905499999999990 
 0.985429111111115  1.237672222222221  2.572966666666668  2.489778362573098 
 2.298937391304347  0.327393339130429  1.987719130434762  2.460313043478247 
 0.418554813648297  0.071043600839896  2.000226246719161  1.106627821522309 
-0.577936606425703  0.165959058413656  0.425310605020090  0.518718072289154 
 1.838620979020977  0.655154055944057  2.111888811188814  1.193190769230770 
 1.495655892857140  2.062365178571421  2.418246428571434  2.954864285714289 
 1.062365636363635  1.131890363636362  3.185303636363639  3.613335454545447 
-0.203411523506989  0.069356056822110  0.811975247776363  0.906838182973313 
-0.008202715338645  0.076789797390438  0.779025836653390  0.619381808764940 
 1.044651000000005  0.403801472727273  0.943723072727269  3.323257272727279 
 1.244932979591839  0.578425306122449  1.702133469387750  2.665587346938779 
 0.783873116129030  0.452958825806452  2.407741290322591  3.116789677419355 
 1.678332954545454  2.248564772727276  3.430079545454544  2.020979545454546 
 1.759508108108108  0.809469797297299  2.524372297297302  3.584722972972974 
 2.732295121951219  1.099289036585366  3.356300000000001  3.903420731707317 
 2.487629411764706  1.876819117647060  1.843747058823528  3.155307352941172 
 1.794347794117646  2.269136764705885  2.060977941176468  1.899211764705883 
 0.315171567757009  0.112080006518692  1.188067196261680  1.861869158878512 
 1.980491044776124  0.225181698507463  3.020104477611946  2.914585074626852 
 2.660749999999999  1.477725370370369  3.186670370370370  1.294182407407408 
 1.418180930232559  1.348117325581393  1.380316976744187  3.709427906976754 
 1.107123139534882 -0.213532213779070  2.660667441860475  1.708431395348835 
 1.380579041916168  0.433178441437125  3.162745508982035  1.271853473053892 
 0.729681494505494  0.125583928571428  1.309137472527474  2.585820146520148 
 1.468911244979923 -0.032657195020080  2.227177510040157  2.324459036144574 
-0.037824810256412  0.072118063613054  0.459963279254079  1.054464149184151 
 0.948065263157897  0.511798048582996  1.369838947368428  2.076073279352233 
 0.950606573563218  1.664595402298851  3.452933333333332  2.795959770114941 
 1.721292680412371  1.955743298969072  3.990857731958757  3.012128865979384 
 2.257386842105261  1.470654736842105  2.929673684210529  5.149955263157895 
 0.696745741444863  0.085103278707225  1.274491787072251  0.874920038022814 
 0.461020300922331  0.259281378640777  1.991812135922331  2.518104368932037 
 1.613703645833334  0.199643984375000  2.280261979166666  3.139183333333333 
 1.293407938144331  0.395587164948454  2.469452233676975  1.844495189003436 
 1.229812886597939  0.984677628865981  3.651019587628868  1.791193814432989 
 1.033890474576272  0.365400236135593  2.306889491525429  2.493268135593225 
 1.563869166666668  1.386952708333332  2.841473958333333  1.046212687500000 
 1.460510657894737  2.283503947368418  2.871030263157893  3.912047368421051 
 1.024192818181817  0.313546713636364  2.613638181818183  0.589742270000000 
 1.200694328358208  1.156040208955224  2.641832835820895  4.420125373134331 
 1.593514050632912  1.034625949367088  0.889792330379747  2.437150632911391 
 1.634131693989071  0.561967540983606  1.630451366120219  1.953546448087432 
 2.111052688172044  0.355970161290322  2.905810752688172  3.866003225806453 
-0.316966110958903  0.077758881000000  0.845554219178082  0.541942758904110 
-0.251472885740404  0.079778286307130  0.463186786106033  0.424201323948812 
 1.273353129251700 -0.211170714965986  2.915432653061221  2.724603401360547 
 0.964159406392695  0.489367566210045  2.251587214611873  1.237204155251143 
 1.056670619834711  0.461000181818182  1.613765702479337  1.454789090909090 
 0.891141909385114 -0.025096095566343  1.380790744336567  1.761589967637542 
 0.476017836644592  0.095283288962472  1.655156512141281  1.987340618101542 
 1.601081944444444  1.176219722222222  4.253533333333335  1.032256361111111 
 1.458368024691356  0.824201172839506  3.616988271604940  2.584756790123457 
 0.822998566037735  0.524619320754717  1.991466037735852  2.037180000000002 
 2.319354166666668  1.450922291666666  2.422589583333333  3.894927083333334 
 1.323681306532667  0.524035050251256  2.956008542713566  3.032375879396984 
 1.645467906976747  0.599355348837209  2.454879999999998  2.445997674418605 
 2.488061261261262  0.765709909909910  2.860407207207207  2.340793693693693 
 1.178094160583941  1.233517153284673  2.268816058394160  3.312243795620438 
 0.654000193236717  0.137622202115942  1.621742995169080  1.279037777777777 
 2.094289285714285  1.205813303571428  1.821167857142857  2.355464285714288 
 1.826734265734265  1.416961748251748  3.177544755244757  3.499533566433568 
 1.862758333333333  1.392254375000000  3.967675000000000  4.421481250000001 
 1.426903439490446  0.382639700636943  1.663607643312102  3.323262420382163 
-0.329032242857143  0.062857046324675  0.499073036363638  0.763990935064935 
 0.478768869444444  0.150479652020202  2.058425252525252  1.597947222222222 
 1.089017115384615  0.133913252884615  2.895834615384613  3.694180769230770 
 1.230978014705882  0.353205465441177  0.856055441176471  1.563442205882354 
 1.497017301587302  1.467965079365079  1.611923492063493  1.226780634920635 
 2.105793518518518  0.967118888888889  3.571178703703703  1.964597222222220 
 2.452609677419354  0.455819059677420  3.957645161290327  2.534348387096773 
 1.400783333333334 -0.034569089880952  1.671710714285714  1.974702976190475 
-0.512538681102362 -0.041153708255295  0.600427145669291  0.456095291338582 
 1.003207469879518  0.100850808433735  0.436861224096385  2.132656626506023 
