 0.096590690801539  0.078400115547563  1.061648769917894  1.033850342829596 
-0.314808548170877  0.069945923159383  0.614419944087792  0.622393426292175 
 1.293801677373261  0.359047122726628  1.590357134189822  3.029450107066354 
 1.228616793914247  0.380140773492395  2.828781535269707  1.507085887067723 
 0.539281033917678  0.120136960121951  1.155268150381112  1.807860236280485 
 1.898972306079663  1.092986128825999  3.646295178197074  2.097221121593303 
 1.581834659090910  0.488632951103898  1.670881226542205  1.724171948051937 
 0.573439033099691  0.117856711798285  1.832615459501564  1.164832751635506 
 1.231500295327104  0.373980513582556  2.743277943925224  2.665513084112134 
 1.971871956521728  1.204287940893720  2.265824855072458  3.852040458937195 
 0.778588968173731  0.135359757698729  2.039576567796588  2.129296101694919 
 1.959392397042249  1.715660690140846  3.746953943661970  3.445851971830982 
 1.854629730215827  1.518099766187053  2.280494172661863  2.463345404676258 
 1.599627314578006  0.515411065728900  3.351281841432228  3.428603069053707 
