 0.037238897439745  0.078308121794682  1.145334623493937  0.765169955321374 
-0.356374187097719  0.069783680879551  0.579552995699233  0.579172438911628 
 0.956657358948363  0.216450815338730  1.125672151263843  2.380609908998957 
 1.684581435643553  0.806218042937298  2.855469471947222  1.332310491254014 
 0.366683964299604  0.093401338171205  1.127991817120638  1.615651605058364 
 1.478003525210081  0.483790029299724  3.577982212885164  2.402301540616288 
 1.196424973656486  0.302811229726030  1.484295226554259  1.377909462592188 
 0.400619895000004  0.088843992862764  1.652278510638313  1.087598219255317 
 0.985752985493247  0.087323330473889  2.741784139264943  2.217497292069588 
 2.167794502228804  0.666753621634469  2.470320653789011  2.756127191679043 
 0.618703967805003  0.119490300113835  1.866441230936802  1.930072494553368 
 2.163872727272713  1.622999272727279  2.537671298701294  4.154884935064925 
 1.604181943957978  0.730629586164628  1.553060390542889  3.532793520140135 
 1.319733081043951  0.390438975549455  2.893880357142870  3.528165247252741 
 2.222237696078423  1.941204240196081  2.987609313725494  2.363659705882343 
 1.800322827988338  1.468727504373180  4.251981924198263  3.526430903790104 
 0.847465923572742  0.202973658683242  2.455536003683249  1.257117466850827 
 1.301672765481169  1.657231631799164  2.823616317991632  3.207960460251046 
 1.563550890868591  0.212839895144767  1.990756670378612  2.068092538975517 
 1.878342651685397  1.429373685393256  1.542426429438202  2.241310089887640 
 0.984251290909090  0.209371220868687  1.991820202020197  2.849218383838378 
 1.147843045205481  0.990627164383558  2.493446027397266  2.283889863013700 
 1.915466838709677  1.362746129032257  4.091340645161288  1.965051580645162 
 0.001515482427964  0.073313805729334  0.777187554936230  1.118721143127070 
 2.448950958904107  0.945715700547946  3.397126027397261  3.392587945205483 
