-0.161698692215585  0.070951876511980  0.907836724550849  0.643074913652799 
-0.134683774375918  0.069522870050658  0.574863524082216  0.954361035242244 
 0.926994315270824  0.182933063218398  1.140429167487592  2.526376683086973 
 1.676912838283801  1.233544587458754  2.773946534653517  1.288831148514627 
 0.341920059183659  0.091925075469386  1.042842030612278  1.805522959183677 
 1.045843606589141  0.319629327034890  3.107109108527150  1.457127501938039 
 0.961265029377213  0.211690984782611  1.497672232667434  1.488588072855454 
 0.176763219158534  0.083121921888803  1.329871134485374  0.829231652892562 
 0.651326775896433  0.126698144591635  2.228580179282815  1.507397599601551 
 2.120035497835478  0.863112158008655  2.242013852813864  2.806304978354969 
 0.591296052993893  0.124134512610096  1.752283115752807  2.066867624020880 
 2.239209293680278  1.756659702602236  2.234084089219322  3.866311524163543 
 1.570576121212135  0.912979445454555  1.195220015151486  3.306403636363697 
 1.756462575757564  0.449460957878799  3.233566666666709  3.639625757575739 
 1.966448658008636  2.185389610389616  3.716544588744593  2.605288744588719 
 1.244235625083610  1.488291404682280  3.282339464882968  3.530996655518412 
 0.625176897759105  0.114601846563025  1.895176330532221  0.829094882633053 
 1.339204455882349  1.574958039215690  2.271303921568625  2.875037254901957 
 1.385993288690468  0.018662851845239  1.918518452380942  2.246458630952408 
 1.901275023474180  1.647439342723002  1.588684807981217  1.971700657276992 
 0.891307039745632  0.246778933068363  1.928539904610482  2.880472655007944 
 1.145403679114799  0.719729391424614  2.234330013831255  2.106791147994464 
 1.934979279999998  1.026374171999997  4.070906400000004  1.838549596000007 
 0.093966115675676  0.079145805597598  0.959538078078080  1.202363447447451 
 2.622318181818187  1.005278653454547  3.234308363636373  3.140238181818184 
 1.276847137404577  0.681248892748090  2.268432366412210  4.153928244274820 
 0.320545493233083  0.084389109563910  1.521420847573478  1.390187833219408 
 1.428148048387101  1.158662373271892  3.196779032258054  2.435506451612907 
 0.850606016194330  0.062273064534412  2.601296491228065  2.215989473684210 
 1.895758007812499  0.320180444375000  2.847345898437504  2.124956250000007 
 1.486483943089433  0.299952609065040  2.193134349593494  1.183595700609755 
 1.309489991957105  0.321537415817695  3.699640214477217  2.585179088471847 
 1.891530262008736  1.217182681222709  4.479271615720521  3.287216593886462 
 2.240156571428571  1.663378171428569  3.522487428571432  4.361727428571421 
 2.474400438596491  1.805371491228071  2.777019736842104  2.218619999999996 
 1.116142885509836  0.309725901967799  2.781120393559926  2.988360107334528 
 1.745359155672823  0.563607316358840  1.366177828496043  1.909714274406334 
 1.771583798882681  0.225097750726257  2.083710055865923  3.372625139664808 
-0.429138107659972  0.069680443197716  0.518200389210650  0.514278272489491 
 0.865103365853659  0.168776424634146  0.766645362439025  1.605191243902439 
