 0.142078632805399  0.081221612843899  1.335747386877737  0.710646893665358 
 0.137472427311521  0.075985078335698  0.650142537411064  1.298181081080986 
 0.764030261323922  0.107538136933804  1.532104494773418  2.397466898954647 
 1.699953789473641  1.229840210526327  3.016123684210615  1.205907626315434 
 0.324602819499323  0.090295475480894  1.033272964426917  1.641319762845848 
 1.251306584415567  0.349441435584429  3.489720779220808  1.510284891775010 
 0.960034196891210  0.070439325388604  1.520765785837633  1.671130224525030 
 0.358203679086549  0.088149719165862  1.739525480769276  1.133172103365383 
 0.748753445714340  0.266856499142864  2.654309142856988  1.055001731428453 
 2.646204395604340  0.774472692307685  2.420901648351673  2.832050549450521 
 0.576215804492734  0.130911603057971  2.092061030595777  2.159087117552310 
 1.942098769230727  1.468790000000009  2.340832307692289  4.574270769230718 
 1.803466826347339  1.197753017964089  1.150659838323293  3.541732335329464 
 1.528630999999981  0.296245247368441  3.418551578947443  3.719656315789440 
 2.178694078947335  2.072705921052640  4.002040789473694  2.766638157894698 
 1.049202701169587  1.308952923976618  3.659288888888934  3.269884210526342 
 0.818721010101008  0.085296463282828  1.853735101010113  0.742549636868689 
 1.751957594936703  1.019994715189877  2.189195569620252  2.830143987341777 
 1.278775623582760 -0.074371171201813  2.045726530612225  2.130981405895740 
 2.228793333333333  1.306535999999996  1.483173747333330  2.113224666666660 
 0.927178362017817  0.056412847181010  2.010127299703240  2.998908011869419 
 1.142789463869458  0.643425547785537  2.771312354312351  1.920114685314683 
 1.941776415094335  1.163091383647794  4.214879874213841  1.824815094339634 
 0.138226273189823  0.076079612142857  1.278145254403138  1.265638630136986 
 2.403991525423737  0.894070235593224  3.653516949152558  2.930930508474581 
 1.180924910179632  0.433142295808380  2.282040119760475  4.149035928143734 
 0.397784523397076  0.122593387100113  1.597077952755901  1.722161979752519 
 1.603416752411583  1.160554630225082  3.263698070739532  2.507356270096469 
 0.894064258373202 -0.032259994234451  2.795924162679424  2.009263636363639 
 2.141606578947359  0.420755673771929  3.172172807017558  2.030139912280707 
 1.509859433962268  0.077961408584905  2.419712893081756  1.345066194968552 
 1.357295020920502  0.399715028870293  3.864289958159011  2.505859832635975 
 1.863924827586210  1.121034855172418  4.599844137931032  3.304371034482757 
 2.105919512195122  1.668978048780484  4.075865853658546  4.459741463414615 
 2.526870285714284  1.730092971428571  2.838090285714284  2.115433828571429 
 0.807221676258993  0.230441944604317  3.031246762589918  2.820714388489228 
 1.728085123966940  0.337029401074381  1.309189243801654  1.543112355371905 
 1.817322779922778  0.214545433436294  2.023336679536678  3.384329729729737 
-0.025651331578947  0.073229988012204  0.956352608695655  0.993402006102216 
 0.695568405315617  0.165082531461794  1.172412059800662  1.174398272425249 
 1.195064238805972  0.826401014925373  1.503513194029846  2.334426865671636 
 0.998340367647057  0.243688563970588  0.693377373529411  2.013695220588233 
 2.395310791366907  2.089790647482015  3.013015107913669  3.546172661870493 
 1.553663122923587  0.123097025382060  1.404224186046513  2.555483720930247 
-0.225522949867843  0.069234147973568  0.563838155066079  0.876594519823793 
 1.582785078534034  0.114670061780105  2.844010209424085  2.762253403141360 
 1.029691522248244  0.567899765807962  1.919623887587825  1.618539461358312 
 1.035154668161436  1.336990807174889  2.493530941704036  2.324901345291481 
 1.835575000000000  0.535907167816090  2.299302011494245  2.128482183908043 
 0.646320028735634  0.092433236738506  2.167156034482761  1.535103017241379 
-0.546527347122302  0.075800409259272  0.523617905845328  0.528242133093524 
 1.671299720670390  0.871093407821230  2.032208938547488  1.067263730167599 
 1.465838913043478  1.852283152173909  2.190689673913044  3.196067934782608 
 1.397018819875775  1.722067080745340  3.089731055900624  3.700977018633541 
-0.195493810855263  0.066686947154605  0.895284095394735  0.591434459703945 
-0.256848100000000  0.066767502518919  0.500382715675676  0.461352862918918 
 1.080772477477479  0.428547303603604  1.194318513513513  3.271152252252253 
 1.065142427983541  0.453976616255144  2.256528600823044  2.448737654320990 
 1.042103856655290  0.757762525597270  2.513340614334473  3.219676450511947 
 1.635515390625000  2.185025781250000  3.206982812500001  2.235601562500000 
 1.854440637450199  0.801521434262948  2.739531872509963  3.465847410358566 
 2.547112765957446  1.041893765957447  3.255214893617022  3.901719858156031 
 2.530429365079366  1.566025952380953  1.961930158730159  3.438887301587301 
 1.624108301886792  2.004233018867926  1.852984433962264  1.820260566037736 
 0.473233582309582  0.090270510491401  1.038576609336610  2.159345945945945 
