 0.010149568674651  0.075294361703970  1.239452839931014  0.604935870912523 
 0.230564538922155  0.086080164461065  0.686398727544842  1.617553892215372 
 0.958008231707108 -0.040106142256087  1.773646951219335  2.268139939024299 
 1.739361827956944  1.115991935483883  2.825580107526974  1.908446774193186 
 0.189773308079452  0.080853431668873  1.177097576158984  1.391537350993379 
 1.175908249999974  0.066498548125019  3.471356250000047  1.866251250000173 
 0.685056458333357  0.149200923411464  1.012589453124980  1.448225781249979 
 0.416527885017453  0.102479746655041  1.738615679442644  0.613322941463405 
 0.630011965384688  0.129702132692316  2.683066923076720  1.341081115384451 
 2.760479816513669  0.912524651376135  2.434422935779859  3.067909174311881 
 0.632452451123562  0.038957471289326  2.263902808988702  2.022352528089847 
 2.176380851063713  1.561696170212790  1.621645106382929  4.558285106382836 
 2.165021917808298  1.041262191780861  1.041604452054655  3.189797260274251 
 1.478127906976699  0.245785837209345  3.601404651162957  3.814622093023177 
 2.675571830985842  2.173295774647908  3.894295774647905  2.516066197183012 
 1.525758018867917  1.006362924528319  3.964573584905736  3.443494339622679 
 1.103033274853795 -0.027361742105263  1.893000000000027  0.876555789473686 
 1.873828042328034  1.115894074074082  2.309431746031741  2.908054497354510 
 1.048314187192111  0.056475959359608  1.912914778325106  1.625396798029606 
 2.487271875000000  1.361254062499992  1.405387015624991  1.753596562499993 
 0.936808950000021 -0.039789775999998  1.906364499999957  3.002926999999964 
 0.784175258823510  0.720754058823503  2.826375882352936  1.806042941176466 
 2.052779816513753  1.171325321100909  4.265783486238534  2.066607339449556 
 0.168796553823527  0.078499233638235  1.498449117647072  1.066893882352942 
 2.523698260869580  0.973872173913050  3.786119130434807  2.948006956521750 
 1.131544374999983  0.371295702083327  2.049946874999992  4.113666666666705 
 0.310917307832423  0.156013858710383  1.545554098360645  1.584970491803265 
 1.827135000000013  1.222113625000000  3.163033749999963  2.667224375000018 
 0.722591411764702  0.041544023529410  2.757571428571410  2.337485294117644 
 2.003852287581691  0.348854489019607  3.265095424836625  2.003045751633997 
 1.813958666666672  0.055871601333332  2.371579333333315  1.371822066666662 
 1.685214020618555  0.204161895876287  4.104082474226836  2.557501030927818 
 1.845391780821926  1.027707041095899  4.830056164383553  3.367938356164383 
 2.420940000000002  1.929222222222217  4.417660000000019  3.992433333333305 
 2.376565671641792  1.790769402985075  2.758869402985078  2.378280597014923 
 0.812813633928573  0.332427930357143  3.560687499999979  2.865120535714337 
 1.601827586206893  0.146612945241380  1.163776137931035  1.401487793103459 
 2.199009090909082  0.271589276103898  1.719802337662342  3.783657142857145 
-0.023546504129032  0.075596402058064  1.116040980645167  1.005306787096781 
 0.483571183098597  0.107759403098592  1.001814816901402  0.841645690140845 
 1.365289256198349  1.441344132231405  1.571046363636353  2.682285950413207 
 0.806022046511625  0.109831214883720  0.650602053953485  2.118538604651161 
 2.572973750000003  2.168402500000002  3.053963749999996  3.586161249999975 
 1.545360732984292 -0.001291861256544  1.276242408376959  2.548312041884842 
 0.052915070422532  0.073215595422535  0.819823422535209  1.196854056338041 
 1.217650300429185  0.513649939914165  2.937172961373391  2.376973819742495 
 1.275569408284023  0.991760118343194  2.080790532544385  1.908530769230760 
 0.994553083333337  1.246534226190475  2.548361904761905  2.499092261904761 
 2.292556034482757  0.330034775862063  1.986762068965497  2.448031034482745 
 0.439001196125911  0.085000327990316  1.996648910411622  1.117869757869248 
-0.592427960057062  0.092936354350928  0.497072373751790  0.483701358059913 
 1.783378676470586  0.816404411764706  1.977881617647063  1.115801250000000 
 1.502714789915964  2.051303361344531  2.407715966386560  2.950358823529415 
 1.048794205607476  1.163548037383175  3.188972897196264  3.603861682242984 
-0.237499301020408  0.068163559705358  0.828521224489793  0.876793660714281 
-0.013819227604167  0.073456376024305  0.770419305555559  0.647386576388889 
 1.087219824561408  0.408649929824562  0.930406824561399  3.320925438596498 
 1.255414457831328  0.589940803212851  1.687860240963851  2.662783534136550 
 0.824641835443036  0.470134873417722  2.390594936708870  3.049214556962025 
 1.685329787234042  2.237490425531917  3.414806382978723  2.035272340425532 
 1.780943356643356  0.844600979020981  2.528923776223782  3.589053146853148 
 2.710937209302325  1.097856523255814  3.338946511627908  3.890458139534883 
 2.491464788732395  1.865319718309860  1.844390140845069  3.173670422535207 
 1.706196913580247  2.139186419753088  1.903051975308640  1.753478271604939 
 0.343459422222221  0.097549245533333  1.111946755555554  1.940385555555563 
 1.998737410071946  0.189684088489209  3.050959712230220  2.887148201438835 
 2.666998360655737  1.413417213114753  3.262286885245901  1.334143442622951 
 1.412054939759037  1.365935662650600  1.385986626506025  3.710430120481938 
 1.099577393617020 -0.217609350372341  2.587267553191497  1.698541489361701 
 1.371720000000000  0.430622937696969  3.168156363636363  1.273448666666667 
 0.718174372413793  0.129710032758620  1.277052793103449  2.578028965517242 
 1.478389105058369 -0.043294427470817  2.203937354085600  2.307507782101164 
-0.060827940084390  0.075178457151899  0.464550162025317  1.034802447257385 
 0.975317362204726  0.493040433070866  1.359825039370084  2.004405511811028 
 0.958429590322581  1.669288172043011  3.479740860215052  2.830032258064514 
 1.711921010101010  1.917894949494949  4.115868686868682  2.953776767676771 
 2.257386842105261  1.470654736842105  2.929673684210529  5.149955263157895 
 0.646622423398326  0.132965920991644  1.479246518105854  1.100009108635100 
 0.469096296243387  0.244819306878307  2.016158201058204  2.550082010582010 
 1.631559162303666  0.202361931937173  2.254904188481675  3.132644502617799 
 1.319061220338984  0.405321813559322  2.489431186440678  1.854131186440677 
 1.284339439252338  0.982015794392525  3.705647663551403  1.790092523364486 
 1.035634202898552  0.357700977028985  2.286546739130440  2.482917391304353 
 1.554557115384616  1.387695673076922  2.802530769230768  1.047735365384615 
 1.466683108108109  2.304504054054052  2.851162162162161  3.925464864864864 
 1.025115826086955  0.316717291304348  2.592649565217392  0.592880345217391 
 1.220976176470588  1.187491470588235  2.606729411764705  4.389069117647061 
 1.489319310344828  0.861694482758621  0.812649587356322  2.170194252873563 
 1.616493488372093  0.446512539534883  1.640901395348837  1.920852558139535 
 2.100089215686275  0.323849735294117  2.880972549019609  3.870479411764707 
-0.336239879106438  0.062869672049934  0.816699789750329  0.496553745072274 
-0.276244506441225  0.064331928518519  0.449019618357488  0.426967639613527 
 1.267709659863944 -0.201402456462585  2.917970068027207  2.729565986394562 
 0.997028942731279  0.475500559471365  2.266145374449340  1.280869030837005 
 0.974908965517240  0.579354236453201  1.553340738916255  1.327679014778326 
 0.924759776951674  0.004534987249071  1.344521561338288  1.847558736059481 
 0.484865758928571  0.100315428348214  1.660645982142857  2.040809598214284 
 1.604651388888888  1.175225833333333  4.229227777777780  1.024086916666667 
 1.443807954545453  0.829588409090909  3.581090340909092  2.567776704545454 
 0.837498069498069  0.530325057915057  1.965312741312744  2.070427799227802 
 2.332294623655915  1.456467096774193  2.422461290322580  3.886408602150539 
 1.371978260869567  0.541177771739130  2.896855978260869  3.143648369565217 
 1.665125663716817  0.589251814159291  2.479298230088494  2.447215486725665 
 2.574476041666667  0.690693706250000  2.888392708333332  2.253484374999999 
 1.180615441176470  1.239385294117649  2.263283823529412  3.311584558823530 
 0.591863786127168 -0.051151779190751  1.579730635838150  1.477835838150288 
 2.085247058823528  1.174709663865546  1.829880672268908  2.311244537815128 
 1.846494520547945  1.480981232876712  3.211477397260276  3.490325342465754 
 1.837880434782609  1.355663260869565  3.964771739130434  4.462376086956523 
 1.404882980132451  0.388614788079470  1.668802649006622  3.342584768211919 
-0.354358921250000  0.054898151082888  0.494460692875001  0.743118612499999 
 0.496422475061124  0.154216019559902  2.065874083129585  1.599407090464547 
 0.953163175925926  0.094408928703704  2.770524074074073  3.601960185185186 
