-0.006924405851072  0.074039459291964  0.926073979905413  0.940722411938587 
-0.351843332904150  0.069955102419544  0.580666208898418  0.581210501630885 
 0.967088543352534  0.201786495732182  1.157527161464298  2.398501252408449 
 1.650510198473272  0.884654514045806  2.765734503816820  1.370177981221271 
 0.348894150664827  0.092044300481430  1.067660749656137  1.600212196240257 
 1.648648817204295  0.543131904910400  3.870720967741946  2.138766254480338 
 1.242415649087228  0.297326210557811  1.487473275862061  1.415372099391466 
 0.344627844404007  0.087033219154685  1.568190814376717  1.023633814467695 
 0.958267119533543  0.090849391652091  2.789130320699665  2.144931681243878 
 2.331021093749977  0.703574734468747  2.682034531250003  2.909087343749993 
 0.615397208192457  0.133106749902749  1.849846741344179  1.890895213849280 
 2.207491791666655  1.616205729166670  2.712283604166660  4.060091249999999 
 1.609784876441524  0.697978633772656  1.572076561779226  3.551369851729846 
 1.326658771695589  0.399794707877174  2.939193591455286  3.535664485981304 
 2.221684408602143  1.869954666666668  3.438539139784950  2.246470924731176 
 1.869157637972168  1.329962137176941  4.100788270377733  3.467348707753488 
 0.831478802092412  0.190532046843941  2.397850130775945  1.225208098517868 
 1.360819960216995  1.673390162748646  2.499424593128391  2.982661301989149 
 1.551784716073142  0.255624352492782  2.114965158806537  2.184280654475473 
 1.907427879377435  1.367656498054472  1.604189788132296  2.220194221789884 
 0.930361262808349  0.258024305939279  2.039994781783677  2.800362049335858 
 1.298842405511812  0.870433858267717  2.994011942257218  2.481217322834648 
