 0.006919827187457  0.074522763984385  1.240060874999875  0.626561360937775 
 0.233282871866295  0.084722626378818  0.730018036211635  1.632283565459426 
 0.911455053763257 -0.023909557956980  1.793076344085864  2.246059677419275 
 1.772672906403901  1.074251576354691  2.685512807881857  1.848244334975037 
 0.206072579310328  0.078494093754788  1.195815568326991  1.426901149425290 
 1.219939528795790  0.098039736649230  3.460030366492186  1.874306806282867 
 0.696158571428596  0.178247745211646  1.007263359788338  1.446446693121673 
 0.412367486322216  0.102860462279626  1.772254711246318  0.654289672340417 
 0.621075415686349  0.151393910980401  2.696163921568421  1.326191450980224 
 2.762965354330631  0.806211354330698  2.430340157480352  2.924454330708623 
 0.573752767674836  0.163269102701323  2.131418525519805  1.823480151228707 
 2.152603030302947  1.471511212121229  1.699807878787843  4.462601515151414 
 1.995459444444508  1.128310444444477  0.973628811110998  3.290561111111338 
 1.410918130841086  0.229496635514053  3.542444859813218  3.785332710280312 
 2.525366666666603  2.246834567901252  3.919634567901249  2.361713580246838 
 1.543867862595413  1.025014198473296  3.890322900763420  3.514335114503847 
 1.105081369047613 -0.026770005357143  1.895651190476217  0.871649583333336 
 1.883686147186141  1.082620129870137  2.282186580086577  2.766493506493518 
 1.040361232227482  0.056066092654030  1.896915165876761  1.633468009478721 
 2.313569105691056  1.284258536585362  1.534240243902435  2.060429268292677 
 0.999868816326547 -0.019720589795917  1.928327346938743  3.079612653061194 
 0.883183792452815  0.699219433962243  2.876048113207544  1.846071698113204 
 1.992859894736835  1.064170526315781  4.430600000000003  1.857221684210544 
 0.169776182777775  0.077589478297222  1.502873055555568  1.073466027777778 
 2.519763571428584  1.018079785714291  3.767882857142878  2.917918571428580 
 1.069869672131134  0.277427322950815  2.229640983606553  4.042031967213148 
 0.376209915052161  0.118923154295083  1.593719076005953  1.581716840536500 
 1.723464853556494  1.136672050209205  3.280003347280311  2.583612552301268 
 0.712077009118537  0.033873559300910  2.670400607902723  2.262665349544073 
 2.171012182741110  0.416209779289339  3.168721319796972  2.097814213197976 
 1.809141830065364  0.029850530718953  2.375308496732008  1.379821633986923 
 1.536815304878048  0.440279306097560  3.998477439024413  2.521102439024379 
 1.868186746987959  1.058477518072296  4.793446987951800  3.344986746987952 
 2.253381081081082  1.741568783783780  4.268318918918929  4.200004054054038 
 2.489370634920636  1.693726746031746  2.747793650793654  2.369653174603173 
 0.892214981481483  0.467221495679012  3.440012345678999  2.825749382716084 
 1.595084313725487  0.160115830457517  1.177024901960784  1.416644640522886 
 2.077777064220178  0.289133424403671  1.787123669724773  3.679261467889911 
 0.006343424597207  0.076333699897959  1.073429430719661  1.076314371643399 
 0.514635313351504  0.103471546049047  1.055137411444136  0.837583901907357 
 1.360659523809525  1.449265317460317  1.581749206349196  2.633876984126969 
 0.812498584474883  0.103192224657534  0.652957769863011  2.140017351598172 
 2.403412598425198  2.006257480314963  3.080855118110236  3.511661417322820 
 1.552857591623035 -0.000453452879581  1.284282303664917  2.531146596858664 
 0.060738454077250  0.075488704864091  0.655439397424892  1.185213218884131 
 1.391614180602008  0.517300107023413  2.793003010033447  2.434596989966558 
 1.096914663677129  0.867245291479820  2.044981614349780  1.969810762331832 
 1.016134067961168  1.234918640776699  2.520496601941750  2.595761165048544 
 2.131941666666667  0.340994279487175  2.110519230769215  2.369844871794862 
 0.468348576923079  0.098901221659920  2.033126518218624  1.228574331983806 
-0.589154016282224  0.092510727539092  0.488202225644512  0.525321590230663 
 1.789196323529409  0.822436985294118  1.949606176470592  1.112723308823529 
 1.479076030534349  1.930746564885490  2.334701526717561  3.114520610687025 
 1.298720249999999  1.311486249999998  3.126345625000002  3.566455624999997 
-0.222056507840772  0.069339498442703  0.846719264173700  0.896844704463205 
 0.012284522552448  0.075942323933566  0.774285944055947  0.649869606293706 
 1.149935408805034  0.382495874213837  1.097421635220123  3.324848427672960 
 1.316246007604565  0.572668019011406  1.738708745247145  2.696138403041827 
 0.933740090551180  0.451149189763780  2.647196850393706  3.161462204724410 
 1.661697368421051  2.163388596491230  3.122260526315790  2.259567543859650 
 1.753800543478260  0.917853586956523  2.687645652173917  3.408900543478265 
 2.560271111111111  1.124358896296297  3.152023703703704  3.881797777777779 
 2.475319642857142  1.707113392857144  1.978939285714285  3.368358928571427 
 1.740563978494624  2.119309677419356  1.935919462365590  1.786503440860216 
 0.356678366197182  0.106471661244132  1.118468615023474  1.971110093896722 
 1.907008235294120  0.256860195294118  3.046426470588238  2.959202941176460 
 2.637345454545454  1.402081818181817  3.258704545454545  1.353038787878788 
 1.331275273972603  1.136198287671232  1.738056575342466  3.580198630136992 
 1.075123811881187 -0.205485385495050  2.580977227722779  1.690808415841583 
 1.409935828220860  0.462033065766871  3.247976073619633  1.224878214723926 
 0.741058756013746  0.177635879381443  1.297627147766323  2.613385567010311 
 1.441234883720933 -0.056054992093023  2.192706976744183  2.340138372093019 
-0.265851555425905  0.064612013138857  0.472782681446908  0.819876021003501 
 0.964214414715721  0.483723879598662  1.428033645484953  2.026723411371241 
 0.922223354444444  1.648251111111112  3.476842222222222  2.903052222222221 
 1.705417549019608  1.928714705882353  4.094778431372546  2.943574509803923 
 2.235083333333332  1.464620952380952  3.023571428571431  5.114966666666667 
 0.653632954545453  0.065264232809091  1.519695681818185  1.192202227272728 
 0.484445124153226  0.234187705645161  2.022275806451615  2.505767338709676 
 1.575447844827587  0.333869527155173  2.256274137931035  3.119699568965517 
 1.372693896551726  0.400426941379311  2.468745172413794  1.892403103448276 
 1.373485789473684  1.206292706766918  3.699585714285714  1.793710601503759 
 0.998703363914373  0.384127430152905  2.214858715596335  2.410217737003062 
 1.557003434343435  1.407649797979797  2.819453535353534  1.023451292929292 
 1.518729090909091  2.297984415584414  2.849699999999999  3.946233766233765 
 1.033073571428570  0.309153915178572  2.580840178571429  0.589310890178571 
 1.369398556701030  1.165444329896907  2.590264948453608  4.305238144329897 
 1.499797528089888  0.845562359550562  0.814724866292135  2.113546067415729 
 1.635632110091743  0.483840394495413  1.657788990825688  1.932643577981651 
 2.048865420560747  0.279124607476635  2.810725233644860  3.825648598130841 
-0.338141106334842  0.063673688382353  0.801171730769232  0.521841622171946 
-0.305887608725762  0.055141541426593  0.463015458448754  0.426402096121884 
 1.248247341040462 -0.191862470520231  2.932502312138726  2.784420231213875 
 1.007186360000001  0.473484544800000  2.286597200000001  1.308227120000001 
 0.965248399999999  0.579320550000000  1.564589499999999  1.295038750000000 
 0.885082457337885 -0.034108696348123  1.344363924914675  1.812901365187714 
 0.462240248756219  0.087152135572139  1.636235572139303  2.038165671641790 
