 0.138736739180643  0.082453211401267  1.331832783613361  0.733654447479178 
 0.148252354945054  0.077201260260983  0.667861955769200  1.325679986263644 
 0.711992341614799  0.119359132562117  1.439443540372580  2.352749223602435 
 1.707021990049711  1.214379800995036  3.036623383084660  1.222509597014589 
 0.351369524147707  0.084483060355112  1.005539389204586  1.840376278409089 
 1.257263199170108  0.364369042821589  3.487562655601688  1.530346016597624 
 1.063484394213400  0.058517595117544  1.511667667269420  1.619984882459300 
 0.353730807603697  0.090834960490780  1.731106105990827  1.130195806451611 
 0.751584455056233  0.250253973876411  2.653912921348163  1.052205775280782 
 2.707521686746929  0.843948433734933  2.304540963855447  2.839980120481898 
 0.602478863035173  0.117936213341643  2.079088709677387  2.166986363636341 
 1.910842831858359  1.467207292035409  2.255009557522102  4.629218584070738 
 1.986122590361479  1.287143313253029  1.211935391566205  3.454994578313377 
 1.627965779816498  0.340427353211026  3.333895871559696  3.767222018348593 
 2.180497385620881  2.076381699346413  3.998862091503278  2.783405228758130 
 1.031241668098156  1.326131717791421  3.680255214723973  3.330839263803708 
 0.835667637231502  0.090151779713604  1.828247732696909  0.753176315513128 
 1.775909451219506  1.031293048780491  2.176581707317072  2.871711585365858 
 1.296946942148755 -0.040666305702478  2.042812190082627  2.173300000000045 
 2.032991228070175  1.652330935672510  1.585039427485376  2.066632631578943 
 0.938900791773790  0.112355707197944  1.986931362467847  2.993415681233921 
 1.121183822368416  0.686655657894727  2.757526096491225  1.944507456140349 
 1.962136335403722  1.116338198757759  4.249130434782613  1.886860000000011 
 0.156629058951175  0.077224740244123  1.258731256781199  1.320395027124775 
 2.446127053140105  0.906728622222226  3.458342512077308  3.110366183574881 
 1.062972832369933  0.496531834682078  2.269080924855487  4.062897687861293 
 0.423199140148306  0.122632587533899  1.590320868644063  1.723200529661006 
 1.579523753846161  1.172118553846156  3.283910769230753  2.526669538461546 
 0.887858960739026 -0.021474229769054  2.802875981524247  2.038892147806008 
 2.181466519823780  0.420703834889867  3.214616299559485  2.086880616740096 
 1.546730985915496  0.131173557830985  2.444030140845067  1.374972205633802 
 1.299193094696969  0.373899553787878  3.809784848484861  2.558239015151508 
 1.889938554216871  1.114788277108437  4.520845180722890  3.281974096385539 
 2.310268595041323  1.557966371900824  3.895578512396700  4.394019834710732 
 2.528817058823527  1.730077470588235  2.842359411764703  2.084143058823528 
 0.798008206081081  0.254814877027027  2.914198986486477  2.934091554054068 
 1.941178773584904  0.485677379528303  1.321364797169812  1.701670990566042 
 1.826426132404179  0.246729607177701  2.088031358885018  3.412930662020912 
-0.025003265060241  0.072821872051205  0.951057055722895  0.998786716867474 
 0.683489049844239  0.155301357538941  1.138160903426789  1.221918613707165 
 1.268828994413410  0.788449581005587  1.523906340782119  2.336262849162005 
 0.957741191222570  0.234190401880877  0.726267039498432  2.036703134796236 
 2.579719379844963  2.030718604651162  2.762956589147284  3.434677519379834 
 1.462390536912752  0.057876969798658  1.328917114093961  2.660706375838941 
-0.224576826288212  0.068990936200873  0.562085533624454  0.879647694323149 
 1.578335770234989  0.114829202610966  2.840621932114884  2.739464751958222 
 1.025894174528303  0.583114976415094  1.888280896226417  1.612486202830186 
 1.183724000000002  1.643436866359447  2.469127188940092  2.369481566820277 
 1.851753781512605  0.582342123249298  2.355922128851535  2.179547058823528 
 0.663073077975378  0.091253738946649  2.171849931600550  1.538324623803010 
-0.546525017985611  0.075859061237689  0.524147384262594  0.528161602517985 
 1.635438685714285  0.986106742857144  1.978099999999999  1.067544084000001 
 1.538951271676300  1.854204046242772  2.133866473988440  3.285174566473988 
 1.533457263157895  1.795417894736841  3.089155789473687  3.712937894736843 
-0.192923841373671  0.067253293327882  0.896204668847095  0.590419364677021 
-0.256704106371490  0.066745834589633  0.500535250539957  0.461550300431965 
 1.102706976744188  0.565560745116279  1.194562037209301  3.361378139534886 
 1.015771071428572  0.572061821428572  2.235577731092435  2.476817226890756 
 1.340409075342466  0.843313390410959  2.714822602739725  3.283421917808220 
 1.701634909090909  2.298840909090909  3.315068181818182  2.156000000000000 
 2.348802272727273  1.032884659090910  2.584505113636365  3.802431250000001 
