 0.154698406161710  0.081020846410792  1.320043465981925  0.657091057766594 
 0.164042299257057  0.078339948989592  0.639566231500710  1.322491367013273 
 0.714353290552462  0.098081121390380  1.476047076648738  2.411282352941117 
 1.614417149532673  1.204182242990664  2.765352336448677  1.592857383177254 
 0.270441303745727  0.086499206583427  1.119181475595950  1.516029057888761 
 1.196194430327853  0.206845350000012  3.429199180327898  1.767861065573884 
 0.919460203735162  0.103110837351446  1.492669779286910  1.710242784380294 
 0.420736789473698  0.098539345151875  1.832978195488779  1.078648375939846 
 0.770557713375857  0.260676040127395  2.621388216560339  1.020282691082670 
 2.638384999999944  0.748810822222215  2.422806666666691  2.842029444444416 
 0.568448204657743  0.145377031283807  2.050223873121832  2.136924040066754 
 2.007649166666622  1.455689166666676  2.321383333333313  4.604947499999945 
 1.905646548672617  1.241903893805336  0.944819868141503  3.362209734513458 
 1.560623444444424  0.377950027777798  3.481233888888969  3.759681111111075 
 2.185552482269467  2.113762411347528  3.988553900709230  2.763107801418398 
 1.174148020967738  1.405593172043020  3.631745161290364  3.188400000000023 
 0.920495097402595  0.070371938961039  1.858329545454561  0.731588364285716 
 1.746007119741096  0.977394724919098  2.084332362459542  2.820721682847906 
 1.242880338600445 -0.083538203611737  2.032659142212168  2.087944469526009 
 2.223351798561152  1.218082446043161  1.365865446043162  2.068218705035965 
 0.888904370491817  0.037133250819673  2.028925245901612  3.030422295081947 
 0.934549327956981  0.588175779569880  2.612774462365590  1.823185483870967 
 1.813617428571423  1.199107714285708  4.252412857142862  1.840402071428584 
 0.173862921046890  0.079243302584514  1.425163685932397  1.159907906215921 
 2.465472455089830  0.946187813173657  3.771120958083850  2.907280838323359 
 1.139217092198570  0.346426673049641  2.381769503546095  4.148631205673789 
 0.380221217334907  0.114335946735850  1.596932547169807  1.708543278301873 
 1.633019647887331  1.157555950704227  3.306888028168994  2.496492605633811 
 0.832803739583330  0.053799443906249  2.681072135416663  2.399718750000001 
 2.146755405405398  0.392575871711711  3.170082432432447  2.123755405405412 
 1.565974475524479  0.087636997307691  2.486569230769221  1.431338846153843 
 1.452938686868686  0.423204369696969  3.960536363636384  2.525771717171708 
 1.852412000000004  1.160463232000005  4.642364799999998  3.379170399999999 
 2.120768292682927  1.676544024390240  4.049385365853669  4.464832926829249 
 2.440445679012347  1.659988703703703  2.703277160493828  2.355382716049383 
 0.910685728205129  0.290944030769231  3.316068205128191  2.907393333333361 
 1.676723360655736  0.311439221557378  1.350245901639345  1.542217704918038 
 1.818896234309622  0.235562798158996  1.965709121338913  3.476518410041847 
-0.008555806089508  0.074974901675715  0.994648613352902  1.040861922230376 
 0.708819547038330  0.147442348188153  1.185677038327523  1.158625522648082 
 1.158678178807948  0.789430993377483  1.464357980132445  2.239930794701983 
 0.978050945454543  0.242522456000000  0.692565111272726  1.970772363636362 
 2.312466887417219  2.067070198675498  3.038788741721855  3.563856291390718 
 1.548372852233676  0.102049690515464  1.394339931271477  2.538739175257747 
-0.200908754799017  0.070694640549631  0.583217133716161  0.889938326497133 
 1.391087526881721  0.535491217741937  2.808441935483872  2.379571236559142 
 1.062100131926122  0.548571654353562  1.903331134564649  1.539506912928758 
 1.026012226495728  1.286824957264957  2.448680341880344  2.412641452991456 
 1.839881877022654  0.528016862135920  2.218217799352743  2.077047249190938 
 0.645482515923568  0.095125048041402  2.106777229299363  1.526177229299363 
-0.541837975567189  0.073390913120690  0.510831728010475  0.546076633507853 
 1.742603137254901  0.824455163398694  2.066053594771244  0.971419984967322 
 1.477765953757225  1.870662427745661  2.248423699421968  3.143564739884394 
 1.214540419580419  1.661334965034963  2.973860839160841  3.835713986013983 
-0.196181834004835  0.065890938871878  0.899041740531828  0.611586851732471 
-0.262170519311065  0.067237982682672  0.520492435281837  0.449672691231733 
 1.076963177570095  0.366706263551402  1.151671074766353  3.214588785046730 
 1.094819473684213  0.448154494279177  2.055900228832952  2.504337986270022 
 1.022819293286219  0.681667413427562  2.598672438162546  3.191079858657244 
 1.635051666666667  2.192476984126985  3.217177777777778  2.241259523809523 
 1.861044890510949  0.802311386861314  2.767623357664237  3.413372992700729 
 2.538695070422534  1.053726063380282  3.253757042253522  3.899189436619721 
 2.529338888888891  1.584902619047620  1.957757936507937  3.454620634920634 
 1.704746178861789  1.977621138211384  1.853286016260162  1.844736747967481 
 0.416623879098360  0.081532867745902  0.988921106557377  2.022491803278692 
 1.627990443686008 -0.012175774402730  2.727005802047782  2.879442662116040 
 2.606079487179486  1.530373205128204  3.333300000000000  1.367544102564103 
 1.342148503401361  1.087185646258503  1.700795918367347  3.682094557823133 
 0.790614423913043 -0.094497397065217  2.670773550724641  1.711082246376811 
 1.432023283582090  0.780081559850746  3.369617164179104  1.042887537313433 
