-0.171033598139302  0.070838639936208  0.866253333333291  0.649670693142038 
-0.406717128933389  0.069922931212222  0.503385524846742  0.564643413731074 
 0.938265102773135  0.211338457047315  1.013763350081471  2.442051386623110 
 1.680086048632195  1.237218115501526  2.749225227963573  1.307424553191283 
 0.360210783489350  0.090152926289360  0.945271910638325  1.693003234042556 
 1.007946871657747  0.307878708467029  3.043668627450998  1.427700590017876 
 1.026725582959648  0.231698899831841  1.319430235425997  1.473072690582948 
 0.175481939818187  0.082257844914544  1.304742357575778  0.868036678787878 
 0.678950437598614  0.102348297326908  2.158400701139306  1.626967572304956 
 2.113380281690119  0.734308144989936  2.147502213279691  2.944978068410452 
 0.619168035111281  0.114536125357791  1.682771310799645  2.136853338829343 
 2.261719776119384  1.843078208955228  2.309188022388051  3.810031716417885 
 1.573773870967756  0.976977470967751  1.187696880645131  3.359718064516194 
 1.333879927927920  0.246871587927934  2.973324864864886  3.276567207207197 
 1.966401384615365  2.163919230769236  3.690627692307696  2.603876153846131 
 1.235632243895347  1.412824854651168  3.275406395348860  3.586111627906991 
 0.622007688356164  0.127028199025114  1.959037899543387  0.904007689726026 
 1.368412733812947  1.583721247002401  2.243688009592325  2.844235731414867 
 1.552027198697059  0.068341132312705  1.725378338762202  2.296920684039117 
 1.918642700964633  1.265718874598069  1.434393797749193  1.911461479099676 
 0.997946889322920  0.252616913932292  1.966619270833325  2.966605989583327 
 1.140030617608408  0.677313613666224  2.130265965834429  2.079730223390277 
 1.936121304347825  1.090818659420287  3.993270652173917  1.855028619565223 
 0.011143534874372  0.073856599054774  0.794315823517590  1.120879914572869 
 2.456879320113316  0.876299248441927  3.218968555240802  3.231664305949010 
 1.501138652291103  0.540933192991913  2.209127439353095  3.976076549865235 
 0.318970157151781  0.090714289064335  1.495879512804495  1.425115302935663 
 1.306629864173233  1.061310452755907  3.055434842519682  2.481370275590553 
 0.903713834279227  0.083484230839954  2.607551305334843  2.307370601589101 
 1.881426811594202  0.337315765434782  2.832827536231886  2.170063768115947 
 1.520330812854443  0.268080182344045  2.152295085066160  1.262120765028353 
 1.332957169863015  0.348620412054795  3.769017534246577  2.509006849315067 
 1.929647061224492  1.211261648979593  4.436278775510202  3.356843673469387 
 2.192648913043479  1.462487451086955  3.403276086956523  4.459983152173911 
 2.459694676806086  1.686650836501902  2.701721292775664  2.243364866920151 
