 0.010696844776074  0.074867284825882  1.240043184079468  0.616955426202613 
 0.229024144970414  0.085208200976319  0.679930399408216  1.614068639053060 
 0.963930060422753 -0.042380342175216  1.781906948640308  2.259219939576948 
 1.737686096256639  1.114520160427819  2.825069518716669  1.909815508021030 
 0.191596760051199  0.082782116658129  1.175930230473794  1.397964788732396 
 1.177660617283925  0.060288689506191  3.470312962963009  1.871907407407578 
 0.692106720000024  0.159608816240006  1.007745626666646  1.438617999999979 
 0.418057553633249  0.102526727647048  1.736584775086639  0.614118457439437 
 0.628778216730110  0.130877690114077  2.682082509505503  1.344672965779305 
 2.760479816513669  0.912524651376135  2.434422935779859  3.067909174311881 
 0.627026743631404  0.069155485552845  2.219943360433547  2.007868292682890 
 2.176380851063713  1.561696170212790  1.621645106382929  4.558285106382836 
 2.155628378378456  1.043993783783823  1.033442364864727  3.186478378378653 
 1.427295483870926  0.219172634408642  3.562613978494778  3.821264516128960 
 2.675571830985842  2.173295774647908  3.894295774647905  2.516066197183012 
 1.541100454545447  0.997099818181835  3.924936363636437  3.464560909090945 
 1.103033274853795 -0.027361742105263  1.893000000000027  0.876555789473686 
 1.871547395833325  1.116843958333342  2.309742187499995  2.911993229166680 
 1.049287537688435  0.060881355527640  1.908435929648224  1.620065075376935 
 2.487271875000000  1.361254062499992  1.405387015624991  1.753596562499993 
 0.946873509615405 -0.030640443269229  1.913186538461498  3.011915865384580 
 0.786168729411745  0.724163470588209  2.821159411764701  1.807289999999996 
 2.052779816513753  1.171325321100909  4.265783486238534  2.066607339449556 
 0.169853634061133  0.078386545668122  1.501559388646301  1.071686390101893 
 2.523698260869580  0.973872173913050  3.786119130434807  2.948006956521750 
 1.069973050847443  0.291837571186436  2.234199999999994  4.064383898305117 
 0.320144501798562  0.160756824517986  1.555112050359701  1.593188489208619 
 1.822942592592606  1.219355740740741  3.161491358024655  2.672102469135820 
 0.717742752066111  0.021528247148758  2.727285123966924  2.265551652892560 
 2.003852287581691  0.348854489019607  3.265095424836625  2.003045751633997 
 1.813958666666672  0.055871601333332  2.371579333333315  1.371822066666662 
 1.669161499999998  0.206056241999998  4.101346000000031  2.566183999999983 
 1.839893333333341  1.022369386666675  4.817710666666658  3.362318666666666 
 2.420940000000002  1.929222222222217  4.417660000000019  3.992433333333305 
 2.377627067669174  1.791180451127820  2.756541353383462  2.373839097744359 
 0.802336464912282  0.336324651754386  3.516179824561383  2.872545614035139 
 1.611134507042250  0.158289084929578  1.165101056338028  1.398439647887334 
 2.190956962025308  0.275878408354432  1.728550379746840  3.787084810126585 
-0.020470406186869  0.075536133844696  1.107114141414148  1.026448459595966 
 0.489556288951847  0.103712643909349  1.022962351274781  0.842974872521247 
 1.370653500000002  1.445600333333333  1.574198416666656  2.683317499999984 
 0.806441520737324  0.110176411059907  0.654283601843315  2.117935023041473 
 2.588497435897438  2.169139743589745  3.050865384615381  3.588099999999974 
 1.540731550802138 -0.009813205882353  1.271250267379675  2.542535828877031 
 0.061099857103445  0.074248987917241  0.780637379310343  1.187961200000013 
 1.211063093220339  0.509066423728816  2.934900847457627  2.385925847457633 
 1.277116982248520  0.991711775147928  2.082284615384622  1.912110059171588 
 0.995682036144583  1.248197831325300  2.553851807228916  2.496775903614457 
 2.299108771929823  0.329158719298240  1.983520175438576  2.445428070175424 
 0.437024670025192  0.084395354307306  2.004457682619647  1.113570906801006 
-0.593952147239264  0.100832485276075  0.492424663036818  0.461626506134967 
 1.783378676470586  0.816404411764706  1.977881617647063  1.115801250000000 
 1.492091612903223  2.038524193548381  2.403548387096780  2.966482258064519 
 1.057781037735848  1.171677924528299  3.186254716981134  3.611898113207540 
-0.234547879332478  0.067253735826702  0.839271232349163  0.874651925545567 
-0.003406291915641  0.076322348664323  0.768474622144116  0.656409768014060 
 1.086403157894742  0.410203964912281  0.929656824561399  3.330927192982463 
 1.294297920000003  0.571920999999999  1.688245599999995  2.679646000000003 
 0.704037299319726  0.386310736054422  2.499531972789126  3.092231292517007 
 1.685329787234042  2.237490425531917  3.414806382978723  2.035272340425532 
 1.788346853146853  0.856622727272729  2.562367132867138  3.593069930069931 
 2.700375000000000  1.097907965909091  3.332407954545455  3.895451136363636 
 2.491464788732395  1.865319718309860  1.844390140845069  3.173670422535207 
 1.706196913580247  2.139186419753088  1.903051975308640  1.753478271604939 
 0.355272603104212  0.090445737228381  1.106988115299333  1.936923725055440 
 1.967276129032261  0.205466376129032  3.053437419354843  2.896403225806439 
 2.666998360655737  1.413417213114753  3.262286885245901  1.334143442622951 
 1.408802795698926  1.371198817204299  1.440403118279570  3.693008602150547 
 1.103243968253967 -0.217730374973545  2.577050264550273  1.693426984126983 
 1.371720000000000  0.430622937696969  3.168156363636363  1.273448666666667 
 0.731731274021352  0.138641514234875  1.274686156583630  2.600246263345197 
 1.481414453125003 -0.047457890078125  2.212721874999997  2.305409765624996 
-0.121063590196080  0.074398059058824  0.443968205490196  0.980892509803921 
 0.965701889763781  0.486531968503937  1.363404724409454  2.012766929133862 
 0.958429590322581  1.669288172043011  3.479740860215052  2.830032258064514 
 1.702637938144330  1.911126804123711  4.139548453608242  2.951931958762890 
 2.257386842105261  1.470654736842105  2.929673684210529  5.149955263157895 
 0.651225687331534  0.120526262091644  1.501885714285719  1.117476549865231 
 0.474557059206350  0.235087529100529  2.021451851851854  2.555058201058200 
 1.620190547263682  0.212423548756219  2.246787064676616  3.143300497512435 
 1.317577181208055  0.406045553691275  2.490474161073825  1.856172483221476 
 1.278686111111112  0.977444259259261  3.710333333333335  1.793500925925926 
 1.042683614035089  0.355338297052631  2.283257543859655  2.508613333333338 
 1.554557115384616  1.387695673076922  2.802530769230768  1.047735365384615 
 1.466683108108109  2.304504054054052  2.851162162162161  3.925464864864864 
 1.025115826086955  0.316717291304348  2.592649565217392  0.592880345217391 
 1.221779714285714  1.194432428571428  2.586881428571428  4.375680000000002 
 1.479363111111112  0.851286333333333  0.829770712222222  2.148058888888888 
 1.619322641509434  0.448173518867924  1.640985849056604  1.922794811320754 
 2.092506930693070  0.307843792079207  2.877693069306932  3.865519801980199 
-0.322794417539266  0.062189973154450  0.817224267015707  0.480211565968587 
-0.271927391744549  0.063872228894081  0.427169820872274  0.459810275389408 
 1.202963006535946 -0.207927549673203  2.909330718954245  2.777081045751638 
 0.997028942731279  0.475500559471365  2.266145374449340  1.280869030837005 
 0.977423019801979  0.577341534653465  1.557688613861385  1.326332772277228 
 0.945923712121213  0.002257378674242  1.351022310606058  1.826370075757577 
 0.490847500000000  0.106299850675676  1.631043018018018  2.067941216216215 
 1.604651388888888  1.175225833333333  4.229227777777780  1.024086916666667 
 1.446632840909090  0.830031875000000  3.580375000000001  2.565620454545454 
 0.848392674418604  0.559147054263565  1.957826356589150  2.089175193798452 
 2.332294623655915  1.456467096774193  2.422461290322580  3.886408602150539 
 1.291716633165830  0.463044390452261  2.864108542713568  3.199185929648239 
 1.667834361233482  0.588242202643171  2.487303083700438  2.448936563876653 
 2.574476041666667  0.690693706250000  2.888392708333332  2.253484374999999 
 1.152492318840579  1.137228333333334  2.283855797101450  3.260018115942029 
 0.572011575562701 -0.070545242443730  1.571400643086816  1.500706109324759 
 2.085247058823528  1.174709663865546  1.829880672268908  2.311244537815128 
 1.853429166666666  1.523806319444444  3.216115972222223  3.464249305555557 
 1.837880434782609  1.355663260869565  3.964771739130434  4.462376086956523 
 1.386307724137931  0.399713280689655  1.678695172413793  3.398046896551722 
-0.397208501326260  0.049524948854523  0.539039307692308  0.721325517241379 
 0.495792719559902  0.145728603422983  2.055366748166260  1.588992420537897 
