 0.041951827296552  0.079156368398959  1.228940892388346  0.622752905512043 
 0.166874876666666  0.078007002616660  0.676331626666628  1.389123833333221 
 0.740286208791083  0.006236437564109  1.581513553113446  2.225842490842433 
 1.633777522522486  1.194656306306316  2.731151351351427  1.623360720720415 
 0.250216099405454  0.090389253032103  1.149671854934641  1.486417003567184 
 1.214294958333318  0.193359605833346  3.430773750000030  1.772343750000115 
 0.800933369330475  0.039917758185750  1.244147732181408  1.452570691144692 
 0.401007135667416  0.090596352560168  1.810273304157634  0.788435554048134 
 0.773154406779726  0.287418084406787  2.623173559321853  1.030664288135452 
 2.662265432098704  0.769840925925918  2.435138271604966  2.854720987654290 
 0.542486001094597  0.173800233764379  2.076643599257840  2.117082189239305 
 2.081305617977467  1.380172741573047  1.845720224719074  4.479169662921274 
 1.938866176470645  1.138479705882382  0.918462716666567  3.259043137255103 
 1.539645846153818  0.266319415384644  3.567509230769340  3.771372307692258 
 2.523008139534824  2.223236046511645  3.938001162790712  2.373109302325509 
 1.363090441988946  1.160269226519347  3.682317679558053  3.309344198895051 
 1.074465248868773  0.023726537556561  1.984691402714954  0.801841484162898 
 1.783719063545145  0.989792040133784  2.238406020066886  2.825703344481615 
 1.066172380952374  0.015301359213252  1.939059213250502  1.728908074534205 
 2.308486821705428  1.223808682170538  1.453844705426353  2.023927906976738 
 0.813522580745354  0.084014991614908  1.984994409937864  2.988760869565196 
 0.825699243243231  0.607318957528940  2.779193050193049  1.784987258687256 
 1.816622518518512  1.154257037037031  4.245208888888893  1.823995259259273 
 0.221159622106359  0.079495575499478  1.493946506777903  1.150573117831073 
 2.469806250000012  0.967881530000005  3.724032500000018  2.925133125000007 
 1.146074130434771  0.286802466666663  2.360549275362314  4.119047101449305 
 0.378237437321197  0.106028233201561  1.583760078023400  1.718051235370599 
 1.607768692579512  1.125746113074207  3.283835335689025  2.483222968197889 
 0.807940627659571  0.064548485265956  2.669924734042548  2.400678723404255 
 2.156493981481475  0.431065446851851  3.152440740740756  2.096719444444450 
 1.588802962962967  0.117949567518518  2.508438888888877  1.425289333333330 
 1.487979378531072  0.421948244067796  4.002220903954823  2.507216384180782 
 1.918898958333339  1.100556500000006  4.749559374999994  3.286503124999999 
 2.226321951219513  1.649535609756094  4.242285365853666  4.200268292682908 
 2.426616455696203  1.679207405063291  2.747167721518989  2.417072151898734 
 0.884213945544556  0.442559595544555  3.323512376237611  2.811266831683196 
 1.682098689956331  0.316228982794760  1.339720960698691  1.528854235807865 
 1.883566822429904  0.240288674112150  1.987000000000002  3.462744859813091 
-0.011266156958763  0.074616966834192  1.051972482817873  1.070978470790380 
 0.547522826603330  0.120917143444181  1.047590783847975  0.885068859857483 
 1.384894390243903  1.107700926829268  1.465905463414628  2.470558536585354 
 0.987518960396036  0.207575650495049  0.607499027722770  1.872348019801977 
 2.311168707482993  2.053714965986397  3.046913605442177  3.603898639455771 
 1.554760439560439  0.075833863150183  1.374197509157507  2.521173626373643 
-0.091119090501046  0.070007934967641  0.628053244050105  0.968779780793326 
 1.411940190735696  0.530740373297005  2.698723705722076  2.266977384196188 
 1.120809746478873  0.684618028169014  2.115789295774653  1.814453239436615 
 1.012987938864631  1.260300262008734  2.518343231441050  2.582888209606986 
 1.941880408163266  0.431859238367344  2.121847346938767  2.153059183673465 
 0.501037638513515  0.106591693868244  2.082411486486488  1.433219425675678 
-0.557172440604752  0.089059201295897  0.526985241900654  0.472391573434125 
 1.723023773584904  0.843561320754718  2.054396226415097  0.995721935220127 
 1.493299333333332  1.921890666666662  2.240651333333336  3.134906666666668 
 1.278891533742332  1.223611104294477  2.875016564417181  3.886390797546010 
-0.259644299534884  0.071944058418605  0.856284037209301  0.716896158139533 
-0.207589510883483  0.061175149282970  0.674008002560820  0.413907831241997 
 1.189448612716764  0.353367196531792  1.197643699421963  3.346450867052024 
 1.078413853427897  0.470561411347518  1.959991962174940  2.507556264775419 
 1.123822184615383  0.441925236615385  2.572371692307693  3.162720923076924 
 1.533013124999999  2.095453125000001  3.193492968750000  2.252132812500000 
 1.877983402489626  0.686629195020747  2.786005394190875  3.411949377593364 
 2.533169444444443  1.040867854166667  3.132005555555556  3.883861111111113 
 2.502972033898305  1.614883983050848  1.974247457627119  3.395153389830508 
 1.748046315789474  2.056490350877195  1.945276403508770  1.804746666666668 
 0.406523783673469  0.090838483653061  0.985274346938775  2.001874285714290 
 1.621929497907950 -0.006278863598326  3.013557322175733  2.840921338912131 
 2.606003947368421  1.423973815789473  3.240575000000001  1.351976973684210 
 1.317048701298702  1.139347207792207  1.716569610389610  3.625646753246758 
 0.830019876160990 -0.094952231547988  2.599925696594432  1.721533746130030 
 1.423321068702290  0.799730068854962  3.365543511450381  1.048560687022901 
 0.776799286274510  0.215681457647059  1.125903176470589  2.655056862745098 
 1.387062192192192 -0.079812033633634  2.204020720720719  2.390945045045043 
-0.329263093453009  0.054088762435385  0.425725105913411  0.690023210137275 
 0.988644186666668  0.453491724533333  1.400939333333335  1.938638133333336 
 1.098411094047619  2.047514285714287  3.156945238095239  3.591039285714286 
 1.609272232142858  1.919115178571429  4.023217857142856  2.945514285714287 
 2.075946551724138  1.594277931034483  3.003437931034484  4.951872413793104 
 0.813715066079295  0.313278806885463  1.680545814977975  1.284203414096915 
