-0.179396418112647  0.070876450563169  0.838878893962414  0.671910740639357 
-0.410146386574075  0.069310993491711  0.500239069570697  0.556032901262599 
 0.889164266875874  0.187065754427009  1.046863205023457  2.399013657770749 
 1.663883079470172  1.288661258278153  2.718604635761642  1.273227940397126 
 0.387724546617903  0.094080848436927  0.944959177330925  1.719331901279711 
 1.042347043726229  0.325873666825101  3.098397338403060  1.459042948669255 
 0.922690213903752  0.186307940053478  1.416393946524053  1.469715272727262 
 0.146596030648212  0.081771289055379  1.269741554436775  0.843747403398364 
 0.649231833333350  0.124617693081938  2.206875605214102  1.506559022346328 
 2.124233464566911  0.629130370196848  2.195788976377965  2.977013188976368 
 0.587061487955469  0.123949548465788  1.739088953009047  2.090166859027201 
 2.230837358490547  1.757095735849062  2.235172528301878  3.895169056603748 
 1.583129290322595  0.924239241935494  1.166969435483841  3.310728387096840 
 1.769729256965931  0.443630947678030  3.250090092879300  3.642723219814222 
 1.981606337448539  2.166612757201652  3.703088477366260  2.595561316872404 
 1.216893002931595  1.468174918566781  3.235514006514683  3.554122475570049 
 0.585651437110836  0.111776995075965  1.862952303860531  0.845423930510584 
 1.376866729411762  1.513674894117650  2.214276941176467  2.911676941176469 
 1.378444460856713  0.023617200059085  1.888203988183152  2.262886262924696 
 1.972019961977188  1.473291977186310  1.580609673384027  2.071652281368820 
 1.000645276853256  0.230537706202723  1.818556822995451  2.983427987897122 
 1.136850627503337  0.711237823765014  2.202087049399196  2.119604939919890 
 1.928232177121770  1.061657250922506  4.003587822878234  1.839867154981556 
 0.024088767564712  0.074929392086107  0.789951602641312  1.145302102482834 
 2.593775971731453  1.034258020141345  3.233445936395769  3.118870318021203 
 1.430499939393937  0.530752413939393  2.207073272727270  4.033918181818190 
 0.280857875840598  0.086899701800747  1.464284122042339  1.398850809464505 
 1.381021535714291  1.135379663865548  3.100391806722680  2.475769957983197 
 0.844748507006367  0.069025063464967  2.585176305732480  2.234957452229299 
 1.903020185185184  0.357025536148148  2.822623333333336  2.096750740740746 
 1.456071119691122  0.285570472316602  2.187020463320461  1.191049622972971 
 1.314246093670887  0.330196319240506  3.701182025316462  2.564111139240504 
 1.878080041841006  1.230674368200838  4.462060251046022  3.283580753138075 
 2.228948022598869  1.648886327683614  3.501110169491528  4.379388700564965 
 2.417732388663966  1.800444493927125  2.717965182186234  2.281166639676111 
 1.155557799336649  0.251724008623549  2.720147761194030  3.021586069651741 
 1.664691033591731  0.485959221963825  1.281472705426357  1.804206020671837 
