 0.057152719516537  0.077157682045664  1.177098111011565  0.697477496866767 
-0.119220679232996  0.070060515701155  0.590951226338624  0.956714848046263 
 0.606676244854158  0.128595824169840  1.460615931558860  2.219382129277522 
 1.721996870228976  1.249876679389323  2.731142748091665  1.235893758396688 
 0.334968228454153  0.083531548180573  0.826510124487043  1.737847879616967 
 1.254571810240952  0.484298263614467  3.391415361445806  1.524756051204901 
 1.039710632090777  0.051128728363050  1.646599043760109  1.611743824959467 
 0.217605626515160  0.080130531982952  1.510766856060640  1.054394611742421 
 0.735672062240703  0.203518720954361  2.577379875518562  1.199789421161739 
 2.443717499999968  1.249205321428568  2.156341071428588  3.007163571428552 
 0.622408010057789  0.127558152021966  2.080650867051992  1.957969942196514 
 2.105660893854719  1.259781363128499  2.308040670391048  4.397641899441302 
 1.677183500000024  1.226748954545468  1.162685013636318  3.456051818181913 
 1.742430069444431  0.452657913194457  3.236685763888934  3.688040624999977 
 2.031786719576693  2.160558201058208  3.875219047619055  2.593852910052878 
 1.153655575378786  1.403868257575765  3.438455303030332  3.447545833333353 
 0.754217229357797  0.113788096834862  1.868204357798175  0.696305988990826 
 1.407644106666662  1.165668373333334  2.264845333333331  3.090440533333334 
 1.348187179487172 -0.042213473688362  1.938617554240613  2.257703353057238 
 1.920276018099547  1.574396425339363  1.581067982352938  1.993487466063345 
 0.827247142857149  0.139697930184875  2.118994621848726  2.732348739495789 
 1.035622311233883  0.703574438305701  2.566102578268874  2.128959300184158 
 1.960563563829783  1.134131542553188  4.167043617021281  1.867238617021286 
 0.054652923928807  0.077834034403428  0.984725794330916  1.183535379037578 
 2.554938095238103  1.084514722222225  3.264716666666678  3.257874603174606 
 1.091031614349768  0.500386876233181  2.261245739910310  3.996100448430512 
 0.341121224006764  0.099195735876586  1.406621893491121  1.596944801352484 
 1.581346539509543  1.161418392370575  3.250728337874646  2.501489373297010 
 0.926348799242421 -0.005123608314395  2.774813068181817  2.001741477272732 
 2.267644140624993  0.433557360624999  3.189653906250012  2.149654687500006 
 1.620188800000003  0.212123795813333  2.387667466666664  1.337310034666665 
 1.267610024647887  0.360085520774648  3.794242253521138  2.580695422535205 
 1.894411117021279  1.151952202127662  4.504209042553188  3.250212234042552 
 2.296536000000001  1.541355447999997  3.869012000000006  4.403051999999986 
 2.539483615819208  1.857849152542372  2.842706214689263  2.132301468926550 
 0.929506364383562  0.392794549041096  2.840837534246569  3.060911780821930 
 1.964635021097044  0.446191867341773  1.350491548523207  1.737524050632913 
 1.871731767955800  0.298050655414365  2.071790607734807  3.309426795580114 
-0.238100907792208  0.068384415753246  0.806039805194810  0.591267899870133 
 0.759800302521010  0.153370414722689  1.116476722689075  1.176589512605042 
 1.219144045643155  0.679029253112033  1.630549834024894  2.394568672199164 
 1.029688506329115  0.189436734683544  0.859814677468354  2.101664303797466 
 1.950365462962964  2.106556944444444  2.798914351851850  3.695091666666659 
 1.126354921875000  0.204772438281250  1.299452161458333  3.055279427083339 
-0.450149456642579  0.070797387263096  0.481060007392996  0.521006207559757 
 1.542032371967656  0.076052891105121  2.862635849056604  2.744763881401614 
 1.104848305084747  0.650319152542373  1.868837288135594  1.515176876513315 
 1.288219447963801  1.892626696832579  2.543718099547511  2.489473755656109 
 1.792112925170069  0.601748408163265  2.395728344671201  2.302302040816327 
 0.506209561626429  0.109444523400254  1.926025540025414  1.349349123252859 
