 0.128321338391932  0.080493067792971  1.305047185929566  0.721410546733847 
 0.137929565170067  0.079213765129246  0.660959733061194  1.302801904761814 
 0.664661256080015  0.112291078640921  1.459862460657999  2.275079113018553 
 1.699774887892340  1.243402556053821  3.035126905829670  1.267278874439158 
 0.363472571428552  0.087798758228020  0.967346634615423  1.826750824175823 
 1.272600410658295  0.429923915423207  3.395598746081527  1.587675360501653 
 1.063201068139982  0.051818772836099  1.523679281767935  1.588405893185989 
 0.343553394285725  0.091413358452568  1.719598514285757  1.109099097142855 
 0.765842247311879  0.271276292741941  2.654827688171898  1.067081225806340 
 2.514219028340044  1.195323684210523  2.155816194332002  3.003424696356253 
 0.642138966698482  0.134624123791269  2.070999863574319  2.121596998635724 
 2.083206432748506  1.316937894736850  2.327015789473670  4.431660818713411 
 1.702673131313160  1.151006535353551  1.137727843434292  3.507172727272832 
 1.728547822878215  0.421269848708501  3.253125461254662  3.708382656826545 
 2.055066363636337  2.162302673796799  3.877334759358297  2.628046524064139 
 1.024758628301883  1.339395660377369  3.703222012578663  3.354602515723299 
 0.832120049140047  0.087754418476658  1.845423587223599  0.744986403439805 
 1.514021472081214  0.990236446700509  2.344861421319795  2.969284771573608 
 1.375936209016387 -0.046180884754097  1.925480122950801  2.265157581967256 
 1.965046391752576  1.595410876288656  1.553901670618553  2.095176288659790 
 0.891788083333341  0.160147161287879  2.107927272727257  2.822268371212111 
 1.033984111531187  0.697089470699424  2.573809073724008  2.135646880907368 
 1.982086416184967  1.110661040462424  4.208005780346824  1.905546011560704 
 0.143463133214285  0.076719053133928  1.230076473214290  1.300318839285715 
 2.542290222222232  0.998499022222225  3.277885777777791  3.236219111111115 
 1.098660548523200  0.503675672573837  2.239942194092823  3.956122784810143 
 0.402520330572598  0.117623955656442  1.568890490797541  1.666926584867066 
 1.586177314285720  1.160051685714289  3.271803999999984  2.513324857142864 
 0.891533558762884 -0.005551553381444  2.786720618556700  2.028482268041242 
 2.292724999999992  0.433930609666666  3.191331250000013  2.173267916666674 
 1.555669496021223  0.140407771432360  2.435227055702915  1.408523270557029 
 1.285572396296296  0.353486661111111  3.803800740740753  2.574948888888882 
 1.909451912568309  1.151197508196724  4.504296174863385  3.243532786885245 
 2.307873451327434  1.507919477876103  3.930169026548680  4.425586725663702 
 2.477112290502792  1.848918994413408  2.867829050279328  2.098303128491619 
 0.895093576023391  0.371814886257310  2.887769590643267  3.050955263157908 
 1.969923788546253  0.455680184140970  1.356876770925110  1.777955418502206 
 1.901868882175225  0.282236420725076  2.064005438066464  3.328711178247739 
-0.051338042611940  0.072738400286567  0.934463985074630  0.980738507462690 
 0.697217552674232  0.159635148768233  1.125057504051862  1.204613517017829 
 1.230315714285716  0.706063923240938  1.625198955223880  2.405931982942424 
 1.036134595375723  0.213603573121387  0.793413825433525  2.111336705202310 
 2.368252702702705  2.141289189189187  2.935252702702699  3.669497297297287 
 1.142848361581920  0.219356096045198  1.268364802259887  3.058839830508482 
-0.251977628252790  0.067290848838290  0.547261000000000  0.867294758364317 
 1.543675294117648  0.074413408021390  2.858270053475936  2.740472727272725 
 1.058627013888890  0.583515347222222  1.868850000000002  1.625563425925923 
 1.243062819512196  1.820030243902439  2.571802439024389  2.363462439024389 
 1.817668750000001  0.602901034999999  2.415347249999996  2.218354250000000 
 0.652887503429357  0.096844679108368  2.164353360768180  1.526438408779150 
-0.514392333077513  0.072021022867468  0.525015618035306  0.490923398618572 
 1.658321499999999  0.997594611111112  1.969374444444444  1.077379970555556 
 1.560670817610063  1.896670440251570  2.068329056603774  3.289277358490565 
 1.452764311111111  1.555241155555556  3.013588888888891  3.602206666666668 
-0.209288276113360  0.067063850720648  0.864935611336031  0.572263208906880 
-0.194306454623288  0.075644972482877  0.447891751712329  0.499410225684931 
