 0.138736739180643  0.082453211401267  1.331832783613361  0.733654447479178 
 0.148252354945054  0.077201260260983  0.667861955769200  1.325679986263644 
 0.712426844720389  0.119365390326092  1.439259844720406  2.352756366459578 
 1.716871741293492  1.213766368159215  3.029997014925456  1.216142930347922 
 0.351369524147707  0.084483060355112  1.005539389204586  1.840376278409089 
 1.262179466942132  0.354171290578525  3.477300413223169  1.520392190082758 
 1.062496322463786  0.058603217572467  1.512413260869546  1.620922536231871 
 0.353730807603697  0.090834960490780  1.731106105990827  1.130195806451611 
 0.751694358543471  0.251584242857149  2.652461344537664  1.051764694677755 
 2.703586982248462  0.807508757396443  2.343684023668664  2.860802366863874 
 0.603174390894410  0.118241873165689  2.078559384164190  2.166269208211121 
 1.947465263157847  1.510510000000011  2.310060526315768  4.634490350877135 
 1.868173529411802  1.234361986928123  1.195215967320196  3.546641176470723 
 1.558634731707300  0.311654087804896  3.359897560975676  3.729854146341431 
 2.175514379084933  2.069900000000008  3.991133986928115  2.782988235294078 
 1.027475011728391  1.331350617283961  3.670764197530910  3.310550000000028 
 0.834370071942444  0.088069438129496  1.827095923261402  0.752444619184654 
 1.769235913312688  1.037411114551087  2.170472755417956  2.863569969040252 
 1.297292633744850 -0.040848732427982  2.043160288065826  2.173468106995930 
 1.997144099378881  1.646832236024840  1.589491938509312  2.024030931677013 
 0.928674139896384  0.115946873316063  1.992127720207234  2.992306217616568 
 1.127314096916294  0.677890484581488  2.755651541850217  1.943451101321584 
 1.940807142857138  1.118923975155275  4.242120496894414  1.873889813664607 
 0.156629058951175  0.077224740244123  1.258731256781199  1.320395027124775 
 2.377351955307271  0.904558741899445  3.528113407821244  2.968615083798886 
 1.096150287356312  0.503990200574710  2.266402873563214  4.086122413793124 
 0.423199140148306  0.122632587533899  1.590320868644063  1.723200529661006 
 1.575513227848109  1.173366360759496  3.280289873417704  2.518411708860766 
 0.889345972222219 -0.022052734930557  2.804015509259256  2.038087037037041 
 2.171876339285705  0.411952323749999  3.206034375000014  2.076816964285722 
 1.546120977011498  0.134019856408045  2.431471839080456  1.367754433908045 
 1.291923283524904  0.378248380076628  3.804940229885069  2.541636398467426 
 1.873985806451616  1.114468735483875  4.557567096774192  3.278223870967739 
 2.111855555555555  1.790952111111108  3.962727777777785  4.448513333333315 
 2.513757988165678  1.724116390532544  2.846228402366861  2.088562840236686 
 0.793187608996540  0.242968109342561  2.905613494809679  2.932223183391018 
 1.935644549763032  0.477935348151660  1.324436241706162  1.695262322274886 
 1.796853985507245  0.205532560724638  2.046191666666665  3.371744202898557 
-0.025003265060241  0.072821872051205  0.951057055722895  0.998786716867474 
 0.683489049844239  0.155301357538941  1.138160903426789  1.221918613707165 
 1.270168746518108  0.789557520891365  1.523126100278547  2.337345682451248 
 0.957741191222570  0.234190401880877  0.726267039498432  2.036703134796236 
 2.532408208955225  1.999285074626865  2.802536567164177  3.475193283582079 
 1.459757716262976  0.055894598615917  1.319625259515572  2.650563321799324 
-0.224576826288212  0.068990936200873  0.562085533624454  0.879647694323149 
 1.580075718015668  0.116426147780679  2.838773107049610  2.748112010443863 
 1.023904599056605  0.586457240566038  1.890173584905663  1.613941155660375 
 1.179749957345974  1.610780094786731  2.496938862559242  2.328948815165877 
 1.852126271186441  0.574503299435026  2.354221751412423  2.179666384180790 
 0.663625573770493  0.091324375915301  2.171596448087435  1.538431147540984 
-0.546525017985611  0.075859061237689  0.524147384262594  0.528161602517985 
 1.632601560693641  0.982707976878614  1.972870520231213  1.065223206358382 
 1.499103636363636  1.871272159090906  2.151410795454546  3.242450000000000 
 1.482692988505747  1.782956896551722  3.076456321839084  3.665001724137932 
-0.192923841373671  0.067253293327882  0.896204668847095  0.590419364677021 
-0.256704106371490  0.066745834589633  0.500535250539957  0.461550300431965 
 1.086740384615387  0.554267452884616  1.199898365384614  3.345367788461540 
 1.015878502109706  0.572377061181435  2.236382700421939  2.477601687763713 
 1.311357854671280  0.839937993079585  2.712425259515570  3.267957093425607 
 1.705790275229357  2.303428440366972  3.316904587155963  2.156579816513761 
 2.181721393034826  0.936658059701493  2.575160696517416  3.737193034825872 
 2.601576146788990  1.010857440366973  3.527511926605504  3.907343119266057 
 2.660166101694916  1.627343220338983  1.558464745762712  3.015338983050847 
