-0.158903336352674  0.071104500830318  0.904772409420240  0.634766699154695 
-0.131802787647059  0.070189493315438  0.571841503529396  0.949487970588189 
 0.750518890804500  0.158544654698281  1.329268132183825  2.308890373563167 
 1.684648547854758  1.226557524752484  2.774193069306983  1.289844976897465 
 0.342704469174488  0.085168886123301  0.936962816091985  1.750303134796241 
 1.047087282208582  0.329898594580784  3.126759304703497  1.457404255623779 
 1.021747429963469  0.225568393422658  1.672241169305709  1.612857929354435 
 0.148811594949502  0.079886808418024  1.356690473970498  0.835787902097902 
 0.635203730504609  0.128283091983947  2.269324999999939  1.491764667431143 
 2.096203463203445  0.912276062770559  2.270350432900445  2.793697835497826 
 0.548104250147819  0.105113562723337  1.840345723336826  2.044872650475168 
 2.267786742424222  1.759021818181823  2.358868939393930  3.884837499999974 
 1.792511373390580  1.245869184549369  1.246963188841160  3.416052789699660 
 1.757631229773449  0.443285094174769  3.250121035598750  3.675611650485416 
 1.969470608695630  2.182752173913050  3.720715652173918  2.605294347826061 
 1.245848160738253  1.484127281879201  3.279015100671165  3.533420134228206 
 0.622108221153847  0.119636278881868  1.922343956043962  0.855869143131868 
 1.314958886543531  1.597320791556732  2.300191556728231  2.875582321899734 
 1.407345032154333  0.022046325948554  1.937133118971049  2.299042122186526 
 1.859934400000001  1.677652499999998  1.627054210499996  1.937196999999997 
 0.841014658075607  0.209486931718213  2.034865807560126  2.859972680412368 
 1.149992654494380  0.727052064606735  2.247163904494378  2.130698455056175 
 1.945880243902437  1.025355012195119  4.065287398373987  1.832038613821146 
 0.068386505970149  0.077598545951493  0.973693320895524  1.185137885572143 
 2.621600000000005  0.988425186842108  3.262315037593995  3.135809398496242 
 1.271815152671752  0.679854129389311  2.277762900763354  4.156870610687034 
 0.321202746620690  0.093461987380690  1.523831034482759  1.441547655172405 
 1.430314609813089  1.156840303738321  3.204794859813074  2.436956775700938 
 0.876925737891736  0.057446839188033  2.632180626780622  2.191414957264957 
 1.900717303822938  0.316584753561368  2.878106841046281  2.144342253521133 
 1.513068222222225  0.272964937022222  2.251892444444443  1.177988454888887 
 1.285622606321839  0.331981347988506  3.734653735632190  2.584116091954020 
 1.880855198237888  1.211346273127755  4.460767400881053  3.252861233480175 
 2.249574375000000  1.667843624999997  3.640478125000003  4.389702499999991 
 2.475897797356828  1.806177092511014  2.777612334801761  2.215427136563873 
 1.154971877256316  0.319684623104693  2.814240252707580  2.985392238267152 
 1.838405571847507  0.584612955425220  1.412034360703813  1.855744985337246 
 1.823342222222222  0.259293785444445  2.117620277777779  3.365049166666670 
-0.432035318117647  0.069633062534734  0.518134660376472  0.515266989835295 
 0.784401143740340  0.148724188037094  1.145282581143740  1.194394451313758 
 1.225005772151899  0.391551327848101  1.285448683544303  3.041499493670885 
 1.099291096345515  0.269568423588040  0.760603274418605  2.086766445182724 
