-0.066582742046078  0.072903588263528  1.019910782003172  0.688298336904218 
-0.372895925138033  0.070083165528842  0.546702399902558  0.581444560636551 
 1.013322025673853  0.228735638600776  1.061254297304160  2.421800256739369 
 1.740036495327085  1.080352018691594  2.725366588785084  1.296340522663392 
 0.377632562820506  0.093803160352563  1.111712193376085  1.645849786324786 
 1.424603260032100  0.280807427993585  3.255944783306594  1.805791155698280 
 1.214056300715996  0.315873282708833  1.429483436754166  1.385520859188530 
 0.309746043750005  0.088113109592160  1.500752282838997  0.984447336970338 
 0.826383895176271  0.126652191020409  2.553864935064892  2.100076808905338 
 2.197307012195099  0.733280721493899  2.479407469512204  2.717860518292680 
 0.670401017857671  0.130187359166541  1.725999924299750  2.168555791067366 
 2.300382758620674  1.783235329153610  2.506088557993724  4.055612225705307 
 1.647398108695662  0.865713326086962  1.395656397826065  3.367981086956564 
 1.256464175315560  0.241605050911646  3.163981767180945  3.025645862552588 
 2.176790916230361  2.055207329842934  3.095820680628274  2.372199371727737 
 1.771154686567163  1.442862101492539  4.231646567164197  3.608661492537330 
 0.937168252131545  0.220366868246041  2.452334470158357  1.095665971985382 
 1.282237510068647  1.611590183066365  2.717245766590390  3.350445080091531 
 1.591903921568620  0.146145522720590  1.991153296568620  2.050906495098058 
 1.926513029490620  1.475364932975870  1.547091102144770  2.172509222520108 
 1.088200026166097  0.211350197155859  2.042751763367459  2.982123663253691 
 1.169509154891305  0.893047459239128  2.270958967391308  2.259172010869565 
 1.988169699699700  1.063205351051050  4.179307807807805  2.124085765765768 
 0.025676031290622  0.075123162032962  0.804936914484681  1.137454921077069 
 2.426545530726254  0.918776147206704  3.369369273743020  3.449131284916205 
 1.509826120092378  0.529836740554272  2.465560277136257  3.973025173210162 
 0.556078658493060  0.103423875936550  1.882983212161267  1.505115928618636 
 1.412513790196080  1.103204803921569  3.346167450980390  2.493927058823528 
