-0.066582742046078  0.072903588263528  1.019910782003172  0.688298336904218 
-0.372895925138033  0.070083165528842  0.546702399902558  0.581444560636551 
 1.015419173745086  0.231683972290868  1.060220769111893  2.422399485199444 
 1.742139625292723  1.083342772833729  2.724874707259991  1.297185114051363 
 0.378292054244521  0.093795126097169  1.111513206620411  1.646272557394554 
 1.422414442492010  0.282414756613424  3.256158466453687  1.805358450479279 
 1.214056300715996  0.315873282708833  1.429483436754166  1.385520859188530 
 0.309746043750005  0.088113109592160  1.500752282838997  0.984447336970338 
 0.826739073148167  0.126413038814816  2.553061018518475  2.099934999999957 
 2.199394045801503  0.742453150076332  2.482863969465658  2.717265190839691 
 0.670476266709519  0.130187383857035  1.725206354009054  2.168933812405439 
 2.300382758620674  1.783235329153610  2.506088557993724  4.055612225705307 
 1.647398108695662  0.865713326086962  1.395656397826065  3.367981086956564 
 1.259590469359323  0.241605071448473  3.163083704735395  3.023715598885788 
 2.170795868421047  2.064433157894739  3.121954210526318  2.378781999999988 
 1.771133495440729  1.431043781155017  4.239532522796372  3.615960486322205 
 0.938144446472018  0.220517176192214  2.450280535279819  1.095635356447687 
 1.282696336902048  1.612102300683374  2.721209794988611  3.349911161731205 
 1.594570134638915  0.146387033708692  1.991176364749075  2.053768665850692 
 1.934777967914442  1.481758930481282  1.555525484224597  2.175896631016044 
 1.088200026166097  0.211350197155859  2.042751763367459  2.982123663253691 
 1.169941790760870  0.895024320652171  2.271522282608699  2.259481929347826 
 1.987683765060241  1.057482806927710  4.178155421686744  2.122697771084340 
 0.025709202505800  0.075117754997216  0.805074345150813  1.137566867749424 
 2.427077653631282  0.920130644413408  3.371962011173188  3.450151955307267 
 1.509826120092378  0.529836740554272  2.465560277136257  3.973025173210162 
 0.556512285535007  0.103469765054161  1.883236261558782  1.505667040951120 
 1.410525621031747  1.107150396825398  3.345530952380950  2.493419841269839 
