 0.042459032020961  0.079058541627305  1.230484632545827  0.622635031496295 
 0.166606721202003  0.077620086093482  0.675906270450713  1.389418864774512 
 0.741359761467764  0.007873823688080  1.581503119265947  2.225474862385263 
 1.630555540540505  1.196415630630640  2.734899099099175  1.622602612612307 
 0.250395130166255  0.090711926128265  1.148921971496476  1.485939786223279 
 1.206072775510189  0.199498756734706  3.427374285714315  1.771058775510317 
 0.799802982832639  0.038811835922751  1.248831652360498  1.455043047210284 
 0.402464870614055  0.091127427894730  1.811109210526401  0.789900324999994 
 0.767620465116343  0.284752142524924  2.623041196013112  1.034810481727436 
 2.659163803680920  0.766550797546005  2.434119018404935  2.854400613496902 
 0.537329781833626  0.170158304345936  2.076437429111485  2.119001890359141 
 2.081305617977467  1.380172741573047  1.845720224719074  4.479169662921274 
 1.938866176470645  1.138479705882382  0.918462716666567  3.259043137255103 
 1.539645846153818  0.266319415384644  3.567509230769340  3.771372307692258 
 2.523008139534824  2.223236046511645  3.938001162790712  2.373109302325509 
 1.363090441988946  1.160269226519347  3.682317679558053  3.309344198895051 
 1.077317409090904  0.016396753636364  1.987637727272749  0.805251990909093 
 1.785834323432338  0.979054785478552  2.229137293729370  2.828033993399349 
 1.071439859999992  0.020973248200001  1.965765199999985  1.755901000000042 
 2.314356000000001  1.223944639999995  1.441549335999996  2.017507999999994 
 0.815137295384628  0.084502471692309  1.983008923076899  2.984489846153826 
 0.851442228571416  0.600607571428555  2.730326428571426  1.797797142857141 
 1.816622518518512  1.154257037037031  4.245208888888893  1.823995259259273 
 0.222045111850310  0.079863707800416  1.494427546777556  1.150702099792098 
 2.469806250000012  0.967881530000005  3.724032500000018  2.925133125000007 
 1.146074130434771  0.286802466666663  2.360549275362314  4.119047101449305 
 0.379873366968912  0.106259466751296  1.582968134715019  1.718740673575118 
 1.607768692579512  1.125746113074207  3.283835335689025  2.483222968197889 
 0.811096857894733  0.057222122815788  2.669991315789468  2.395072894736842 
 2.156493981481475  0.431065446851851  3.152440740740756  2.096719444444450 
 1.596596603773588  0.114458917849056  2.513843773584894  1.424609132075469 
 1.487979378531072  0.421948244067796  4.002220903954823  2.507216384180782 
 1.918898958333339  1.100556500000006  4.749559374999994  3.286503124999999 
 2.226321951219513  1.649535609756094  4.242285365853666  4.200268292682908 
 2.426616455696203  1.679207405063291  2.747167721518989  2.417072151898734 
 0.885051315270937  0.440420911330049  3.322350246305406  2.813506896551752 
 1.680799999999999  0.309697784405287  1.334714977973569  1.525285550660798 
 1.886004761904760  0.238255401238096  1.987622857142859  3.473445714285721 
-0.011266156958763  0.074616966834192  1.051972482817873  1.070978470790380 
 0.547522826603330  0.120917143444181  1.047590783847975  0.885068859857483 
 1.382200247524753  1.110174851485148  1.461702079207914  2.476878712871275 
 0.987518960396036  0.207575650495049  0.607499027722770  1.872348019801977 
 2.311168707482993  2.053714965986397  3.046913605442177  3.603898639455771 
 1.540539629629629  0.078301872222222  1.364843777777776  2.536053333333350 
-0.091095541440504  0.070011797180584  0.628236918371608  0.968756085594996 
 1.414998105263160  0.526581157894738  2.689680000000004  2.251460789473687 
 1.104607572815534  0.711792524271845  2.049784789644017  1.754107119741096 
 1.023550866666669  1.246815541666667  2.510253750000001  2.573043749999998 
 1.912725590551182  0.460161485826769  2.090140944881881  2.136874015748027 
 0.502308944537817  0.105200821462185  2.077351764705884  1.439109075630254 
-0.557095382955772  0.089023494498383  0.527147738942832  0.472644872707659 
 1.727203057324839  0.843436305732485  2.055087898089175  0.990706291082804 
 1.493299333333332  1.921890666666662  2.240651333333336  3.134906666666668 
 1.278891533742332  1.223611104294477  2.875016564417181  3.886390797546010 
-0.258920403361345  0.071910954061625  0.857704509803920  0.716779981325862 
-0.207695956521739  0.061157463670077  0.673979718670077  0.414178588491048 
 1.189753815028903  0.356571855491330  1.198909595375721  3.346570520231215 
 1.073080717488790  0.463047683856503  1.988696860986547  2.474812556053816 
 1.120478685015289  0.447703321712539  2.568844036697249  3.162698776758411 
 1.533013124999999  2.095453125000001  3.193492968750000  2.252132812500000 
 1.878585537190083  0.688136099173554  2.784534297520665  3.411378925619837 
 2.533169444444443  1.040867854166667  3.132005555555556  3.883861111111113 
 2.502972033898305  1.614883983050848  1.974247457627119  3.395153389830508 
 1.758662543859649  2.058386842105266  1.947341315789472  1.812710701754387 
 0.406523783673469  0.090838483653061  0.985274346938775  2.001874285714290 
 1.624018541666667 -0.003282822500000  3.012050000000000  2.839555416666664 
 2.606003947368421  1.423973815789473  3.240575000000001  1.351976973684210 
 1.315348366013073  1.142409542483659  1.715382483660131  3.625469934640527 
 0.825018557377049 -0.103665589508197  2.614056721311480  1.711100655737704 
 1.423321068702290  0.799730068854962  3.365543511450381  1.048560687022901 
 0.774749521568627  0.215872869411765  1.127792588235295  2.655358431372549 
 1.435080561056106 -0.107890702508251  2.196803300330030  2.422525412541252 
-0.329186171924290  0.054309563644911  0.426521225341746  0.690303648790746 
 0.990976989247313  0.445550716935484  1.399126478494625  1.946310752688175 
 1.098411094047619  2.047514285714287  3.156945238095239  3.591039285714286 
 1.609272232142858  1.919115178571429  4.023217857142856  2.945514285714287 
 2.075946551724138  1.594277931034483  3.003437931034484  4.951872413793104 
 0.824502876106194  0.307105289438053  1.682987610619470  1.277215398230088 
