 0.087455373809494  0.079763595221869  1.207046114718525  0.663064416666859 
 0.049869647853881  0.074780224163467  0.691881140456602  1.118262136986240 
 0.612373369015657  0.127021261509191  1.455926824146904  2.237817716535388 
 1.708080184331760  1.258402995391715  3.060004147465512  1.277866400921347 
 0.343914814814796  0.087043900912697  0.864798800264588  1.751908597883601 
 1.262604501519745  0.437506031367790  3.381750455927074  1.562102522796435 
 1.021215733788412  0.050757913651880  1.587761279863460  1.628034027303739 
 0.259934178458299  0.081748582851106  1.582767898627281  1.018955110876450 
 0.735546035320129  0.211792469094927  2.604493818984430  1.194727905077172 
 2.455076258992773  1.255992625899277  2.153381654676276  3.001226978417247 
 0.623860170752412  0.123817395023058  2.078047694174726  2.002669660194154 
 2.105660893854719  1.259781363128499  2.308040670391048  4.397641899441302 
 1.676685185185210  1.233966342592607  1.167175291666620  3.471312500000097 
 1.736453159722209  0.452104892361124  3.244040972222268  3.691770138888866 
 2.037675561497299  2.158214973262039  3.877954010695195  2.605695721925101 
 1.154732526335876  1.409448282442755  3.435379389313006  3.443107251908416 
 0.822748717821780  0.119987166485149  1.883399752475259  0.707766834653466 
 1.425849737532803  1.120853805774279  2.290574540682413  3.107249606299213 
 1.349242589641428 -0.046120690956174  1.928372310756954  2.263401394422352 
 1.957868717948717  1.588768358974355  1.558373969743586  2.102428205128201 
 0.854003849387047  0.144870627775832  2.108312609457078  2.755163922942196 
 1.032411728280958  0.696947763401101  2.565564879852124  2.137456377079479 
 1.981965804597697  1.109730172413789  4.204001724137934  1.905961264367827 
 0.052467146903323  0.076939079509063  1.113415045317222  1.182831344410877 
 2.551734262948215  1.085221713147413  3.265791235059773  3.263768525896417 
 1.094041703056761  0.489159163318775  2.259093013100433  3.983446288209625 
 0.341401288793104  0.098641903656897  1.443026120689651  1.596983362068956 
 1.576028435754196  1.155142597765366  3.253434078212277  2.515737150837996 
 0.904381335968377 -0.005464389308301  2.773890118577075  2.020074110671941 
 2.294443495934952  0.440658562276422  3.179987804878062  2.173395934959356 
 1.575137105263161  0.146259182710526  2.406238947368418  1.373576271052631 
 1.277415924460432  0.360527407194244  3.801211151079148  2.573787050359706 
 1.894411117021279  1.151952202127662  4.504209042553188  3.250212234042552 
 2.296536000000001  1.541355447999997  3.869012000000006  4.403051999999986 
 2.500481767955799  1.863908287292818  2.860092817679556  2.118553370165744 
 0.911299980392157  0.383645381232493  2.861335014005596  3.054540336134467 
 1.955339419087135  0.450590964979254  1.365024095435685  1.729575684647306 
 1.884753824362605  0.288601632464590  2.065234560906515  3.299791501416435 
-0.201290481330749  0.069902455381136  0.851775025839798  0.673979838501294 
 0.753909284525792  0.163225861297837  1.127161048252911  1.196495274542430 
 1.231571120507401  0.693438794926004  1.632484143763212  2.400738900634244 
 1.046840758807589  0.203998030081300  0.833310530081300  2.137674254742544 
 1.948857327188941  2.103575115207373  2.797788479262671  3.694404147465431 
 1.127930945945946  0.212888560270270  1.292565702702703  3.063547837837845 
-0.268801377384198  0.062923989700272  0.486747451680290  0.798573878292466 
 1.541658247978438  0.074109980053908  2.862914285714286  2.743741778975738 
 1.057597788235295  0.575805105882352  1.879919764705884  1.594221835294115 
 1.286730384279476  1.879858951965065  2.521974235807859  2.514295633187773 
 1.792682407407408  0.604219291666666  2.401874999999998  2.293770833333333 
 0.539133799741603  0.105436230891473  1.981446640826876  1.385190051679586 
-0.452421351515151  0.073023644367461  0.528182960606062  0.460734149212121 
 1.624980932642487  1.105000518134715  2.093648186528497  1.219762045077720 
