-0.163541803325833  0.072014193209136  0.869606944757563  0.691025950958384 
-0.324016688990183  0.065355203892003  0.456811768793813  0.734386100981724 
 0.891942236592953  0.177116376293382  1.055701358990446  2.413688958990484 
 1.676369046052605  1.231973421052639  2.774818750000052  1.290010322368197 
 0.390480541275784  0.095247703649154  0.947650253283332  1.733420825515951 
 1.036629531548750  0.319310720363295  3.095656022944569  1.452324437858562 
 0.949140270855913  0.192192459317446  1.386447616468027  1.457767876489697 
 0.149467263377489  0.081236324178144  1.281239046357638  0.839094505960265 
 0.656611279439269  0.126733117168226  2.202714392523315  1.506248663551361 
 2.117606423982850  0.859462905781582  2.238625267665964  2.790560171306201 
 0.582170235836080  0.126263815636590  1.735862665562893  2.061105877483439 
 2.239209293680278  1.756659702602236  2.234084089219322  3.866311524163543 
 1.572106978193160  0.944557087227424  1.175534532710251  3.293356386292898 
 1.756462575757564  0.449460957878799  3.233566666666709  3.639625757575739 
 1.966448658008636  2.185389610389616  3.716544588744593  2.605288744588719 
 1.242723706333331  1.486617266666673  3.280704333333358  3.531813000000018 
 0.584625708592778  0.112729609023661  1.867503237858041  0.848794005230385 
 1.340505897560972  1.574531902439028  2.272068780487803  2.876864878048778 
 1.370238272327956  0.022660820556370  1.894797510980957  2.252140995607640 
 1.916129132420092  1.615477534246573  1.586340475342462  1.949465936073056 
 0.905580088549623  0.238682781374046  1.850667541984722  2.898586106870225 
 1.146450310810810  0.716629175675670  2.225931351351348  2.114741621621618 
 1.934979279999998  1.026374171999997  4.070906400000004  1.838549596000007 
 0.047664265486726  0.076231842659845  0.818410033628320  1.165543799778765 
 2.620411231884063  1.004759998913046  3.232689492753633  3.140650000000002 
 1.279153218390801  0.678737126053638  2.266262375478923  4.155938314176256 
 0.286656838923655  0.087844519456821  1.467469086357945  1.396377784730912 
 1.429144719540234  1.157605287356325  3.197252643678151  2.435085287356326 
 0.851340560943641  0.059773765163826  2.589894495412838  2.219416644823066 
 1.899165183752417  0.313773198297872  2.835635589941977  2.122207156673121 
 1.471004828244277  0.296299944007633  2.179574045801525  1.189615371564884 
 1.309743176315790  0.321145100263158  3.694135789473690  2.578407368421049 
 1.891530262008736  1.217182681222709  4.479271615720521  3.287216593886462 
 2.240156571428571  1.663378171428569  3.522487428571432  4.361727428571421 
 2.474400438596491  1.805371491228071  2.777019736842104  2.218619999999996 
 1.107894875216635  0.309492511611785  2.764882495667243  2.990015424610053 
 1.690115867346939  0.533225678316327  1.298349099489796  1.894084719387756 
 1.782438630136986  0.233381681534247  2.071651506849315  3.370636986301374 
-0.443174126750184  0.071950279796102  0.584010117907147  0.420196467354458 
