 0.062078604549485  0.077363610923289  1.182428492417412  0.696418139161622 
-0.112945316250891  0.069760378103347  0.600156218674254  0.968474262295036 
 0.622420907163600  0.130391816491035  1.517014517937154  2.199853923766778 
 1.723766715867129  1.264689188191891  2.766357933579395  1.275294457564325 
 0.339391752969104  0.086502069619951  0.880495633016661  1.752067102137772 
 1.257035642441849  0.475539175348846  3.386675000000021  1.534745956395428 
 1.075010828025491  0.071703801751595  1.653059729299343  1.599675525477692 
 0.200199543050202  0.078582331644785  1.499171814671849  1.083649671814669 
 0.739285216738236  0.220292008583695  2.599850429184436  1.197294851931241 
 2.102604629629609  1.005534374999998  2.281453009259271  2.823266898148139 
 0.604530544307679  0.113611963045129  2.098485743589716  1.787180615384600 
 2.429255135135104  1.476927081081088  2.204951891891877  4.023284864864830 
 1.779697844827608  1.223315387931048  1.203945961206854  3.421290086206986 
 1.755022417218529  0.449337301324516  3.216892384106005  3.670732781456932 
 2.023991134020591  2.187343814432996  3.861109793814439  2.602931958762855 
 1.182571584230768  1.352921384615392  3.464758076923106  3.457473846153866 
 0.596015158520476  0.090892976678996  1.895582694848090  0.909661685865259 
 1.160092695652169  1.389252795031058  2.170000621118008  2.909279192546581 
 1.415357263969164 -0.028667164084777  1.965033526011542  2.252237764932600 
 1.861835265700483  1.699663285024152  1.659449440096614  1.967685942028982 
 0.784755546875005  0.149037388218751  2.116320937499990  2.662724218749992 
 1.231374155038756  0.673605503875963  2.485123565891469  2.125068837209298 
 2.022058733031671  1.057547787330314  4.095537104072402  1.903318823529419 
 0.064442404512276  0.078580277962840  0.990520690112808  1.193543994691445 
 2.602702390438253  1.058092361752991  3.278201593625510  3.196702788844623 
 1.260929655172408  0.686104577155171  2.301154224137925  4.185126724137946 
 0.374862248381878  0.106137809896441  1.486471035598701  1.572726699029118 
 1.485586026699033  1.337517621359229  3.156446359223291  2.454619174757288 
 0.904202820689652  0.039216275413792  2.752943793103447  2.007180517241383 
 2.119606593406589  0.413867584395604  2.892650824175830  2.193553571428574 
 1.606666212534063  0.234752617602179  2.312670027247951  1.216135326158036 
 1.307079399408284  0.381881870118343  3.732140532544388  2.595115976331357 
 1.918631071428574  1.169165428571431  4.500616836734689  3.270626530612243 
 2.269426206896552  1.583833110344825  3.698370344827590  4.417226206896542 
 2.529020918367346  1.860568877551020  2.775466836734692  2.184850306122446 
 0.952404674074074  0.474368005679013  2.736950123456785  3.113756049382724 
 1.971632793522264  0.516099679352227  1.363200676113361  1.777793562753039 
 1.813399202127659  0.275116188191490  2.093946276595746  3.331381117021280 
-0.235835236434109  0.068404725529715  0.807399670542641  0.592111560594318 
 0.767749169491527  0.147193009898305  1.121722406779661  1.152087016949153 
 1.268329154639177  0.627258659793814  1.627868556701029  2.406348041237109 
 1.026405960591132  0.195368256650246  0.858106269950738  2.106672167487681 
 1.783281500000000  2.065717083333335  2.728227916666665  3.555310833333330 
 1.095440122137404  0.218512834096692  1.303786895674300  3.096481170483465 
-0.446712258724100  0.070960067091772  0.480453038876772  0.524743548200656 
 1.425253139841689  0.032295673614776  2.827425857519791  2.737952770448548 
 1.046127236842106  0.689023368421053  1.875167368421054  1.453479473684210 
