 0.018128343320498  0.075858155638814  0.960342836173700  0.964412991753760 
-0.344128125444597  0.069770581046869  0.588623088946641  0.589611970779738 
 1.226640146902598  0.365547084283190  1.392456805309683  2.946851061946870 
 1.643671641791033  0.830634634104481  2.791913681592064  1.469406987188968 
 0.440162474781804  0.102632579595774  1.034873477997264  1.698165016077168 
 1.537413305672268  0.511185348445380  3.600859243697483  2.346456649159692 
 1.473887852112680  0.482640573732396  1.529021374207742  1.682536205985904 
 0.419923326151448  0.094534280972676  1.606115136612026  1.094839479781416 
 1.115551395526463  0.223604247828697  2.494012384069817  2.435046808510608 
 2.292415538847099  0.862948298571426  2.212467418546363  2.766018295739342 
 0.673959567432064  0.128231824533062  1.781051268115921  2.032061413043472 
 2.052680376712322  1.596232003424659  2.558529657534245  4.017113698630133 
 1.350565623899376  1.539624754716984  2.331395459119491  2.675773836478008 
 1.383920830439222  0.424064372012260  2.680168232890710  3.549489172625127 
 2.173751119133570  1.804518754512637  3.433463898916966  2.241815144404328 
 1.876074406046512  1.301366046511629  3.971897519379836  3.464997054263570 
 0.878777551257252  0.166357508620245  2.451305544809800  1.391365334622825 
