 0.066130206982664  0.078000225406220  1.021292067787953  1.013197204383329 
-0.324117247955392  0.070031022683099  0.605372813903339  0.610325136852526 
 1.206400500993992  0.342534681669984  1.566264198144427  2.891906693174262 
 1.178440181354696  0.379017130917700  2.753008812818650  1.383327722286910 
 0.507273590560705  0.113231551532876  1.115949921984684  1.762280782573616 
 1.788253496357961  0.936093933527578  3.763310405827273  2.197221592091589 
 1.564918497959186  0.494857349191838  1.622691804979588  1.707739681632643 
 0.511163468962759  0.104355319920704  1.745094661593918  1.116596846696028 
 1.228510470756881  0.301511175114680  2.731263302752285  2.455620699541268 
 2.047572688971484  1.328862582478314  2.054762515489465  3.663636802973974 
 0.724729628007584  0.129979359620472  1.981182476832331  2.028085593934287 
 1.987021340382312  1.566672550776585  3.735393667861410  3.513056033452806 
 1.861592267135325  1.518335386643236  2.473261652021082  2.332034217926189 
 1.455434228597448  0.495066473315120  2.837356284153007  3.508626593806918 
