 0.050494033013229  0.076780586865820  1.012038459382278  0.991009239553642 
-0.330344973542946  0.069955082752123  0.597687728553163  0.605802021267879 
 1.187364773809473  0.300849393110123  1.458173281249956  2.853328348214256 
 1.152679956083510  0.384104428185746  2.741289488840899  1.397067179769566 
 0.476241787190077  0.110923531673553  1.085786190743817  1.717661198347106 
 1.632767741529525  0.583083470880932  3.607176863504365  2.378159506292375 
 1.537458955479456  0.479809055445207  1.627310711558216  1.632060881849304 
 0.494655935321297  0.101743040630826  1.733619853002945  1.088988809827796 
 1.143835753517165  0.239635339769275  2.550082723691605  2.436902870005605 
 2.130210505050488  1.371996774891773  2.137787748917745  3.765114141414135 
 0.683340598752680  0.123315415760395  1.901745092156001  1.965724603514783 
 1.908695402091015  1.468830362853630  3.746401107011069  3.583428782287822 
 1.737043622936578  1.289840374456995  2.178423900955682  2.521932145960041 
 1.403005746704331  0.453834888851226  2.713201224105462  3.522616666666665 
 2.081425461309525  1.721264702380952  3.320888095238094  2.088821949404762 
