 0.023923253944903  0.074461240642214  1.235362568807191  0.592441616514084 
 0.274897446629213  0.086404735196617  0.683621109550497  1.635991573033523 
 0.878897042682718 -0.010567221524380  1.757430487804699  2.262700914634054 
 1.756133734939709  1.118675421686760  2.739896385542270  1.851781325300799 
 0.158564591798086  0.075843903012617  1.208258801261882  1.339545268138805 
 1.159085343511418  0.139240020610710  3.534723664122193  1.861759541984943 
 0.614142688442233  0.142945195954779  1.077994698492438  1.402100251256260 
 0.404988289377322  0.097343070769219  1.774163369963512  0.625196257142847 
 0.642507410377448  0.169501141981143  2.801579716980882  1.402716556603574 
 2.772878504672803  0.900575485981296  2.424083177570136  3.077778504672851 
 0.558276474551929  0.053940099207885  2.274650179211391  2.018736917562673 
 2.172041666666552  1.653328541666690  1.618064999999951  4.520562499999860 
 2.211828378378456  0.910035810810850  1.125256824324186  3.284078378378654 
 1.635309999999952  0.261200716049429  3.757995061728572  3.773640740740657 
 2.669601388888817  2.168119444444464  3.901475000000018  2.495029166666581 
 1.406151619047611  1.093893333333351  4.074259047619122  3.422442857142895 
 1.182960072463759  0.088983950724638  1.844602173913076  0.768123398550727 
 1.872113020833326  1.063384166666675  2.359309895833329  2.895907812500012 
 0.981128028169006 -0.005088850422533  2.015360563380261  1.633729295774702 
 2.509847619047619  1.395088412698405  1.419824904761895  1.770288571428565 
 0.939624170854292 -0.061793413065325  1.937230653266289  3.008577386934635 
 0.785923315789452  0.749612697368391  2.817390131578941  1.798639473684206 
 1.845606282051270  1.294123589743579  4.492111538461541  2.105305128205150 
 0.173155931199997  0.081061460454399  1.474347520000014  1.029227712000002 
 2.443280733944971  1.102577431192667  3.790235779816541  3.051414678899095 
 1.110906288659777  0.366700035051540  2.042622680412364  4.100387628866018 
 0.329959034671533  0.091428854419709  1.587729379562033  1.508498175182467 
 1.788930000000014  1.246696562500000  3.159181249999963  2.639710000000017 
 0.687331415841580  0.124758072772275  2.847840594059383  2.356249999999996 
 2.042627184466006  0.092803258446601  3.165484466019451  1.942320388349529 
 1.742705600000006 -0.047634926400002  2.392750399999981  1.401217439999993 
 1.536073529411762  0.160698555294116  4.076243529411799  2.519310588235274 
 1.940154385964922  1.070130596491239  4.896861403508761  3.358035087719298 
 2.427912500000002  1.981804999999994  4.467892500000021  3.997302499999968 
 2.398888333333334  1.776285833333334  2.782064166666669  2.421573333333332 
 0.784549324074076  0.331633073148148  3.527865740740719  2.872940740740793 
 1.813737894736837  0.188385494315791  1.345324421052632  1.283461684210542 
 2.204918309859145  0.201664398028171  1.828533521126765  3.869283098591551 
-0.042444822334294  0.074028919286743  1.125613314121046  0.976234971181563 
 0.312257382566590  0.083518875786925  0.886051380145273  0.982767094430992 
 1.455045593220341  1.393143983050849  1.685311186440667  2.747866949152527 
 0.427612812056736  0.100766401063829  1.011777553191486  2.126356382978719 
 2.573632926829271  2.145312195121953  3.072952439024387  3.604591463414610 
 1.542069461077843  0.006270649700599  1.244289820359277  2.595295808383264 
-0.001400859402465  0.073115674077328  0.850956291739891  1.259803339191581 
 1.351604375000000  0.508079115384618  2.959959134615387  2.256075000000005 
 1.277131753246753  0.973651688311687  2.110170779220786  1.912748051948043 
 1.068782352941182  1.158221705882352  2.659131764705884  2.495052352941174 
 2.292001694915253  0.323351305084740  1.981888983050827  2.449061864406766 
 0.337352897832821  0.075887746934986  1.919776470588238  1.128353622291021 
-0.580031697341513  0.164158985869122  0.420708121267904  0.521625439672799 
 1.850049640287768  0.658159064748203  2.149928057553960  1.227976115107914 
 1.581039814814812  2.042235185185177  2.453451851851858  3.015068518518522 
 1.062365636363635  1.131890363636362  3.185303636363639  3.613335454545447 
-0.200403821106821  0.068922685893180  0.807259601029598  0.913607310167307 
-0.007452968389662  0.075839922047713  0.770661033797221  0.625263713717694 
 1.043709266055051  0.404317908256881  0.943935119266051  3.328866055045878 
 1.258549705882355  0.569687605042017  1.703690756302515  2.678149579831936 
 0.777321344370859  0.448648496688742  2.388675496688754  3.142435761589404 
 1.675790804597700  2.247088505747129  3.437541379310344  2.022773563218391 
 1.759508108108108  0.809469797297299  2.524372297297302  3.584722972972974 
 2.732295121951219  1.099289036585366  3.356300000000001  3.903420731707317 
 2.476994366197183  1.851302816901410  1.849681690140844  3.152425352112672 
 1.854575384615384  2.292829230769233  2.099613846153844  1.908461538461539 
 0.301132395744681  0.112591625297872  1.226737872340423  1.724853404255328 
 1.980491044776124  0.225181698507463  3.020104477611946  2.914585074626852 
 2.660749999999999  1.477725370370369  3.186670370370370  1.294182407407408 
 1.437027558139536  1.331016860465114  1.371157674418606  3.717545348837219 
 1.148159487179486 -0.231669722884616  2.727589743589753  1.729339743589740 
 1.425195384615385  0.443916549487179  3.154746153846153  1.286195384615384 
 0.737750723076923  0.118714903461538  1.307092923076925  2.599138076923079 
 1.513607389162566 -0.030192940689655  2.146176354679799  2.370056157635461 
-0.027647038329241  0.073500582039312  0.457434021621622  1.073622972972975 
 0.944357894736845  0.547895482456141  1.362811885964920  2.116206578947376 
 0.949470603488372  1.670458139534884  3.456329069767440  2.796667441860463 
 1.721292680412371  1.955743298969072  3.990857731958757  3.012128865979384 
 2.257386842105261  1.470654736842105  2.929673684210529  5.149955263157895 
 0.688414590909087  0.124810364863637  1.221995318181828  0.785736736363636 
 0.472727891492538  0.261508587064677  1.989994527363185  2.534565174129351 
 1.605615425531916  0.193963909574468  2.280563297872340  3.140382978723404 
 1.255399160583943  0.399794463503650  2.460398905109491  1.810840145985400 
 1.226305789473686  0.990203473684212  3.655870526315791  1.793495789473684 
 1.049652509363298  0.400377007490636  2.314700374531843  2.512960299625472 
 1.551862795698926  1.401438602150536  2.844560215053763  1.041783526881720 
 1.449828513513514  2.286178378378376  2.885162162162161  3.919551351351350 
 1.023265049504950  0.334696995049506  2.680380198019803  0.603347868316831 
 1.200694328358208  1.156040208955224  2.641832835820895  4.420125373134331 
 1.603138875000001  1.054788375000000  0.880446926250001  2.446921249999998 
 1.620368181818182  0.580331079545454  1.620116477272727  1.933683522727273 
 2.111052688172044  0.355970161290322  2.905810752688172  3.866003225806453 
-0.313031913279132  0.078920846626017  0.849363319783198  0.548035113821139 
-0.253265691123190  0.082592560887681  0.464771452898551  0.422887670652174 
 1.269463399999999 -0.209865634000000  2.915103333333330  2.719629333333336 
 0.970790789473686  0.578263631578947  2.211071052631582  1.239102052631581 
 0.965612266666668  0.401549993333333  1.598145333333332  1.484659433333332 
 0.884966156250001 -0.010506561031250  1.351553499999998  1.786608437500003 
 0.465396600441501  0.091919071743929  1.649761589403974  1.981147902869754 
 1.601081944444444  1.176219722222222  4.253533333333335  1.032256361111111 
 1.456546419753084  0.826261543209876  3.616982098765434  2.583552469135803 
 0.829285779467680  0.515867490494296  1.977369581749052  2.054237642585554 
 2.323302105263159  1.445696210526316  2.421781052631579  3.898447368421053 
 1.318310292682930  0.523681048780488  2.953776585365853  3.023068780487804 
 1.653866666666669  0.540478643518518  2.439880555555555  2.383001851851851 
 2.488206363636364  0.758825181818182  2.865305454545454  2.337211818181817 
 1.199939307692307  1.221819692307694  2.271528461538461  3.315483846153846 
 0.672710306122451  0.063268927642857  1.593244897959183  1.201415790816327 
 2.102150909090908  1.205026272727272  1.825020000000000  2.352108181818184 
 1.826734265734265  1.416961748251748  3.177544755244757  3.499533566433568 
 1.862758333333333  1.392254375000000  3.967675000000000  4.421481250000001 
 1.428840649350649  0.379412162337662  1.662611038961039  3.328542857142855 
-0.325054274234694  0.062543787844388  0.498021885204083  0.766224974489796 
 0.480152726165803  0.166535930051814  2.075383419689121  1.586786528497409 
 1.089017115384615  0.133913252884615  2.895834615384613  3.694180769230770 
 1.258338682170542  0.354599101550388  0.836546279069768  1.551180542635660 
 1.491837536231884  1.466358550724637  1.618815652173913  1.261360579710145 
 2.105793518518518  0.967118888888889  3.571178703703703  1.964597222222220 
 2.452609677419354  0.455819059677420  3.957645161290327  2.534348387096773 
 1.396454022988506 -0.005776759195402  1.663406896551724  1.963355172413792 
-0.509241003787879 -0.035990204154716  0.603679299242424  0.456500507575757 
 0.896060759493671  0.115418102531646  0.618119693670886  2.158234177215190 
 0.774868757575758  1.657246969696970  2.042045454545454  2.526007575757576 
 0.738771784232366  0.048950816182573  2.280880912863072  1.117887095435684 
 0.980677627906977 -0.051587433674419  2.370098604651164  2.225727441860465 
