 0.154400135058179  0.081217924131962  1.319273816300026  0.655338698577202 
 0.163770219345238  0.078385084330351  0.639156062202348  1.322583913690377 
 0.716819470054321  0.096702671687846  1.472275517241274  2.412706533575257 
 1.630500575221204  1.181462920353991  2.742342920354057  1.607188849557222 
 0.270297757810702  0.086823425085517  1.117022098061609  1.514884492588367 
 1.199032293172676  0.206559218473908  3.427984337349427  1.777472690763163 
 0.917356860068278  0.105166875255976  1.484731228668925  1.705691638225244 
 0.419285422322789  0.099793263236798  1.832805580693874  1.076237978883858 
 0.770377784127045  0.260834846349213  2.622299047618877  1.021714174603042 
 2.640838547485977  0.750277977653624  2.424061452513991  2.843499441340753 
 0.563911509224402  0.149508002539604  2.025817821782141  2.115877227722748 
 2.007649166666622  1.455689166666676  2.321383333333313  4.604947499999945 
 1.902116315789524  1.246081052631605  0.944465132456051  3.354554385965094 
 1.560623444444424  0.377950027777798  3.481233888888969  3.759681111111075 
 2.185552482269467  2.113762411347528  3.988553900709230  2.763107801418398 
 1.172788182258060  1.402281881720439  3.627460215053805  3.184863440860238 
 0.920215598705499  0.069725848543689  1.858163106796132  0.732959275728157 
 1.748868627450975  0.985753235294122  2.084416993464048  2.813970261437918 
 1.235045497737550 -0.085209031447962  2.025657918552016  2.088651809954801 
 2.240279411764707  1.207222499999996  1.376569463235290  2.065558088235288 
 0.877340682847910  0.035395800970875  2.023533980582497  3.018915857605158 
 0.929507972602731  0.589720575342453  2.616970958904108  1.815724109589040 
 1.813617428571423  1.199107714285708  4.252412857142862  1.840402071428584 
 0.169711513195200  0.078974261145038  1.422121919302080  1.156374405670664 
 2.465472455089830  0.946187813173657  3.771120958083850  2.907280838323359 
 1.139378239436608  0.349997823239433  2.384485211267601  4.146450704225382 
 0.378953969835682  0.113118704262912  1.589586971830982  1.696542488262898 
 1.626688645833340  1.152783715277779  3.305660069444424  2.497013888888897 
 0.808477304347822  0.070398948516623  2.657873913043475  2.396104859335038 
 2.146553571428564  0.395064926428571  3.165748214285729  2.120695535714292 
 1.566889122807021  0.087984141157894  2.485879999999991  1.429922140350874 
 1.457991134020617  0.422510336082474  3.969868041237134  2.529996907216485 
 1.852412000000004  1.160463232000005  4.642364799999998  3.379170399999999 
 2.120768292682927  1.676544024390240  4.049385365853669  4.464832926829249 
 2.440445679012347  1.659988703703703  2.703277160493828  2.355382716049383 
 0.910778301980199  0.293207356435644  3.311697524752461  2.894026237623788 
 1.673535021097045  0.307556076202532  1.338200843881858  1.534273924050638 
 1.816725619834709  0.235750945289257  1.970017685950414  3.473496694214882 
-0.008532166813834  0.075105394395879  0.992615746872704  1.039836195732158 
 0.709245070921988  0.145023178829787  1.183306063829785  1.152125975177303 
 1.159081551155116  0.792067194719472  1.461573531353130  2.237571287128709 
 0.978050945454543  0.242522456000000  0.692565111272726  1.970772363636362 
 2.312466887417219  2.067070198675498  3.038788741721855  3.563856291390718 
 1.542638888888888  0.102142180347222  1.389683055555555  2.539389583333349 
-0.201509780329220  0.070467607267489  0.582691840329218  0.890194897119346 
 1.412495813953489  0.535341379844962  2.778193023255816  2.358882945736436 
 1.062897112860893  0.548335950131234  1.902247506561685  1.540933123359578 
 1.024694046808512  1.284676000000000  2.450534042553194  2.413146382978727 
 1.855212543554007  0.487742848083621  2.160854006968632  2.084995818815330 
 0.645818057784913  0.093618359823435  2.106454735152488  1.522779133226325 
-0.541837975567189  0.073390913120690  0.510831728010475  0.546076633507853 
 1.740088181818181  0.831581233766235  2.060912987012989  0.973314660389612 
 1.477765953757225  1.870662427745661  2.248423699421968  3.143564739884394 
 1.210863750000000  1.661263888888887  2.981048611111113  3.838365972222219 
-0.196126497985495  0.065994851039484  0.898859758259467  0.611413491539079 
-0.262170519311065  0.067237982682672  0.520492435281837  0.449672691231733 
 1.076963177570095  0.366706263551402  1.151671074766353  3.214588785046730 
 1.093090663615564  0.447534814645309  2.056543020594965  2.504195423340961 
 1.027768339100346  0.671429740484429  2.590884429065745  3.180483044982699 
 1.630896141732284  2.190655118110237  3.213796062992127  2.236650393700787 
 1.858393115942029  0.802501195652174  2.766219565217395  3.412846739130435 
 2.538695070422534  1.053726063380282  3.253757042253522  3.899189436619721 
 2.529338888888891  1.584902619047620  1.957757936507937  3.454620634920634 
 1.705506393442623  1.985268852459018  1.847732622950819  1.858963278688526 
 0.415985488706365  0.081185953716633  0.988503490759754  2.022750924024644 
 1.617767224080268 -0.021935073244147  2.737140802675586  2.864013712374581 
 2.606079487179486  1.530373205128204  3.333300000000000  1.367544102564103 
 1.342148503401361  1.087185646258503  1.700795918367347  3.682094557823133 
 0.803116505300353 -0.099407122968198  2.661781978798590  1.719828268551236 
 1.428076740740741  0.785643177925926  3.368508148148148  1.045005407407407 
