 0.023923253944903  0.074461240642214  1.235362568807191  0.592441616514084 
 0.274897446629213  0.086404735196617  0.683621109550497  1.635991573033523 
 0.897980838323148 -0.011676092095798  1.773873652694435  2.272022754490927 
 1.756133734939709  1.118675421686760  2.739896385542270  1.851781325300799 
 0.157777735657665  0.076163902551504  1.207359556259958  1.339528050713158 
 1.162535693430626  0.109016151094912  3.514798540146039  1.865745255474654 
 0.615160124688302  0.142575531147137  1.079068553615937  1.401602992518682 
 0.407123492592626  0.101311286370359  1.776028888889032  0.621721437777767 
 0.646289521739222  0.167724000483103  2.811675845410372  1.410663816424916 
 2.776847169811225  0.898878084905648  2.426025471698157  3.078384905660331 
 0.617375439374963  0.016472036809375  2.284221249999931  2.040749999999954 
 2.172041666666552  1.653328541666690  1.618064999999951  4.520562499999860 
 2.211828378378456  0.910035810810850  1.125256824324186  3.284078378378654 
 1.635309999999952  0.261200716049429  3.757995061728572  3.773640740740657 
 2.669601388888817  2.168119444444464  3.901475000000018  2.495029166666581 
 1.406151619047611  1.093893333333351  4.074259047619122  3.422442857142895 
 1.154150272108835  0.045651702040816  1.853873469387786  0.810290877551022 
 1.883935051546384  1.080766237113410  2.336763917525768  2.910738659793827 
 0.998751666666658  0.007619531896554  2.015123563218369  1.634023275862124 
 2.509847619047619  1.395088412698405  1.419824904761895  1.770288571428565 
 0.938136567164200 -0.063406861691541  1.940886069651699  3.004827860696480 
 0.782376888888867  0.747690457516310  2.812833986928099  1.796592156862740 
 1.845606282051270  1.294123589743579  4.492111538461541  2.105305128205150 
 0.172525435199997  0.080683713254399  1.474520000000014  1.027505328000002 
 2.443280733944971  1.102577431192667  3.790235779816541  3.051414678899095 
 1.105831224489779  0.362388146938770  2.044628571428564  4.096194897959222 
 0.327611208409507  0.091436227096893  1.587312614259587  1.509817733089565 
 1.788930000000014  1.246696562500000  3.159181249999963  2.639710000000017 
 0.724054798353906  0.074143007407405  2.785984773662532  2.345041563786006 
 2.042627184466006  0.092803258446601  3.165484466019451  1.942320388349529 
 1.771719327731098 -0.052015712605044  2.397810924369726  1.409749411764699 
 1.536073529411762  0.160698555294116  4.076243529411799  2.519310588235274 
 1.940154385964922  1.070130596491239  4.896861403508761  3.358035087719298 
 2.427912500000002  1.981804999999994  4.467892500000021  3.997302499999968 
 2.398888333333334  1.776285833333334  2.782064166666669  2.421573333333332 
 0.785488531531533  0.338952269369370  3.518823423423402  2.865263963964015 
 1.813075824175819  0.172491340219781  1.332514505494506  1.292540989011005 
 2.204918309859145  0.201664398028171  1.828533521126765  3.869283098591551 
-0.042444822334294  0.074028919286743  1.125613314121046  0.976234971181563 
 0.312257382566590  0.083518875786925  0.886051380145273  0.982767094430992 
 1.447516347826089  1.395310347826088  1.680656695652163  2.738668695652159 
 0.429030434628973  0.100132922614841  1.012099540636039  2.126406713780915 
 2.573632926829271  2.145312195121953  3.072952439024387  3.604591463414610 
 1.543241666666665  0.007355050595238  1.247473214285710  2.595952380952411 
-0.001400859402465  0.073115674077328  0.850956291739891  1.259803339191581 
 1.338694975609756  0.509793492682929  2.971296585365855  2.256065365853663 
 1.277131753246753  0.973651688311687  2.110170779220786  1.912748051948043 
 1.069690643274859  1.156139941520467  2.659860818713452  2.494739181286548 
 2.298937391304347  0.327393339130429  1.987719130434762  2.460313043478247 
 0.337738990654210  0.075854161869160  1.916489096573212  1.130067352024921 
-0.580031697341513  0.164158985869122  0.420708121267904  0.521625439672799 
 1.842439160839159  0.654569230769232  2.115055244755248  1.206672167832168 
 1.581039814814812  2.042235185185177  2.453451851851858  3.015068518518522 
 1.062365636363635  1.131890363636362  3.185303636363639  3.613335454545447 
-0.200403821106821  0.068922685893180  0.807259601029598  0.913607310167307 
-0.007452968389662  0.075839922047713  0.770661033797221  0.625263713717694 
 1.043709266055051  0.404317908256881  0.943935119266051  3.328866055045878 
 1.261500966386557  0.569720294117647  1.704222689075625  2.678418487394961 
 0.784362292207790  0.450701090909092  2.395497402597414  3.127000000000000 
 1.675790804597700  2.247088505747129  3.437541379310344  2.022773563218391 
 1.759508108108108  0.809469797297299  2.524372297297302  3.584722972972974 
 2.732295121951219  1.099289036585366  3.356300000000001  3.903420731707317 
 2.496394029850746  1.876877611940300  1.841176119402984  3.155898507462682 
 1.854575384615384  2.292829230769233  2.099613846153844  1.908461538461539 
 0.301812550106610  0.112445419808102  1.225912793176970  1.724686780383804 
 1.980491044776124  0.225181698507463  3.020104477611946  2.914585074626852 
 2.660749999999999  1.477725370370369  3.186670370370370  1.294182407407408 
 1.439216896551725  1.332169540229883  1.376320229885058  3.713047126436791 
 1.124331172839505 -0.230015276358025  2.669891358024701  1.720689506172836 
 1.423243717948718  0.445849690512820  3.159801923076922  1.287775512820512 
 0.739024326996198  0.118730519011406  1.307409733840306  2.595530798479090 
 1.459876209677422 -0.033778131290322  2.210613709677416  2.327362499999995 
-0.027647038329241  0.073500582039312  0.457434021621622  1.073622972972975 
 0.943931535087722  0.550319035087720  1.365051359649130  2.116785087719306 
 0.949470603488372  1.670458139534884  3.456329069767440  2.796667441860463 
 1.721292680412371  1.955743298969072  3.990857731958757  3.012128865979384 
 2.257386842105261  1.470654736842105  2.929673684210529  5.149955263157895 
 0.688331855203616  0.124988553257919  1.223557782805440  0.786093312217194 
 0.461020300922331  0.259281378640777  1.991812135922331  2.518104368932037 
 1.605615425531916  0.193963909574468  2.280563297872340  3.140382978723404 
 1.252664201388890  0.387215260416667  2.470418055555556  1.829453124999999 
 1.226025520833335  0.985599687500002  3.654911458333335  1.793572916666666 
 1.033867857142859  0.366522049863945  2.309409863945584  2.494995918367352 
 1.560984631578948  1.390057473684209  2.842831578947368  1.043074926315789 
 1.449828513513514  2.286178378378376  2.885162162162161  3.919551351351350 
 1.029738543689319  0.340088121359224  2.669560194174758  0.600489657281553 
 1.200694328358208  1.156040208955224  2.641832835820895  4.420125373134331 
 1.603138875000001  1.054788375000000  0.880446926250001  2.446921249999998 
 1.633309289617486  0.560616885245901  1.627949726775956  1.951580874316940 
 2.111052688172044  0.355970161290322  2.905810752688172  3.866003225806453 
-0.313031913279132  0.078920846626017  0.849363319783198  0.548035113821139 
-0.253265691123190  0.082592560887681  0.464771452898551  0.422887670652174 
 1.273353129251700 -0.211170714965986  2.915432653061221  2.724603401360547 
 0.978387216494847  0.572943917525773  2.214431958762890  1.242644278350517 
 0.986549689655173  0.411058896551724  1.603624827586206  1.491571137931033 
 0.886720676923078 -0.007026629323077  1.357719446153844  1.780040923076926 
 0.467870684326711  0.088268912803532  1.644346136865343  1.989762913907282 
 1.601081944444444  1.176219722222222  4.253533333333335  1.032256361111111 
 1.456546419753084  0.826261543209876  3.616982098765434  2.583552469135803 
 0.826578452830188  0.514294943396226  1.984067924528305  2.049182641509435 
 2.323302105263159  1.445696210526316  2.421781052631579  3.898447368421053 
 1.320674900990102  0.522977797029703  2.954300495049504  3.025214356435643 
 1.653595412844040  0.561593816513761  2.457229357798164  2.406024770642201 
 2.490885454545455  0.762387272727273  2.861676363636363  2.338249999999999 
 1.197200839694656  1.215640992366414  2.274397709923664  3.316350381679389 
 0.665462109181144  0.076355143017370  1.590855831265508  1.208854119106700 
 2.101831192660550  1.205130183486238  1.825497247706422  2.346258715596333 
 1.826734265734265  1.416961748251748  3.177544755244757  3.499533566433568 
 1.862758333333333  1.392254375000000  3.967675000000000  4.421481250000001 
 1.428840649350649  0.379412162337662  1.662611038961039  3.328542857142855 
-0.325054274234694  0.062543787844388  0.498021885204083  0.766224974489796 
 0.486539881637717  0.156597300992556  2.061620099255584  1.603777667493796 
 1.089017115384615  0.133913252884615  2.895834615384613  3.694180769230770 
 1.258338682170542  0.354599101550388  0.836546279069768  1.551180542635660 
 1.496966029411765  1.473072647058823  1.620935000000000  1.258386470588235 
 2.105793518518518  0.967118888888889  3.571178703703703  1.964597222222220 
 2.452609677419354  0.455819059677420  3.957645161290327  2.534348387096773 
 1.401257831325302 -0.035161337951807  1.663599397590362  1.974910240963854 
-0.509241003787879 -0.035990204154716  0.603679299242424  0.456500507575757 
 0.896060759493671  0.115418102531646  0.618119693670886  2.158234177215190 
 0.774868757575758  1.657246969696970  2.042045454545454  2.526007575757576 
 0.709894736842106  0.065253383400810  2.293306477732796  1.124023967611336 
