 0.002228913779081  0.075081297803475  1.015901141485006  0.887720983376498 
-0.372022597688050  0.070508654121233  0.592431277531741  0.541153182416133 
 0.953196515564135  0.218856285379382  1.150784770038853  2.397523929961059 
 1.669757025316444  0.824596487373422  2.837877689873443  1.335845407753058 
 0.347987790520876  0.093165400009385  1.084578573439717  1.599111450023464 
 1.496223488045004  0.485872074430384  3.580179887482428  2.412887060478242 
 1.187386090534986  0.299861147026751  1.473945010288058  1.384147664609040 
 0.342738185592421  0.086086945214216  1.575995549763045  1.027089589668243 
 0.985222027726448  0.103701508327173  2.757857670979622  2.138446395563727 
 2.257926569343044  0.648642338773720  2.661292992700733  2.888306715328460 
 0.604724398580402  0.117858251811943  1.847352435830262  1.902371241487682 
 2.251836036036025  1.560055000000005  2.673651869369364  4.087790090090083 
 1.601564080267567  0.720643440969904  1.575065489966538  3.555807859531800 
 1.295990909476657  0.385693394908067  2.920205091937778  3.520991654879769 
 2.237932121212113  1.909659277389280  3.020237995337999  2.383199440559430 
 1.970330423728814  1.320614777542375  4.103216101694920  3.513029025423740 
 0.822903759649121  0.188983033096492  2.388274298245621  1.223633762280698 
 1.306302262628334  1.666715708418892  2.802741478439425  3.221114579055442 
 1.597042592592587  0.221328473137256  1.996965893246180  2.096846732026160 
 1.907374297520664  1.406387066115700  1.573664196487603  2.288111487603306 
 0.982073215116279  0.199342781453489  2.033299709302321  2.821083139534878 
 1.177553737467019  0.985885686015828  2.488716490765178  2.324915303430080 
 1.894064867549669  1.369951854304635  4.129024172185431  1.972138708609272 
-0.083338832718121  0.068286456434564  0.561032894127517  1.050797751677852 
