 0.139734655254914  0.082361528776282  1.321234869927075  0.727240971904451 
 0.147751452808988  0.078501993497185  0.662445833988733  1.322890210674063 
 0.693239199999896  0.103169516646622  1.435170285714197  2.315373984962358 
 1.700394977168913  1.246280776255717  3.037037899543455  1.258794470319326 
 0.351913312944503  0.085796685192032  1.000630554765332  1.832098435277381 
 1.273573084905648  0.428706820817619  3.396497169811343  1.586899811320841 
 1.068206842105282  0.056289949364795  1.511273357531740  1.614846170598898 
 0.349397823397085  0.091455659736780  1.726122609673833  1.124591552305960 
 0.763054436657733  0.270562298921839  2.654309973045677  1.064610312668352 
 2.514516129032222  1.082392064516125  2.219629838709694  2.987500403225785 
 0.621499764542880  0.140485902164557  2.073573277074508  2.159326722925436 
 2.078347701149393  1.304773528735639  2.302263103448262  4.437691379310306 
 1.877041575757610  1.252894909090926  1.147611351515091  3.429877575757702 
 1.735510184501831  0.423829811808132  3.254123985239902  3.697432472324700 
 2.053880372340399  2.161788297872348  3.874711702127667  2.624423936170181 
 1.019831710062889  1.333794968553470  3.700462264150990  3.348230817610092 
 0.841114343675416  0.086579182482100  1.830698568019104  0.754019465871123 
 1.505834758269716  0.987882010178118  2.341794147582695  2.967186768447839 
 1.319244877049174 -0.028477109754097  2.045602868852441  2.188280327868895 
 2.001807777777777  1.632146166666662  1.593641344999996  2.089970444444440 
 0.916941879611659  0.184227244000001  2.059322135922314  2.864190485436882 
 1.033315172744717  0.702190556621872  2.584242610364683  2.125935508637231 
 1.982086416184967  1.110661040462424  4.208005780346824  1.905546011560704 
 0.148688030430797  0.078224928148487  1.245420430797439  1.313750687442716 
 2.538873271889411  1.006550000000003  3.297601382488494  3.246260829493092 
 1.099636333333326  0.515520111428569  2.304528095238092  4.000711904761924 
 0.412075608553327  0.120128089685323  1.586946251319954  1.700830411826811 
 1.587608793103454  1.161364080459773  3.273670977011478  2.514910057471271 
 0.877460805139183 -0.001654093126339  2.801536830835116  2.047255674518206 
 2.284402941176463  0.436128173613445  3.200435714285728  2.165157142857150 
 1.556360928961752  0.143701185327868  2.443946994535516  1.395178887978142 
 1.287225230483271  0.355432596654275  3.805149442379194  2.574105947955383 
 1.909451912568309  1.151197508196724  4.504296174863385  3.243532786885245 
 2.298630172413794  1.511224146551721  3.924412068965524  4.412331034482744 
 2.495293922651932  1.849709392265193  2.851957458563534  2.110688176795579 
 0.885861145772594  0.354618151895044  2.883172886297368  3.047996209912549 
 1.963137499999998  0.494472740948277  1.362087573275863  1.767943448275866 
 1.867850920245397  0.282433577484663  2.079008588957055  3.348395705521478 
-0.027624269131097  0.072423044500000  0.947679893292686  0.997519862804883 
 0.687457614533967  0.155380240821485  1.133777835703000  1.215287045813586 
 1.215915707964603  0.737771592920355  1.614824469026547  2.385461504424773 
 0.958927663551402  0.238040851090342  0.730243319626167  2.035799376947038 
 2.389868918918921  2.157108108108106  2.891080405405403  3.659558108108098 
 1.426316558441559  0.053671564285714  1.312987012987013  2.713480519480533 
-0.226044415492960  0.068740818617958  0.559317487676056  0.878914225352117 
 1.542002580645163  0.075066867204301  2.861020430107528  2.740580645161288 
 1.035373095238096  0.589563571428571  1.870328809523811  1.608849166666664 
 1.251994125000001  1.816559134615385  2.572962980769229  2.360975480769230 
 1.798720740740742  0.600420997530863  2.410401728395057  2.218156543209876 
 0.665772922868743  0.086363273031123  2.170647902571045  1.540411502029770 
-0.546845270758122  0.075946321386562  0.523831255685925  0.527477898916967 
 1.651619494382021  0.994843820224720  1.973887078651685  1.080070925280899 
 1.582738000000000  1.867164117647056  2.084172941176471  3.279337647058823 
 1.454836311111111  1.557322488888889  3.017911555555557  3.603597333333334 
-0.197662577302631  0.066655143700658  0.894040032894735  0.591563472861840 
-0.256526683839479  0.067066329533623  0.500535143167028  0.461042536008676 
 1.041256000000001  0.520548244000000  1.235346149999999  3.389906000000001 
