 0.000099076292614  0.076638576795933  1.112240517051664  0.711195132563353 
-0.359747092378412  0.069798517540423  0.570342517585995  0.586519565895594 
 0.946196362525389  0.203366030621186  1.147635639103809  2.371368329938869 
 1.666366661101825  0.781094871485814  2.834561268781330  1.305509862604227 
 0.380076281220403  0.094979496307206  1.118425779063667  1.650415044713310 
 1.537563640552994  0.534806441812601  3.597758525345635  2.263222273425543 
 1.188575101387412  0.294392540992532  1.475117395944495  1.368561803628588 
 0.362134014123461  0.086604119793579  1.591172444444458  1.092120707259257 
 0.967670184586127  0.105246127507137  2.725711037107470  2.118041769743059 
 2.141620487105995  0.675172865759309  2.471439255014335  2.716648567335238 
 0.612946605777645  0.119895065473891  1.866371252105543  1.926662549129694 
 2.240043019943005  1.779066324786330  2.513831196581191  4.041727920227905 
 1.619261950718696  0.866614579055447  1.364112839835709  3.286283983572933 
 1.242256926605496  0.307191664220189  3.113838073394513  3.165231039755345 
 2.180517136038179  1.935125369928403  2.981416229116949  2.352416610978511 
 1.787546715116279  1.432802744186048  4.240117441860479  3.562366569767458 
 0.813201520072991  0.184431122016424  2.383607116788331  1.210913256386858 
 1.281405159960936  1.565752832031252  2.861700195312501  3.229659960937499 
 1.554873913043471  0.195712554622427  1.976844153318070  2.072496453089263 
 1.901505012787727  1.452228158567773  1.580145220204602  2.100176086956522 
 0.992125148223351  0.197499522802031  2.012130862944156  2.861491979695428 
 1.126324707627120  0.983782641242934  2.429121892655375  2.252837146892659 
 1.976648477508650  1.433639169550171  4.136265397923873  2.003924671280278 
 0.024818746349065  0.074733220271149  0.809918728317008  1.129484443455034 
 2.440859459459455  0.914997974864865  3.366302972972974  3.422476486486491 
 1.512668500000001  0.520357547086956  2.327866695652174  3.942332173913044 
