 0.107367165009419  0.078760286516967  1.076361972196021  1.041704191800233 
-0.311641581459110  0.069773904123212  0.617598618285310  0.626163716821549 
 1.300776052149358  0.386143796293169  1.609557142353727  3.057922762508782 
 1.221448493794904  0.397953910822993  2.856010189418677  1.569775927302368 
 0.561252484106681  0.122983012115455  1.179718944683974  1.827967117281692 
 1.990518116402113  1.104916761481484  3.604383280423291  2.098241661375674 
 1.650551518578356  0.518339989709209  1.713702723021001  1.766904935379634 
 0.600187076979250  0.123706374365102  1.856280476556500  1.187443748731736 
 1.326789297820823  0.357740056295400  2.961505690072630  2.909310774818390 
 2.013529292604491  1.161716475948551  2.409393065380488  3.857875669882099 
 0.818274843289851  0.157070949600082  2.094930370974303  2.183016918059528 
 1.856049678151258  1.476316146458582  3.827618247298918  3.464186914765905 
 1.782383475675676  1.564408261261264  2.311912117117111  2.517774162162159 
