 0.231260592240170  0.087712972319172  1.134310374027510  1.252379491322599 
-0.264118980626563  0.070277478737326  0.672986553546025  0.659916301595224 
 1.809540060189120  1.146547864368016  1.835078740412673  3.425681513327573 
 1.093377547679321  0.251821287565402  2.710629409282691  1.888979329113893 
 0.913567191403099  0.195921719856474  1.510466461151715  2.261145483776672 
 1.793225520431764  1.102328695913649  3.690140092521209  2.315424471087136 
 1.868948366477273  1.152988804261363  2.215825737926143  1.948478927556811 
 0.714662674413374  0.148893222422372  1.896507209900355  1.270481555737704 
 1.324345518614267  0.332932128128231  2.626115770424001  3.090004808686651 
 1.948746347733578  1.476830329324699  3.427162997224789  3.681246345975947 
