-0.053263412325845  0.073165667742769  1.036253885316143  0.695126685423460 
-0.369516230757049  0.070252947685558  0.552621703927772  0.583040988976858 
 0.982830439024311  0.213821165470389  1.097527163298421  2.399384552845493 
 1.707965695238082  0.902876752380957  2.802362095238125  1.333626178476062 
 0.382902178364382  0.094384312929606  1.129219583850948  1.652606418219462 
 1.547107473841553  0.509275261016447  3.546913303437978  2.177784005979117 
 1.220467057444320  0.318248772930835  1.436890199296590  1.385917936694008 
 0.322220614000004  0.088177388510525  1.513789963157908  0.999637611684210 
 0.927876880333969  0.115797172272729  2.681077272727225  2.078893784786599 
 2.165058160237367  0.708394734866465  2.475096290801197  2.721420771513349 
 0.670991813556883  0.135085384332329  1.803827581009773  2.164721024868114 
 2.244466379310330  1.782971465517246  2.507948994252867  4.038387931034467 
 1.635949458333343  0.885120958333339  1.383755714583312  3.311992291666706 
 1.233632813138678  0.300678342043801  3.139346423357683  3.074579562043789 
 2.159704299754293  1.958055773955776  2.992733169533174  2.384957641277631 
 1.772065793871866  1.407025247910865  4.225555988857954  3.551387465181075 
 0.940008729456383  0.204579456194690  2.499765360303425  1.090757336283184 
 1.253067189421156  1.564701916167667  2.865253892215570  3.210112375249500 
 1.579353837072012  0.175588000873673  2.002041428571420  2.063611924439216 
 1.908690079575600  1.459397188328911  1.565020639522545  2.121465225464191 
 1.074986360674157  0.210879305011236  2.035759438202244  2.958888089887633 
 1.129574338526912  0.964050212464586  2.390510481586409  2.249384135977339 
 1.984286813559321  1.425226033898303  4.139383050847456  2.018876372881357 
 0.028860543069077  0.075218816095967  0.806437387019008  1.141881043115441 
 2.439647837837835  0.920080974864865  3.362527567567569  3.423226216216219 
 1.506095890109890  0.544697830021977  2.426230285714285  3.967482197802199 
 0.573337652112677  0.110830481040912  1.925597250167672  1.517244037558682 
