 0.031865008751670  0.076195095533961  0.986385933691254  0.979633627919512 
-0.336699120808029  0.069539019573886  0.592703692923151  0.598123964404527 
 1.065468410112313  0.237158475098318  1.442243621488724  2.701731109550535 
 1.087746041819511  0.351973121460016  2.703631107850338  1.363158952824597 
 0.459195093117739  0.107707881169154  1.079627301658391  1.688886608623548 
 1.640693259704250  0.527518283844734  3.466399907578565  2.280507772643277 
 1.609658197879864  0.535321910565373  1.667493243021197  1.641957376325077 
 0.467368233520039  0.099837806118913  1.669652408444642  1.052506801464878 
 1.135138431893690  0.218100115487265  2.497748726467322  2.440397563676608 
 2.083279618320596  0.940155013053434  1.788127662849868  3.219666666666663 
 0.666351456726882  0.128695936089893  1.904629677419334  1.871145548387091 
 2.071586421874991  1.638137015625002  2.859107187499999  3.923261875000000 
 1.428346705617982  1.461574134831462  2.344073550561791  2.546267820224730 
 1.363073735867445  0.447767985087721  2.726242787524368  3.542080896686158 
 2.233149814814816  1.640288966049383  3.211243055555554  2.045416404320986 
 1.801466138643535  1.302911069400631  4.084033438485800  3.273389905362777 
