 0.142533180204747  0.081271538969291  1.334540398179658  0.707815101251623 
 0.137321153209700  0.076415466576313  0.648320005420796  1.297442938658964 
 0.756982371133903  0.103562176288666  1.518458041237014  2.401087628865923 
 1.699953789473641  1.229840210526327  3.016123684210615  1.205907626315434 
 0.320706142483642  0.089882080248364  1.034558562091543  1.628659738562090 
 1.251306584415567  0.349441435584429  3.489720779220808  1.510284891775010 
 0.960174517241397  0.071886671379314  1.521339637931016  1.673318793103435 
 0.359295794471165  0.088158169766823  1.739673918269276  1.133212091346152 
 0.748753445714340  0.266856499142864  2.654309142856988  1.055001731428453 
 2.646204395604340  0.774472692307685  2.420901648351673  2.832050549450521 
 0.578214593296159  0.131352855890128  2.087599363057289  2.156678343949019 
 1.942098769230727  1.468790000000009  2.340832307692289  4.574270769230718 
 1.803466826347339  1.197753017964089  1.150659838323293  3.541732335329464 
 1.528630999999981  0.296245247368441  3.418551578947443  3.719656315789440 
 2.178694078947335  2.072705921052640  4.002040789473694  2.766638157894698 
 1.049202701169587  1.308952923976618  3.659288888888934  3.269884210526342 
 0.818964621212119  0.087525246111111  1.854581313131325  0.742388955050507 
 1.751957594936703  1.019994715189877  2.189195569620252  2.830143987341777 
 1.278735260770968 -0.075427588435373  2.044304308390002  2.131538775510253 
 2.225381456953642  1.305115231788075  1.478926835099334  2.114795364238404 
 0.923828662721906  0.054057885207102  2.012482840236662  2.997259467455604 
 1.142808325581389  0.643517162790687  2.770160930232555  1.920323023255812 
 1.941776415094335  1.163091383647794  4.214879874213841  1.824815094339634 
 0.139692790711461  0.075830936768774  1.282405701581035  1.259347114624505 
 2.403991525423737  0.894070235593224  3.653516949152558  2.930930508474581 
 1.180924910179632  0.433142295808380  2.282040119760475  4.149035928143734 
 0.396110117059485  0.121960823492706  1.594640291806954  1.722489898989887 
 1.603416752411583  1.160554630225082  3.263698070739532  2.507356270096469 
 0.893603651551309 -0.032648466801911  2.795270405727922  2.010681384248213 
 2.141606578947359  0.420755673771929  3.172172807017558  2.030139912280707 
 1.510773186119878  0.076879678012618  2.420320820189269  1.345134227129336 
 1.357295020920502  0.399715028870293  3.864289958159011  2.505859832635975 
 1.863924827586210  1.121034855172418  4.599844137931032  3.304371034482757 
 2.105919512195122  1.668978048780484  4.075865853658546  4.459741463414615 
 2.526870285714284  1.730092971428571  2.838090285714284  2.115433828571429 
 0.809945601449275  0.232597046739131  3.037163043478251  2.820481521739150 
 1.734813559322032  0.340062690932204  1.322980665254239  1.541506737288140 
 1.817322779922778  0.214545433436294  2.023336679536678  3.384329729729737 
-0.026160065220700  0.073146698846271  0.957248363774736  0.993893919330293 
 0.698512775919735  0.165136974816053  1.174464130434780  1.173436722408026 
 1.192795803571430  0.824044166666666  1.507013482142852  2.335932440476185 
 1.023254398496239  0.250705681954887  0.700258592481202  1.990866917293231 
 2.395310791366907  2.089790647482015  3.013015107913669  3.546172661870493 
 1.553017880794701  0.120975714039735  1.403213509933776  2.553606622516571 
-0.225522949867843  0.069234147973568  0.563838155066079  0.876594519823793 
 1.583561942257220  0.114188172178478  2.842912860892389  2.762272703412072 
 1.030715128805621  0.562600679156909  1.928744262295085  1.622298149882903 
 1.035154668161436  1.336990807174889  2.493530941704036  2.324901345291481 
 1.835575000000000  0.535907167816090  2.299302011494245  2.128482183908043 
 0.645451296829973  0.091759341167147  2.167091930835737  1.535150288184438 
-0.546527347122302  0.075800409259272  0.523617905845328  0.528242133093524 
 1.671299720670390  0.871093407821230  2.032208938547488  1.067263730167599 
 1.465838913043478  1.852283152173909  2.190689673913044  3.196067934782608 
 1.397018819875775  1.722067080745340  3.089731055900624  3.700977018633541 
-0.196204042868920  0.066701533998351  0.894922126957954  0.591445756801317 
-0.256848100000000  0.066767502518919  0.500382715675676  0.461352862918918 
 1.081638968609867  0.424893055605381  1.190113408071748  3.269964125560539 
 1.064879156378602  0.452885505144033  2.255168930041151  2.451709259259261 
 1.041359659863945  0.756414047619048  2.513959183673471  3.219456122448981 
 1.635515390625000  2.185025781250000  3.206982812500001  2.235601562500000 
 1.854440637450199  0.801521434262948  2.739531872509963  3.465847410358566 
 2.547112765957446  1.041893765957447  3.255214893617022  3.901719858156031 
 2.530429365079366  1.566025952380953  1.961930158730159  3.438887301587301 
 1.617873925233644  1.999093457943927  1.845074299065420  1.815520747663552 
 0.466181276029056  0.098863468208232  1.016447433414044  2.141290314769976 
