 0.005858129514707  0.075902077619335  1.062828500397738  0.846880968178273 
-0.374639348604270  0.069776390057900  0.584803413234804  0.543941639802937 
 0.951279260194108  0.217939416864082  1.149508692815477  2.396744466019388 
 1.669757025316444  0.824596487373422  2.837877689873443  1.335845407753058 
 0.346377286589321  0.093183277484918  1.089595749419969  1.594066310904873 
 1.496223488045004  0.485872074430384  3.580179887482428  2.412887060478242 
 1.189752849740939  0.301792444466323  1.472896321243516  1.384435461139882 
 0.359648982228920  0.086259395533131  1.595445115461860  1.048374745080318 
 0.985222027726448  0.103701508327173  2.757857670979622  2.138446395563727 
 2.257926569343044  0.648642338773720  2.661292992700733  2.888306715328460 
 0.607017203851023  0.118018778187533  1.849138193343882  1.905355625990483 
 2.251836036036025  1.560055000000005  2.673651869369364  4.087790090090083 
 1.601564080267567  0.720643440969904  1.575065489966538  3.555807859531800 
 1.295990909476657  0.385693394908067  2.920205091937778  3.520991654879769 
 2.237932121212113  1.909659277389280  3.020237995337999  2.383199440559430 
 1.970330423728814  1.320614777542375  4.103216101694920  3.513029025423740 
 0.824360545132741  0.189783616575222  2.392215840707972  1.223754662831855 
 1.306302262628334  1.666715708418892  2.802741478439425  3.221114579055442 
 1.597042592592587  0.221328473137256  1.996965893246180  2.096846732026160 
 1.907374297520664  1.406387066115700  1.573664196487603  2.288111487603306 
 0.982296280735721  0.199922449622459  2.032829235237169  2.820978412391088 
 1.177553737467019  0.985885686015828  2.488716490765178  2.324915303430080 
 1.894064867549669  1.369951854304635  4.129024172185431  1.972138708609272 
-0.059322846644951  0.070318431732248  0.619060547100978  1.057339785016288 
