 0.156911829520261  0.080871749020918  1.329251623616138  0.679066400984227 
 0.157219601785714  0.077278531205351  0.636461032440443  1.315830639880853 
 0.724978214788611  0.103981169190147  1.481442411971729  2.417908802816842 
 1.569854647887285  1.173503943661982  2.905482629108060  1.336468967135832 
 0.284868443966530  0.088131180645160  1.088415985663120  1.557218996415768 
 1.258046259574451  0.336443848170226  3.487039148936200  1.532075655319266 
 0.933022892976606  0.094017534782612  1.510830602006672  1.697325250836109 
 0.419808482319673  0.100061193954734  1.817511598302741  1.092838840169729 
 0.763254867647114  0.253404338823536  2.654228823529253  1.040027811764584 
 2.656296531791849  0.757626647398836  2.426966473988464  2.844777456647368 
 0.572909345056523  0.138885573665590  2.088050080775408  2.158095961227762 
 1.945204961240268  1.472182170542645  2.342894573643392  4.576876744185994 
 1.770431265822820  1.209015974683563  1.155734132911328  3.577437974683674 
 1.532899473684191  0.320347057894756  3.416151052631654  3.724455789473650 
 2.165233793103412  2.101424137931044  3.988989655172424  2.768041379310304 
 1.054096538323349  1.321062814371268  3.665246107784477  3.280210179640745 
 0.891714205607474  0.074935999376947  1.843218068535840  0.722609115887852 
 1.732105369127512  1.041251275167788  2.064298322147648  2.856103691275176 
 1.240987254464279 -0.067044545535713  2.034358705357123  2.105966294642906 
 2.176143624161074  1.224297449664426  1.279120007382546  2.147477852348988 
 0.887325340694020  0.021667442271294  2.062225236593032  3.013228391167174 
 1.081833703703696  0.634808024691347  2.727499506172836  1.906767407407405 
 1.785654999999994  1.218870070422529  4.276485915492962  1.796843450704238 
 0.174677728944617  0.079255679696969  1.405526018808785  1.209939320794148 
 2.445402259887014  0.917634868361586  3.754571751412445  2.911583615819213 
 1.207660731707308  0.435795837804875  2.266992682926825  4.169489024390266 
 0.394364126066898  0.116490698537486  1.607018800461357  1.724387427912329 
 1.598564083601294  1.177974919614150  3.289551768488727  2.516472347266887 
 0.871082776412773 -0.021826942235874  2.789405159705158  2.063681818181821 
 2.131559909909901  0.455229836126126  3.214573423423439  2.044489639639646 
 1.505923778501633  0.040058711498371  2.492722149837127  1.397774560260584 
 1.372090855855856  0.408352437837837  3.892910360360377  2.517323873873866 
 1.860141984732828  1.138820030534356  4.623576335877861  3.345138167938930 
 2.105919512195122  1.668978048780484  4.075865853658546  4.459741463414615 
 2.412885714285714  1.628976914285714  2.690542857142858  2.319375428571429 
 0.820536473076923  0.292717018846154  3.094663076923066  2.825889615384634 
 1.691754098360654  0.305522914180329  1.373686680327870  1.553889016393448 
 1.815152747252746  0.220369433186814  2.023604761904761  3.352879487179494 
-0.007715524562682  0.075145856548105  0.995254336734697  1.039402835276969 
 0.708019690721652  0.151465178453608  1.183324999999997  1.168374776632301 
 1.166640506329114  0.784249588607595  1.482257626582273  2.248030696202526 
 1.001608749999998  0.240754153030303  0.710517096969695  1.944450757575756 
 2.396715942028986  2.092025362318841  3.013577536231884  3.551178260869555 
 1.534575503355703  0.108759022281879  1.387200335570470  2.547572483221491 
-0.202558285212420  0.070851573472222  0.584327521241830  0.886493455882358 
 1.535599740932644  0.396211720207254  2.792831606217621  2.662817875647670 
 1.039225061728395  0.559824592592592  1.951832839506177  1.581187728395060 
 1.051639437246965  1.270486072874494  2.450604453441298  2.406607287449395 
 1.852925981873111  0.539346025377641  2.269612688821744  2.103484894259818 
 0.646985148093843  0.090751503181819  2.181258944281524  1.540168181818181 
-0.544159576719576  0.072725574106094  0.514340732186953  0.544397320987653 
 1.718902087912086  0.819667362637364  2.008875824175826  1.054848668681321 
 1.449066514285714  1.875250857142853  2.190580000000001  3.207440000000000 
 1.397495217391303  1.723386335403725  3.086247826086959  3.701139130434783 
-0.192611775444265  0.066405357786753  0.904431260096929  0.607168823101775 
-0.263294771090535  0.067602279537037  0.517403891975309  0.453463516666666 
 1.084133493449783  0.423742827074236  1.190222052401746  3.254451091703058 
 1.063022250530787  0.436235082802548  2.138803821656050  2.485315711252654 
 1.025027500000000  0.730781369565218  2.492519565217394  3.267717391304349 
 1.638065158730159  2.194789682539684  3.201214285714286  2.253482539682540 
 1.863616349809886  0.802897110266160  2.748363498098863  3.436417110266160 
 2.547112765957446  1.041893765957447  3.255214893617022  3.901719858156031 
 2.547272500000001  1.561447250000001  1.955980833333334  3.455791666666666 
 1.714281290322581  1.970447580645163  1.887607338709677  1.848544516129033 
 0.436616059080962  0.084006151991247  0.979036389496718  2.068952735229764 
 1.584678511904761 -0.282295234523810  2.860368452380952  2.723682738095236 
 2.619739473684210  1.536196184210525  3.341830263157895  1.362063157894737 
