-0.171033598139302  0.070838639936208  0.866253333333291  0.649670693142038 
-0.406717128933389  0.069922931212222  0.503385524846742  0.564643413731074 
 0.939178321951109  0.209720527430901  1.012140298536491  2.448586341463361 
 1.675552646153822  1.251033846153853  2.751714153846201  1.304058086153637 
 0.360490195258244  0.090454111253174  0.946526583403922  1.692694072819647 
 1.012379742451147  0.298469761012439  3.046115097690958  1.427651671403247 
 1.031259706546282  0.233745284029348  1.318638340857776  1.472187110609469 
 0.175714803811258  0.082320528196610  1.305469866908672  0.867809038112522 
 0.679352324562954  0.104167960708044  2.158670804195759  1.628274475524436 
 2.119422151898710  0.788106970464131  2.163004852320689  2.947830801687751 
 0.622564691905928  0.111139865312707  1.681982920792054  2.136711716171612 
 2.266751153846135  1.928675576923083  2.429005115384607  3.810846153846127 
 1.588313482428130  1.002874236421734  1.191257261980800  3.390628434504857 
 1.329056342342334  0.254742678018024  2.969565225225246  3.271957477477466 
 1.978132682926809  2.191473983739842  3.656156910569108  2.563615853658512 
 1.237929746109509  1.424008184438045  3.310398847262272  3.530482708933732 
 0.627210892045454  0.126721604029546  1.961741818181826  0.903725791136362 
 1.367791767554477  1.584801840193708  2.239819128329298  2.853692978208231 
 1.583465448504974  0.075045668338872  1.723652524916931  2.313754817275775 
 1.928403517915312  1.303895472312702  1.443852674592830  1.914634267100975 
 0.984188523746705  0.252785862664908  1.970433509234820  2.943882058047486 
 1.146957045454544  0.678195695187160  2.097793582887702  2.076894385026738 
 1.926243745583038  1.090631590106004  4.001946996466435  1.868555473498239 
 0.011143534874372  0.073856599054774  0.794315823517590  1.120879914572869 
 2.455085269121815  0.879400919830029  3.228817280453266  3.247313314447592 
 1.505737596899222  0.491181565012919  2.148748785529710  3.867294315245484 
 0.320783744776120  0.090646084447761  1.497065982587062  1.425778731343281 
 1.269321311507941  1.038913055555557  3.035178373015870  2.448327182539684 
 0.908804549327353  0.085869222387892  2.602588228699548  2.300242152466366 
 1.879861705989109  0.329315086243194  2.838943920145192  2.176276588021784 
 1.527561596958176  0.275407597832699  2.152172053231938  1.271927195247146 
 1.359173618666667  0.372075699733333  3.790569066666668  2.551659999999999 
 2.009745952380954  1.335693190476192  4.421350396825393  3.446426587301588 
 2.038810518134715  1.179594455958548  3.160989119170985  4.538224870466320 
 2.437305415162457  1.604917292418773  2.715086642599278  2.254072779783393 
