 0.218543970410103  0.086293138361948  1.065010179780619  1.324508462088745 
-0.258682855080115  0.070373462595722  0.687668975513663  0.658578313892545 
 1.528508742714356  0.640898281398840  1.894859935886711  3.519499084096556 
 1.270395773650609  0.368691522675568  2.719452814857807  1.475055904062641 
 1.086731894033407  0.236655077331741  1.293973770262540  2.247646959427206 
 1.846624657534247  1.206253720365298  3.696687031963472  2.235338100456630 
 1.859389208809137  1.233045227569331  2.085637055464930  2.167154681892322 
 0.568768333577715  0.126466651408357  1.724063911290326  1.089432807258063 
 1.251564818404307  0.311171748849730  2.742887714145864  2.697411111111104 
 2.098751390086203  1.708881756465514  2.744406390086207  3.457367133620691 
 0.708231947778609  0.140598685366754  1.994470816250463  2.002967163622803 
 1.732133502435897  0.961759338205128  3.726257820512821  3.675338717948720 
