-0.006974775236415  0.074027230864068  0.925123533037801  0.941178995862937 
-0.352027788169580  0.069974776842253  0.580750195445423  0.580721120939543 
 0.957326175675609  0.222788607693055  1.150085640540483  2.398327606177577 
 1.669340016556279  0.826570561291395  2.812308609271552  1.319714913410484 
 0.345033146697453  0.092088474064664  1.067263891454981  1.600172378752887 
 1.550332615629979  0.535285758724088  3.654705263157903  2.348303030303076 
 1.185627046153852  0.299536787600002  1.472730923076916  1.385516646153832 
 0.338290548298072  0.086195451748849  1.569352902483912  1.020709008371662 
 1.032672130909106  0.112602676554547  2.809466181818138  2.170100909090865 
 2.257283544303776  0.662253101350209  2.676406188466952  2.877262025316448 
 0.606337226367868  0.116322907621244  1.857582020725373  1.901496891191703 
 2.262838105726861  1.556447929515423  2.701133105726866  4.083096255506601 
 1.594577152103567  0.707777347411007  1.588660296116488  3.553953883495173 
 1.292697530529168  0.398258612211673  2.963349796472198  3.495664450474894 
 2.279851335012587  1.891117884130985  3.249338790931995  2.283034962216616 
 1.938991176470589  1.317588616557737  4.121890631808284  3.505371895424847 
 0.822948031034481  0.188277907525862  2.393990689655180  1.236535318103445 
 1.382408802814257  1.717407410881802  2.764152532833022  3.174862288930582 
 1.591273661670230  0.222026388479658  1.995116905781577  2.100735653104942 
 1.935686504065043  1.435765223577233  1.615421729878049  2.275078780487805 
 0.964355413627638  0.203769868483685  2.039080326295581  2.813783493282143 
 1.186856556578947  1.000773671052629  2.499100789473689  2.321279736842105 
 1.780099541284404  1.332414495412844  4.221095871559634  1.895944587155964 
