 0.057269884881733  0.078126745054904  1.170996368243174  0.706810155405556 
-0.112797345548655  0.069472904609383  0.611696559558301  0.969178405797057 
 0.634652037366044  0.126408496404376  1.533108087431631  2.201642185792311 
 1.719208856088531  1.256979778597795  2.748758302583085  1.267289180811557 
 0.343122802132684  0.086750032725117  0.890523321090081  1.765194786729862 
 1.253897825214889  0.476713731575940  3.379254154727815  1.520936100286611 
 1.028362055335979  0.280007269301715  1.706154150197610  1.586079196310923 
 0.204121277986189  0.079061498296147  1.510083020730539  1.064412349457055 
 0.726722567924562  0.237399501509438  2.563546603773489  1.241297567924450 
 2.100610681818161  1.009511613636362  2.266055227272739  2.821091818181809 
 0.608498772745680  0.087527211620061  2.110886626139791  1.813969098277594 
 2.452845641025611  1.474365179487186  2.249129230769217  4.003174358974326 
 1.769475219298268  1.226096859649136  1.197084618421010  3.454283333333425 
 1.756767333333319  0.443144057000013  3.210561666666713  3.681385999999978 
 2.024402885572113  2.170594029850752  3.848831343283589  2.611948756218875 
 1.176549118148147  1.332419888888895  3.467241111111139  3.440058148148168 
 0.615017940397351  0.097175832908609  1.896640794701993  0.909549398940398 
 1.163000359756093  1.369681890243906  2.194217073170726  2.921623475609754 
 1.401963728222989 -0.051589331986062  2.027925609756081  2.225800696864148 
 1.821959859154930  1.697778403755866  1.652362601408447  1.950133333333330 
 0.786858640553001  0.170551191182796  2.144232565284171  2.737330568356367 
 1.179342401215804  0.708183449848019  2.397325835866255  2.066219604863217 
 2.022871081081078  1.063777725225222  4.087898198198202  1.897910630630638 
 0.074432763439404  0.077941902092079  0.992655605958024  1.210880372376444 
 2.582385943775106  0.975943372289160  3.280093574297200  3.125520883534136 
 1.215640602409633  0.680891461445782  2.321740160642566  4.131114457831338 
 0.372049816600791  0.098097051258499  1.491638023715410  1.562113833992087 
 1.475931895883781  1.317777215496373  3.145936319612582  2.434961259079910 
 0.953651642105260  0.057518833228069  2.805196315789471  2.072389824561412 
 2.008819772727271  0.350540107090909  2.846910227272732  2.208274772727277 
 1.555026804123714  0.274254467680412  2.252981443298964  1.148071738917524 
 1.332961172910663  0.357875686167147  3.728921613832861  2.585457925072045 
 1.927256294416247  1.174214842639596  4.499107106598980  3.272856852791876 
 2.280598000000000  1.578140606666664  3.687878666666670  4.403611999999991 
 2.535053658536584  1.830545853658536  2.778427804878048  2.180922243902437 
 1.153593749999998  0.316345441428571  2.831590178571427  2.966988571428576 
 1.924749458483752  0.508281963176896  1.390864321299639  1.741681263537909 
 1.808249476439790  0.252908614554974  2.102460209424086  3.327969633507856 
-0.242100887892377  0.069078316438180  0.799540845611792  0.584545627930817 
 0.788240285234900  0.148914904597316  1.129581845637584  1.164678439597316 
 1.301546640159048  0.598110416103380  1.605608330019878  2.440983101391647 
 1.035783919239904  0.184472812826603  0.878584098812351  2.093098099762466 
 1.782695772357723  2.057475203252034  2.734693495934958  3.546260975609754 
 1.082516564643799  0.215367994459103  1.275875831134564  3.096432981530349 
-0.448092561173184  0.070541878104084  0.474717823072626  0.526287557541901 
