 0.005478422724781  0.077258749054499  1.117781209809223  0.715933755313447 
-0.358945963537054  0.069659154486657  0.571652199379975  0.586373842987878 
 0.966668084362070  0.218415662932103  1.129131869958787  2.388766975308610 
 1.685953559602637  0.805603615927157  2.857951655629166  1.333728936589292 
 0.382680678126602  0.095201332774060  1.123164135872378  1.646885898095729 
 1.481193625869260  0.484367113936027  3.575026008344933  2.403241446453449 
 1.194620344827591  0.302498284858936  1.488823897596648  1.371832455590373 
 0.371788296939787  0.086855238688054  1.610589980256677  1.089640242941755 
 0.986844332369959  0.087459040183046  2.742446050096291  2.213876396917104 
 2.156191336270169  0.673526216387662  2.464410866372987  2.747803524229069 
 0.619337739852773  0.117769945588332  1.871211450381663  1.924300272628126 
 2.163544300518121  1.621503678756482  2.536952979274607  4.153319170984446 
 1.602257425569186  0.726351022241686  1.550926415061278  3.533692119089347 
 1.326699713896453  0.393708245504092  2.895866212534073  3.526655858310621 
 2.223135085995078  1.942519484029487  2.987829975429979  2.362705061425051 
 1.800322827988338  1.468727504373180  4.251981924198263  3.526430903790104 
 0.839581324955115  0.200183435664273  2.439560143626580  1.243727925493715 
 1.309709487396692  1.653211818181819  2.827470041322313  3.204176859504131 
 1.563013058035708  0.211087595803572  1.991295636160707  2.067614285714301 
 1.878129168539329  1.430314112359548  1.544399463146067  2.239723348314606 
 0.978555283838383  0.210889806727273  1.994811212121207  2.848319696969693 
 1.134328587500001  0.989071305555551  2.489206250000006  2.276622777777781 
 1.915466838709677  1.362746129032257  4.091340645161288  1.965051580645162 
 0.024507180373832  0.074688620262127  0.810063232665776  1.129978344459282 
 2.466398882681561  0.943656650000000  3.398721229050280  3.394222067039110 
