 0.097702049401493  0.079693102682271  1.229950870511336  0.667805855277670 
 0.047665774090505  0.074162308126882  0.697279080567860  1.127552635314935 
 0.626827961021412  0.126952728051080  1.431504126344006  2.229113172042966 
 1.696965765765729  1.246009594594604  3.037526576576651  1.273425445945641 
 0.339001549261066  0.085473272770934  0.891005834975404  1.745058620689658 
 1.272600410658295  0.429923915423207  3.395598746081527  1.587675360501653 
 1.038930676156601  0.056225542348758  1.534526637010656  1.600699288256213 
 0.290697278187576  0.091806078307689  1.640859641728174  1.047346733403580 
 0.766941425641074  0.274301695128211  2.645315384615247  1.084016220512714 
 2.521240476190440  1.213938690476187  2.144585317460335  3.008961507936486 
 0.625909924658776  0.126058631940945  2.048084383202069  2.098488582677147 
 2.058728804347796  1.327077608695659  2.354991304347813  4.406435326086919 
 1.704309900000028  1.158749470000016  1.138962664999949  3.502399500000104 
 1.723448617021263  0.446008684397176  3.247481205673806  3.711203900709197 
 2.048961329787208  2.163922340425539  3.879223404255327  2.622058510638265 
 1.178980423863635  1.443957462121219  3.392039772727301  3.505932196969715 
 0.811767203579417  0.083227036970917  1.853394854586140  0.776674130201344 
 1.509836658354110  1.001414763092271  2.357575561097256  2.983784538653370 
 1.352501325301198 -0.055140395502007  1.920581526104399  2.256479317269120 
 1.953846499999999  1.583796199999996  1.559003120499997  2.099328999999996 
 0.878121257657665  0.160738171459460  2.098770810810795  2.803123423423413 
 1.033499521575981  0.693606604127571  2.571001313320825  2.134926829268288 
 1.982086416184967  1.110661040462424  4.208005780346824  1.905546011560704 
 0.056512593402520  0.075130534002965  1.137703046701262  1.175232802075614 
 2.523073706896561  1.005330560344830  3.267954310344841  3.243878448275865 
 1.102588613445371  0.497835665546216  2.248326470588232  3.955020168067243 
 0.356810132819195  0.104645709376179  1.478606512425018  1.591357326478140 
 1.561937485875712  1.170477090395483  3.290654237288119  2.512581638418086 
 0.886075765166338  0.001460690234833  2.771772015655577  2.016467514677108 
 2.295141152263367  0.439045663868312  3.187276954732523  2.174904115226345 
 1.550961256544505  0.137728190654450  2.432923298429317  1.409185793193717 
 1.277316402173913  0.362666552536232  3.804205797101461  2.585928260869559 
 1.883909895287961  1.155312062827228  4.490972774869107  3.246165968586386 
 2.316608108108109  1.507119828828826  3.938198198198205  4.429849549549535 
 2.478211173184356  1.844967597765363  2.864936871508378  2.100195865921787 
 0.894567383480826  0.367055342477876  2.884474041297928  3.046659882005914 
 1.959925751072960  0.439663204549357  1.354910759656653  1.763004592274681 
 1.897653709198811  0.279766318278932  2.060284569732937  3.317232344213655 
-0.193170534154040  0.069977085940656  0.856750340909095  0.674019880050507 
 0.720085862068967  0.170330539551724  1.107141586206895  1.185740448275863 
 1.232282923728815  0.703257309322034  1.626082203389829  2.405625847457620 
 1.037535862068966  0.208694189942528  0.810135734482758  2.140053448275859 
 2.254634463276838  2.077208474576270  2.985925988700561  3.655153672316375 
 1.133345320334262  0.218505105849582  1.275615459610028  3.058509192200564 
-0.269826064125562  0.063160503551569  0.489885941076233  0.799447336322874 
 1.546718123324398  0.073420226809652  2.862742359249330  2.742692493297585 
 1.036245575221240  0.565582831858407  1.882136061946905  1.622175243362828 
 1.248768426540286  1.821518009478673  2.574826066350709  2.374736018957345 
 1.805763902439026  0.592495082926828  2.407652195121947  2.233098048780488 
 0.590483680281691  0.085679474481434  2.108267349551860  1.498546811779772 
-0.451881389728096  0.073231728221336  0.528688734138974  0.460801194078549 
 1.665909125683059  0.996868961748635  1.984205464480874  1.086173850819673 
 1.501328693181818  1.880561931818180  2.173484659090910  3.354975568181819 
