-0.159800886433412  0.071252596071213  0.902812983425364  0.631053661019138 
-0.132268787209303  0.070036412724561  0.572631587790682  0.945888052325535 
 0.616707678268943  0.160654348412352  1.558407938257929  2.106152370452003 
 1.686490557491261  1.245349128919869  2.748642857142912  1.288195219511958 
 0.337163858520885  0.084824272797426  0.919455072883203  1.745334512325835 
 1.229131767506992  0.427295177366955  3.343572829131675  1.446315294117723 
 1.053724120734918  0.238677438188979  1.683620472440927  1.558504094488177 
 0.135540189123638  0.079324199850545  1.348244820031324  0.841195727699529 
 0.697240576354710  0.218370477832516  2.479847783251144  1.295177224958880 
 2.078162022471889  0.983538426966289  2.269722696629227  2.816284494382013 
 0.619084873724198  0.075764661964170  2.097400760043401  1.856632138979356 
 2.473472330097058  1.467450970873792  2.265255339805812  3.942983495145600 
 1.767221184210549  1.232773640350890  1.193185407894694  3.447013596491319 
 1.754459999999986  0.440229108813572  3.219611864406827  3.681129830508452 
 1.988238365384590  2.166079326923084  3.800216826923083  2.583086057692278 
 1.180138185357142  1.337454178571434  3.456424285714312  3.426983214285734 
 0.571691962168979  0.094828719856242  1.877400126103410  0.903900915762927 
 1.155283162790692  1.364221744186050  2.168261046511621  2.894252616279068 
 1.382274745222922  0.009766472515925  1.938241560509542  2.290849840764364 
 1.836001352657005  1.707290338164249  1.658744647826084  1.952561835748789 
 0.771896532362465  0.173219425825243  2.154686731391574  2.755475728155332 
 1.180927085714283  0.698334014285709  2.255533571428568  2.095482428571422 
 2.000517633928569  1.075426763392854  4.089572767857146  1.890098928571436 
 0.062845505763141  0.077939039575681  0.974702944901838  1.185943432552252 
 2.580883268482497  0.949910839299613  3.296570428015575  3.084531128404669 
 1.237902773437494  0.683452390234373  2.299730390624996  4.156858593750014 
 0.327191282859126  0.094613300903539  1.520473907009019  1.459883691880631 
 1.451317262790702  1.242917465116282  3.129716744186040  2.416434883720936 
 0.972604279503103  0.090863979099378  2.784197049689438  2.075027018633546 
 1.971776637554584  0.331794945676856  2.824530786026204  2.184309825327516 
 1.551920099255587  0.277869715781637  2.235507692307689  1.146073560049625 
 1.327707014450867  0.350409534971098  3.730104335260123  2.575191329479767 
 1.937962512315274  1.190441103448278  4.492143842364528  3.270688669950737 
 2.285009333333333  1.586832006666664  3.685578666666670  4.403075333333324 
 2.496691705069124  1.821336405529954  2.770351152073732  2.192509493087555 
 1.160998190127968  0.301476799268738  2.830702193784278  2.975213711151742 
 1.850809756097559  0.591243734146342  1.392755905487805  1.869715670731710 
 1.820470224719100  0.247976028258427  2.133254494382024  3.350576404494385 
-0.433003519867549  0.069533805953789  0.517935474597920  0.514521363954589 
 0.752064581993570  0.140655174662379  1.132074099678457  1.147254630225081 
 1.293232880952383  0.390197163571429  1.445152428571429  3.003340476190474 
 1.062787226277372  0.242350555474452  0.886807974695863  2.034065206812649 
 1.769993223140496  2.063791322314051  2.737765289256197  3.548415702479337 
 0.765302532163742  0.106507778654971  1.201073421052631  2.665094152046785 
