 0.026220833203596  0.078636583942940  1.191452581063451  0.629695309987259 
 0.169295455932203  0.077790750118637  0.671932993220300  1.389356610169378 
 0.771029664031485 -0.019819889505922  1.558777272727158  2.170014624505862 
 1.640509136363600  1.197084409090918  2.736156363636440  1.627548090908782 
 0.247890365783117  0.090948673132529  1.143504313253051  1.487106144578315 
 1.212244957983178  0.182535291596651  3.436125210084064  1.781056722689192 
 0.796481461864428  0.047439315127123  1.250854131355915  1.438017012711848 
 0.356179443935947  0.084344348659032  1.732372997711759  0.717430819679628 
 0.781915125448097  0.300905013261657  2.638722222222032  1.024798046594832 
 2.684680921052566  0.792918105263149  2.456752631578976  2.855342105263125 
 0.594381007454524  0.176061823016364  2.087991454545412  1.903838545454521 
 1.984509677419296  1.459105268817217  1.860878709677394  4.455625806451541 
 1.927217961165104  1.163502718446631  0.934771816504755  3.245866019417674 
 1.530003622047215  0.256948850393730  3.568595275590663  3.781733858267665 
 2.523008139534824  2.223236046511645  3.938001162790712  2.373109302325509 
 1.365646166666662  1.156226222222232  3.686763333333376  3.310791111111135 
 1.067614444444440  0.025714464000000  1.970051111111132  0.796882124444447 
 1.851011788617879  1.099887154471550  2.268963821138207  2.816117479674808 
 1.088413729977110  0.001452163386729  1.897630663615543  1.679307322654510 
 2.307596923076924  1.218042461538457  1.455522053846150  2.026397692307686 
 0.996033201581043 -0.024825630434781  1.939581818181785  3.090798023715385 
 0.767235029999983  0.681396449999978  2.843025999999998  1.810725999999997 
 1.813004060150370  1.158732255639091  4.247332330827073  1.816131278195502 
 0.223258945377256  0.079958206875664  1.483258554729021  1.155470690754515 
 2.477678343949056  0.973933470063699  3.719384713375815  2.929478343949051 
 1.195389776119390  0.312378905970145  2.333091791044771  4.154058955223909 
 0.372297450131234  0.103171751091864  1.577150918635164  1.716474540682403 
 1.605813535714293  1.139897964285716  3.297404642857122  2.484497142857152 
 0.797031336787562  0.056058657694299  2.657713989637299  2.372133160621762 
 2.157050934579432  0.428450451028037  3.153846261682259  2.093584579439258 
 1.700770053475940  0.016740957754009  2.490362566844905  1.378222352941172 
 1.538172530120480  0.433738850602409  4.021172891566287  2.507028313253002 
 1.918898958333339  1.100556500000006  4.749559374999994  3.286503124999999 
 2.226321951219513  1.649535609756094  4.242285365853666  4.200268292682908 
 2.445197297297298  1.701764662162162  2.752389864864866  2.385018918918918 
 0.894122894179896  0.444168356084656  3.388489947089934  2.773156084656115 
 1.679174778761061  0.327802155132744  1.340441150442478  1.531100088495580 
 2.134642241379306  0.245721433275863  1.869248965517244  3.668765517241382 
-0.012831522842197  0.074452148818657  1.050025666957284  1.073915518744554 
 0.540498623188410  0.119016038454107  1.035533043478255  0.886999782608696 
 1.378577750000001  1.103966000000000  1.464448599999993  2.461711499999989 
 0.987126274509801  0.207745506862745  0.604048890196076  1.880986274509801 
 2.313485810810811  2.050783783783786  3.050354054054055  3.593499999999989 
 1.578523664122136  0.082260651297710  1.363405801526716  2.513390076335895 
-0.092595363607598  0.070308030273206  0.627391790928270  0.971228523206758 
 1.425823342618386  0.544739793871869  2.735407242339836  2.344026183844013 
 1.116336027397259  0.733529452054795  2.090676027397264  1.900337671232871 
 1.027993612068968  1.251966120689656  2.507111637931035  2.606392672413792 
 1.953832635983265  0.443461871966525  2.122344769874467  2.161803347280330 
 0.477902575862071  0.085262259258621  2.040297758620693  1.302122965517243 
-0.557254918743229  0.089029856338029  0.526370437703148  0.471625099674973 
 1.712035279503104  0.855030186335405  2.049251552795034  1.012701352173915 
 1.485035374149658  1.926016326530608  2.240878911564629  3.136953741496600 
 1.266482969696970  1.205306969696968  2.880503030303033  3.863074545454543 
-0.269131681381958  0.072123900383877  0.848280796545104  0.721063790786946 
-0.208125751918159  0.060817697685422  0.675469283887469  0.414519151150895 
 1.170016809815952  0.375473595092025  1.140629325153372  3.345308588957057 
 1.089938731707319  0.459707929268293  1.953529024390242  2.524456829268297 
 0.949284848375451  0.405209967148015  2.644519494584841  3.154985559566787 
 1.543326614173228  2.101439370078741  3.190900000000001  2.254874015748031 
 1.878261087866109  0.688117472803348  2.807432635983268  3.421503347280337 
 2.537063194444443  1.044900770833334  3.130001388888889  3.882204861111113 
 2.513164035087720  1.642730175438597  1.979741228070176  3.414148245614034 
 1.741615000000000  2.060886607142860  1.934919732142856  1.804771607142858 
 0.405673890243902  0.095742042865854  0.987044695121951  2.003849593495939 
 1.613612521739131 -0.037974684347826  3.024271304347828  2.840885217391301 
 2.605073333333333  1.421368133333332  3.244654666666667  1.345240666666667 
 1.324990122699387  1.094838343558281  1.766416564417178  3.566336809815956 
 0.782949175496689 -0.112529434105960  2.585282781456958  1.672089072847681 
 1.423558656716418  0.793399768805970  3.356606716417911  1.050949701492537 
 0.770678988416988  0.220769265250965  1.156037722007723  2.645026640926641 
 1.360935579268294 -0.054387865243902  2.200653353658534  2.316951524390243 
-0.328641114118896  0.053944416163811  0.423918699893843  0.689239373673036 
 0.996937645429364  0.464549337950139  1.403848337950141  1.941798614958453 
 1.093459420481928  2.044221686746989  3.166659036144579  3.582674698795181 
 1.605094504504505  1.922193693693694  4.027114414414413  2.947464864864866 
 2.072298275862068  1.589948620689655  3.012163793103450  4.952818965517242 
 0.810419999999999  0.373934942508393  1.685288009592328  1.275591630695443 
 0.520242418602485  0.192338780124224  1.946583540372672  2.485816770186333 
 1.595372796934867  0.360536119923372  2.218832950191572  3.099616091954021 
 1.232926999999999  0.373350789413793  2.520866896551723  1.689966551724138 
