-0.056924695002701  0.073162283024184  1.031133374529781  0.694451915636849 
-0.370126338904809  0.070223354773418  0.551316478605532  0.582687845335861 
 0.985191638724831  0.216036641641092  1.093117966469824  2.402236009445064 
 1.706297411067179  0.956804693675894  2.764583596837976  1.331324789920815 
 0.381203050735287  0.093225662016806  1.124071011554639  1.651313865546218 
 1.505587441441440  0.285606199171177  3.457991531531546  1.976820630630682 
 1.218595883054898  0.317306767673033  1.428997422434357  1.386526205250583 
 0.318689250580786  0.087455024007390  1.509249054910257  0.992217361246040 
 0.880518595884022  0.138317326202059  2.625284939195462  2.072070252572457 
 2.174912746585713  0.716474000455232  2.466388315629752  2.729831411229132 
 0.667605125641209  0.128365816190077  1.786241679389289  2.164435954198465 
 2.303398422712919  1.773292334384863  2.517440851735009  4.067631545741302 
 1.641711002132206  0.877785287846488  1.373363140724925  3.324831769722855 
 1.227929416787257  0.267705780463102  3.136429522431278  3.063272793053538 
 2.187143584905655  2.035351212938008  2.985233423180596  2.381355417789746 
 1.769868069164264  1.428567561959656  4.231232564841516  3.575491354466875 
 0.933478230287858  0.211409506670839  2.481504130162715  1.093113558197746 
 1.271840524586286  1.618329243498822  2.691128132387708  3.379406146572101 
 1.594217804878042  0.153321375292684  2.001201085365846  2.055472317073188 
 1.924332493150688  1.463334328767121  1.552300030410957  2.134665013698631 
 1.075975740362811  0.208473963106576  2.039749886621312  2.961447845804981 
 1.156832217821782  0.912318727015556  2.279294483734090  2.247360254596887 
 2.020491208053691  1.315101375838925  4.170932885906037  2.016342046979867 
 0.028270334756380  0.075383123813921  0.805948614292344  1.141810881670537 
 2.441976712328764  0.913420769041096  3.366678630136988  3.430025205479456 
 1.514577963800904  0.518455069366515  2.425768959276018  3.971213574660634 
 0.565370906473365  0.105791539603506  1.902660687795009  1.509050660822653 
 1.435281103519669  1.153904906832299  3.341434575569356  2.557133954451345 
