 0.025192658549187  0.078629317642496  1.191277383419586  0.628838217616809 
 0.169384276740237  0.077937963446512  0.671481334465156  1.389386587436219 
 0.772169922630428 -0.015792285280458  1.565994390715555  2.165280464216571 
 1.652511513761431  1.195475917431202  2.716465137614756  1.641640275229046 
 0.246506982331272  0.091247986012269  1.139799668711696  1.484465030674848 
 1.225047410714269  0.160294079464299  3.427092857142890  1.762949553571552 
 0.797288565310514  0.045410134346900  1.248145824411117  1.436308115631675 
 0.356576605990804  0.085070622958518  1.730813824884882  0.715542438248842 
 0.774078888888957  0.290756224731191  2.655351971325975  1.036644964157557 
 2.684680921052566  0.792918105263149  2.456752631578976  2.855342105263125 
 0.557011401318245  0.167412835177024  2.061229943502784  1.846873446327658 
 1.984509677419296  1.459105268817217  1.860878709677394  4.455625806451541 
 1.927217961165104  1.163502718446631  0.934771816504755  3.245866019417674 
 1.530003622047215  0.256948850393730  3.568595275590663  3.781733858267665 
 2.519795294117587  2.226405882352958  3.943163529411779  2.365514117646986 
 1.357968418079092  1.152983728813569  3.695320338983094  3.312780790960475 
 1.067722587719294  0.029644914035088  1.974423245614056  0.798585692982458 
 1.852754918032780  1.108628729508202  2.263111885245897  2.816348360655749 
 1.089169793577974  0.000667028440368  1.895555733944936  1.685686009174360 
 2.313183846153847  1.210117923076918  1.455264361538458  2.031476153846147 
 0.995046072874510 -0.033919593117408  1.943049797570817  3.098481376518188 
 0.768247659793797  0.693468298969049  2.858312371134019  1.830250515463915 
 2.000241999999992  1.047338421052623  4.417088421052635  1.852543789473702 
 0.222930258431792  0.080689155392051  1.480024704618699  1.154311718582168 
 2.488997333333345  0.969517698666671  3.727273333333353  2.938621333333340 
 1.195389776119390  0.312378905970145  2.333091791044771  4.154058955223909 
 0.369471812080537  0.104167521787920  1.558848322147643  1.708951140939586 
 1.700465863453823  1.140863734939759  3.254322489959817  2.571505220883546 
 0.812845392226144 -0.006586089045938  2.798549469964653  2.379538515901063 
 2.158337142857136  0.430438745333333  3.155266666666683  2.092077619047625 
 1.726603012048197 -0.016730083132532  2.452648795180706  1.403066265060236 
 1.517960222222221  0.460362884444444  3.987637222222242  2.496077222222213 
 1.913802173913050  1.098463630434789  4.747527173913038  3.320522826086956 
 2.226321951219513  1.649535609756094  4.242285365853666  4.200268292682908 
 2.461132624113476  1.703606879432624  2.742812765957448  2.374643971631205 
 0.897420956756758  0.453646428648649  3.385691351351339  2.783017837837868 
 1.664521266968325  0.328123932398190  1.324072850678733  1.520005972850684 
 2.134642241379306  0.245721433275863  1.869248965517244  3.668765517241382 
-0.012831522842197  0.074452148818657  1.050025666957284  1.073915518744554 
 0.538132421307511  0.119235014334141  1.036484576271181  0.885570532687652 
 1.389967287234043  1.112723138297872  1.446956489361696  2.473085638297861 
 0.984091287128710  0.204149571287128  0.598764819801978  1.886805940594056 
 2.331908783783784  2.044618918918921  3.063755405405406  3.582721621621610 
 1.590688306451612  0.068263300403226  1.349601693548385  2.506264919354858 
-0.091955407521189  0.070260859109110  0.626583599364407  0.971267637711871 
 1.431145972222224  0.554449533333335  2.736773055555559  2.343596111111114 
 1.126819160583940  0.792624890510949  2.041131386861317  1.940239051094885 
 1.028846300429187  1.260360429184550  2.527323605150217  2.618931330472103 
 1.949029288702930  0.440938905439328  2.113912133891204  2.161386610878656 
 0.475894800350265  0.085478308756568  2.027614010507885  1.282242679509633 
-0.557254918743229  0.089029856338029  0.526370437703148  0.471625099674973 
 1.687499056603772  0.862907421383649  2.013425786163525  1.031342859748429 
 1.498025675675674  1.934817567567563  2.236454729729733  3.163478378378380 
 1.266482969696970  1.205306969696968  2.880503030303033  3.863074545454543 
-0.268929533014354  0.072153603732058  0.847842095693778  0.722223540669854 
-0.208236770806658  0.060787902163892  0.675011882202305  0.414645628937260 
 1.167547421383649  0.374789427672956  1.130371572327042  3.350093710691826 
 1.118490115273776  0.469895190201729  1.849424495677231  2.578260518731991 
 0.949518332116788  0.405622083576643  2.642927372262777  3.156051094890511 
 1.599442342342342  2.159861261261262  3.104581081081081  2.331351351351352 
 1.876163291139241  0.683103105485233  2.801978481012663  3.424576371308019 
 2.532396503496502  1.040973503496504  3.130241258741259  3.885937762237764 
 2.516456637168142  1.638503893805310  1.978744247787611  3.416951327433627 
 1.753223425925926  2.080793518518521  1.940143611111110  1.805444629629630 
 0.403032221311475  0.093117924364754  0.985992028688524  2.000447131147545 
 1.627539318181819 -0.040296874545455  3.023079545454546  2.849565454545451 
 2.592794736842105  1.421663157894736  3.204852631578948  1.320907368421052 
 1.323646851851852  1.089472530864196  1.767635802469136  3.564735185185191 
 0.781652983443708 -0.114765269503311  2.579361258278150  1.676690397350993 
 1.504246199999999  0.672405040133333  3.244422000000000  1.051755620000000 
 0.768954519685039  0.216432389763779  1.148360511811024  2.642957480314961 
 1.384091326860843 -0.069198304401294  2.196648220064722  2.327291909385112 
-0.328641114118896  0.053944416163811  0.423918699893843  0.689239373673036 
 0.994463484419265  0.458426801699717  1.390842549575074  1.936279036827200 
 1.093459420481928  2.044221686746989  3.166659036144579  3.582674698795181 
 1.625685963302753  1.915518348623854  4.045074311926604  2.948510091743121 
 2.072298275862068  1.589948620689655  3.012163793103450  4.952818965517242 
 0.816608519417475  0.378173975791262  1.686313592233011  1.279323446601941 
 0.484440863854167  0.179337778819445  1.904906597222224  2.480305208333333 
 1.590881992337166  0.363581368965517  2.221223371647511  3.098889655172412 
 1.215316380368098  0.387401225245399  2.471834969325152  1.667075766871166 
 1.327664537815126  1.387188907563026  3.712525210084034  1.850973949579831 
 0.859417002724796  0.253920405476839  2.292362942779292  2.319286376021799 
