-0.064555606896566  0.072991387773710  1.022384838362027  0.691207147090612 
-0.371846781914895  0.070106561329241  0.548578481399090  0.581468269568001 
 0.997801233458092  0.220339912446947  1.074848086891312  2.411359675405704 
 1.724230367170610  1.009695896328298  2.733590496760295  1.310803571706117 
 0.376980937386660  0.093271763402666  1.115325021866683  1.646004479999999 
 1.486542352941174  0.266309569509810  3.335646405228771  1.909980245098085 
 1.217010071513712  0.316302728617404  1.427624481525615  1.387441549463633 
 0.312230365396830  0.087827349507935  1.502659052910067  0.983184530264550 
 0.839902522346388  0.132150909608940  2.582047392923605  2.094893668528822 
 2.176940396341440  0.720002524847557  2.464530335365864  2.731810060975606 
 0.667828776364317  0.128787710258384  1.744797637195099  2.162853734756090 
 2.303398422712919  1.773292334384863  2.517440851735009  4.067631545741302 
 1.642001841541766  0.880603631691655  1.374139856531028  3.326523126338371 
 1.238630997097234  0.263557488098699  3.145377503628466  3.059678809869368 
 2.187963858267711  2.035041469816276  3.007217322834649  2.372421942257207 
 1.763757368421052  1.433602877192984  4.230920175438614  3.586186549707619 
 0.929302159613058  0.212814887339782  2.479944498186228  1.104017839177749 
 1.275717074186044  1.615273883720934  2.700867209302326  3.375986511627905 
 1.587600861008603  0.146224964009841  1.991823603936032  2.053433087330891 
 1.923643415977965  1.464375013774103  1.548618763360880  2.136871157024794 
 1.077527677309007  0.209820919156214  2.037557696693270  2.965754732041042 
 1.163389400000000  0.901244124999997  2.275666805555558  2.246279583333333 
 2.007624622641509  1.213611298742137  4.189953459119496  2.078203647798744 
 0.026849768665737  0.075615047800558  0.804837616829383  1.139157866108790 
 2.440628254847642  0.913992107202216  3.360638227146817  3.438681440443217 
 1.514791106094808  0.518776028577877  2.426550519187359  3.969832054176073 
 0.560333690674604  0.104656031370370  1.884818915343913  1.504373088624336 
 1.421254829411766  1.121641431372550  3.347965882352939  2.519910784313725 
