 0.154969254358939  0.080980451735906  1.320046871794769  0.657418146154073 
 0.164607969526627  0.077920622292893  0.640535094378665  1.323011227810552 
 0.717487764705760  0.099451859358295  1.473112673796688  2.412679144384966 
 1.549692972972936  1.183922342342352  2.894400000000076  1.419910900900596 
 0.269578621719441  0.086202834841628  1.122868925339403  1.517035972850676 
 1.297193713709661  0.398413231935496  3.466680645161320  1.554287213709788 
 0.921186131756775  0.095609698986490  1.500400337837820  1.704865878378367 
 0.424212071742326  0.099058632834549  1.833039970717479  1.087502474377742 
 0.790352213523200  0.301642234519581  2.652763701067424  0.972482192170670 
 2.638384999999944  0.748810822222215  2.422806666666691  2.842029444444416 
 0.572511803543670  0.131858424108415  2.077838834951419  2.151665533980559 
 2.007649166666622  1.455689166666676  2.321383333333313  4.604947499999945 
 1.912450990991043  1.229743603603630  0.950153990990900  3.376332432432619 
 1.565046702702683  0.360451524324344  3.475630270270348  3.738278378378343 
 2.186035211267569  2.109847887323953  3.985183802816911  2.761454225352071 
 1.146265037297293  1.380886432432442  3.674819459459501  3.191036216216239 
 0.916488498402553  0.070005499041533  1.857677316293945  0.734292384025561 
 1.747851803278684  0.967743868852463  2.079248852459012  2.823487868852468 
 1.242276244444438 -0.075538380444443  2.037563555555535  2.088183555555604 
 2.183688111888112  1.222397202797199  1.316415322377618  2.077611188811183 
 0.877008473354245  0.050200164576803  2.056511285266430  3.036898432601861 
 0.921179517045446  0.589330426136350  2.608143465909089  1.815115056818181 
 1.780891736111105  1.210359027777772  4.271672222222226  1.795603263888902 
 0.174412648478259  0.079222712467391  1.426350760869574  1.162344717391304 
 2.457798843930645  0.944685403468212  3.778135260115624  2.896422543352605 
 1.147207883211667  0.354722875182478  2.384266423357660  4.161955474452586 
 0.386164767330212  0.114824009522249  1.603738056206085  1.717688875878207 
 1.617048945578238  1.167025646258505  3.287103401360524  2.501741156462592 
 0.880141864406775  0.014865164435027  2.756284180790956  2.293544915254238 
 2.147195132743356  0.396037351858407  3.182931858407096  2.131811946902660 
 1.580833684210530  0.084913899052631  2.485974385964903  1.416611859649120 
 1.381530995670996  0.382366914285714  3.870863636363653  2.514063636363628 
 1.861276000000004  1.135891872000005  4.639567999999999  3.361358399999999 
 2.116344578313254  1.684074819277104  4.060756626506034  4.457719277108415 
 2.409313218390805  1.623410689655172  2.686685057471266  2.316475287356322 
 0.835015155660378  0.259791424528302  3.168131132075458  2.888000000000024 
 1.676675619834709  0.309021363884298  1.348424793388431  1.540125289256203 
 1.826813247863246  0.234139187008548  1.964239658119659  3.481282051282057 
-0.008543270109890  0.074974938449817  0.995066271062275  1.040769076923079 
 0.709185534150615  0.148419360525394  1.183932434325742  1.158380823117336 
 1.155238167202573  0.776797170418006  1.473717073954979  2.238707073954979 
 0.972371236363634  0.235827183272727  0.697784122181816  1.967924363636362 
 2.315069934640523  2.069775816993465  3.034023529411765  3.554808496732015 
 1.542207308970098  0.105314518073090  1.402754883720930  2.543488372093038 
-0.200908754799017  0.070694640549631  0.583217133716161  0.889938326497133 
 1.398787431693990  0.535741090163936  2.795220218579236  2.378390163934429 
 1.060905989717224  0.548106341902314  1.905266580976869  1.548654293059124 
 1.038384962809919  1.282062355371901  2.434735123966945  2.393150000000003 
 1.839073520249222  0.548605546417443  2.233391900311519  2.072439252336447 
 0.639130093701998  0.091984547880185  2.146485714285715  1.524051152073733 
-0.541837975567189  0.073390913120690  0.510831728010475  0.546076633507853 
 1.744129548387096  0.826754709677421  2.074030967741937  0.960533275483873 
 1.474969649122807  1.876117543859645  2.224595321637429  3.142146198830411 
 1.237578300653595  1.649341830065358  2.980503267973857  3.813770588235291 
-0.196181834004835  0.065890938871878  0.899041740531828  0.611586851732471 
-0.262170519311065  0.067237982682672  0.520492435281837  0.449672691231733 
 1.077238773584908  0.372178067924528  1.151809009433960  3.218941037735850 
 1.062343650442480  0.435439688053098  2.092872787610618  2.503388938053097 
 1.065875296296296  0.717294629629630  2.601790000000002  3.204461481481483 
 1.638057680000000  2.195164800000001  3.206016000000000  2.250407200000000 
 1.870990601503760  0.802695789473684  2.772706766917297  3.414308270676691 
 2.543321276595744  1.051093624113476  3.252925531914895  3.901107801418442 
 2.525346456692915  1.584190000000001  1.960332283464567  3.452396062992125 
 1.711405396825397  1.959289682539684  1.877938174603174  1.838143809523810 
 0.417141989775051  0.081727606257669  0.989043967280164  2.021777709611456 
 1.624104810996564 -0.010171278006873  2.709846391752577  2.881890378006872 
 2.614492207792207  1.528505324675324  3.339409090909092  1.360454545454545 
 1.340792770270271  1.075797027027027  1.703144594594594  3.682308108108112 
 0.870911752988047 -0.102607040637450  2.783107968127491  1.632413147410358 
