 0.055477217668137  0.076541499887898  1.175408331838492  0.699598398206438 
-0.119553166088214  0.070043991828630  0.591260444540837  0.956813535791711 
 0.607016520390341  0.129240917216629  1.464669471032671  2.218593954659905 
 1.727436946564854  1.253790076335888  2.740038931297772  1.244549101908139 
 0.334737004087174  0.083165007792914  0.827807085831102  1.738158719346053 
 1.256536830815698  0.483748651117834  3.391838368580083  1.526189151057483 
 1.044250293637863  0.048623134420884  1.648251239804221  1.606895008156592 
 0.210989152290085  0.077894450166028  1.508619942748126  1.063324236641218 
 0.744303859213289  0.204855570393379  2.581701863353927  1.193292486542357 
 2.444695017793562  1.245961921708181  2.155829537366564  3.006679003558700 
 0.622301780902763  0.121135990160880  2.082367939814783  1.952523495370352 
 2.128691566265027  1.307223096385550  2.232329518072274  4.427641566265019 
 1.663446409090933  1.212996818181832  1.166367877272682  3.437018636363731 
 1.753312450331113  0.472753705298026  3.217632781456997  3.706791390728456 
 2.031786719576693  2.160558201058208  3.875219047619055  2.593852910052878 
 1.153655575378786  1.403868257575765  3.438455303030332  3.447545833333353 
 0.731402017897090  0.119859821006711  1.844804026845648  0.687589398657719 
 1.405532010723856  1.165073485254692  2.263477747989274  3.089400536193030 
 1.355820435643557 -0.042683637940593  1.936954059405923  2.260390099009940 
 1.920276018099547  1.574396425339363  1.581067982352938  1.993487466063345 
 0.826044643449426  0.139689319170813  2.124414593698162  2.726851907131003 
 1.034805495412841  0.702970293577973  2.566345321100915  2.129902018348619 
 1.965010846560842  1.133444603174600  4.164393650793655  1.866909841269851 
 0.055550683388484  0.077982396551952  0.983675665122436  1.183723818663141 
 2.557476000000008  1.085571600000003  3.263268800000012  3.252976000000002 
 1.085356136363629  0.499433515454543  2.257457727272723  3.997845000000019 
 0.345144098984773  0.100873311795263  1.409385617597289  1.599346108291023 
 1.580439562841536  1.161657240437161  3.251451366120205  2.503142076502740 
 0.939010424015006 -0.003639616622890  2.773117448405251  1.990611069418391 
 2.265415686274503  0.426927507137254  3.187263529411777  2.150889411764711 
 1.635669293478264  0.230575336684782  2.367048097826082  1.322348459239129 
 1.267610024647887  0.360085520774648  3.794242253521138  2.580695422535205 
 1.894411117021279  1.151952202127662  4.504209042553188  3.250212234042552 
 2.287008593750000  1.533440867187497  3.854450781250006  4.399832031249987 
 2.542453409090908  1.860344886363636  2.842369886363634  2.133727613636360 
 0.929006123966942  0.393091158126722  2.841198347107432  3.063014325068882 
 1.958975423728811  0.443798117203391  1.338860919491526  1.749016949152544 
 1.866472980501392  0.299222014651811  2.077454596100278  3.320293314763235 
-0.238108094866797  0.068380928044184  0.805851851851857  0.591223895906436 
 0.756093758389263  0.153421185838926  1.116591359060402  1.176542097315436 
 1.219058099173555  0.678180247933884  1.629724008264461  2.394019628099168 
 1.022764554707379  0.187460755979643  0.858627042239185  2.102257251908394 
 1.945699726027398  2.094144748858448  2.796908675799085  3.692711415525107 
 1.126556093750000  0.199636084114583  1.303520260416667  3.053596614583339 
-0.450149456642579  0.070797387263096  0.481060007392996  0.521006207559757 
 1.540394798927615  0.074687915817694  2.863361662198392  2.746299731903482 
 1.104386144578315  0.649417397590362  1.868044819277109  1.516412650602408 
 1.288219447963801  1.892626696832579  2.543718099547511  2.489473755656109 
 1.791053636363638  0.600928540909091  2.395372272727271  2.303534545454546 
 0.508607909783990  0.110860922002541  1.932182337992377  1.343110762388819 
