 0.087235004803463  0.080043933389745  1.206082325327421  0.661053843886657 
 0.050642962711864  0.074209105799431  0.684768727683596  1.117663983050784 
 0.613166667357900  0.130259865614272  1.456861730515113  2.233793130779347 
 1.721996870228976  1.249876679389323  2.731142748091665  1.235893758396688 
 0.342530115127156  0.087470096907629  0.860349693440466  1.753208299866134 
 1.253089942598176  0.482585475891248  3.388325075528723  1.521147126888299 
 1.038824705882369  0.059835394444447  1.632722401960763  1.633743202614364 
 0.247913396677061  0.081652372772583  1.566453582554555  1.023385025960538 
 0.731461232067550  0.202039969409287  2.585725738396512  1.211930782700334 
 2.443717499999968  1.249205321428568  2.156341071428588  3.007163571428552 
 0.617591516844588  0.132328427638197  2.079173784104357  1.985919454329756 
 2.105660893854719  1.259781363128499  2.308040670391048  4.397641899441302 
 1.677729816513786  1.234523990825702  1.164554371559587  3.464196788990922 
 1.741370795847737  0.453147401384096  3.235303806228419  3.686852941176448 
 2.031786719576693  2.160558201058208  3.875219047619055  2.593852910052878 
 1.153655575378786  1.403868257575765  3.438455303030332  3.447545833333353 
 0.813796843137253  0.120631713039216  1.886706127450991  0.701196252941177 
 1.409119815303425  1.146369920844328  2.275322427440631  3.087798680738788 
 1.346451203155812 -0.042925678816567  1.935189940828385  2.263870808678540 
 1.920550228310502  1.576226621004563  1.579807415981732  1.987239406392691 
 0.845277955326467  0.140204720721650  2.112755841924385  2.746940721649474 
 1.034425684306566  0.701194525547437  2.565962956204377  2.127679014598536 
 1.956934126984123  1.133564708994706  4.165406349206354  1.866817777777787 
 0.046805146992481  0.077171608548872  1.100253421052634  1.179691308270678 
 2.554938095238103  1.084514722222225  3.264716666666678  3.257874603174606 
 1.090071249999992  0.500179925892855  2.261348660714282  3.993350892857161 
 0.343871451304348  0.098894033514783  1.431430695652170  1.601555739130425 
 1.581346539509543  1.161418392370575  3.250728337874646  2.501489373297010 
 0.925205950191568 -0.006725611475097  2.773794444444443  2.010471264367821 
 2.267644140624993  0.433557360624999  3.189653906250012  2.149654687500006 
 1.617248947368424  0.208935314289473  2.384087631578945  1.340078849999998 
 1.271311726950354  0.362785834042553  3.796800000000011  2.571167730496448 
 1.894411117021279  1.151952202127662  4.504209042553188  3.250212234042552 
 2.296536000000001  1.541355447999997  3.869012000000006  4.403051999999986 
 2.539483615819208  1.857849152542372  2.842706214689263  2.132301468926550 
 0.918315356545961  0.383103345682451  2.856508913649019  3.057758217270208 
 1.964635021097044  0.446191867341773  1.350491548523207  1.737524050632913 
 1.873191111111110  0.296107103500000  2.070459444444445  3.310728611111115 
-0.202107311391586  0.069660628627831  0.850227579288030  0.670631678964404 
 0.755183897180764  0.158025469585406  1.130802902155886  1.191817860696518 
 1.228795907172997  0.688980864978903  1.627026097046412  2.397611603375522 
 1.035487112860894  0.191036819422572  0.853357579002624  2.113241994750653 
 1.948918156682029  2.105015207373271  2.796661751152072  3.693771889400914 
 1.127353148148148  0.210831548412698  1.293652989417990  3.060870899470906 
-0.268941277878515  0.063228402230281  0.486446758204895  0.797393417951047 
 1.542608675675677  0.075053871891892  2.863925945945947  2.744702972972970 
 1.102481404358355  0.649962566585956  1.872956416464892  1.521931016949150 
 1.295081687500000  1.892462053571429  2.535905357142857  2.495212053571429 
 1.792578310502284  0.599995063926940  2.396365296803652  2.299339726027398 
 0.533099826582279  0.100275604949367  1.947016202531647  1.370845037974684 
-0.453909191697191  0.072907763190666  0.527290729548231  0.460837296825396 
