-0.006974775236415  0.074027230864068  0.925123533037801  0.941178995862937 
-0.352027788169580  0.069974776842253  0.580750195445423  0.580721120939543 
 0.953176985422674  0.219010979173960  1.151950090962042  2.396825461613187 
 1.679496101973672  0.832814320756584  2.821562993421079  1.323725160690678 
 0.345033146697453  0.092088474064664  1.067263891454981  1.600172378752887 
 1.503613668555237  0.509919862492922  3.592701841359783  2.396154249291828 
 1.185627046153852  0.299536787600002  1.472730923076916  1.385516646153832 
 0.338446189425291  0.086052791771033  1.569513659770127  1.020851808827583 
 1.015955464186062  0.104076453962792  2.781298232558095  2.156719906976700 
 2.262906569343044  0.658485988408756  2.658679270072997  2.890717372262766 
 0.605503799734782  0.117291167295372  1.855473686947463  1.901384295371808 
 2.258575336322858  1.555194663677135  2.684603878923761  4.087894618834073 
 1.599952106135995  0.713272578275294  1.578251182421210  3.552665339966860 
 1.292317556328229  0.394308488456194  2.933391933240624  3.520050904033375 
 2.265313510895876  1.912437118644071  3.083993220338987  2.355780532687641 
 1.955959316239317  1.327836079059832  4.109361752136757  3.506963034188045 
 0.825088547023294  0.192007412191545  2.394590336496988  1.233457747195855 
 1.343803814314513  1.696928931451614  2.772430443548388  3.206315524193548 
 1.594179675675670  0.220326876583784  1.994944745945939  2.099890162162179 
 1.910681867219920  1.410502323651450  1.574386454564315  2.281593070539419 
 0.970420142170989  0.204009334255524  2.037185878962532  2.816326032660896 
 1.185135348806366  0.999368687002649  2.492238859416451  2.319165915119363 
 1.876673799283154  1.350119605734766  4.154194982078853  1.949293512544803 
