 0.017350445487158  0.075829429813416  0.958881768699950  0.963264375931597 
-0.344268198658270  0.069737510604136  0.588457768373487  0.589463472946315 
 1.215724987226219  0.328498015729931  1.410564808394108  2.947007755474422 
 1.637524386189246  0.840446638132995  2.760664705882379  1.425897810357966 
 0.431153015269315  0.102214820505854  1.032236136580816  1.695164889929741 
 1.557162548229547  0.451411481953604  3.668884615384621  2.283922503052537 
 1.445192230971133  0.414910866544184  1.516243831146103  1.678216167978992 
 0.415223983366030  0.093856276128677  1.601980612004712  1.092331065986657 
 1.108850553775748  0.172126636939360  2.470062814645294  2.398096910755118 
 2.261823740053034  0.682091613209547  2.428210305039789  2.748882891246677 
 0.660584548183527  0.138680269679530  1.764696611764685  2.035352941176465 
 2.056390680272101  1.602981360544220  2.584518690476186  4.001510714285714 
 1.711098123028397  1.555081388012623  1.784649861356454  2.642354889589930 
 1.381748633630288  0.392971535857463  2.629368930957690  3.589614031180400 
 2.170613777777774  1.850099277777778  3.412548888888889  2.250387203703700 
 1.935606010186759  1.278078200339559  4.031318166383693  3.490864176570462 
 0.857347739074549  0.172246421767352  2.434152056555270  1.393296114395888 
 1.170870029740257  1.173189935064936  2.902034805194808  2.730063116883115 
