 0.006447025665058  0.074647722613469  1.239758153364507  0.626608154929853 
 0.233282871866295  0.084722626378818  0.730018036211635  1.632283565459426 
 0.944350147492423 -0.061328796342173  1.810215634218117  2.250338643067757 
 1.777910050251216  1.082071758793981  2.702420603015161  1.863106030150415 
 0.205676531974505  0.078504045108279  1.196722280254820  1.426623821656053 
 1.219512216216194  0.075865241621638  3.449929729729771  1.877067567567717 
 0.696228342105287  0.178460409710532  1.008231710526295  1.447945921052611 
 0.412398801857613  0.101015601517018  1.765246439628603  0.649399604334357 
 0.623055856589221  0.145148350000009  2.690825581395144  1.331530697674253 
 2.767031746031668  0.806284619047609  2.426883333333370  2.926037301587263 
 0.526552163100411  0.090940340893013  2.132526200873312  1.788207423580756 
 2.152603030302947  1.471511212121229  1.699807878787843  4.462601515151414 
 1.991108152173976  1.137712826086988  0.987069489130324  3.291155434782830 
 1.407038545454511  0.242045318181852  3.519970000000130  3.778118181818121 
 2.534301249999936  2.245396250000018  3.919045000000015  2.370918749999923 
 1.538909296874993  1.018240078125014  3.897241406250063  3.538892187500031 
 1.106409041916161 -0.027879945508982  1.895447904191644  0.869763652694613 
 1.890930316742075  1.095051131221727  2.253247511312213  2.774957013574673 
 1.045984678217815  0.045409501237625  1.899011633663350  1.616671287128763 
 2.310423770491802  1.287939836065570  1.530407786885241  2.052028688524585 
 1.005627130801705 -0.018944145569619  1.914656962025282  3.089985654008407 
 0.856992447619032  0.699676619047598  2.848286666666664  1.844016666666664 
 2.037667289719618  1.153582523364478  4.291046728971965  2.083404672897212 
 0.170059168888886  0.077534228019444  1.503043472222235  1.072751513888889 
 2.540457936507951  1.000843253968260  3.764084126984150  2.954512698412708 
 1.072068813559307  0.270959520338978  2.220497457627114  4.054823728813592 
 0.376818823953824  0.123319191532468  1.596890476190469  1.590771284271272 
 1.857607446808522  1.201318085106383  3.175399468085076  2.584436170212782 
 0.715015470404981  0.042964355171338  2.668214953271015  2.252720249221184 
 2.165563440860208  0.400655374301074  3.146415591397869  2.084014516129040 
 1.809731333333338  0.047642007999998  2.370449333333315  1.373552733333328 
 1.661080454545453  0.218315647272726  4.089492727272757  2.526385454545439 
 1.842893827160501  1.062963012345686  4.790224691358017  3.360846913580247 
 2.253381081081082  1.741568783783780  4.268318918918929  4.200004054054038 
 2.487117054263567  1.734561782945736  2.739527131782949  2.375921705426355 
 0.815131088888890  0.390147461481482  3.454681481481465  2.837398518518561 
 1.607171710526313  0.169512684605264  1.174173092105263  1.415822565789484 
 2.043907627118639  0.337978595423730  1.769887966101697  3.679918644067799 
 0.006343424597207  0.076333699897959  1.073429430719661  1.076314371643399 
 0.514635313351504  0.103471546049047  1.055137411444136  0.837583901907357 
 1.356974380165291  1.461152396694214  1.583965289256188  2.663836363636348 
 0.810131221719454  0.106533154751131  0.654542088687780  2.141902262443437 
 2.416126016260164  2.012705691056913  3.084644715447154  3.531670731707302 
 1.553482446808510 -0.003760226063829  1.275744308510634  2.534909574468111 
 0.060738454077250  0.075488704864091  0.655439397424892  1.185213218884131 
 1.401538350515465  0.528020006872854  2.781124742268043  2.438311340206189 
 1.210266476683938  0.933020984455958  2.047903626943011  1.971721761658023 
 1.012746689320391  1.236302427184466  2.522741262135925  2.589990291262136 
 2.134166025641026  0.338586132051278  2.104835897435882  2.371830128205119 
 0.471630889583336  0.103662938333334  2.029861666666666  1.209427333333333 
-0.589154016282224  0.092510727539092  0.488202225644512  0.525321590230663 
 1.788222794117645  0.823945147058824  1.956576764705886  1.115311544117647 
 1.508830144927534  1.954073913043473  2.399330434782612  3.048117391304350 
 1.307046851851851  1.305989135802467  3.136951851851854  3.552795061728391 
-0.222056507840772  0.069339498442703  0.846719264173700  0.896844704463205 
 0.012284522552448  0.075942323933566  0.774285944055947  0.649869606293706 
 1.134111895424839  0.391370947712419  1.087003464052285  3.331220261437912 
 1.333081351351353  0.564284359073358  1.721984942084938  2.709781081081083 
 0.941601815573770  0.464284664754099  2.657183606557383  3.194115573770492 
 1.629149999999999  2.167394117647061  3.227623529411764  2.142479411764707 
 1.758202150537634  0.928263064516130  2.660037634408606  3.404875268817207 
 2.562771969696969  1.118505689393940  3.162527272727273  3.884172727272728 
 2.473094594594594  1.705549549549551  1.989789189189189  3.386489189189188 
 1.746601648351648  2.122056043956046  1.929606703296702  1.776596923076924 
 0.352548933014353  0.102898185861244  1.115896220095693  1.965228468899530 
 1.921965868263475  0.244574072455090  3.037717964071859  2.955805988023940 
 2.651819696969697  1.382577424242423  3.263269696969697  1.376556818181818 
 1.272834788732395  1.182953309859154  1.770443380281691  3.584742957746484 
 1.088976822916666 -0.216217915989584  2.582435937500007  1.694177083333332 
 1.385536358024692  0.430880214320987  3.166402469135801  1.262928580246913 
 0.754964323943662  0.170068613732394  1.302580140845071  2.618289436619720 
 1.443379607843140 -0.052030733176470  2.214145882352939  2.337511764705877 
-0.265851555425905  0.064612013138857  0.472782681446908  0.819876021003501 
 0.974379172661872  0.497213669064748  1.407320539568349  2.051694964028780 
 0.928354196703297  1.642301098901099  3.471429670329670  2.868809890109889 
 1.698433557692308  1.935634615384616  4.066657692307690  2.949577884615387 
 2.235083333333332  1.464620952380952  3.023571428571431  5.114966666666667 
 0.653340431818180  0.065041812354546  1.518816363636367  1.193680272727274 
 0.486341218622223  0.210806862222222  2.048556000000000  2.548791555555554 
 1.585972972972974  0.318283361711712  2.258772072072072  3.123487837837837 
 1.369477172413795  0.394107768965518  2.472997931034484  1.895440689655172 
 1.323880512820513  1.019854358974361  3.661177777777779  1.791444444444444 
 1.024707624113475  0.379746743475177  2.274967021276602  2.514519858156032 
 1.558565050505051  1.383575252525252  2.807079797979797  1.024250282828282 
 1.509828846153846  2.294733333333332  2.851962820512820  3.940728205128204 
 1.034718053097344  0.311556446902655  2.586665486725665  0.588782209734513 
 1.372602708333333  1.162387500000000  2.597904166666666  4.305058333333334 
 1.502307727272728  0.850181590909091  0.812779126136364  2.116597727272726 
 1.632156190476191  0.466445695238095  1.649919523809523  1.936895714285714 
 2.050555660377358  0.277814273584905  2.806189622641510  3.828223584905660 
-0.338141106334842  0.063673688382353  0.801171730769232  0.521841622171946 
-0.305887608725762  0.055141541426593  0.463015458448754  0.426402096121884 
 1.221929647058823 -0.191162714117647  2.913487647058821  2.799059411764708 
 1.000187813765184  0.474907396761134  2.277743319838057  1.313740404858301 
 0.964853913043477  0.581613864734299  1.569178260869564  1.306729227053140 
 0.894283180327870 -0.020606727967213  1.351714852459015  1.810691147540985 
 0.487010527577937  0.096646279616307  1.614544124700240  2.086487529976020 
 1.604651388888888  1.175225833333333  4.229227777777780  1.024086916666667 
 1.425061828571428  0.818739085714286  3.555138285714284  2.596654857142856 
 0.802223137931034  0.424871951724138  2.018167586206897  2.043023103448276 
