 0.033490383889030  0.075920895810618  0.985174089890617  0.984475545478843 
-0.336228598444914  0.069635868773407  0.594077536926719  0.597319925461240 
 1.077342972241946  0.259093132768687  1.436971654804231  2.742664056939475 
 1.097579128727268  0.347695812036365  2.700501672727281  1.364661696509037 
 0.466289761311742  0.108908548298048  1.084215824657550  1.695997592361975 
 1.633979147900761  0.530067857938933  3.498285400763364  2.270895333969490 
 1.586880371681421  0.551422205097347  1.659473505398226  1.636439194690254 
 0.466608316374523  0.099926920778964  1.672310790936303  1.055829382727654 
 1.147102551915605  0.216147687712383  2.505057134925033  2.441975680177655 
 2.112801999999984  0.997289644135591  1.861605305084742  3.048294350282481 
 0.672751040072557  0.122993046397354  1.905601749893279  1.886409090909086 
 2.115150245499173  1.626040834697220  2.803183993453354  3.968084288052372 
 1.323643810173702  1.491780794044668  2.459001240694782  2.582712282878426 
 1.385994998067631  0.442222738067635  2.712261256038649  3.551747922705314 
 2.217060414673047  1.656411244019139  3.213755502392343  2.023905470494416 
 1.810326400465840  1.311621425465839  4.065325310559001  3.299020186335405 
