 0.113417305638045  0.078691735895129  1.087031285382811  1.048722890951322 
-0.308778738298852  0.069806523245128  0.619417853586202  0.628469394758609 
 1.284999839363197  0.375764414978297  1.619446841533965  3.078546020260465 
 1.243220717348927  0.393940149038339  2.866484535412603  1.569234129109765 
 0.586272426638172  0.131334896851852  1.186610506267819  1.835397970085466 
 2.026071243414117  1.192313493993680  3.564334351949429  2.098663150684942 
 1.819708842195543  0.732660707632934  1.759711733361925  1.904138602058305 
 0.639661021094047  0.133831657833644  1.865369576620462  1.197391275458966 
 1.340887868649318  0.341941576146222  2.983794919454760  2.905201672862441 
 2.074436739583324  1.146336602145831  2.393253322916664  3.804463333333330 
 0.852362248865941  0.158108807719798  2.094580397505834  2.176951948558074 
 1.889709240341654  1.413522612352167  3.889117871222075  3.506791327201052 
 1.554432036677454  1.670539989212515  2.460994110032361  2.677066235167205 
