 0.031080566810570  0.076393733017811  0.991573306260097  0.970603293038365 
-0.337076946178261  0.069498172791935  0.591779604628398  0.598547004284566 
 1.106684856170157  0.287542196970217  1.392465276595696  2.836537702127624 
 1.484394796650707  0.616581097033496  2.725419019138776  1.260001845334842 
 0.434481070184691  0.101654123781882  1.050339116798612  1.667160158311345 
 1.589849679807690  0.517737538480771  3.526231826923081  2.299390413461563 
 1.526539236363641  0.512580057054547  1.578114737363633  1.672129890909079 
 0.474468483951650  0.099972622902041  1.684242826177580  1.073087168070024 
 1.196562259215223  0.239441311093937  2.448218133174776  2.509837693222320 
 2.155887427912325  0.989875150011532  1.910362998846594  2.975706343713949 
 0.678974684950635  0.131643846952986  1.756260460742806  1.981900705218614 
 2.099053078202987  1.636490648918472  2.725233560732109  3.985043926788685 
 1.317170378616357  1.503722150943399  2.466400503144649  2.578709937106934 
 1.395536070858281  0.444476292315371  2.724309281437127  3.570330638722557 
 2.228236533795493  1.723260675909880  3.291306932409011  2.115488526863080 
 1.841208869133860  1.311987560629922  4.039884251968498  3.351264724409452 
 0.801977913105413  0.140518924173789  2.522507905982904  1.660770605413106 
