-0.156648875376296  0.070778524729083  0.908412534617650  0.635037570018167 
-0.132633748137327  0.070162299933525  0.571736745653746  0.946675807158464 
 0.694855847715650  0.151321708845183  1.401386142131906  2.279119923857824 
 1.681623651315762  1.225393947368429  2.769212171052684  1.285585486841882 
 0.335584156677167  0.083308233459515  0.933774421661439  1.742263406940067 
 1.086643846666658  0.333013589888896  3.181672666666686  1.467194935555617 
 1.029194798534810  0.230404283760686  1.678278388278371  1.607388962148952 
 0.148883961664082  0.079848885174181  1.367279790046681  0.845740653188180 
 0.647114549140073  0.156209753734646  2.323834275184211  1.432301707616654 
 2.099776470588217  0.913292485838777  2.270331154684108  2.794258387799555 
 0.570497777061340  0.104784704272336  1.936362217438078  2.003224327233568 
 2.267786742424222  1.759021818181823  2.358868939393930  3.884837499999974 
 1.792511373390580  1.245869184549369  1.246963188841160  3.416052789699660 
 1.758503745928325  0.442931642019556  3.252140065146624  3.678554723127015 
 1.969470608695630  2.182752173913050  3.720715652173918  2.605294347826061 
 1.245848160738253  1.484127281879201  3.279015100671165  3.533420134228206 
 0.616727577683617  0.110395385516949  1.903194774011306  0.855619556779662 
 1.315310601583109  1.596202163588394  2.300393667546173  2.877946965699206 
 1.407611554487171  0.024947269134616  1.931513717948706  2.305200000000031 
 1.859934400000001  1.677652499999998  1.627054210499996  1.937196999999997 
 0.838725483362528  0.202190597653240  2.041669702276697  2.870934150612956 
 1.155214064697607  0.731569198312230  2.249045007032346  2.145697609001402 
 1.949746885245900  1.027594274590161  4.067567213114757  1.837391594262302 
 0.065918854579439  0.077812836753894  0.975292224299067  1.181643956386296 
 2.624007196969702  0.990478029166669  3.261849621212131  3.140854924242426 
 1.271815152671752  0.679854129389311  2.277762900763354  4.156870610687034 
 0.332013461580382  0.093625114510899  1.525669414168937  1.460958378746585 
 1.433301767605639  1.158703286384980  3.204145539906094  2.441165023474182 
 0.892918011594200  0.053138669579709  2.653472028985501  2.184121304347824 
 1.907608163265306  0.321798433714286  2.874585918367352  2.150900000000006 
 1.511177086092718  0.269455752008829  2.251703752759380  1.175318730022074 
 1.288956484057971  0.339124287246377  3.736262898550731  2.591552753623186 
 1.882059424778763  1.212287805309736  4.463453539823005  3.254567256637167 
 2.249574375000000  1.667843624999997  3.640478125000003  4.389702499999991 
 2.479055555555555  1.811268000000001  2.775912888888888  2.213670044444441 
 1.159470583941604  0.321798896350365  2.819280474452554  2.988254197080296 
 1.837447660818713  0.583381133918129  1.403722301169591  1.857439590643278 
 1.822807756232687  0.260014716786704  2.118215512465375  3.363711357340724 
-0.432222958549222  0.069632202018987  0.518510524399436  0.514675338389073 
 0.775240250000000  0.149387024593750  1.138493046875001  1.174344390625002 
 1.216571580246914  0.383994625679012  1.281527234567901  3.032222962962962 
 1.048069539295393  0.247933079945799  0.807820828184281  2.095975609756098 
