 0.268954654458594  0.090777700568754  1.181124637504664  1.266888669913859 
-0.253232262946594  0.070276386200793  0.682796937034985  0.672962853996307 
 1.972916565074093  1.417403743822083  2.329228566721536  3.677206589785807 
 1.219949955945251  0.332436404097521  2.910503336184764  1.992037022668914 
 0.969308491007006  0.225918926652072  1.519784167746649  2.326513776999418 
 1.892128312349797  1.289752595460618  3.809019025367167  2.865962890520700 
 1.875010317880795  1.228013190993377  2.248723780794708  2.030797344370856 
 0.777812914366618  0.161067264329359  2.009632256333834  1.375519770461998 
 1.348107543868919  0.368749230369979  2.541114799154339  3.213005285412260 
 1.883248312349797  1.296682595460618  3.809329025367167  2.872032890520700 
