 0.024528643569517  0.077972886115494  1.190433228346352  0.625060293963487 
 0.175332938566552  0.080069188515351  0.669834310580165  1.395637713310465 
 0.767149479768654 -0.017992736204232  1.595145086705090  2.186069171483560 
 1.762063207547131  1.062723396226426  2.689338207547249  1.847640566037417 
 0.219173939540799  0.087637085331631  1.149590459183715  1.452696938775512 
 1.199904502617780  0.095333631937189  3.460098429319410  1.862825654450406 
 0.735142144249532  0.084049742378172  1.230729668615969  1.446841910331370 
 0.382234747422703  0.090465781623703  1.742340463917626  0.681492402577313 
 0.642964848664744  0.198796375964399  2.528343620177882  1.238985816023614 
 2.723328888888815  0.790669407407398  2.430802962962997  2.853431851851814 
 0.537980364165080  0.158674623037523  2.087260787992454  1.833651782363952 
 2.111878124999914  1.501663906250018  1.678992499999963  4.474918749999897 
 1.972240526315850  1.126941789473715  0.976267189473577  3.287913684210741 
 1.454335599999970  0.204608160000030  3.477344000000114  3.783614399999947 
 2.533396385542106  2.228726506024114  3.926512048192786  2.365725301204745 
 1.542688248175176  1.043155620437969  3.874944525547504  3.504901459854043 
 1.066463658536581 -0.029671969268293  1.884888780487827  0.902134829268294 
 1.874353361344531  1.097099243697486  2.301641596638651  2.833971008403373 
 1.040122617449657  0.008431929082776  1.887371588366874  1.678326621923983 
 2.325546031746031  1.241013571428567  1.534235634920631  2.055534920634915 
 0.993963699187008 -0.031944680894308  1.941445121951186  3.076186178861758 
 0.808612273170716  0.683711902439003  2.854896097560972  1.824617560975606 
 1.992859894736835  1.064170526315781  4.430600000000003  1.857221684210544 
 0.210599132154694  0.079576800777900  1.467452596685093  1.121685591160220 
 2.515964539007105  0.965316204255324  3.722471631205694  2.928414893617029 
 1.117586074074062  0.276652099259255  2.274476296296292  4.023105925925955 
 0.368512234890110  0.106380787543957  1.567186813186806  1.702134478021965 
 1.718233054393314  1.123939037656904  3.283052719665248  2.588670292887042 
 0.791786513207543  0.008548799245281  2.788210188679233  2.412981509433965 
 2.167716836734687  0.423823501122448  3.177561224489813  2.105832653061231 
 1.729653703703708 -0.077023327777779  2.469333333333316  1.479072716049377 
 1.537557116564416  0.452805786503067  3.999536196319041  2.517812269938640 
 1.901020454545461  1.070087204545461  4.777752272727266  3.328214772727272 
 2.246412987012989  1.714227532467529  4.232833766233775  4.211119480519464 
 2.484965891472869  1.693187364341085  2.740055813953491  2.368338759689921 
 0.905873777108435  0.459381803012049  3.441971084337335  2.831598795180758 
 1.580327544910177  0.187847467425150  1.188251317365269  1.411151616766475 
 2.074748181818177  0.253026284181819  1.856783454545457  3.693076363636366 
-0.017171424353256  0.074834364134701  1.040641561106160  1.066435504014276 
 0.545709255583131  0.119776937022333  1.026770521091805  0.885337196029777 
 1.371690579710146  1.368408478260869  1.607608768115933  2.633808695652160 
 0.829783628691980  0.102065371729957  0.652488361181432  2.001669620253162 
 2.399067669172933  1.993746616541355  3.068288721804511  3.513284962406001 
 1.587333177570092  0.031336712616823  1.318837102803735  2.530920560747686 
-0.091645722376876  0.069788067450749  0.623767535117773  0.971578501070671 
 1.393780406976745  0.527280209302327  2.768983430232562  2.357865697674422 
 1.096086582278480  0.867739915611814  2.068486075949370  1.948422784810120 
 1.018858284360192  1.229443507109005  2.521927962085311  2.600415165876778 
 1.990415463917526  0.390940899999997  2.211440206185556  2.320961340206178 
 0.469799916666669  0.066766935520409  1.909487074829934  1.260102602040815 
-0.557451193058569  0.089122910737528  0.526308475054236  0.471623011930586 
 1.771736363636362  0.762106181818183  1.985211515151518  1.122902666666667 
 1.484782272727270  1.925720454545449  2.300721212121215  3.112426515151517 
 1.286050632183908  1.256309712643676  3.068724712643679  3.562948850574710 
-0.269244738255034  0.072405167689358  0.847359875359538  0.721592090124638 
-0.208407014084507  0.060716597042253  0.674393956466070  0.414783708322663 
 1.170016898734179  0.373845101265823  1.122787848101263  3.349110759493673 
 1.151259190751446  0.510308283236994  1.802715895953755  2.590904624277460 
 0.941988695488721  0.419954841729324  2.637982706766921  3.117753383458646 
 1.661697368421051  2.163388596491230  3.122260526315790  2.259567543859650 
 1.853331753554502  0.678843616113745  2.810481042654036  3.385267298578202 
 2.529225384615384  1.107460315384616  3.165682307692308  3.876564615384617 
 2.475193577981652  1.685950458715597  1.966298165137614  3.394462385321100 
 1.752076804123712  2.102894845360827  1.928573298969070  1.781190927835052 
 0.356997289527720  0.101913375338809  1.047273244353183  1.969214784394258 
 1.630259198113209 -0.045030710377359  3.020092924528303  2.859137735849053 
 2.637345454545454  1.402081818181817  3.258704545454545  1.353038787878788 
 1.331607662337663  1.105448636363636  1.754308181818182  3.565420779220784 
 0.827758449612403 -0.160297630193799  2.601522480620160  1.750354263565891 
 1.386931479289942  0.455745737988165  3.245934319526628  1.216713781065089 
 0.761443420408163  0.211338145714286  1.168418816326531  2.651949387755103 
 1.386279548611113 -0.082355184236111  2.176678472222219  2.349140625000000 
-0.328641114118896  0.053944416163811  0.423918699893843  0.689239373673036 
 0.949618342696630  0.423896044101124  1.396507471910115  1.947942696629218 
 0.953509297938144  1.659950515463918  3.458044329896906  2.925302061855668 
 1.714381089108912  1.931761386138614  4.099349504950492  2.933194059405943 
 2.235083333333332  1.464620952380952  3.023571428571431  5.114966666666667 
 0.871995748502993  0.452579116766467  1.704681437125750  1.279416646706586 
 0.487188397244898  0.198735427210884  1.941084693877553  2.479916666666665 
 1.577126482213439  0.371974542687747  2.213626877470357  3.104173913043478 
 1.234539774193548  0.380758665903226  2.433678064516129  1.675315806451615 
 1.370797089552239  1.203131417910449  3.697743283582089  1.794871716417910 
 0.909377553763441  0.271205730403226  2.283157795698927  2.294241935483872 
 1.557003434343435  1.407649797979797  2.819453535353534  1.023451292929292 
 1.515963333333334  2.299801282051281  2.846605128205128  3.938864102564101 
 1.046849629629630  0.397038285185185  2.512280740740741  0.649122664444444 
 1.393853980582524  1.149894077669903  2.590127184466019  4.287723300970875 
 1.515931855670104  0.883426082474227  0.861029001030928  2.103804123711341 
 1.631316814159291  0.469639513274336  1.685850442477877  1.930041150442476 
 2.530844000000000  0.491531000000000  2.584524000000000  3.856532000000000 
