 0.099305798536462  0.078449538291269  1.063420403070998  1.035736446737089 
-0.314260807389976  0.069932020105038  0.615215486726283  0.622840959566944 
 1.307561157440646  0.371765000675777  1.586850521207722  3.033478720345048 
 1.229736060232718  0.381238011889119  2.835540246406569  1.518886100410627 
 0.542518477126649  0.120319601648393  1.162230189640845  1.815052423440451 
 1.895027367303607  1.102216108280258  3.644715817409776  2.090331687898100 
 1.582989176090470  0.489658453764137  1.672762577625200  1.726179725363479 
 0.577335125778819  0.117989714212616  1.838376674454835  1.168711863785039 
 1.228426086466168  0.377434169172933  2.756712781954876  2.701839974937330 
 1.972331486810540  1.205927763860911  2.293107541966421  3.855188129496400 
 0.786322345554147  0.136563209377750  2.049367766497442  2.140139720812189 
 1.935680045833329  1.725079425287357  3.752509339080458  3.449379310344824 
 1.856413462578900  1.520587132551851  2.281087484220011  2.466837772768258 
 1.659264702702703  0.514361468513513  3.390843783783785  3.417841891891892 
