 0.006261637990537  0.074522523940356  1.239808571428446  0.626022010989287 
 0.234659060941828  0.083100478864254  0.729351454293565  1.633970360110620 
 0.952799744317987 -0.053612948749990  1.822073863636198  2.248387784090823 
 1.752349738219851  1.122227643979069  2.810943979057681  1.904650261779752 
 0.201398247843119  0.082455199228757  1.192800758169979  1.420030065359479 
 1.199140117647035  0.052354857058841  3.472675294117692  1.868090588235457 
 0.696716286472173  0.174800044270563  1.007771034482738  1.445929840848786 
 0.413684867507914  0.097411193343839  1.764631861198860  0.643505464353304 
 0.626682629343703  0.139541831274140  2.693544787644584  1.334674285714121 
 2.754145871559542  0.897019238532098  2.439721100917473  3.062222018348578 
 0.544689571041641  0.113759002352083  2.131324374999952  1.792965416666638 
 2.160721276595627  1.551530212765981  1.599980638297823  4.559899999999858 
 2.057504487179561  1.101350897435934  0.955785807692177  3.220233333333594 
 1.401827083333293  0.224362031250039  3.557886458333483  3.817420833333263 
 2.561005333333265  2.231316000000019  3.930032000000016  2.403999999999918 
 1.565888536585359  1.006402032520340  3.919782926829334  3.529161788617919 
 1.102790350877187 -0.029500613450292  1.891969005847980  0.878020701754388 
 1.892182198952872  1.130650261780113  2.205280628272246  2.775395287958129 
 1.047584424999993  0.058485847000002  1.898674499999983  1.620787000000050 
 2.296540944881889  1.303473700787397  1.581190236220468  2.008189763779524 
 0.965768056872057 -0.018894773459714  1.874680568720340  3.053993364928875 
 0.804884708571410  0.722296457142831  2.818949142857138  1.814601142857139 
 2.048580373831768  1.159317383177562  4.273120560747666  2.076860747663567 
 0.167970498044690  0.077082295215083  1.503182402234650  1.071769287709497 
 2.556356410256426  1.010146068376075  3.809964102564127  2.953152991453002 
 1.070262268907549  0.284931675630247  2.201805042016801  4.063857983193309 
 0.350617192832765  0.167992734525598  1.601334470989751  1.599294539249133 
 1.857284269662934  1.226582471910112  3.135235955056147  2.725487640449455 
 0.706547247524749  0.025849703003299  2.646946534653450  2.219890099009900 
 1.997949999999991  0.400597354078947  3.262260526315813  2.009743421052642 
 1.813958666666672  0.055871601333332  2.371579333333315  1.371822066666662 
 1.667721634615383  0.209193886538460  4.091709615384646  2.552178846153830 
 1.833119753086427  1.064339555555563  4.801871604938264  3.352264197530864 
 2.223152941176472  1.772867058823526  4.282069117647071  4.236426470588218 
 2.448749193548388  1.746822580645162  2.752534677419357  2.382329032258063 
 0.784213279661019  0.366788570338983  3.509069491525404  2.864655932203440 
 1.616636301369860  0.166642281232877  1.170083904109589  1.404793356164394 
 2.046262727272722  0.368741175090910  1.736069818181821  3.725885454545457 
 0.005495385683531  0.076047088918191  1.072986803013998  1.074052120559747 
 0.510285469613265  0.098866498342542  1.050674640883972  0.836903569060774 
 1.359362268907565  1.464871764705882  1.589753781512595  2.675598319327716 
 0.813483504672894  0.112203748598130  0.648750895327100  2.137758411214952 
 2.429033333333334  2.034900854700857  3.113283760683760  3.519558974358958 
 1.546972580645161 -0.008982862903225  1.279848548387093  2.536684408602177 
 0.060829499142854  0.075647506714285  0.655799626857142  1.185307057142868 
 1.208695000000001  0.486659864406782  2.938531779661017  2.389020762711870 
 1.279719573170732  1.009457987804877  2.055254268292689  1.911014634146332 
 0.987829807228920  1.260845240963854  2.549664457831326  2.499410240963855 
 2.293330708661415  0.363095779527554  1.982314173228328  2.449635433070854 
 0.467592187096777  0.102972187956990  2.036792688172043  1.203009096774194 
-0.589154016282224  0.092510727539092  0.488202225644512  0.525321590230663 
 1.787258695652171  0.822295652173914  1.966227101449279  1.116613550724638 
 1.501496479999997  2.018390399999994  2.420896000000005  2.999027200000003 
 1.357516560509553  1.304566687898087  3.187604458598729  3.620576433121015 
-0.222449193939394  0.069174847526061  0.846105018181815  0.896298254545451 
 0.011846491943958  0.075987923450087  0.774080332749565  0.649645647635727 
 1.139648108108111  0.385752486486487  1.078024797297294  3.334764189189194 
 1.293884285714289  0.574111737451737  1.678598455598450  2.707752123552126 
 0.703729361842103  0.369209126315790  2.503955263157906  3.090694736842105 
 1.675601041666666  2.218542708333335  3.295693749999999  2.115560416666667 
 1.811015822784810  0.935892848101267  2.510967721518992  3.481563924050633 
 2.577449532710280  1.072903560747663  3.339277570093458  3.863952336448599 
 2.482422222222223  1.852311111111112  1.836206944444443  3.185244444444440 
 1.731856024096385  2.155969879518074  1.925660361445781  1.749920722891567 
 0.349260921615201  0.102129696888361  1.121267054631829  1.951576484560578 
 1.956644242424245  0.207518268484848  3.030227878787882  2.904788484848472 
 2.638890476190476  1.397161111111110  3.271233333333333  1.351169047619048 
 1.396946388888890  1.272121111111109  1.534332777777779  3.647812037037044 
 1.102790851063829 -0.219996914202128  2.575536170212774  1.695301063829786 
 1.374438963414635  0.431915516585365  3.168693902439023  1.273565426829268 
 0.729466207142857  0.139365808928571  1.273610214285714  2.594561428571430 
 1.484544664031624 -0.047759090355731  2.213697628458495  2.309783794466400 
-0.265851555425905  0.064612013138857  0.472782681446908  0.819876021003501 
 0.977868157894739  0.479401729323308  1.385312330827073  2.019051879699252 
 0.932135672826087  1.641802173913044  3.461041304347825  2.871957608695651 
 1.697245533980583  1.930577669902913  4.069842718446600  2.953107766990294 
 2.236802325581394  1.482755348837209  3.024334883720933  5.100606976744186 
 0.649714278215221  0.121522108230971  1.513906299212603  1.148407821522312 
 0.479734598153154  0.201309905405405  2.041476126126128  2.509149099099099 
 1.576730803571429  0.230941267857143  2.177013392857142  3.159619642857141 
 1.332977551020409  0.400608962585034  2.488979591836735  1.867177551020407 
 1.275078130841122  1.027127476635516  3.700913084112151  1.793696261682243 
 1.042427279411766  0.352612745073529  2.277090808823535  2.525666176470592 
 1.560415247524753  1.384093564356435  2.808810891089108  1.034918594059405 
 1.500655769230769  2.292916666666665  2.841134615384615  3.926701282051281 
 1.034718053097344  0.311556446902655  2.586665486725665  0.588782209734513 
 1.254178684210526  1.193455526315789  2.588863157894737  4.369347368421054 
 1.500222758620690  0.852287126436782  0.808234058620690  2.111587356321838 
 1.618335981308411  0.458458766355140  1.643914485981308  1.942084112149532 
 2.061835238095238  0.287824171428571  2.808643809523810  3.849272380952381 
-0.338141106334842  0.063673688382353  0.801171730769232  0.521841622171946 
-0.305887608725762  0.055141541426593  0.463015458448754  0.426402096121884 
 1.189769245283017 -0.214297826415094  2.903545911949682  2.793074842767298 
 0.995561106557379  0.472777733606557  2.269068032786887  1.313247868852460 
 0.970091363636362  0.584017222222222  1.570807070707070  1.305221060606061 
 0.917566036363638 -0.010150870654545  1.338453781818181  1.827957090909092 
 0.495261012048193  0.105027450120482  1.621607710843373  2.082707469879518 
 1.604651388888888  1.175225833333333  4.229227777777780  1.024086916666667 
 1.454095494505493  0.842716538461539  3.571547252747253  2.578481318681317 
 0.846555704225352  0.523013626760563  1.989189788732396  2.091269718309860 
 2.424422727272729  1.416536818181818  2.418368181818181  3.880486363636364 
 1.291517960199006  0.481409184079602  2.872440298507463  3.225484577114426 
 1.624690677966104  0.608686949152542  2.478750847457625  2.452136440677967 
 2.571702150537635  0.637972460215054  2.883580645161290  2.258462365591397 
 1.113716357142857  1.089553500000001  2.305186428571429  3.288085714285714 
 0.556599505703422 -0.117169427376426  1.562873764258555  1.501788973384030 
