 0.033424188959993  0.075916359305068  0.985137456799979  0.983855736000048 
-0.336474488921130  0.069644286765050  0.593810523634918  0.597376155948284 
 1.076567848679467  0.255510263054964  1.435940910064200  2.737668807994263 
 1.099608049526579  0.349566252403497  2.702488856518581  1.364164044209706 
 0.466971897514493  0.109031495795360  1.083949482850058  1.695572908036453 
 1.635635439581349  0.528325390218841  3.496615223596580  2.273448915318768 
 1.595872921447490  0.555335329002649  1.667938668225945  1.642081862312433 
 0.467200154700859  0.100472759274358  1.672062623931630  1.055493147948711 
 1.144094437291900  0.214629979228636  2.502264372918970  2.442617758046591 
 2.103569293044455  0.994078951037626  1.851763802736598  3.062675712656779 
 0.672394832004274  0.122990640473932  1.905606752136731  1.883533376068371 
 2.113811074918559  1.623250276872967  2.803531954397393  3.966561400651465 
 1.329057068711661  1.491986527607365  2.454413987730054  2.582293374233143 
 1.381501244422889  0.440605512997092  2.715513482056257  3.550265082444228 
 2.222691555555557  1.653477063492064  3.217757142857141  2.035583380952380 
 1.805362913771520  1.311682156494523  4.070072926447569  3.301008607198749 
