-0.160081540540558  0.071255152948407  0.902634201474151  0.631216439680697 
-0.132307233986928  0.069983647065356  0.572854992592577  0.945936862745052 
 0.631664758885410  0.150801437024544  1.572168404907916  2.124328834355795 
 1.691512832167803  1.249154825174834  2.746449650349706  1.287162685314448 
 0.338166235745598  0.084481627105262  0.914620628289505  1.756183442982460 
 1.251714858381492  0.462172087630067  3.369006358381525  1.521271962427824 
 1.056008915343926  0.239536306746034  1.677833201058184  1.553237447089934 
 0.134811083162871  0.079059544932334  1.346107143981142  0.839369331235247 
 0.729457192883929  0.238704737453187  2.558233146067319  1.237432436329510 
 2.103655180180159  1.012956216216214  2.262412612612625  2.831701351351342 
 0.614609609323757  0.083362850275615  2.116758094262268  1.804369877049165 
 2.470883248730935  1.472105685279194  2.260156345177652  3.980987309644638 
 1.716759361702150  1.194483787234056  1.165467885106341  3.459308085106472 
 1.756663513513499  0.440896442905418  3.217243243243290  3.686462162162140 
 1.991254975845385  2.166842028985514  3.802899516908218  2.581724637681130 
 1.177307579347825  1.334514021739137  3.455992391304375  3.434671376811614 
 0.555014890109891  0.093368766600733  1.878264590964595  0.924348798779000 
 1.155870635568508  1.364094839650150  2.171031195335271  2.890759183673467 
 1.384155863874337 -0.019273508830714  1.988668411867350  2.243620244328133 
 1.835654271844660  1.708135922330095  1.656804573300968  1.949974757281550 
 0.774583276025242  0.171338572807571  2.153610252365922  2.754352839116711 
 1.177080143266473  0.697493739255009  2.275822779369623  2.086321489971341 
 2.000407847533630  1.077334820627799  4.089728251121080  1.886932107623326 
 0.063707701701323  0.078003532192817  0.975113629489605  1.188281140516702 
 2.571317187500006  0.949810116015627  3.301903125000011  3.088122656250000 
 1.226077109374994  0.677704304296873  2.291046406249996  4.138624218750013 
 0.327893614840500  0.094900696672677  1.509338210818306  1.464025797503460 
 1.454299234192041  1.257425573770495  3.131931850117089  2.429355971896962 
 0.966438227929371  0.077274785778490  2.789978009630816  2.069043178170152 
 1.979159956236323  0.333931796761488  2.819525820568932  2.197077461706789 
 1.549779596977334  0.283006202670025  2.248928463476067  1.122812807808562 
 1.333005342105263  0.351012786842105  3.734401169590651  2.585826900584793 
 1.938063134328361  1.192345890547266  4.498918905472633  3.272041791044774 
 2.281743046357616  1.581510536423838  3.681414569536428  4.407362251655620 
 2.526537499999999  1.827284134615385  2.781075000000000  2.179161346153844 
 1.166417305605784  0.305210287884268  2.827499819168173  2.974332911392410 
 1.858327469135800  0.581041752469136  1.403791626543210  1.845379444444447 
 1.807833055555555  0.243602847388889  2.119621111111113  3.363740277777780 
-0.433003519867549  0.069533805953789  0.517935474597920  0.514521363954589 
 0.749528806451614  0.140031478129032  1.131524661290323  1.144763645161291 
 1.371976770601338  0.413534698218263  1.537190623608017  2.812287305122491 
 1.043951465721040  0.232245932151300  0.900059994326240  2.022268557919619 
 1.781641606425702  2.054093172690765  2.736337751004014  3.539577510040159 
 0.807177769452449  0.142622843804035  1.168060547550431  2.806866858789627 
