 0.054504733059335  0.076493153767129  1.174252027397185  0.695317108675962 
-0.117583499781660  0.070449764467974  0.594986480931571  0.959606128093112 
 0.613813767137597  0.128046991920294  1.504907330917803  2.208101932367107 
 1.730951076923046  1.253759153846163  2.739406923076985  1.254550838461279 
 0.330788361147309  0.084866685162971  0.845411735332502  1.746227509778362 
 1.253065876506013  0.498916537710852  3.393094277108456  1.530145960843455 
 1.043442098360672  0.050996484262298  1.645019524590143  1.594127163934411 
 0.200149802476200  0.079909282270473  1.480603047619081  1.069211676190473 
 0.768717276824074  0.213505123605155  2.601676180257396  1.170547437768151 
 2.463337867647025  1.223748713235291  2.174930147058840  2.980326102941157 
 0.621462905861649  0.117231546728019  2.112845017584962  1.902548300117216 
 2.242851298701264  1.472505090909100  2.140076818181803  4.333082467532422 
 1.654918018433204  1.199313594470060  1.167678815668156  3.422752534562308 
 1.759475765472300  0.472598237785028  3.214178501628707  3.678846905537438 
 2.031571604278048  2.163590374331557  3.878532085561504  2.591896791443817 
 1.158141899227798  1.404157104247111  3.457013513513543  3.423268339768360 
 0.708372637168140  0.113665126849558  1.827230088495586  0.693938066814160 
 1.421978270270265  1.187155351351353  2.244525675675672  3.082562702702702 
 1.345938385214000 -0.042047758482489  1.942380739299593  2.245745719844397 
 1.920909090909090  1.573554136363633  1.579541018636360  1.990137409090906 
 0.817860148270187  0.139703153970347  2.119799835255340  2.703371663920915 
 1.032866354359922  0.706557513914648  2.574227458256028  2.136599628942482 
 1.992995306122445  1.120199846938773  4.147083673469391  1.884058469387764 
 0.058110558909574  0.077402556442819  0.980875192819149  1.187760525265962 
 2.571670161290330  1.076809233870971  3.270339112903238  3.239141532258066 
 1.194123532110086  0.655331458256879  2.310377064220178  4.148512844036715 
 0.357324110068260  0.102875283474403  1.431711689419791  1.601432679180879 
 1.589104273972609  1.157173068493154  3.250343835616425  2.501139452054802 
 0.939057102661594  0.000252763003801  2.778872813688211  1.998725285171107 
 2.229453307392988  0.382994254941634  3.159489494163437  2.147971206225687 
 1.636623055555559  0.232981408055555  2.340137777777773  1.290706999166665 
 1.254128058620689  0.355362955517241  3.781898965517252  2.588478620689649 
 1.915436546391756  1.164787340206189  4.506091752577316  3.269599999999999 
 2.266734615384616  1.521600699999997  3.771303846153851  4.443372307692296 
 2.537417714285713  1.863176571428571  2.843597142857141  2.131010057142854 
 0.931312704188482  0.415683704712042  2.763626178010466  3.137049476439801 
 1.957625316455694  0.443253568185655  1.335382012658228  1.748249789029538 
 1.857479619565216  0.296092749347826  2.076887499999999  3.324885054347829 
-0.238045597656250  0.068448339921874  0.806169179687505  0.591123050651045 
 0.760189182282795  0.152320623100511  1.107282044293014  1.178583816013629 
 1.221558161157027  0.675360805785124  1.631307871900824  2.395125619834706 
 1.005587219512195  0.191056934390243  0.870730799024390  2.116565121951216 
 1.923236338028170  2.107332394366197  2.827008920187792  3.633383568075111 
 1.119370580152672  0.195179829007634  1.312850916030535  3.069851653944026 
-0.447841126787679  0.070589474227893  0.480155348349835  0.523298518921894 
 1.501350578947370  0.060772030000000  2.855268421052632  2.755508947368419 
 1.097394057971016  0.651277077294686  1.872648067632851  1.521411787439612 
 1.274586037209303  1.875875813953489  2.550620000000000  2.465878604651163 
 1.784512162162163  0.593193558558558  2.394111036036035  2.298213513513514 
 0.486851417553191  0.107265294773936  1.940792420212766  1.300645265957446 
