 0.014655364823554  0.075686223371494  0.955481983328680  0.963007214226223 
-0.344804888354848  0.069752008274184  0.588218819033225  0.588577751496826 
 1.203400993127092  0.314211990584196  1.445510360824692  2.921985738831586 
 1.617612920143016  0.871977220858167  2.695971632896328  1.468176242788951 
 0.428315519250580  0.101712018070257  1.031235967962549  1.693473840749412 
 1.489726331730768  0.464399447524041  3.658325600961544  2.237501322115419 
 1.427255208148808  0.390532507936228  1.499838812223204  1.685621824623549 
 0.410006242325953  0.093556134079113  1.594710751582284  1.084693748892401 
 1.079480004553222  0.199105946824133  2.494744109277161  2.390236881047209 
 2.226943844221089  0.620442638266331  2.535306532663317  2.722212437185920 
 0.648447049947617  0.135288667366191  1.770395142857121  2.023690952380945 
 2.105415739750438  1.580802531194298  2.585048342245982  4.020609447415328 
 1.824458330683631  1.494111653418129  1.693765822098555  2.687551669316400 
 1.365508627081019  0.395154798224198  2.634789234184248  3.584001331853495 
 2.196658155339800  1.849515514563107  3.442407766990291  2.225933572815529 
 1.943655814751288  1.245325818181818  4.052892795883353  3.483037221269299 
 0.864569644199610  0.165631074057032  2.414034089436163  1.372866755670771 
 1.213805771562080  1.352904579439252  2.855584779706275  2.819195060080105 
