-0.128640813644036  0.071877279334647  0.941484177428368  0.655574656822108 
-0.389123107622506  0.069730183693759  0.524255796479121  0.572598062214133 
 0.940861864457729  0.216839894984946  1.028224568674612  2.447678012048142 
 1.724250643274831  1.265936578947373  2.863376608187181  1.309475010818514 
 0.356598037422883  0.092190446593556  1.010523522960954  1.668840849897191 
 1.161580692035392  0.311063901858413  3.247830619469042  1.587406300885005 
 1.100173651315796  0.269863952752195  1.354158245614022  1.483343914473670 
 0.235025117650248  0.081903518302110  1.372584028153782  0.941464050893339 
 0.749082948141762  0.132177274554885  2.296511754537550  1.700018841832287 
 2.189017477477456  0.933665149549546  2.269405045045055  2.967973153153145 
 0.664531431037429  0.129965818766771  1.738660920436793  2.198745397815910 
 2.267379779411747  1.844718014705889  2.473300183823522  4.109155882352911 
 1.590515094339635  1.002141870619954  1.267514886792427  3.341552291105174 
 1.277949618181809  0.344860382545460  3.299636909090931  3.231321636363624 
 2.197841790633603  2.050971349862261  3.157011019283749  2.400358292011006 
 1.788446677852348  1.460339677852351  4.309301677852369  3.568487583892633 
 0.726227954264524  0.166458452311496  2.115153399258352  0.912804699876390 
 1.249253436434105  1.666886847545223  2.709532558139538  3.362602842377258 
 1.575432618025743  0.134184649127326  1.766892417739617  2.309555793991441 
 1.985157436708864  1.492234113924049  1.584749908544301  1.994714936708859 
 1.091533788844622  0.234846889110226  2.048371500664004  3.094767861885782 
 1.184455443213293  0.907861454293625  2.223842797783937  2.303808171745152 
 1.990149821958455  1.018881676261127  4.169329673590505  2.160222433234425 
 0.007925647281553  0.073781227824757  0.792551259126215  1.116818014563110 
 2.401311475409833  1.058161163934427  3.345887978142084  3.578310109289619 
 1.530899585492227  0.528178904559584  2.384406424870460  4.019338341968913 
 0.405662057661824  0.092061263710700  1.636494914134742  1.483481638044911 
 1.372527229376258  1.122091851106639  3.295386317907445  2.515321327967805 
 0.972713980526918  0.129119845887743  2.674527605956471  2.399779266895758 
 2.003061730769229  0.368233193884615  2.939564038461538  2.343587884615385 
 1.583865704584042  0.359943226315790  2.210299151103566  1.427700106960950 
