-0.021429122203405  0.075517807494354  1.086050435028207  0.698879802824959 
-0.363422087174046  0.069896281427018  0.564884902759241  0.584930584050922 
 0.968244810442601  0.209557707343932  1.104238601135007  2.387278547105527 
 1.694553061594190  0.857181974673918  2.850907427536261  1.337064359963646 
 0.379045288784552  0.093676002336984  1.123138907668247  1.648779447052687 
 1.546084891975307  0.541161079660499  3.603661111111125  2.258284413580292 
 1.195311222466966  0.300308214658593  1.459322511013206  1.385551541850208 
 0.342069270026814  0.086499426730293  1.529085056300282  1.030529379195711 
 0.977262915730355  0.112437781095507  2.725327902621678  2.111420599250895 
 2.135569010043020  0.678024562840743  2.477493256814929  2.714653945480626 
 0.660923627963756  0.127038761745652  1.809514565217369  2.104634130434772 
 2.238287499999986  1.778355056818187  2.513160937499994  4.038886931818166 
 1.628263483606567  0.865999077868858  1.367356338114734  3.289814754098398 
 1.227785956454112  0.305327076671856  3.124853188180425  3.140903265940895 
 2.180468487804871  1.939814707317075  2.983660975609760  2.373200146341452 
 1.786577304347826  1.432739837681161  4.238157101449290  3.561945217391321 
 0.942039479949873  0.194015210814536  2.490251378446127  1.104815175438594 
 1.271667883073928  1.565346614785994  2.858416342412453  3.215597665369649 
 1.579556834532367  0.187700615755397  1.981449508393277  2.071256474820164 
 1.911075352480421  1.458762898172322  1.577116921932114  2.098425456919061 
 1.017308906825568  0.213419913282774  2.025661538461534  2.904339653304437 
 1.123772166429587  0.975697297297293  2.395237695590334  2.224501849217640 
 1.983909542253521  1.442585669014083  4.144537676056335  2.008734964788734 
 0.020598498556608  0.074650721925575  0.804845788813712  1.129180369869196 
 2.437555614973258  0.917438959090909  3.358991176470590  3.429687165775404 
 1.511805948827293  0.524311274328358  2.356644093816631  3.935246908315566 
 0.555435608828125  0.118768404062500  1.980981562500000  1.514595187499999 
