 0.065770253367340  0.077931617217859  1.021397631122431  1.011082721938822 
-0.324720480759684  0.070020797300473  0.605072200620649  0.610168703376351 
 1.205910721594641  0.342247478166116  1.564684966777369  2.892400797342166 
 1.184752546989718  0.381268824339209  2.752751615271665  1.377832843392017 
 0.504508016565651  0.113526566161616  1.112630867313145  1.759722529292927 
 1.778481127049181  0.926614026762298  3.762966700819681  2.214783555327887 
 1.567136609053500  0.496410205563788  1.618481531769544  1.710488592592583 
 0.511924744595680  0.104754568791832  1.745101148919140  1.116671847958359 
 1.223517489204545  0.299164916704546  2.719789488636355  2.448818068181801 
 2.044602666666652  1.331394819827160  2.054185246913578  3.660343580246910 
 0.723535895375894  0.129306324123898  1.976398866022660  2.023980638387231 
 1.991922505294820  1.570124121540315  3.734007821901325  3.518068471720817 
 1.863487105263158  1.517681859649125  2.478177596491220  2.325075473684214 
 1.451900293636362  0.493358478818183  2.837535818181820  3.508249636363632 
