 0.014578251736586  0.075660281165326  0.955219835509842  0.963167025284850 
-0.344823370467034  0.069776216518216  0.588226837939553  0.588438706923061 
 1.194200632302349  0.302340614037805  1.446485081615070  2.907974312714749 
 1.615124958083822  0.880057159640721  2.688304311377268  1.471992919401113 
 0.428401637880913  0.101925716633849  1.031228894327259  1.692670487576182 
 1.488055440191387  0.469596701363639  3.656340550239240  2.230767308612474 
 1.426291265486730  0.389613673858409  1.499971167256635  1.684642955752201 
 0.409836665585447  0.093502831072784  1.594663678797474  1.084271850158224 
 1.079201243212676  0.203074671136879  2.496286934389124  2.391467138009020 
 2.222922042341204  0.616613711158156  2.541422789539229  2.723768617683677 
 0.646046818999519  0.136485794528004  1.772647056007637  2.020658879846809 
 2.109157145421895  1.582520323159787  2.589261436265701  4.022345421903051 
 1.823896065830728  1.478636583072106  1.683282613009390  2.707024294670870 
 1.364222032150774  0.396882812860313  2.627559401330385  3.588329711751661 
 2.200837378640772  1.849013378640777  3.437707378640776  2.221809106796111 
 1.943326952054796  1.242762397260274  4.053512842465745  3.481658047945208 
 0.867580260220635  0.163131516722908  2.414694224529526  1.370527523685918 
 1.212804983626520  1.368513761840324  2.856621109607578  2.828137347767251 
