 0.126788219042844  0.080450503942180  1.303100947158443  0.721464400797784 
 0.136153643396226  0.079226040929913  0.661785854177867  1.301844609164330 
 0.664793134670388  0.112567008553014  1.459455816618827  2.275333524355255 
 1.699774887892340  1.243402556053821  3.035126905829670  1.267278874439158 
 0.363472571428552  0.087798758228020  0.967346634615423  1.826750824175823 
 1.272600410658295  0.429923915423207  3.395598746081527  1.587675360501653 
 1.061897871559652  0.051357555321104  1.523135321100896  1.588680550458701 
 0.342943634285725  0.090363744738282  1.718777257142900  1.108075382857141 
 0.765842247311879  0.271276292741941  2.654827688171898  1.067081225806340 
 2.514219028340044  1.195323684210523  2.155816194332002  3.003424696356253 
 0.642044240585814  0.134331300734333  2.070553950953646  2.121564168937310 
 2.083206432748506  1.316937894736850  2.327015789473670  4.431660818713411 
 1.702673131313160  1.151006535353551  1.137727843434292  3.507172727272832 
 1.728547822878215  0.421269848708501  3.253125461254662  3.708382656826545 
 2.055066363636337  2.162302673796799  3.877334759358297  2.628046524064139 
 1.024758628301883  1.339395660377369  3.703222012578663  3.354602515723299 
 0.831790490196077  0.087623598823529  1.845031372549031  0.745716338725492 
 1.514021472081214  0.990236446700509  2.344861421319795  2.969284771573608 
 1.375936209016387 -0.046180884754097  1.925480122950801  2.265157581967256 
 1.965046391752576  1.595410876288656  1.553901670618553  2.095176288659790 
 0.891788083333341  0.160147161287879  2.107927272727257  2.822268371212111 
 1.033984111531187  0.697089470699424  2.573809073724008  2.135646880907368 
 1.982086416184967  1.110661040462424  4.208005780346824  1.905546011560704 
 0.141904441748438  0.076721747109723  1.228300365744875  1.299883853702053 
 2.542290222222232  0.998499022222225  3.277885777777791  3.236219111111115 
 1.098660548523200  0.503675672573837  2.239942194092823  3.956122784810143 
 0.401733854239020  0.118677737111339  1.569035546475991  1.666043922369755 
 1.586177314285720  1.160051685714289  3.271803999999984  2.513324857142864 
 0.891533558762884 -0.005551553381444  2.786720618556700  2.028482268041242 
 2.292724999999992  0.433930609666666  3.191331250000013  2.173267916666674 
 1.555669496021223  0.140407771432360  2.435227055702915  1.408523270557029 
 1.285572396296296  0.353486661111111  3.803800740740753  2.574948888888882 
 1.909451912568309  1.151197508196724  4.504296174863385  3.243532786885245 
 2.307873451327434  1.507919477876103  3.930169026548680  4.425586725663702 
 2.477112290502792  1.848918994413408  2.867829050279328  2.098303128491619 
 0.895093576023391  0.371814886257310  2.887769590643267  3.050955263157908 
 1.969923788546253  0.455680184140970  1.356876770925110  1.777955418502206 
 1.901868882175225  0.282236420725076  2.064005438066464  3.328711178247739 
-0.055935591017075  0.072809758265775  0.931547126948778  0.978246985894584 
 0.695966806451615  0.159562285145161  1.124564967741934  1.203674870967743 
 1.230315714285716  0.706063923240938  1.625198955223880  2.405931982942424 
 1.036134595375723  0.213603573121387  0.793413825433525  2.111336705202310 
 2.368252702702705  2.141289189189187  2.935252702702699  3.669497297297287 
 1.142848361581920  0.219356096045198  1.268364802259887  3.058839830508482 
-0.236926106496712  0.067220415008224  0.525346815789474  0.835043338815794 
 1.543675294117648  0.074413408021390  2.858270053475936  2.740472727272725 
 1.058627013888890  0.583515347222222  1.868850000000002  1.625563425925923 
 1.243062819512196  1.820030243902439  2.571802439024389  2.363462439024389 
 1.817668750000001  0.602901034999999  2.415347249999996  2.218354250000000 
 0.652616904109591  0.096901343931507  2.163993972602744  1.526250547945206 
-0.466416621052631  0.072184963620006  0.502960700495358  0.483071302414860 
 1.658321499999999  0.997594611111112  1.969374444444444  1.077379970555556 
 1.560670817610063  1.896670440251570  2.068329056603774  3.289277358490565 
 1.452764311111111  1.555241155555556  3.013588888888891  3.602206666666668 
-0.199047193862275  0.069154776811377  0.842537043413172  0.560221713922154 
