 0.014970214454236  0.076616151224199  1.236676194690147  0.634844873156603 
 0.280140253668762  0.095101556750515  0.751146341719029  1.574813207547030 
 0.772261312499857 -0.035458858458326  1.647869166666545  2.174928333333268 
 1.760190521326976  1.063377488151669  2.688361137440837  1.846018009478352 
 0.188469781471371  0.087026903555857  1.203538283378792  1.452685422343327 
 1.198193473684189  0.092744387894753  3.461325789473723  1.862444210526461 
 0.702732290909109  0.090965871345458  1.237457854545441  1.442158727272714 
 0.400170324099748  0.092941650110795  1.753203324099831  0.673486072576170 
 0.642730758209011  0.196939846865679  2.527682089552079  1.237357671641665 
 2.719682638888820  0.790657083333325  2.424843750000032  2.898095833333298 
 0.543376789463578  0.166891372469349  2.097238122605322  1.828405747126411 
 2.152603030302947  1.471511212121229  1.699807878787843  4.462601515151414 
 1.980074456521802  1.126087826086988  0.976974054347715  3.286453260869787 
 1.398590982142823  0.210229839285747  3.520991964285842  3.767140178571370 
 2.533396385542106  2.228726506024114  3.926512048192786  2.365725301204745 
 1.544838897058817  1.035455514705896  3.879379411764765  3.514813235294147 
 1.063994439024385 -0.032956261951220  1.883879024390266  0.902086536585368 
 1.863912888888881  1.097915911111119  2.281387999999996  2.805637777777790 
 1.046620456620998  0.004694752511417  1.883810273972586  1.673836301369910 
 2.320640944881889  1.241754409448814  1.532348740157476  2.054613385826766 
 0.991864609375016 -0.025844474609374  1.940770703124968  3.066454296874971 
 0.812872214634130  0.681311853658515  2.856627804878045  1.820333170731704 
 1.992859894736835  1.064170526315781  4.430600000000003  1.857221684210544 
 0.216927811864405  0.079416245392251  1.484324939467324  1.102909455205810 
 2.522393617021289  0.956687551773055  3.721467375886545  2.934232624113483 
 1.072210645161277  0.281779866129028  2.245769354838705  4.027538709677451 
 0.374588412445731  0.103429179641101  1.590691316931975  1.700444138929075 
 1.720109583333342  1.125850541666667  3.284550416666643  2.589198750000013 
 0.787157154716977  0.006559795471696  2.783196981132062  2.417018867924531 
 2.170073869346727  0.430704001105527  3.172076884422127  2.108973366834177 
 1.731244171779145 -0.075982792024541  2.466361349693234  1.480683312883430 
 1.537557116564416  0.452805786503067  3.999536196319041  2.517812269938640 
 1.889882758620696  1.061079011494259  4.775435632183902  3.327385057471264 
 2.253381081081082  1.741568783783780  4.268318918918929  4.200004054054038 
 2.484965891472869  1.693187364341085  2.740055813953491  2.368338759689921 
 0.905920648484850  0.460213632121212  3.441695757575744  2.827795151515187 
 1.544570056497173  0.182369616158193  1.180188305084746  1.406971299435036 
 2.073589090909086  0.292915356909092  1.797706181818184  3.685392727272730 
 0.011155850419287  0.075679663736897  1.074660408805036  1.081790220125791 
 0.546387802469141  0.117359451604939  1.026318469135797  0.898674024691358 
 1.362200000000001  1.429823863636363  1.580837121212112  2.632356818181803 
 0.844177754237285  0.093793195762711  0.677152337288133  2.072847033898303 
 2.404106299212599  2.012637795275592  3.077743307086614  3.507713385826757 
 1.584714479638008  0.043613106334842  1.318739909502259  2.542243438914049 
 0.029611043181815  0.075589149715909  0.651244273863636  1.158726008522739 
 1.389552209302326  0.524605831395350  2.772287500000003  2.352227906976747 
 1.090147725321887  0.867673948497853  2.071507296137342  1.945549785407719 
 1.018319990476193  1.227797523809524  2.522387619047622  2.598617619047619 
 1.990762694300518  0.386259816580308  2.212823834196880  2.318282383419681 
 0.470248219723185  0.066740772121108  1.910845674740486  1.258519429065743 
-0.600456091603052  0.105269142122138  0.481832134809168  0.515322781679388 
 1.775553048780486  0.762093231707318  1.983898780487808  1.122878292682927 
 1.478319393939392  1.926283333333328  2.335782575757579  3.115725757575760 
 1.304021454545454  1.300514424242422  3.106036363636365  3.562228484848482 
-0.208548956621005  0.069385211414384  0.857967248858445  0.872222842465750 
-0.014690316520211  0.078564644644991  0.779659103690689  0.573014948681897 
 1.142257763975158  0.376816857142858  1.090952360248445  3.323690683229817 
 1.189016776119404  0.533746853731343  1.805722388059699  2.589982985074629 
 0.935883719101123  0.435525302996255  2.637916853932588  3.128347565543070 
 1.661697368421051  2.163388596491230  3.122260526315790  2.259567543859650 
 1.798707106598985  0.789025177664975  2.778012182741122  3.329334517766499 
 2.541448148148148  1.143287562962964  3.143094074074074  3.879835555555556 
 2.473071681415929  1.683415929203541  1.971800884955752  3.379752212389379 
 1.752076804123712  2.102894845360827  1.928573298969070  1.781190927835052 
 0.384670953124999  0.098393046562500  1.119048281249999  2.006074107142865 
 1.623435714285715 -0.032387929032258  3.016861751152075  2.861037327188936 
 2.637345454545454  1.402081818181817  3.258704545454545  1.353038787878788 
 1.325087500000000  1.121233026315789  1.745252368421053  3.572247368421058 
 0.831124863813229 -0.161914714357977  2.601264202334636  1.751209727626458 
 1.386931479289942  0.455745737988165  3.245934319526628  1.216713781065089 
 0.745833910447761  0.192783383955224  1.269070111940299  2.635038805970150 
 1.385565206896553 -0.081486262275862  2.176631379310342  2.348252068965516 
-0.261289296781883  0.065843404839094  0.480056299165673  0.825532991656734 
 0.952051322314051  0.407680473002755  1.398264628099176  1.953391184573007 
 0.922223354444444  1.648251111111112  3.476842222222222  2.903052222222221 
 1.711356764705883  1.927750980392157  4.097949019607841  2.935767647058825 
 2.235083333333332  1.464620952380952  3.023571428571431  5.114966666666667 
 0.879134341317364  0.453189086826347  1.710930838323355  1.281197305389221 
 0.481286763345071  0.228130604225352  1.955544718309861  2.467841901408450 
 1.576194023904383  0.367224463346614  2.224233864541834  3.111172509960158 
 1.236236634615384  0.380545020608975  2.431458333333333  1.676312500000002 
 1.370797089552239  1.203131417910449  3.697743283582089  1.794871716417910 
 0.914130666666666  0.282926626833333  2.286108333333336  2.296458611111112 
 1.557003434343435  1.407649797979797  2.819453535353534  1.023451292929292 
 1.518729090909091  2.297984415584414  2.849699999999999  3.946233766233765 
 1.048818955223881  0.397340138059702  2.515901492537314  0.650340744029851 
 1.386627500000000  1.153515192307692  2.589998076923076  4.275165384615385 
 1.468275869565218  0.858165326086957  0.818336011956522  2.094155434782609 
 1.636000438596491  0.493167614035088  1.663819298245615  1.931610526315788 
 2.089830841121495  0.269366476635514  2.819176635514020  3.822860747663551 
-0.371122350230415  0.057976071459677  0.774182062211983  0.523698732718893 
-0.316326429264910  0.048420481159931  0.438548871012483  0.446996498474341 
