 0.087424296207987  0.079814437686898  1.207391105092002  0.663097444203877 
 0.049869647853881  0.074780224163467  0.691881140456602  1.118262136986240 
 0.610986144050040  0.127078208799477  1.455207044854803  2.238831662269084 
 1.708554666666631  1.260924133333343  3.050328444444516  1.292738262221922 
 0.345383798955595  0.084821054947779  0.868655473890376  1.751344516971282 
 1.263872296636074  0.434332673761477  3.384218654434273  1.562367675841062 
 1.017459830508491  0.052702180338986  1.581609847457607  1.633130406779645 
 0.259410990486268  0.081758068710356  1.582591649048663  1.019517621564480 
 0.740972742222264  0.222100104444449  2.609170444444326  1.187703379999909 
 2.455076258992773  1.255992625899277  2.153381654676276  3.001226978417247 
 0.623701558029182  0.123281162407543  2.076997201946441  2.004509367396574 
 2.105660893854719  1.259781363128499  2.308040670391048  4.397641899441302 
 1.676685185185210  1.233966342592607  1.167175291666620  3.471312500000097 
 1.736453159722209  0.452104892361124  3.244040972222268  3.691770138888866 
 2.037675561497299  2.158214973262039  3.877954010695195  2.605695721925101 
 1.154732526335876  1.409448282442755  3.435379389313006  3.443107251908416 
 0.820086712530711  0.114308541572482  1.882010073710085  0.713967840786242 
 1.425849737532803  1.120853805774279  2.290574540682413  3.107249606299213 
 1.349080438247006 -0.045234495737050  1.927636254980061  2.261635657370559 
 1.957868717948717  1.588768358974355  1.558373969743586  2.102428205128201 
 0.854993849387047  0.144079927250438  2.108534676006991  2.755799474605944 
 1.035830119047615  0.700175439560431  2.564233150183149  2.134057692307689 
 1.984223410404620  1.106970809248551  4.206940462427749  1.907272601156080 
 0.052467146903323  0.076939079509063  1.113415045317222  1.182831344410877 
 2.551734262948215  1.085221713147413  3.265791235059773  3.263768525896417 
 1.094041703056761  0.489159163318775  2.259093013100433  3.983446288209625 
 0.340468771701390  0.099482643439237  1.445173871527773  1.594451041666658 
 1.576028435754196  1.155142597765366  3.253434078212277  2.515737150837996 
 0.902003155206284 -0.006460868349706  2.773349901768173  2.018166208251478 
 2.294443495934952  0.440658562276422  3.179987804878062  2.173395934959356 
 1.573500000000003  0.140710665146666  2.412005333333330  1.377088941333333 
 1.277415924460432  0.360527407194244  3.801211151079148  2.573787050359706 
 1.894411117021279  1.151952202127662  4.504209042553188  3.250212234042552 
 2.296536000000001  1.541355447999997  3.869012000000006  4.403051999999986 
 2.506577094972065  1.867043016759777  2.859937988826814  2.122019329608936 
 0.911299980392157  0.383645381232493  2.861335014005596  3.054540336134467 
 1.956168200836818  0.447967960502093  1.363489987447699  1.734383430962346 
 1.884753824362605  0.288601632464590  2.065234560906515  3.299791501416435 
-0.201085555261459  0.069878526100710  0.851798812136867  0.673953111684960 
 0.754539395973156  0.164615985973154  1.126027332214764  1.194975939597317 
 1.231888245243130  0.693771501057083  1.632753488372092  2.402323044397457 
 1.046547247956404  0.203052106539509  0.831113857220708  2.139275749318798 
 1.948857327188941  2.103575115207373  2.797788479262671  3.694404147465431 
 1.127930945945946  0.212888560270270  1.292565702702703  3.063547837837845 
-0.268801377384198  0.062923989700272  0.486747451680290  0.798573878292466 
 1.541658247978438  0.074109980053908  2.862914285714286  2.743741778975738 
 1.059480046948357  0.575916291079812  1.878692253521128  1.599198826291077 
 1.286730384279476  1.879858951965065  2.521974235807859  2.514295633187773 
 1.792205069124425  0.605066529953916  2.402077649769583  2.288675345622119 
 0.542167219230770  0.106301789756410  1.985593076923080  1.386223307692307 
-0.452421351515151  0.073023644367461  0.528182960606062  0.460734149212121 
 1.631073936170212  1.087636702127660  2.053329787234043  1.178767737765957 
