 0.017026176552099  0.075877109261088  0.952098624722816  0.968437197339296 
-0.344406467936422  0.069695878905537  0.589414826007117  0.588223109673867 
 1.042681043130937  0.218994143370611  1.437518781948833  2.730958306709232 
 1.802607986688839  1.175224760399336  2.562776372712174  1.475102287354296 
 0.419570963340654  0.101946807859340  1.073494756747269  1.689052109890110 
 1.589354596354164  0.600269443151045  3.677225260416678  2.034575949218790 
 1.382514923215904  0.385250490117437  1.466453332429988  1.614323974706401 
 0.411493389113406  0.094012296804947  1.613219934020626  1.060948478020614 
 0.965182046601956  0.189364720737865  2.873512135922299  2.617330776698971 
 2.320149112426015  0.667421332988164  2.756454733727814  2.894668343195258 
 0.642276938295185  0.116564377215787  1.898152265296574  1.948928070994855 
 2.154044839357419  1.623410040160645  2.726834839357424  4.076029518072290 
 1.864032017804162  1.337003353115731  1.587293497180995  2.858203560830885 
 1.393720813008128  0.432128650243906  2.358089291521494  3.629761904761901 
 2.223758662280694  1.932270438596493  3.493723026315790  2.396573026315784 
 1.804945195530726  1.117796126629425  4.098294413407818  3.490813594040971 
 0.943119293352600  0.214362947492775  2.542911705202320  1.335647628612717 
 1.252495519807427  1.458007744154058  2.826359559834938  2.886790508940851 
 1.420323010510508  0.368697357087088  2.299058258258254  2.274680780780780 
