 0.048417145454509  0.078703298801063  1.235251330698182  0.622731441370457 
 0.165506898671096  0.077025780016604  0.677270275747470  1.390391860465005 
 0.738290557620690  0.003036388308557  1.565355018587252  2.219336802973919 
 1.627963491379276  1.193522543103457  2.715706465517314  1.612031810344535 
 0.269541271040709  0.089936925339365  1.151154185520399  1.480042081447964 
 1.195250646586331  0.205773877108446  3.426139759036173  1.773151004016176 
 0.815403452991471  0.101388318745303  1.367903162393148  1.420410085470073 
 0.434300596707837  0.103044573292175  1.812601646090615  0.801489955144028 
 0.771576818181880  0.264907486688319  2.622666233766060  1.020493912337527 
 2.657950909090848  0.755115987878780  2.424605454545481  2.839441818181788 
 0.539889785083777  0.162891659216015  2.070777094972021  2.118534078212264 
 2.079011926605455  1.468617889908268  2.143653669724749  4.620478899082508 
 1.938736915887904  1.163207757009374  0.926863243925138  3.285557943925425 
 1.548298231292492  0.312504244897985  3.577571428571525  3.751182993197235 
 2.468370652173857  2.153791304347841  3.957526086956535  2.444321739130368 
 1.320773771428567  1.240830857142867  3.727285142857188  3.224616571428595 
 1.061872075471694  0.060150684528302  1.915116226415112  0.899193577358492 
 1.785672937293724  0.972800792079212  2.212858415841580  2.821987458745884 
 1.081452601941740  0.032284912815535  1.970290873786391  1.773127572815575 
 2.312028225806453  1.225028064516124  1.436646508064512  2.015280645161284 
 0.821410568452393  0.084792057440477  1.978279166666643  2.973115178571410 
 0.905398249258151  0.607302255192865  2.630537982195845  1.800251632047476 
 1.806659117647053  1.170004338235288  4.259422794117652  1.827161470588249 
 0.218067688192266  0.080008083180773  1.497334691745046  1.143572789968651 
 2.474340625000011  0.943302405000005  3.763841250000018  2.917137500000007 
 1.142058613138674  0.291093141605835  2.371138686131382  4.127509489051126 
 0.383427117958657  0.110279141255815  1.587474806201544  1.712636821705414 
 1.619384513888896  1.148600486111113  3.286711111111092  2.484987152777787 
 0.810071852040812  0.060516812933672  2.675859693877544  2.386740051020408 
 2.157370506912436  0.429634454009216  3.149604147465453  2.098291244239637 
 1.595202641509437  0.114182442377358  2.519922264150933  1.419759698113205 
 1.485736944444443  0.428749662222222  3.995123888888910  2.505023888888880 
 1.933104716981137  1.176729566037742  4.729102830188674  3.390242452830188 
 2.103245333333334  1.554594933333329  3.976333333333343  4.575949333333313 
 2.435096153846154  1.689944679487179  2.742906410256411  2.419841025641025 
 0.886892497536947  0.446545591133005  3.320586699507376  2.822746305418746 
 1.681487053571427  0.293471357410715  1.325585133928572  1.536204553571434 
 1.893083009708735  0.246861574077671  1.976587766990293  3.527490291262143 
-0.009810201962457  0.074260282589590  1.051666109215021  1.070262124573381 
 0.570360714285719  0.126941845523810  1.050841761904756  0.896009428571429 
 1.378631127450981  1.098856176470588  1.464940784313719  2.454309313725478 
 0.975426515837101  0.210770893212669  0.633434405429862  1.862488687782802 
 2.353851879699247  2.113076691729325  2.978557142857143  3.691197744360889 
 1.540865934065933  0.074705896117216  1.373723516483515  2.540789010989028 
-0.089852444016652  0.070214299374610  0.628492339021852  0.968487190426645 
 1.413165891891894  0.532637783783785  2.706866216216219  2.264203243243246 
 1.023498491803280  0.660031967213115  1.885594098360660  1.518077639344257 
 1.018408351239671  1.249233471074380  2.508797107438018  2.553242561983470 
 1.866974906367042  0.484999892883893  2.096870786516844  2.101494756554303 
 0.519965639016899  0.113422526528418  2.053267434715824  1.426981413210447 
-0.557095382955772  0.089023494498383  0.527147738942832  0.472644872707659 
 1.754859346405227  0.835356470588236  2.049884313725493  0.988028220261440 
 1.493424183006535  1.913345751633982  2.238841830065362  3.133871241830067 
 1.278277857142858  1.216515059523808  2.897827380952384  3.890284523809522 
-0.257218025830259  0.072083906088561  0.859918321033209  0.715624049815497 
-0.207695956521739  0.061157463670077  0.673979718670077  0.414178588491048 
 1.189753815028903  0.356571855491330  1.198909595375721  3.346570520231215 
 1.071781459227469  0.477448555793992  1.993742918454935  2.448247854077257 
 1.113261646341462  0.455917104268293  2.566704268292684  3.165250914634148 
 1.545755813953488  2.118943410852715  3.221312403100775  2.244663565891472 
 1.885861568627451  0.733595396078431  2.779342745098044  3.404669803921571 
 2.573051408450703  1.069247542253522  3.168726056338029  3.874546478873242 
 2.493629411764707  1.589454453781513  1.949909243697479  3.401436134453781 
 1.764547168141593  2.062730088495578  1.952287699115043  1.818043539823010 
 0.397083187499999  0.090002223568548  0.991122076612904  1.990662500000004 
 1.622557346938776  0.000803096326531  3.006328163265306  2.845695510204080 
 2.644617105263158  1.472160657894736  3.278767105263159  1.373321578947368 
 1.320320779220780  1.142629480519479  1.718354675324675  3.637076623376627 
 0.813316713815789 -0.099836417105263  2.617570394736846  1.702750328947368 
 1.423321068702290  0.799730068854962  3.365543511450381  1.048560687022901 
 0.774081852713178  0.216720006589147  1.127420503875970  2.652841085271318 
 1.461531543624161 -0.104013694630872  2.204171140939595  2.452345302013421 
-0.329186171924290  0.054309563644911  0.426521225341746  0.690303648790746 
 0.997939972067040  0.444555775698324  1.410934720670393  1.968471229050282 
 1.090778594047619  2.044288095238096  3.174272619047619  3.575155952380953 
 1.833456634615385  1.985883653846155  3.936478846153846  3.192890384615385 
