 0.058690603877342  0.077038241519393  1.180911650135184  0.696926856627753 
-0.119393216702820  0.070164398191609  0.591036576138813  0.956635936370164 
 0.605785258224688  0.130355667011499  1.458186040868379  2.219319923371603 
 1.721996870228976  1.249876679389323  2.731142748091665  1.235893758396688 
 0.335089212328748  0.083406563999998  0.826155206849354  1.738110136986305 
 1.253432345345334  0.482970055615625  3.391211111111133  1.523074171171252 
 1.039450550161828  0.053107694822009  1.646161990291242  1.614138414239468 
 0.223095733017087  0.081287274927891  1.519145825426979  1.050722770398479 
 0.733117875776436  0.200028230848866  2.578894616977116  1.209769836438837 
 2.443717499999968  1.249205321428568  2.156341071428588  3.007163571428552 
 0.620620877109812  0.126523397108671  2.078880578034651  1.965956994219635 
 2.105660893854719  1.259781363128499  2.308040670391048  4.397641899441302 
 1.680869587155988  1.228209311926620  1.162315380733899  3.461338532110188 
 1.742430069444431  0.452657913194457  3.236685763888934  3.688040624999977 
 2.031786719576693  2.160558201058208  3.875219047619055  2.593852910052878 
 1.153655575378786  1.403868257575765  3.438455303030332  3.447545833333353 
 0.766209912037035  0.116983975046296  1.877106481481492  0.698804470370371 
 1.407644106666662  1.165668373333334  2.264845333333331  3.090440533333334 
 1.345349333333327 -0.042636321882352  1.935726862745080  2.260194901960824 
 1.920276018099547  1.574396425339363  1.581067982352938  1.993487466063345 
 0.833742636986308  0.139078668595891  2.114122431506835  2.737273116438346 
 1.034609680073123  0.701283711151729  2.566957586837292  2.127661608775133 
 1.960563563829783  1.134131542553188  4.167043617021281  1.867238617021286 
 0.054797560286458  0.077906936321615  0.987212246093750  1.182221158854171 
 2.554938095238103  1.084514722222225  3.264716666666678  3.257874603174606 
 1.091031614349768  0.500386876233181  2.261245739910310  3.996100448430512 
 0.340732632377741  0.099054887472176  1.405954215851599  1.595689713322082 
 1.581346539509543  1.161418392370575  3.250728337874646  2.501489373297010 
 0.925910529750477 -0.006998380403072  2.775365259117081  2.009422648752405 
 2.267644140624993  0.433557360624999  3.189653906250012  2.149654687500006 
 1.619193103448279  0.211187857904509  2.386576127320952  1.339377355437664 
 1.267610024647887  0.360085520774648  3.794242253521138  2.580695422535205 
 1.894411117021279  1.151952202127662  4.504209042553188  3.250212234042552 
 2.296536000000001  1.541355447999997  3.869012000000006  4.403051999999986 
 2.539483615819208  1.857849152542372  2.842706214689263  2.132301468926550 
 0.926502678474114  0.391498344414169  2.839973024523154  3.058853405994562 
 1.964635021097044  0.446191867341773  1.350491548523207  1.737524050632913 
 1.871731767955800  0.298050655414365  2.071790607734807  3.309426795580114 
-0.236427619727450  0.068297022855288  0.807376995457501  0.591572923945493 
 0.759947121212122  0.154054422154882  1.115876178451178  1.176818956228957 
 1.220319002079004  0.681455155925156  1.629200977130975  2.395849896049890 
 1.029688506329115  0.189436734683544  0.859814677468354  2.101664303797466 
 1.950365462962964  2.106556944444444  2.798914351851850  3.695091666666659 
 1.126013515625000  0.207204297656250  1.299316744791667  3.056845572916673 
-0.449882799168975  0.070842614806820  0.481667093240997  0.521085317119115 
 1.542032371967656  0.076052891105121  2.862635849056604  2.744763881401614 
 1.104848305084747  0.650319152542373  1.868837288135594  1.515176876513315 
 1.288219447963801  1.892626696832579  2.543718099547511  2.489473755656109 
 1.792112925170069  0.601748408163265  2.395728344671201  2.302302040816327 
 0.507800820610687  0.107954363760814  1.930337404580154  1.355327430025446 
