 0.144627765927622  0.080801824450416  1.329092392065251  0.697019292882353 
 0.137124398283261  0.075717190371954  0.646846199999968  1.299499856938388 
 0.738986452631458  0.108839367543866  1.500873824561302  2.417296140350819 
 1.699013862433819  1.231230476190487  3.017555555555644  1.202861105819748 
 0.303741665336641  0.092049646620946  1.049832942643429  1.598701620947631 
 1.250355743478244  0.351035124434796  3.491332608695682  1.512989956521858 
 0.940898846787496  0.091771941515654  1.518785172981861  1.695914991762756 
 0.384084283185852  0.093459657934257  1.765941466498152  1.124600113780024 
 0.748597890804652  0.267950522126443  2.654469540229730  1.056258235632064 
 2.646212154696077  0.775911491712700  2.427182320442013  2.831868508287264 
 0.579696064022063  0.132134910881704  2.078703312302804  2.153509463722373 
 1.945204961240268  1.472182170542645  2.342894573643392  4.576876744185994 
 1.777602111801277  1.204444062111819  1.159518155279440  3.566950931677146 
 1.535532978723385  0.298210430851084  3.415352127659650  3.723959042553157 
 2.178694078947335  2.072705921052640  4.002040789473694  2.766638157894698 
 1.053915040828398  1.315441005917170  3.661085207100637  3.272932544378725 
 0.829955146666664  0.081261750933333  1.853254400000012  0.729407803200002 
 1.744191509433957  1.019192578616356  2.190620440251571  2.829816352201263 
 1.271445724137924 -0.088191826436780  2.040428275862047  2.133308045977062 
 2.195352348993288  1.223649731543621  1.324580262416104  2.168038926174491 
 0.893337732307705  0.030501197538462  2.050022769230743  3.011042461538444 
 1.143905704225346  0.644432136150224  2.772798122065725  1.919890140845068 
 1.944618152866237  1.164421082802543  4.222308280254781  1.822768789808928 
 0.146570827701374  0.077754538202357  1.319287278978395  1.232144459724951 
 2.403991525423737  0.894070235593224  3.653516949152558  2.930930508474581 
 1.189705240963846  0.443020044578310  2.279572891566261  4.154539759036166 
 0.386613477459955  0.115275992828376  1.593780091533176  1.721648398169324 
 1.606494600638985  1.156842907348245  3.265876038338641  2.502591693290741 
 0.895534845605697 -0.031047645106890  2.793706175771969  2.011244655581951 
 2.141233777777768  0.415488682755555  3.176522666666681  2.027048444444450 
 1.511770287539940  0.069758086038338  2.427284345047918  1.340475623003193 
 1.365772627118644  0.400177084322034  3.865188135593236  2.501477542372872 
 1.863924827586210  1.121034855172418  4.599844137931032  3.304371034482757 
 2.105919512195122  1.668978048780484  4.075865853658546  4.459741463414615 
 2.533268181818180  1.722578238636363  2.829710795454544  2.117114886363636 
 0.817262365942029  0.248134166304348  3.073286956521729  2.811995652173931 
 1.711681451612902  0.334429713548388  1.372687459677421  1.539889475806456 
 1.814748863636362  0.217027690378788  2.012078787878786  3.377790151515158 
-0.024914497511312  0.073662996895927  0.960424894419309  1.002827330316745 
 0.705073783783786  0.153612981317567  1.180841824324321  1.168557415540539 
 1.184538165680475  0.814819852071006  1.507686775147924  2.326258579881651 
 1.039499561752986  0.259708778884462  0.698505639840636  1.953654980079679 
 2.395310791366907  2.089790647482015  3.013015107913669  3.546172661870493 
 1.540408090614886  0.119403681682848  1.407832038834952  2.552641747572829 
-0.224945752719300  0.069346483991228  0.566245329824561  0.877195745614040 
 1.584831151832463  0.113697611518325  2.838281151832462  2.764235340314134 
 1.034866386946387  0.557084708624708  1.947937995337999  1.621572727272726 
 1.028705048672567  1.338823318584072  2.488528318584072  2.334540707964604 
 1.837259490084986  0.542184375070819  2.306762039660049  2.132503399433425 
 0.644612921511629  0.092253214781977  2.169106250000001  1.541149273255814 
-0.546430638489208  0.075889482100999  0.523146943615112  0.528344057553956 
 1.678915921787708  0.879921284916202  2.037239664804471  1.068846411731845 
 1.465838913043478  1.852283152173909  2.190689673913044  3.196067934782608 
 1.397018819875775  1.722067080745340  3.089731055900624  3.700977018633541 
-0.197525257799671  0.066282727208539  0.893960008210179  0.592581734811163 
-0.256603310810811  0.066833758951351  0.499312921081081  0.461928927783783 
 1.086226548672568  0.417296581415929  1.197466061946902  3.266050442477877 
 1.066200422535213  0.443889031187123  2.244169215291750  2.460149094567406 
 1.032578517241379  0.750152758620690  2.513791379310347  3.224983448275864 
 1.626943070866142  2.180116535433071  3.218259055118111  2.241627559055118 
 1.852940873015873  0.801827896825397  2.739722222222226  3.464288095238096 
 2.547112765957446  1.041893765957447  3.255214893617022  3.901719858156031 
 2.532432283464567  1.569781653543308  1.961033858267717  3.431407086614173 
 1.714458306451613  1.963262903225808  1.893403306451613  1.854734032258065 
 0.470963284738041  0.091140361207289  0.981954851936219  2.112090432801823 
