 0.089025161819949  0.078436691829228  1.057459571846773  1.027866152720222 
-0.316233130173852  0.069886033037939  0.612104218409139  0.620445707835186 
 1.279841206460631  0.350048978188207  1.598102777387598  3.023662640449412 
 1.209859327272727  0.380991697041960  2.816042727272726  1.478678848041908 
 0.533440206936412  0.120006035895953  1.141272692331422  1.796685379576106 
 1.886726545265347  1.077819557544228  3.654492715920924  2.102982986472436 
 1.577773503289475  0.492105785164475  1.658241505838813  1.717132557565779 
 0.564949344567807  0.115611206581283  1.812539571768443  1.154774891435361 
 1.252739074698798  0.354281899638555  2.720398795180714  2.593809337349382 
 1.994569574209234  1.223165957493917  2.244093880778583  3.835784063260338 
 0.762730082692148  0.132665481171357  2.018404493910102  2.103955690886182 
 1.995764088504151  1.698339584487535  3.754049722991689  3.439480332409969 
 1.848666990990991  1.515497639639642  2.286455873873866  2.456593324324324 
 1.507154906976745  0.522423539767442  3.278969418604653  3.443926744186043 
