 0.001698852069963  0.074667379989506  0.934537772011637  0.944878493294513 
-0.349914403244007  0.069824679756363  0.582886823723546  0.584549470578263 
 0.980394411282921  0.209395018444044  1.176984743948990  2.391583257506796 
 1.666717125382251  0.952684909327221  2.837204587155987  1.408817472018244 
 0.361499479090498  0.094656148082924  1.079112565760158  1.603231185911724 
 1.600436265389872  0.593767002626543  3.730023529411773  2.250350109439164 
 1.275042726406106  0.304449013355579  1.552900791229738  1.442055347950415 
 0.362647380845327  0.089335092761689  1.595415678956845  1.028434943435248 
 0.961082845802934  0.218195012691607  2.831981478102148  2.269209306569298 
 2.330420122887845  0.735715483655911  2.685929339477730  2.902875268817199 
 0.623779560260949  0.126622515563269  1.879547021171821  1.912235893648440 
 2.185372682926820  1.631341971544719  2.703870121951213  4.048523170731709 
 1.621987831325310  0.754310736144582  1.558887130808933  3.567092771084365 
 1.331812174496639  0.435478034899333  2.964912751677867  3.538500536912748 
 2.229087414965980  1.902645691609980  3.488105442176872  2.304567709750561 
 1.894617952586207  1.298731907327589  4.152287068965515  3.485819181034491 
 0.875354706445991  0.190375314590593  2.477459581881543  1.258640792682923 
 1.294380619577464  1.551612000000002  2.689522112676055  2.856724647887323 
 1.548331156950667  0.319414859049328  2.229818654708515  2.214877578475349 
 1.903216189591081  1.387155892193306  1.630859035501858  2.244077193308551 
 0.999536421104536  0.233169709329389  2.032771893491121  2.873518836291912 
