 0.032931355508014  0.076149391086633  0.988816022192493  0.978827231016091 
-0.336553240237468  0.069532988212745  0.592521961767803  0.598625438839035 
 1.076865316761316  0.237773148110799  1.449519202414733  2.701203906249972 
 1.087530490051580  0.354624564148859  2.702784303610914  1.360057245910042 
 0.456661058682133  0.108016991040198  1.080326693576477  1.689031827600496 
 1.646259925157799  0.528099072245268  3.427422362488733  2.289812957619497 
 1.600075706666672  0.510815639786668  1.654242027644441  1.637164613333322 
 0.469654657770129  0.100571754929831  1.675987145931990  1.057383967369773 
 1.125449754988916  0.228020198209535  2.494339523281587  2.433263082039886 
 2.023746661849694  0.940981764826588  1.757154411849705  3.498493063583807 
 0.667761389804858  0.126463889292715  1.901318690372919  1.880193581960098 
 2.061166317365263  1.631146586826349  2.989894311377244  3.853533682634730 
 1.601884803589233  1.404985802592224  2.217060488534390  2.537490987038890 
 1.357520603682169  0.445667770058141  2.750036821705431  3.496073158914725 
 2.154204782608698  1.675761630434782  3.264598913043478  2.028803555900621 
 1.795448674446339  1.280301504258944  4.134663884156722  3.221262521294721 
