 0.232966052485408  0.087129438387400  1.075872031271859  1.340475040840185 
-0.253794968561379  0.070491741542364  0.693099475115715  0.662848505313822 
 1.616737248628831  0.699932405539311  1.871254600548390  3.581322577696493 
 1.331464974890828  0.406561289394107  2.710337117903929  1.531913320251054 
 1.143831369759770  0.262937594022609  1.323142509985878  2.265195421573244 
 1.813910519962859  1.119190493964719  3.738143639740022  2.256703472609111 
 1.900206868178004  1.352934372795970  2.158962670025192  2.260751931150280 
 0.585769492864985  0.129858163059641  1.756461620929385  1.093721443907792 
 1.231774507418393  0.319812986449059  2.712587586547973  2.783664094955479 
 2.010079614537438  1.714596839207046  2.883257048458150  3.472214537444937 
 0.705455708524288  0.133823248253244  2.000593362995919  2.013989284390058 
 1.810074031191223  0.946156004702194  3.811931191222569  3.730285109717867 
