-0.164796615985593  0.071140133218153  0.905527638221104  0.642051944591451 
-0.132546054886113  0.069792931674501  0.575052409845686  0.954675584129270 
 0.852056790087365  0.159630233775516  1.196627905247728  2.354200583090327 
 1.683020690789447  1.222754144736850  2.779675000000052  1.291694664473461 
 0.322993935091263  0.094340455365110  1.057541328600437  1.783236916835704 
 1.052351591549288  0.323722991448699  3.115681891348108  1.450798372233457 
 0.977993767942594  0.225853888576558  1.561314234449745  1.500563277511952 
 0.174290228452837  0.083542772931318  1.322590769811345  0.825686875471698 
 0.640318765208131  0.126970294994666  2.256185165421500  1.484293948772632 
 2.094093333333316  0.897897787096771  2.274164731182807  2.790532043010743 
 0.571883316224474  0.113224408718924  1.797696753246729  2.035251391465666 
 2.267658490566017  1.758684000000005  2.358832452830180  3.881727924528276 
 1.804604285714308  1.249976190476204  1.244643086580044  3.407578787878877 
 1.757234235668777  0.442374223248419  3.246826433121063  3.663703503184693 
 1.969470608695630  2.182752173913050  3.720715652173918  2.605294347826061 
 1.245848160738253  1.484127281879201  3.279015100671165  3.533420134228206 
 0.631391676258995  0.112122059634532  1.879944028776986  0.818136670791366 
 1.320132161879891  1.595105430809403  2.297302088772844  2.874359007832895 
 1.393876356707308  0.015790481310977  1.933350914634135  2.236951676829297 
 1.864783235294119  1.670759803921566  1.608961392647055  1.929138725490193 
 0.849348348031500  0.212270950015748  2.014582677165344  2.832707086614169 
 1.146074999999999  0.722785619834704  2.234921900826444  2.118022589531676 
 1.934220079999998  1.020806251999997  4.069475600000004  1.835378796000007 
 0.091192005212121  0.078212492800000  0.960352866666669  1.202677727272731 
 2.621600000000005  0.988425186842108  3.262315037593995  3.135809398496242 
 1.274177279693482  0.679675754406129  2.286176551724133  4.158598084291198 
 0.327046031491713  0.080816469814917  1.532041919889501  1.374665953038669 
 1.429853611627911  1.156715000000003  3.202147674418594  2.436108372093027 
 0.867329372159089  0.057848356548295  2.630368892045450  2.194953693181817 
 1.895484661354581  0.314187867569721  2.876314143426300  2.139341633466142 
 1.490041458333335  0.300488305541666  2.207115624999998  1.180920613958331 
 1.285365149855908  0.328026885014410  3.727016714697412  2.586838328530257 
 1.880855198237888  1.211346273127755  4.460767400881053  3.252861233480175 
 2.249574375000000  1.667843624999997  3.640478125000003  4.389702499999991 
 2.475897797356828  1.806177092511014  2.777612334801761  2.215427136563873 
 1.142987313974589  0.320053087477314  2.808672595281305  2.982126860254087 
 1.794503504043127  0.564051832614556  1.381834223719677  1.900480431266848 
 1.816041095890411  0.254584963726028  2.117458904109590  3.362487123287675 
-0.429544795741694  0.069441204439078  0.517617469957886  0.514696289845578 
 0.846877494736842  0.186374875157895  0.818245112842106  1.553399768421053 
 1.233018315508022  0.416099265240642  1.273043909090908  3.075554545454545 
