-0.156417471014509  0.070749699622588  0.908924106280143  0.634647447946966 
-0.133221868604651  0.070173523044328  0.572225534011613  0.945796329941814 
 0.642264263905245  0.143445406118348  1.443917230769160  2.223632307692266 
 1.677320033444788  1.235215016722416  2.768159197324468  1.286700428093418 
 0.336455678111572  0.084026795622316  0.919634949570846  1.737694313304726 
 1.103956407142848  0.340556217738103  3.210911666666686  1.442198261904827 
 1.033142702050674  0.216510208926420  1.684139686369102  1.589951664656201 
 0.147204446207982  0.080205693771694  1.364695629397992  0.846351649726348 
 0.643529911258304  0.160274776874175  2.342180927152248  1.406078026490009 
 2.100243296703279  0.915445145054942  2.268718901098913  2.797291208791200 
 0.585179066020162  0.106709728328476  2.000723206277999  1.986501793721956 
 2.267786742424222  1.759021818181823  2.358868939393930  3.884837499999974 
 1.775784024896287  1.234224066390055  1.245867688796640  3.413639004149463 
 1.758226480263144  0.444512164802644  3.253261184210571  3.684669078947347 
 1.969470608695630  2.182752173913050  3.720715652173918  2.605294347826061 
 1.245848160738253  1.484127281879201  3.279015100671165  3.533420134228206 
 0.609184815078237  0.107425742455192  1.895473826458044  0.852816097012803 
 1.315147402116397  1.597936455026459  2.301495502645501  2.877107671957670 
 1.400901277602516  0.026431217728708  1.932859621451092  2.305328706624636 
 1.857587960199006  1.677290049751241  1.619294697014922  1.936460696517410 
 0.829076685863880  0.196050547399651  2.056765619546238  2.864653054101217 
 1.148508264580367  0.737806372688472  2.239948079658603  2.143843385490749 
 1.951359423868311  1.028288736625511  4.067195473251032  1.844897530864205 
 0.065803145817728  0.077810583639201  0.975671079900126  1.182178214731589 
 2.624578326996203  0.991201215589356  3.261590114068451  3.144074144486694 
 1.269555703422049  0.678706128897337  2.274839087452467  4.155884790874536 
 0.331726840838405  0.093910293780933  1.527948681541581  1.461872278566590 
 1.433301767605639  1.158703286384980  3.204145539906094  2.441165023474182 
 0.925044568181816  0.068200889076704  2.679627698863631  2.148925710227274 
 1.920561190965093  0.332448699219712  2.873237166324439  2.157294661190970 
 1.512669103139016  0.284968696547085  2.263968609865469  1.167094068834080 
 1.291178831884058  0.338567666956522  3.734272463768122  2.595183768115939 
 1.882059424778763  1.212287805309736  4.463453539823005  3.254567256637167 
 2.249574375000000  1.667843624999997  3.640478125000003  4.389702499999991 
 2.479055555555555  1.811268000000001  2.775912888888888  2.213670044444441 
 1.159313745454543  0.321004900363636  2.819873090909090  2.987689454545458 
 1.839076764705882  0.585679875882353  1.405792138235294  1.853838058823532 
 1.820579120879120  0.260178430659341  2.115430494505496  3.362649175824179 
-0.432361198019802  0.069648379437204  0.518537488590289  0.514408488165960 
 0.771913423137877  0.149443326053883  1.135911093502378  1.168199064976230 
 1.193638886363638  0.366721813636363  1.296078954545454  2.989302045454544 
 1.043077995226730  0.224966001909307  0.862212352267303  2.116777326968975 
