-0.158993132884279  0.071339941564609  0.905405633802766  0.631853988854976 
-0.133132945032633  0.069796540108046  0.573015761276272  0.945373372008656 
 0.632352879541823  0.145850454491625  1.469511139664738  2.209990055865881 
 1.692066982456111  1.249492280701763  2.755136491228126  1.289938308771691 
 0.338435416485884  0.083518260867677  0.915768322125845  1.741430911062911 
 1.198176776881710  0.430176369139793  3.337850806451634  1.465957580645234 
 1.040873085365864  0.221956840487807  1.686161097560959  1.581312524390233 
 0.139703506723345  0.079346272746520  1.350846970633718  0.846584188562596 
 0.681021804769029  0.200699527123699  2.443053651266688  1.337308897168343 
 2.089433407079629  0.930850013274333  2.261495353982313  2.806811504424770 
 0.612057863937809  0.079262001770985  2.051934404145050  1.913050466321228 
 2.267556439393918  1.761394924242429  2.359029166666658  3.882716666666641 
 1.756430198412719  1.217711984126997  1.234743464285675  3.408767857142939 
 1.756649669966983  0.445469003630375  3.254079207920837  3.686942244224401 
 1.969842780269035  2.200900448430500  3.723612107623324  2.612356502242126 
 1.245848160738253  1.484127281879201  3.279015100671165  3.533420134228206 
 0.581275032175033  0.097068225670528  1.876211711711717  0.886404628314029 
 1.307396016129027  1.602484354838714  2.302105107526880  2.874898655913976 
 1.401449287925689  0.032198380866874  1.943599380804941  2.307600154798791 
 1.857587960199006  1.677290049751241  1.619294697014922  1.936460696517410 
 0.773704004854375  0.178772075825243  2.148241747572804  2.770885275080900 
 1.147113323823107  0.738146504992861  2.237804707560624  2.133833095577739 
 2.005286051502144  1.070593854077250  4.085978111587985  1.905193819742497 
 0.066237487460617  0.077803122173913  0.973144165091369  1.185060982986771 
 2.622154474708177  1.000110349027240  3.250835797665379  3.161508560311285 
 1.270739239543722  0.678412060456272  2.276518174904938  4.154615209125486 
 0.330053276454669  0.095365697497971  1.524574154262515  1.471435926928273 
 1.446282764988014  1.177162877697845  3.199329976019176  2.445066187050364 
 0.982046544072946  0.081867950668692  2.763538601823704  2.086432522796356 
 1.967413118279570  0.339452701333333  2.859085161290327  2.181112473118285 
 1.532584372093027  0.302670135953488  2.260345813953484  1.154638848139532 
 1.297967719764012  0.350092997345133  3.734054867256644  2.616248967551620 
 1.882741390134532  1.211301991031392  4.461912107623315  3.265079820627801 
 2.249574375000000  1.667843624999997  3.640478125000003  4.389702499999991 
 2.489992727272727  1.815169545454546  2.773066363636362  2.206205272727269 
 1.170468949275360  0.320630686956522  2.819277717391304  2.986165036231888 
 1.842061242603549  0.585491088165681  1.394131440828402  1.873977928994085 
 1.813958108108108  0.256067637189189  2.111766486486488  3.358060810810814 
-0.432708021256495  0.069558208685078  0.518166751676903  0.514508414454418 
 0.773626608280255  0.150841773471338  1.135045222929937  1.165634697452231 
 1.147354979919680  0.338748631124498  1.360913493975904  2.986185742971887 
 1.041280023529412  0.223177558117647  0.868810013176470  2.118066117647059 
