-0.053263412325845  0.073165667742769  1.036253885316143  0.695126685423460 
-0.369516230757049  0.070252947685558  0.552621703927772  0.583040988976858 
 0.982830439024311  0.213821165470389  1.097527163298421  2.399384552845493 
 1.710864730983289  0.896035724118743  2.811906864564037  1.343358893691897 
 0.382613463598752  0.094327054591519  1.129857929679437  1.652706359875905 
 1.549698141321044  0.510511608786487  3.576214746543791  2.203793548387141 
 1.218959461358320  0.318532451182672  1.436907423887578  1.385928688524577 
 0.322561835485569  0.088368760719159  1.514382482939646  1.000269428976377 
 0.935775082636972  0.116285934642527  2.695692571959099  2.087692664809614 
 2.162996159527305  0.707011094977840  2.477330576070911  2.720008124076805 
 0.670631758156497  0.135183106854026  1.805238299473265  2.165084048156499 
 2.244466379310330  1.782971465517246  2.507948994252867  4.038387931034467 
 1.635949458333343  0.885120958333339  1.383755714583312  3.311992291666706 
 1.236738475336315  0.303206460837075  3.131263228699570  3.087433781763820 
 2.159731157635461  1.959580541871924  2.992253694581285  2.386369852216738 
 1.771063898305085  1.413936536723166  4.228785310734478  3.560043785310751 
 0.939609718749999  0.204935904937500  2.503262125000012  1.096127316249998 
 1.253067189421156  1.564701916167667  2.865253892215570  3.210112375249500 
 1.578485747938744  0.174870749988222  2.000212237926965  2.063300588928170 
 1.908690079575600  1.459397188328911  1.565020639522545  2.121465225464191 
 1.074986360674157  0.210879305011236  2.035759438202244  2.958888089887633 
 1.128885480392157  0.961059971988792  2.393205322128858  2.247234593837536 
 1.982952089041095  1.431402226027395  4.140935958904107  2.018443938356166 
 0.028860543069077  0.075218816095967  0.806437387019008  1.141881043115441 
 2.439219946091641  0.920300972237197  3.364415902964961  3.422724797843669 
 1.505926114790287  0.545386827064017  2.423478101545254  3.968679911699780 
 0.574938771342282  0.110780665256376  1.929094026845637  1.518825140939594 
