-0.159954901639361  0.071128683667278  0.901526053430430  0.632628490467623 
-0.132132647076024  0.070173773398389  0.571752518128639  0.946940716374223 
 0.618620064848729  0.123798795526594  1.536939520333620  2.176011470281507 
 1.721623247232442  1.261113173431744  2.754112915129211  1.278344346863218 
 0.338825199778008  0.086775883374027  0.909173110987823  1.757985127635965 
 1.255353875722532  0.465827174335269  3.370122832369963  1.516963580924934 
 1.032196997389044  0.259726236161882  1.685656396866823  1.568498446475183 
 0.136345703700855  0.079147361687739  1.348091195065561  0.845492675404779 
 0.732611693609057  0.239624562969929  2.560764473684114  1.228736223684132 
 2.105270588235273  1.008346176470586  2.262150452488700  2.827671719457005 
 0.615509172355276  0.088198033801398  2.107356487025922  1.808213073852281 
 2.462624747474718  1.467957676767683  2.255210101010087  3.986619696969665 
 1.759396271929847  1.224076815789487  1.187946241228027  3.457004824561495 
 1.756440802675571  0.443445642474929  3.211806354515097  3.683356187290948 
 2.024402885572113  2.170594029850752  3.848831343283589  2.611948756218875 
 1.177412774538744  1.333233468634693  3.466447232472353  3.438334686346883 
 0.547193413095239  0.090261518388095  1.872600714285719  0.939255578809525 
 1.162440239263798  1.373433773006139  2.194297239263797  2.921199079754599 
 1.394719999999992 -0.048776637188048  2.029357644991195  2.224659578207418 
 1.823725707547170  1.700588679245280  1.651293557075468  1.951047641509431 
 0.784960947611716  0.167118476825886  2.142905084745756  2.738489060092442 
 1.171406971080668  0.712174490106539  2.373304109589036  2.055271993911713 
 2.002476696832576  1.071133325791852  4.090176923076926  1.886090769230777 
 0.065517905919395  0.077735407109572  0.973906574307307  1.189317059193958 
 2.570042187500006  0.954045975390628  3.301124609375011  3.093516796875000 
 1.215640602409633  0.680891461445782  2.321740160642566  4.131114457831338 
 0.330656560251925  0.096485439189643  1.503870048985302  1.481227431770461 
 1.474938225653211  1.307091876484565  3.141394061757712  2.429933254156777 
 0.952106699658700  0.066819733686006  2.803620307167232  2.073297440273045 
 1.989796205357143  0.344003415446428  2.827134375000005  2.195954017857148 
 1.534893384223922  0.278129611857506  2.245312213740454  1.112285788040710 
 1.332927245664740  0.356622870231214  3.731159248554921  2.584441329479767 
 1.927256294416247  1.174214842639596  4.499107106598980  3.272856852791876 
 2.281743046357616  1.581510536423838  3.681414569536428  4.407362251655620 
 2.537344607843136  1.833645588235294  2.779226470588234  2.181788529411762 
 1.155423799283152  0.316072575627240  2.830857168458780  2.970975089605739 
 1.927271582733811  0.508044725899281  1.395814449640288  1.742493561151082 
 1.802489267015706  0.246899771623037  2.098268586387437  3.327103403141364 
-0.433266908961593  0.069485719671081  0.517491675343766  0.514206492840209 
 0.767381263823065  0.142797658672986  1.132916666666667  1.152556824644550 
 1.301132645914399  0.586942399416343  1.615118852140075  2.446491050583654 
 1.027152459770114  0.192688802758620  0.884319392183907  2.101500229885053 
 1.784536680161943  2.055096761133605  2.735216599190282  3.545341295546556 
 1.075872234666666  0.212107426666667  1.274627173333333  3.093494400000006 
