 0.023011841460199  0.078200310586710  1.189706505866911  0.627111934811182 
 0.170341916808149  0.077883231697786  0.671650994906582  1.391156706281719 
 0.770089009523679 -0.010208861123803  1.590194476190366  2.173108761904701 
 1.763187037037000  1.062803379629639  2.699749537037115  1.832749537036724 
 0.246709159268277  0.091419298292682  1.139821134146381  1.485880365853660 
 1.207914909090892  0.176054288181832  3.435367272727305  1.779778636363762 
 0.797962188841224  0.045741636781120  1.246867167381956  1.437497403433460 
 0.357134511467910  0.084600858633020  1.729844495412934  0.716371922477058 
 0.775199103942721  0.294748052688180  2.658192473118090  1.030375716845728 
 2.671798064516065  0.792522980645153  2.459392903225835  2.856383870967710 
 0.550524342395414  0.168297560511407  2.071843536121631  1.855652661596932 
 1.984509677419296  1.459105268817217  1.860878709677394  4.455625806451541 
 1.930458333333390  1.158041960784343  0.930905853921469  3.248683333333534 
 1.530003622047215  0.256948850393730  3.568595275590663  3.781733858267665 
 2.519795294117587  2.226405882352958  3.943163529411779  2.365514117646986 
 1.357968418079092  1.152983728813569  3.695320338983094  3.312780790960475 
 1.069638193832595  0.037738327753304  1.977900440528655  0.791519286343614 
 1.830239271255054  1.123928340080977  2.244574898785419  2.833129959514181 
 1.080842470862463 -0.001468346853145  1.884967832167814  1.679963403263452 
 2.317917054263567  1.209149069767437  1.456509821705422  2.032196899224800 
 0.994809640000016 -0.032376349999999  1.942945999999967  3.095319599999970 
 0.800975962616807  0.674673878504652  2.819475233644857  1.814242523364483 
 2.000241999999992  1.047338421052623  4.417088421052635  1.852543789473702 
 0.222271173950483  0.081515046254036  1.479036275565134  1.152267631862216 
 2.488997333333345  0.969517698666671  3.727273333333353  2.938621333333340 
 1.195389776119390  0.312378905970145  2.333091791044771  4.154058955223909 
 0.372639535809019  0.103283078822282  1.561606366047738  1.704007161803702 
 1.695132926829277  1.140431788617887  3.260122764227620  2.578804471544728 
 0.810862591549292 -0.009848060563382  2.790893661971820  2.387147535211270 
 2.166528787878781  0.403433164242424  3.176615151515169  2.106391414141421 
 1.713356329113928 -0.081289325316457  2.487660759493653  1.454698481012653 
 1.529861502890172  0.451831556069364  3.996304624277478  2.499231791907504 
 1.913802173913050  1.098463630434789  4.747527173913038  3.320522826086956 
 2.226321951219513  1.649535609756094  4.242285365853666  4.200268292682908 
 2.489838345864662  1.714129097744361  2.748049624060152  2.385987969924811 
 0.904816834254145  0.446318780662984  3.404854143646395  2.787105524861910 
 1.652849295774647  0.325152628920188  1.310174600938967  1.521623568075123 
 2.134642241379306  0.245721433275863  1.869248965517244  3.668765517241382 
-0.012696594168842  0.074467286940818  1.049817180156662  1.073820400348132 
 0.537805192307697  0.119493295480770  1.038476514423071  0.884998100961539 
 1.398527195121952  1.187144085365853  1.426130609756090  2.475493902439012 
 0.982595742574254  0.200793368316831  0.599732295049503  1.888891584158413 
 2.331908783783784  2.044618918918921  3.063755405405406  3.582721621621610 
 1.597177731092436  0.057006157983194  1.327551680672266  2.498605042016826 
-0.091858100211643  0.070265874073016  0.626666315132275  0.971508835978843 
 1.424856107954547  0.526791284090911  2.739546306818184  2.362411079545458 
 1.143898840579709  0.803553514492753  2.032022826086959  1.955752173913038 
 1.006787134199137  1.254811471861472  2.548521212121215  2.614600432900433 
 1.938662605042017  0.423465257983191  2.094233193277302  2.172463445378146 
 0.474511110915495  0.085165032218310  2.026074119718313  1.280074419014085 
-0.557451193058569  0.089122910737528  0.526308475054236  0.471623011930586 
 1.746472023809522  0.766062619047620  2.010186904761908  1.082630277976191 
 1.490717605633801  1.959862676056333  2.247980985915496  3.173233802816903 
 1.266482969696970  1.205306969696968  2.880503030303033  3.863074545454543 
-0.269187128352490  0.072150877298851  0.847757509578542  0.722193448275860 
-0.208407014084507  0.060716597042253  0.674393956466070  0.414783708322663 
 1.166570955414014  0.374571394904459  1.125918343949042  3.354357961783442 
 1.148595375722544  0.494420881502890  1.812814739884391  2.587500867052026 
 0.949563729241877  0.406225562815885  2.642516245487369  3.152883754512635 
 1.614015789473684  2.151586842105264  3.093624561403510  2.335994736842106 
 1.875045798319328  0.684382798319328  2.801696218487399  3.422828571428574 
 2.532396503496502  1.040973503496504  3.130241258741259  3.885937762237764 
 2.521727678571429  1.641300357142858  1.979391964285714  3.417531249999999 
 1.746820283018868  2.066271698113210  1.922365188679244  1.815992641509435 
 0.410006969818913  0.091164573420523  0.993220784708249  2.007881690140849 
 1.628363317757010 -0.048821226168224  3.026045327102805  2.855644859813080 
 2.597170833333334  1.422694444444444  3.247912500000000  1.355617638888889 
 1.322214223602485  1.086126397515527  1.767624223602485  3.567852173913049 
 0.775708519354839 -0.104179984483871  2.573846774193553  1.678775161290322 
 1.539004285714285  0.598809114428571  3.259715714285714  1.096661878571427 
 0.768879677165354  0.211905274409449  1.151243779527560  2.645207874015748 
 1.394661951219514 -0.081545798118467  2.179939024390241  2.343926829268291 
-0.328641114118896  0.053944416163811  0.423918699893843  0.689239373673036 
 0.991259635854343  0.454672696638656  1.390630448179274  1.941093837535018 
 1.094245510975610  2.039212195121952  3.175475609756098  3.582584146341464 
 1.625685963302753  1.915518348623854  4.045074311926604  2.948510091743121 
 2.072298275862068  1.589948620689655  3.012163793103450  4.952818965517242 
 0.818365134474327  0.383971515955990  1.687672616136921  1.279157603911980 
 0.496922886345515  0.192037450498339  1.934114617940201  2.488500996677739 
 1.589528136882130  0.362182343346008  2.219185551330800  3.097005703422052 
 1.225626305732483  0.371228880987261  2.439211146496815  1.642530891719747 
 1.304571120000000  1.355396640000001  3.702427200000001  1.852575680000000 
 0.907120027472528  0.266331388076923  2.291840384615386  2.302266208791209 
 1.452747710843374  1.473557951807228  2.743196385542168  1.076288650602409 
