 0.138218547961344  0.082062384929192  1.335176545064292  0.728842128755555 
 0.146657420362621  0.077803710557874  0.663076825383512  1.317976889818596 
 0.780537199247991  0.112964773684217  1.548987406014928  2.401012406014976 
 1.699953789473641  1.229840210526327  3.016123684210615  1.205907626315434 
 0.350669345323721  0.087761828618703  1.013280143884934  1.725545035971220 
 1.251306584415567  0.349441435584429  3.489720779220808  1.510284891775010 
 0.957668804920932  0.058803529701234  1.525936186291722  1.676345869947263 
 0.356912870023430  0.090205750990629  1.731753629976625  1.134180351288054 
 0.749098792022846  0.266049164387471  2.653581196581043  1.053815715099597 
 2.646204395604340  0.774472692307685  2.420901648351673  2.832050549450521 
 0.577824541141460  0.131405412377814  2.091318327974241  2.161786655948529 
 1.942098769230727  1.468790000000009  2.340832307692289  4.574270769230718 
 1.803466826347339  1.197753017964089  1.150659838323293  3.541732335329464 
 1.528630999999981  0.296245247368441  3.418551578947443  3.719656315789440 
 2.178694078947335  2.072705921052640  4.002040789473694  2.766638157894698 
 1.049202701169587  1.308952923976618  3.659288888888934  3.269884210526342 
 0.818590413625302  0.083859018394161  1.838625547445267  0.748637241362532 
 1.751957594936703  1.019994715189877  2.189195569620252  2.830143987341777 
 1.281480639269399 -0.073385631278537  2.049722831050207  2.133015525114204 
 2.228793333333333  1.306535999999996  1.483173747333330  2.113224666666660 
 0.930533011834332  0.058169575443788  2.004525443786958  3.001076923076906 
 1.142435864485975  0.642341962616812  2.771870093457941  1.918743457943923 
 1.941776415094335  1.163091383647794  4.214879874213841  1.824815094339634 
 0.148141980377357  0.075496237933962  1.264501735849063  1.301543679245284 
 2.403991525423737  0.894070235593224  3.653516949152558  2.930930508474581 
 1.178408571428562  0.431247877380949  2.283917857142853  4.145832142857164 
 0.399773779751132  0.122318543022625  1.597482466063344  1.724717873303156 
 1.603416752411583  1.160554630225082  3.263698070739532  2.507356270096469 
 0.893815250596655 -0.030237512147973  2.793666587112170  2.008718377088309 
 2.141606578947359  0.420755673771929  3.172172807017558  2.030139912280707 
 1.508388437500004  0.079340962281249  2.418470937499995  1.346979531249998 
 1.355162291666667  0.399253841250000  3.863940000000015  2.508497499999992 
 1.863924827586210  1.121034855172418  4.599844137931032  3.304371034482757 
 2.105919512195122  1.668978048780484  4.075865853658546  4.459741463414615 
 2.526870285714284  1.730092971428571  2.838090285714284  2.115433828571429 
 0.804436208633094  0.226727387050360  3.024972661870494  2.819561870503616 
 1.722899183673468  0.337226673714286  1.311052232653063  1.544227714285719 
 1.816216153846152  0.213619151000000  2.021932692307690  3.383154615384623 
-0.023667596081387  0.072736981977392  0.951898816880184  0.996858214016583 
 0.689177859477126  0.159257473594771  1.156753398692808  1.196797303921568 
 1.195420780780782  0.828127417417417  1.501663123123118  2.333572072072066 
 0.998185999999999  0.239274008888888  0.688760391111110  2.026362592592590 
 2.395310791366907  2.089790647482015  3.013015107913669  3.546172661870493 
 1.561063605442176  0.123726655238095  1.408188673469389  2.552272448979607 
-0.224733041207351  0.069052725240595  0.562036768153980  0.879110069991256 
 1.579903116883119  0.115423152207792  2.844673506493508  2.759994285714284 
 1.027195807962530  0.573356885245901  1.903929274004687  1.616562177985947 
 1.039860325688074  1.345834128440368  2.499045412844037  2.320319266055048 
 1.834420057306591  0.535956774785098  2.300103438395407  2.128985100286530 
 0.648427521246460  0.095175850949009  2.167542351274789  1.537211614730878 
-0.546525017985611  0.075859061237689  0.524147384262594  0.528161602517985 
 1.671299720670390  0.871093407821230  2.032208938547488  1.067263730167599 
 1.465838913043478  1.852283152173909  2.190689673913044  3.196067934782608 
 1.397018819875775  1.722067080745340  3.089731055900624  3.700977018633541 
-0.192961142156863  0.067169497336601  0.896221209150325  0.590631848856207 
-0.256704106371490  0.066745834589633  0.500535250539957  0.461550300431965 
 1.085196164383563  0.429354846575343  1.189555296803652  3.273886757990868 
 1.062505975359344  0.464862639630390  2.252542710472277  2.450719712525670 
 1.043076198630137  0.759964178082193  2.513052397260276  3.218336986301372 
 1.635515390625000  2.185025781250000  3.206982812500001  2.235601562500000 
 1.854440637450199  0.801521434262948  2.739531872509963  3.465847410358566 
 2.547112765957446  1.041893765957447  3.255214893617022  3.901719858156031 
 2.530429365079366  1.566025952380953  1.961930158730159  3.438887301587301 
 1.624108301886792  2.004233018867926  1.852984433962264  1.820260566037736 
 0.509412034782608  0.101574287159420  1.094077855072464  2.249667536231883 
