 0.158192115068459  0.080721907788302  1.328683399750835  0.675679755915538 
 0.161862328508124  0.077554903500732  0.639521172525816  1.320769113736977 
 0.720973249999879  0.102933493133809  1.471718450704124  2.418349119718250 
 1.566316842105227  1.161294254385975  2.894411842105337  1.360236798245317 
 0.275851087868064  0.087721528268550  1.112647773851628  1.531452296819786 
 1.258665946721295  0.348227517704930  3.478406967213143  1.545711799180440 
 0.928872416107400  0.089075217953023  1.506840939597298  1.696378691275157 
 0.421160293201146  0.098041268733707  1.819079036827249  1.088757705382434 
 0.761775399408340  0.251986613017758  2.654647928993923  1.037777680473250 
 2.638121111111055  0.758361111111104  2.423231666666690  2.841266111111083 
 0.574653769690534  0.135660003418567  2.088359934853383  2.161894625407142 
 1.945204961240268  1.472182170542645  2.342894573643392  4.576876744185994 
 1.771857848101301  1.206968063291158  1.154354386075885  3.577362025316586 
 1.535651322751303  0.322233285714305  3.419856613756689  3.722967724867691 
 2.165233793103412  2.101424137931044  3.988989655172424  2.768041379310304 
 1.054096538323349  1.321062814371268  3.665246107784477  3.280210179640745 
 0.908068666666664  0.079372473650794  1.843517460317475  0.723472591111113 
 1.700554882154877  1.025078350168354  2.035890572390569  2.862480808080817 
 1.237668109890103 -0.065468803076922  2.038710769230749  2.105319560439608 
 2.176143624161074  1.224297449664426  1.279120007382546  2.147477852348988 
 0.887879308917211  0.019353245859874  2.064082165605068  3.016510828025459 
 1.025480778588800  0.600084282238431  2.678334793187346  1.888306082725059 
 1.785654999999994  1.218870070422529  4.276485915492962  1.796843450704238 
 0.170659202841529  0.079109264120218  1.416547540983615  1.195521038251366 
 2.445402259887014  0.917634868361586  3.754571751412445  2.911583615819213 
 1.211877222222213  0.436048872839503  2.261312345679008  4.173903086419776 
 0.395014547607936  0.116857242044342  1.611792182030335  1.724942357059498 
 1.596961857585146  1.173917770897834  3.274825386996886  2.510078018575857 
 0.865571179487176 -0.038404280743591  2.800782820512818  2.064029487179489 
 2.136395909090900  0.437147880090908  3.214198636363653  2.047502272727279 
 1.507073289902284  0.036514607263843  2.495850814332241  1.401498762214982 
 1.376444955357143  0.402568264285714  3.887463839285731  2.523397321428563 
 1.860141984732828  1.138820030534356  4.623576335877861  3.345138167938930 
 2.105919512195122  1.668978048780484  4.075865853658546  4.459741463414615 
 2.409543181818182  1.628409431818181  2.688727272727274  2.320442613636363 
 0.822092165384616  0.293935649615385  3.096836923076912  2.823071153846173 
 1.687616115702478  0.297458359752067  1.362079421487604  1.568705991735542 
 1.817072900763357  0.227217271984733  2.013215267175573  3.365162977099243 
-0.008164846608315  0.075118755057622  0.994806455142236  1.039264726477026 
 0.707654236111113  0.150779256701389  1.183179166666664  1.161919461805554 
 1.155005428571429  0.770199873015873  1.474298444444439  2.233565079365074 
 0.972718592057759  0.235989236101083  0.699372828880865  1.965927075812273 
 2.396715942028986  2.092025362318841  3.013577536231884  3.551178260869555 
 1.534888926174495  0.107692904832215  1.386657718120805  2.545454026845652 
-0.202095032681338  0.070742845093724  0.584121471882641  0.887501255093729 
 1.509143817204301  0.437743862903226  2.778208064516132  2.570865053763443 
 1.041181189873418  0.557153316455696  1.938637215189878  1.572337037974682 
 1.046040526104419  1.269704899598394  2.439774698795183  2.410346586345384 
 1.849159939759036  0.547202591566263  2.256767469879509  2.091503012048192 
 0.644482434328360  0.088107027119403  2.172667761194030  1.536292835820895 
-0.544329514134275  0.072731751445504  0.514109328886930  0.544711053003533 
 1.719931758241757  0.807882252747254  1.998664285714288  1.049154712637365 
 1.450426067415730  1.863647191011232  2.201561797752810  3.202969662921348 
 1.392813850931676  1.722023602484470  3.085745341614909  3.702450310559006 
-0.192709538337369  0.066412471299435  0.904316246973364  0.607294715899917 
-0.263673991273101  0.067605620236140  0.517666543121150  0.453285614168377 
 1.079313141592922  0.418713705309735  1.185909955752211  3.256050442477878 
 1.054834519650657  0.427331406113537  2.120430567685589  2.498242358078603 
 1.028124064748200  0.706453949640289  2.513248201438852  3.275291366906476 
 1.638065158730159  2.194789682539684  3.201214285714286  2.253482539682540 
 1.864110740740741  0.797685592592592  2.750361111111115  3.422285555555555 
 2.542142253521126  1.042910711267606  3.253758450704226  3.902550000000002 
 2.532929032258065  1.565059435483872  1.955913709677420  3.445398387096774 
 1.714281290322581  1.970447580645163  1.887607338709677  1.848544516129033 
 0.417612246887966  0.081659766307054  0.992375248962656  2.028031950207473 
 1.597575314009662 -0.194779460869565  2.811914009661836  2.804860869565215 
 2.619739473684210  1.536196184210525  3.341830263157895  1.362063157894737 
