 0.018286471832914  0.075906376261063  0.960273684528695  0.964265782907441 
-0.344128125444597  0.069770581046869  0.588623088946641  0.589611970779738 
 1.233345000888832  0.363434714880004  1.393131546666615  2.951475466666634 
 1.640823490683218  0.830372230832301  2.792514534161515  1.468917910186248 
 0.440862638231224  0.102777252316904  1.034000857485050  1.698348014739749 
 1.535455649473683  0.510665928126317  3.601631789473689  2.346151610526344 
 1.475534664903002  0.482973061516757  1.529386932186944  1.682678421516743 
 0.419257120903079  0.094417051596729  1.605717664460884  1.096670232463989 
 1.114583965084565  0.223268752465904  2.494177577741394  2.433660556464782 
 2.294592848180658  0.862789853525718  2.217683312421578  2.764566122961098 
 0.674689901910624  0.130717918408117  1.775875604195145  2.038020519835834 
 2.052680376712322  1.596232003424659  2.558529657534245  4.017113698630133 
 1.350233313676291  1.538505119196991  2.330264228356330  2.675586574654976 
 1.381847058282207  0.425325940899798  2.681495603271989  3.549402556237218 
 2.173751119133570  1.804518754512637  3.433463898916966  2.241815144404328 
 1.876182030804954  1.301024922600620  3.970686687306493  3.464134210526320 
 0.876770173138127  0.163842853386378  2.445217568427754  1.394683280712923 
