-0.158993132884279  0.071339941564609  0.905405633802766  0.631853988854976 
-0.133132945032633  0.069796540108046  0.573015761276272  0.945373372008656 
 0.633823282289747  0.146181602732305  1.474991183628253  2.207636504424739 
 1.692066982456111  1.249492280701763  2.755136491228126  1.289938308771691 
 0.338400447567552  0.083429842724323  0.916172143783815  1.743124972972977 
 1.199332644204841  0.429699944258769  3.338907547169833  1.466701940700881 
 1.046326562889176  0.230874575467001  1.682490410958887  1.576803486924024 
 0.139703506723345  0.079346272746520  1.350846970633718  0.846584188562596 
 0.681303500754176  0.203172807993970  2.446391553544415  1.333877028657554 
 2.089433407079629  0.930850013274333  2.261495353982313  2.806811504424770 
 0.614148247888760  0.074689577455201  2.052080123583906  1.903957363542725 
 2.267556439393918  1.761394924242429  2.359029166666658  3.882716666666641 
 1.756430198412719  1.217711984126997  1.234743464285675  3.408767857142939 
 1.756649669966983  0.445469003630375  3.254079207920837  3.686942244224401 
 1.969842780269035  2.200900448430500  3.723612107623324  2.612356502242126 
 1.245848160738253  1.484127281879201  3.279015100671165  3.533420134228206 
 0.581436388174808  0.096921420753213  1.876280591259646  0.887036370437019 
 1.307396016129027  1.602484354838714  2.302105107526880  2.874898655913976 
 1.400872268518511  0.032287311790124  1.943460339506160  2.305855709876573 
 1.857587960199006  1.677290049751241  1.619294697014922  1.936460696517410 
 0.773381862903232  0.178863230419355  2.149531935483859  2.767600967741929 
 1.145241666666664  0.737438589743584  2.236706125356121  2.133946723646717 
 2.005286051502144  1.070593854077250  4.085978111587985  1.905193819742497 
 0.066237487460617  0.077803122173913  0.973144165091369  1.185060982986771 
 2.622154474708177  1.000110349027240  3.250835797665379  3.161508560311285 
 1.270739239543722  0.678412060456272  2.276518174904938  4.154615209125486 
 0.330618224729730  0.095709635744595  1.524583513513512  1.471287432432424 
 1.447320223557697  1.178383966346157  3.199449278846145  2.445663701923081 
 0.982523736363634  0.084820699303029  2.764188333333330  2.085480909090913 
 1.966569098712446  0.340500957339056  2.858791416309017  2.180747639484984 
 1.532093457076570  0.301321852575406  2.259824593967513  1.155196530626448 
 1.297458108823529  0.350479047352941  3.732311470588242  2.615734117647056 
 1.882741390134532  1.211301991031392  4.461912107623315  3.265079820627801 
 2.249574375000000  1.667843624999997  3.640478125000003  4.389702499999991 
 2.489992727272727  1.815169545454546  2.773066363636362  2.206205272727269 
 1.170082794918328  0.318575933212341  2.818439927404718  2.987735027223235 
 1.844183333333332  0.585353386309524  1.392913770833333  1.876664107142860 
 1.813958108108108  0.256067637189189  2.111766486486488  3.358060810810814 
-0.432708021256495  0.069558208685078  0.518166751676903  0.514508414454418 
 0.773009024000000  0.148240133984000  1.133498880000000  1.165397216000002 
 1.146205361445785  0.337534052811245  1.362785361445783  2.987871887550201 
 1.041502669789227  0.223977429039812  0.869413736768149  2.119236299765808 
