 0.021332704531680  0.075456162129919  1.240999184289910  0.627551983383952 
 0.280735814898419  0.097778244627530  0.752673329571054  1.595117155756057 
 0.769516361701982 -0.033192945021269  1.682256808510513  2.196754893616955 
 1.769281553398018  1.073404320388361  2.684944660194257  1.850630097087051 
 0.196128770312482  0.087389346627603  1.207379505208376  1.450278255208336 
 1.218850051813450  0.101248288601052  3.457276165803147  1.872038860103770 
 0.714518241758262  0.061362469318686  1.166925450549434  1.486687032967015 
 0.404256521994161  0.091666916686208  1.770434310850554  0.665281765982397 
 0.593652522648150  0.151403050174224  2.599682926829085  1.273433275261176 
 2.762965354330631  0.806211354330698  2.430340157480352  2.924454330708623 
 0.563799691061430  0.168694978824953  2.114563314711318  1.830489944134052 
 2.152603030302947  1.471511212121229  1.699807878787843  4.462601515151414 
 1.995459444444508  1.128310444444477  0.973628811110998  3.290561111111338 
 1.408488333333298  0.228046407407442  3.536893518518651  3.783606481481420 
 2.525366666666603  2.246834567901252  3.919634567901249  2.361713580246838 
 1.543867862595413  1.025014198473296  3.890322900763420  3.514335114503847 
 1.068205784313720 -0.020319351470588  1.849788235294141  0.913465343137257 
 1.884306550218334  1.085025895196514  2.279520087336241  2.767941048034946 
 1.049378426966286  0.023882679550563  1.865257528089871  1.663409887640495 
 2.313674399999999  1.274881039999996  1.537973999999996  2.056024799999995 
 0.994845429687516 -0.012639568359374  1.922089062499968  3.072959765624971 
 0.815744028985491  0.674569951690800  2.857843478260866  1.828353623188403 
 1.992859894736835  1.064170526315781  4.430600000000003  1.857221684210544 
 0.203969017021274  0.070515512508135  1.492896620775982  1.098427784730912 
 2.519763571428584  1.018079785714291  3.767882857142878  2.917918571428580 
 1.070367741935470  0.282356237096770  2.233156451612899  4.035262903225838 
 0.375855190476191  0.098511483595961  1.596025974025967  1.710592352092338 
 1.723464853556494  1.136672050209205  3.280003347280311  2.583612552301268 
 0.704290951807225  0.029800623524095  2.658431927710831  2.280232228915664 
 2.169493939393933  0.415208669292929  3.166633838383856  2.098883838383845 
 1.813852258064521  0.038728633548386  2.369843225806433  1.380682387096769 
 1.536815304878048  0.440279306097560  3.998477439024413  2.521102439024379 
 1.868186746987959  1.058477518072296  4.793446987951800  3.344986746987952 
 2.253381081081082  1.741568783783780  4.268318918918929  4.200004054054038 
 2.489370634920636  1.693726746031746  2.747793650793654  2.369653174603173 
 0.894129613496934  0.465336210429448  3.438776687116551  2.825959509202489 
 1.528221264367814  0.192722454367817  1.165737068965517  1.405606091954031 
 2.077777064220178  0.289133424403671  1.787123669724773  3.679261467889911 
 0.016052807763975  0.076391574539337  1.078197598343689  1.072273871635615 
 0.569469864130440  0.110757292934783  1.054682771739124  0.891289972826087 
 1.365324409448820  1.440740472440945  1.580925196850384  2.645355118110221 
 0.841323911111108  0.096476871999999  0.664838184888886  2.102432888888888 
 2.403412598425198  2.006257480314963  3.080855118110236  3.511661417322820 
 1.551136597938143 -0.005069172680412  1.292234742268037  2.528189690721674 
 0.042666905322125  0.075067379271708  0.656503569747898  1.180439131652673 
 1.385771923076924  0.527623660256412  2.795061217948720  2.426388782051283 
 1.068069863636363  0.895206590909090  1.977662727272731  1.919566363636356 
 1.020548535211271  1.224053943661972  2.515035680751176  2.587840845070423 
 2.098641463414635  0.332823229268289  2.134377439024375  2.379864634146333 
 0.459426235831812  0.066076752577697  1.940567093235834  1.268195301645337 
-0.589389442934782  0.091986414940640  0.488391630842398  0.524771008152173 
 1.757714285714284  0.841250642857144  1.920238142857147  1.094009785714286 
 1.479076030534349  1.930746564885490  2.334701526717561  3.114520610687025 
 1.298720249999999  1.311486249999998  3.126345625000002  3.566455624999997 
-0.224370705250597  0.069565897862769  0.848802852028637  0.888969164677801 
 0.028453056761566  0.076889581476868  0.775528985765128  0.652064848398577 
 1.151506202531648  0.380910911392405  1.086607088607592  3.322308227848105 
 1.267752300000001  0.559424633333333  1.744213999999997  2.617389666666667 
 0.925481468503936  0.453091504724410  2.641416929133864  3.147522440944882 
 1.661697368421051  2.163388596491230  3.122260526315790  2.259567543859650 
 1.752863440860214  0.913164677419356  2.687651075268821  3.407839784946240 
 2.560271111111111  1.124358896296297  3.152023703703704  3.881797777777779 
 2.475319642857142  1.707113392857144  1.978939285714285  3.368358928571427 
 1.740563978494624  2.119309677419356  1.935919462365590  1.786503440860216 
 0.385848786036035  0.096488621306306  1.126441486486485  2.015127477477485 
 1.904338011695909  0.256904989473684  3.045291228070178  2.961363157894726 
 2.637345454545454  1.402081818181817  3.258704545454545  1.353038787878788 
 1.328702000000000  1.127940999999999  1.736526400000000  3.567996000000006 
 1.034977111111110 -0.186098181644445  2.593149777777784  1.678397777777777 
 1.391136918604652  0.461443114651162  3.234208139534885  1.230292145348837 
 0.746486584269663  0.190742887265918  1.270420786516855  2.629169288389514 
 1.386041271477665 -0.074623000206185  2.159122336769757  2.333604123711337 
-0.268405135355893  0.064899436709452  0.473006473745624  0.815206009334889 
 0.960461482479786  0.375706799730458  1.398020512129382  1.941782479784370 
 0.922223354444444  1.648251111111112  3.476842222222222  2.903052222222221 
 1.705417549019608  1.928714705882353  4.094778431372546  2.943574509803923 
 2.235083333333332  1.464620952380952  3.023571428571431  5.114966666666667 
 0.725261804878049  0.321593484697561  1.559288292682928  1.266416390243901 
 0.470353154824903  0.252316582101167  1.951556420233464  2.479465758754863 
 1.569365020576133  0.347019766666667  2.235230041152264  3.109113580246914 
 1.345611719745224  0.414034245222930  2.474971974522295  1.887304458598726 
 1.370797089552239  1.203131417910449  3.697743283582089  1.794871716417910 
 0.964685835777125  0.363277993137830  2.204990029325517  2.378466568914960 
 1.552250400000001  1.402695199999999  2.818419999999999  1.023393779999999 
 1.518729090909091  2.297984415584414  2.849699999999999  3.946233766233765 
 1.034087068965516  0.309605323275862  2.558440517241380  0.579490600862069 
 1.369398556701030  1.165444329896907  2.590264948453608  4.305238144329897 
 1.468862421052632  0.851742210526316  0.825915190526316  2.105532631578947 
 1.654830454545455  0.488269150000000  1.654417727272728  1.926080454545454 
 2.046894444444444  0.276988314814815  2.806159259259259  3.823479629629629 
-0.335070088036117  0.063835889762980  0.802306083521446  0.519530230248307 
-0.305592394846797  0.054993167005571  0.463183761838440  0.424992469916434 
 1.259644593023256 -0.197909420930233  2.928094186046510  2.784394767441862 
 1.022968185185186  0.468580078518519  2.224974074074074  1.302172185185186 
