 0.023923253944903  0.074461240642214  1.235362568807191  0.592441616514084 
 0.274897446629213  0.086404735196617  0.683621109550497  1.635991573033523 
 0.887890540540335 -0.009889014294284  1.773180180180004  2.266770570570480 
 1.756133734939709  1.118675421686760  2.739896385542270  1.851781325300799 
 0.158564591798086  0.075843903012617  1.208258801261882  1.339545268138805 
 1.160608913043448  0.118905454347848  3.516647826087010  1.862755072463968 
 0.614142688442233  0.142945195954779  1.077994698492438  1.402100251256260 
 0.403760856617680  0.098859773235283  1.773926102941319  0.624438743382343 
 0.643699488263000  0.169152723474189  2.801697652581911  1.404297230046749 
 2.776847169811225  0.898878084905648  2.426025471698157  3.078384905660331 
 0.617898559874571  0.015642450717868  2.283832915360432  2.041509090909045 
 2.172041666666552  1.653328541666690  1.618064999999951  4.520562499999860 
 2.211828378378456  0.910035810810850  1.125256824324186  3.284078378378654 
 1.635309999999952  0.261200716049429  3.757995061728572  3.773640740740657 
 2.669601388888817  2.168119444444464  3.901475000000018  2.495029166666581 
 1.406151619047611  1.093893333333351  4.074259047619122  3.422442857142895 
 1.166343357142849  0.065978572857143  1.844908571428604  0.788315421428573 
 1.875272395833326  1.065125104166675  2.357222395833328  2.897250000000012 
 0.994093505747118  0.006663100862071  2.011631896551703  1.633114367816147 
 2.509847619047619  1.395088412698405  1.419824904761895  1.770288571428565 
 0.937211250000021 -0.063073845999998  1.939767999999958  3.006643499999962 
 0.782376888888867  0.747690457516310  2.812833986928099  1.796592156862740 
 1.845606282051270  1.294123589743579  4.492111538461541  2.105305128205150 
 0.172826725961535  0.081155272089743  1.474151282051296  1.028967500000002 
 2.443280733944971  1.102577431192667  3.790235779816541  3.051414678899095 
 1.105831224489779  0.362388146938770  2.044628571428564  4.096194897959222 
 0.329644974405851  0.091072947389397  1.587875868372933  1.508808957952454 
 1.788930000000014  1.246696562500000  3.159181249999963  2.639710000000017 
 0.723819983539091  0.076903336625512  2.786830452674877  2.345728806584360 
 2.042627184466006  0.092803258446601  3.165484466019451  1.942320388349529 
 1.744292857142863 -0.048222387301589  2.401124603174583  1.405349841269834 
 1.536073529411762  0.160698555294116  4.076243529411799  2.519310588235274 
 1.940154385964922  1.070130596491239  4.896861403508761  3.358035087719298 
 2.427912500000002  1.981804999999994  4.467892500000021  3.997302499999968 
 2.398888333333334  1.776285833333334  2.782064166666669  2.421573333333332 
 0.785488531531533  0.338952269369370  3.518823423423402  2.865263963964015 
 1.813075824175819  0.172491340219781  1.332514505494506  1.292540989011005 
 2.204918309859145  0.201664398028171  1.828533521126765  3.869283098591551 
-0.042444822334294  0.074028919286743  1.125613314121046  0.976234971181563 
 0.312257382566590  0.083518875786925  0.886051380145273  0.982767094430992 
 1.455045593220341  1.393143983050849  1.685311186440667  2.747866949152527 
 0.429030434628973  0.100132922614841  1.012099540636039  2.126406713780915 
 2.573632926829271  2.145312195121953  3.072952439024387  3.604591463414610 
 1.543241666666665  0.007355050595238  1.247473214285710  2.595952380952411 
-0.001400859402465  0.073115674077328  0.850956291739891  1.259803339191581 
 1.342073951219512  0.510221248780490  2.970523414634148  2.256493658536590 
 1.277131753246753  0.973651688311687  2.110170779220786  1.912748051948043 
 1.069690643274859  1.156139941520467  2.659860818713452  2.494739181286548 
 2.289957142857142  0.320476680672263  1.984644537815106  2.446229411764692 
 0.337596418461542  0.076447545415386  1.921288000000003  1.129460061538461 
-0.580031697341513  0.164158985869122  0.420708121267904  0.521625439672799 
 1.844884615384613  0.652442517482519  2.121002097902100  1.217239650349651 
 1.581039814814812  2.042235185185177  2.453451851851858  3.015068518518522 
 1.062365636363635  1.131890363636362  3.185303636363639  3.613335454545447 
-0.200403821106821  0.068922685893180  0.807259601029598  0.913607310167307 
-0.007452968389662  0.075839922047713  0.770661033797221  0.625263713717694 
 1.043709266055051  0.404317908256881  0.943935119266051  3.328866055045878 
 1.261500966386557  0.569720294117647  1.704222689075625  2.678418487394961 
 0.784362292207790  0.450701090909092  2.395497402597414  3.127000000000000 
 1.675790804597700  2.247088505747129  3.437541379310344  2.022773563218391 
 1.759508108108108  0.809469797297299  2.524372297297302  3.584722972972974 
 2.732295121951219  1.099289036585366  3.356300000000001  3.903420731707317 
 2.476994366197183  1.851302816901410  1.849681690140844  3.152425352112672 
 1.854575384615384  2.292829230769233  2.099613846153844  1.908461538461539 
 0.300111661670236  0.112552954796574  1.225628479657385  1.723934261241979 
 1.980491044776124  0.225181698507463  3.020104477611946  2.914585074626852 
 2.660749999999999  1.477725370370369  3.186670370370370  1.294182407407408 
 1.437027558139536  1.331016860465114  1.371157674418606  3.717545348837219 
 1.120947901234567 -0.235302677592593  2.676164814814824  1.735933950617281 
 1.426966751592357  0.444689756178343  3.151972611464967  1.288008152866241 
 0.739024326996198  0.118730519011406  1.307409733840306  2.595530798479090 
 1.444437944664035 -0.035823709723320  2.193818577075096  2.335946640316200 
-0.027647038329241  0.073500582039312  0.457434021621622  1.073622972972975 
 0.945451973684213  0.547844254385965  1.364708377192990  2.115446052631587 
 0.949470603488372  1.670458139534884  3.456329069767440  2.796667441860463 
 1.721292680412371  1.955743298969072  3.990857731958757  3.012128865979384 
 2.257386842105261  1.470654736842105  2.929673684210529  5.149955263157895 
 0.688414590909087  0.124810364863637  1.221995318181828  0.785736736363636 
 0.461020300922331  0.259281378640777  1.991812135922331  2.518104368932037 
 1.605615425531916  0.193963909574468  2.280563297872340  3.140382978723404 
 1.248206608391609  0.386505192307693  2.467982867132867  1.833961888111887 
 1.226305789473686  0.990203473684212  3.655870526315791  1.793495789473684 
 1.032511130136988  0.367651197465753  2.310847260273978  2.495620890410964 
 1.560984631578948  1.390057473684209  2.842831578947368  1.043074926315789 
 1.449828513513514  2.286178378378376  2.885162162162161  3.919551351351350 
 1.029738543689319  0.340088121359224  2.669560194174758  0.600489657281553 
 1.200694328358208  1.156040208955224  2.641832835820895  4.420125373134331 
 1.603138875000001  1.054788375000000  0.880446926250001  2.446921249999998 
 1.618671823204420  0.574700220994475  1.625783977900553  1.941496685082873 
 2.111052688172044  0.355970161290322  2.905810752688172  3.866003225806453 
-0.313031913279132  0.078920846626017  0.849363319783198  0.548035113821139 
-0.253265691123190  0.082592560887681  0.464771452898551  0.422887670652174 
 1.273353129251700 -0.211170714965986  2.915432653061221  2.724603401360547 
 0.973366062176168  0.577250725388601  2.213507253886013  1.241124300518136 
 0.967941144781146  0.404181427609427  1.599387542087541  1.485489326599325 
 0.885534629629631 -0.009965396697531  1.355582469135800  1.782251234567904 
 0.464685321507760  0.089749085365854  1.643294235033260  1.986669844789354 
 1.601081944444444  1.176219722222222  4.253533333333335  1.032256361111111 
 1.456546419753084  0.826261543209876  3.616982098765434  2.583552469135803 
 0.826939320754717  0.515551773584905  1.981649811320758  2.051247547169813 
 2.323302105263159  1.445696210526316  2.421781052631579  3.898447368421053 
 1.320674900990102  0.522977797029703  2.954300495049504  3.025214356435643 
 1.655580733944957  0.547821958715596  2.453676605504586  2.396851834862384 
 2.493250458715597  0.759957798165138  2.864507339449541  2.336148623853210 
 1.198673358778626  1.217899618320612  2.271083206106870  3.317438931297710 
 0.669964478371504  0.065300602127226  1.592635877862595  1.202556615776082 
 2.102150909090908  1.205026272727272  1.825020000000000  2.352108181818184 
 1.826734265734265  1.416961748251748  3.177544755244757  3.499533566433568 
 1.862758333333333  1.392254375000000  3.967675000000000  4.421481250000001 
 1.428840649350649  0.379412162337662  1.662611038961039  3.328542857142855 
-0.325054274234694  0.062543787844388  0.498021885204083  0.766224974489796 
 0.483597241959799  0.161437636432161  2.067465326633166  1.604040452261306 
 1.089017115384615  0.133913252884615  2.895834615384613  3.694180769230770 
 1.258338682170542  0.354599101550388  0.836546279069768  1.551180542635660 
 1.491837536231884  1.466358550724637  1.618815652173913  1.261360579710145 
 2.105793518518518  0.967118888888889  3.571178703703703  1.964597222222220 
 2.452609677419354  0.455819059677420  3.957645161290327  2.534348387096773 
 1.401395833333334 -0.028732173214286  1.656463095238095  1.965789880952379 
-0.509241003787879 -0.035990204154716  0.603679299242424  0.456500507575757 
 0.896060759493671  0.115418102531646  0.618119693670886  2.158234177215190 
 0.774868757575758  1.657246969696970  2.042045454545454  2.526007575757576 
 0.729988847736626  0.053530277366255  2.279527572016463  1.122016584362140 
