 0.142907867861377  0.080642890626053  1.322877729987958  0.685846313022912 
 0.152664931634182  0.077845292308839  0.630592014692620  1.302506221888956 
 0.735226410434663  0.109236055652180  1.497298921739030  2.418806782608637 
 1.699013862433819  1.231230476190487  3.017555555555644  1.202861105819748 
 0.283972312910782  0.088110764319247  1.069403180751211  1.572417370892018 
 1.250355743478244  0.351035124434796  3.491332608695682  1.512989956521858 
 0.939336732348128  0.093146230870282  1.517109359605894  1.695781609195391 
 0.416295366433579  0.098857441742653  1.803785174825228  1.102810251748251 
 0.748597890804652  0.267950522126443  2.654469540229730  1.056258235632064 
 2.646212154696077  0.775911491712700  2.427182320442013  2.831868508287264 
 0.580389026249981  0.132632970726266  2.078159335443002  2.154410443037950 
 1.945204961240268  1.472182170542645  2.342894573643392  4.576876744185994 
 1.777602111801277  1.204444062111819  1.159518155279440  3.566950931677146 
 1.535532978723385  0.298210430851084  3.415352127659650  3.723959042553157 
 2.178694078947335  2.072705921052640  4.002040789473694  2.766638157894698 
 1.053915040828398  1.315441005917170  3.661085207100637  3.272932544378725 
 0.852049147058821  0.076115840882353  1.843370294117661  0.709023430000002 
 1.744191509433957  1.019192578616356  2.190620440251571  2.829816352201263 
 1.271045619266048 -0.088266822247705  2.040176146788969  2.132292201834912 
 2.195352348993288  1.223649731543621  1.324580262416104  2.168038926174491 
 0.893337732307705  0.030501197538462  2.050022769230743  3.011042461538444 
 1.143905704225346  0.644432136150224  2.772798122065725  1.919890140845068 
 1.944618152866237  1.164421082802543  4.222308280254781  1.822768789808928 
 0.168836977304963  0.078828390648429  1.386788753799399  1.215283900709220 
 2.403991525423737  0.894070235593224  3.653516949152558  2.930930508474581 
 1.189705240963846  0.443020044578310  2.279572891566261  4.154539759036166 
 0.390498443252596  0.114438913070358  1.599788811995382  1.723240599769307 
 1.606494600638985  1.156842907348245  3.265876038338641  2.502591693290741 
 0.895522338902145 -0.031906058687352  2.795167303102623  2.012569689737473 
 2.141233777777768  0.415488682755555  3.176522666666681  2.027048444444450 
 1.511770287539940  0.069758086038338  2.427284345047918  1.340475623003193 
 1.365772627118644  0.400177084322034  3.865188135593236  2.501477542372872 
 1.863924827586210  1.121034855172418  4.599844137931032  3.304371034482757 
 2.105919512195122  1.668978048780484  4.075865853658546  4.459741463414615 
 2.533268181818180  1.722578238636363  2.829710795454544  2.117114886363636 
 0.817262365942029  0.248134166304348  3.073286956521729  2.811995652173931 
 1.711681451612902  0.334429713548388  1.372687459677421  1.539889475806456 
 1.814748863636362  0.217027690378788  2.012078787878786  3.377790151515158 
-0.012267700218659  0.074103355017492  0.982226086005834  1.030780174927115 
 0.705790340136057  0.152178669965986  1.180165476190473  1.169539336734692 
 1.184538165680475  0.814819852071006  1.507686775147924  2.326258579881651 
 1.033927686274508  0.261738327450980  0.699734963137253  1.953958431372547 
 2.395310791366907  2.089790647482015  3.013015107913669  3.546172661870493 
 1.539286774193547  0.119709476258065  1.408061612903226  2.551434838709691 
-0.216965399407785  0.070156360668359  0.579748389170897  0.884335135363795 
 1.584831151832463  0.113697611518325  2.838281151832462  2.764235340314134 
 1.034242883720931  0.557943372093023  1.947731627906981  1.619874279069766 
 1.028705048672567  1.338823318584072  2.488528318584072  2.334540707964604 
 1.837259490084986  0.542184375070819  2.306762039660049  2.132503399433425 
 0.645927165932454  0.092197139162996  2.173880763582968  1.543933627019089 
-0.545357003546099  0.074568907833609  0.521848059663125  0.531965950354609 
 1.678915921787708  0.879921284916202  2.037239664804471  1.068846411731845 
 1.465838913043478  1.852283152173909  2.190689673913044  3.196067934782608 
 1.397018819875775  1.722067080745340  3.089731055900624  3.700977018633541 
-0.195086395631068  0.066315150355987  0.894176529126212  0.599964338996761 
-0.256740407782516  0.066826661012793  0.500590279317697  0.463308484221748 
 1.086226548672568  0.417296581415929  1.197466061946902  3.266050442477877 
 1.066200422535213  0.443889031187123  2.244169215291750  2.460149094567406 
 1.032578517241379  0.750152758620690  2.513791379310347  3.224983448275864 
 1.626943070866142  2.180116535433071  3.218259055118111  2.241627559055118 
 1.852940873015873  0.801827896825397  2.739722222222226  3.464288095238096 
 2.547112765957446  1.041893765957447  3.255214893617022  3.901719858156031 
 2.532432283464567  1.569781653543308  1.961033858267717  3.431407086614173 
 1.714458306451613  1.963262903225808  1.893403306451613  1.854734032258065 
 0.464887315789473  0.088979674254386  0.979684649122807  2.090877192982458 
