 0.041113000052763  0.076295523315041  1.001585050923463  0.983196180474982 
-0.333166402777779  0.069738748319394  0.594562921884728  0.602667731879528 
 1.108650773626325  0.253125995853484  1.444878180952339  2.752354578754549 
 1.098529778664728  0.363473987119015  2.697446371552982  1.370195016473096 
 0.462231077981646  0.109818965671392  1.081542511092594  1.697760508757297 
 1.642613798541476  0.518412650975390  3.405093527803105  2.293008632634478 
 1.575843831858412  0.486490121911506  1.638264123008845  1.631866424778751 
 0.480734297670409  0.099953951640206  1.701076117342542  1.071691616134591 
 1.113572348810874  0.223789012214044  2.499391166477907  2.431363476783668 
 2.083831942215066  1.049635870401282  1.807295959871583  3.610417495987149 
 0.667719223102994  0.126176335743398  1.891814304577443  1.913144850352107 
 2.029175889212822  1.626607769679304  3.119143002915449  3.823257288629739 
 1.655031680451129  1.342590488721804  2.166152154229315  2.552149154135345 
 1.369368718120804  0.440394332406521  2.732401438159159  3.494465292425691 
 2.107366989409988  1.687265688350982  3.235957791225415  2.029707639939486 
 1.780803874372761  1.236735811827957  4.180867921146945  3.119171505376345 
