 0.033670907179069  0.075874062021352  0.984570657325840  0.984792738190601 
-0.336105652832676  0.069636790283611  0.594197542845843  0.597230968959142 
 1.082513969387707  0.269602430131199  1.431800276967889  2.765492055393557 
 1.094112076923072  0.343747456857766  2.693079027576205  1.362101003410686 
 0.466400767470876  0.109778368905989  1.083861901663910  1.700400748752078 
 1.632415678741657  0.528734273708296  3.496846520495716  2.263894099142064 
 1.575015881326358  0.544897316544504  1.657183997469455  1.634242050610809 
 0.464108180738231  0.099489080908781  1.670964166313115  1.059735772677125 
 1.147494514983354  0.216070049705883  2.504015038845718  2.441286459489432 
 2.128826614699316  0.982601330801780  1.897041826280619  3.008090200445428 
 0.672864769940146  0.121781851265071  1.902329243266333  1.896153056861902 
 2.113188121990361  1.629888683788125  2.774939438202245  3.965467415730336 
 1.312477945775541  1.492721765447670  2.462709331651947  2.584461034047934 
 1.388041979651161  0.441206824515506  2.713425678294575  3.552415116279069 
 2.204790490196078  1.672878937908497  3.220232026143789  2.000919264705881 
 1.813841440214069  1.311975883792049  4.058272629969414  3.295761009174313 
