 0.028587565306075  0.078358385289127  1.228379778911427  0.590526076530911 
 0.263564598240469  0.089072286891483  0.675877111436883  1.626549853372240 
 0.890597685459737 -0.007351131038566  1.771368842729796  2.284205934718011 
 1.746905882352892  1.118493176470601  2.744818823529511  1.868095882352544 
 0.165296894460621  0.079194648848395  1.187058731778474  1.388133527696795 
 1.133623076923048  0.089988347552469  3.501183216783269  1.857288811189004 
 0.601419290617869  0.149774309130439  1.097297437070917  1.441221281464512 
 0.400479884758398  0.107654107026011  1.762727137546612  0.614958223791811 
 0.622822191406324  0.130889287109384  2.677294140624793  1.335863242187334 
 2.776847169811225  0.898878084905648  2.426025471698157  3.078384905660331 
 0.631588668452346  0.033665963627976  2.281330357142791  2.024958928571384 
 2.181793617021160  1.631767446808534  1.612613191489312  4.523525531914751 
 2.197176623376698  0.926837012987050  1.125388636363504  3.275689610389875 
 1.583942159090865  0.286958386363678  3.705113636363799  3.762236363636287 
 2.669601388888817  2.168119444444464  3.901475000000018  2.495029166666581 
 1.411728349514555  1.092341747572834  4.080363106796193  3.415420388349553 
 1.103188148148141 -0.031896545061728  1.912764814814843  0.862113395061730 
 1.877402083333325  1.107893854166675  2.316074999999995  2.913288020833346 
 0.995815928961740  0.031322319945357  1.997729508196702  1.634292622950871 
 2.509847619047619  1.395088412698405  1.419824904761895  1.770288571428565 
 0.937340738916277 -0.056943395073890  1.936560098522126  3.007696059113264 
 0.779712285714266  0.722365476190449  2.815763690476186  1.803458333333329 
 1.845606282051270  1.294123589743579  4.492111538461541  2.105305128205150 
 0.181614375498573  0.081328480603988  1.491327635327649  1.054280284900286 
 2.443280733944971  1.102577431192667  3.790235779816541  3.051414678899095 
 1.110906288659777  0.366700035051540  2.042622680412364  4.100387628866018 
 0.312889897084049  0.082046933656947  1.548974614065170  1.546541852487122 
 1.783641104294492  1.245271349693251  3.155920858895669  2.641709202454005 
 0.719989941422590  0.052630864435144  2.766176150627596  2.340989958158994 
 1.993152892561973  0.137854426611569  3.154100000000028  1.949314876033070 
 1.773027678571435 -0.074939998214288  2.386325892857120  1.393520357142850 
 1.531874404761902  0.159570204761903  4.081707142857177  2.516964285714265 
 1.944981034482768  1.053921620689666  4.892946551724127  3.368477586206896 
 2.427912500000002  1.981804999999994  4.467892500000021  3.997302499999968 
 2.397356198347108  1.783638016528926  2.781550413223143  2.420304132231404 
 0.783094790909093  0.340752108181818  3.520978181818160  2.869037272727324 
 1.802421739130430  0.160002749565219  1.317150434782609  1.294201413043494 
 2.198621126760553  0.206832707887326  1.812047605633808  3.879209859154932 
-0.034601965294924  0.074677330308641  1.125830699588484  0.991532949245549 
 0.355807586538466  0.085851278173077  0.900977235576918  0.960382499999999 
 1.366336050420170  1.425334957983194  1.657722016806712  2.711954621848724 
 0.750198772727270  0.093222237272727  0.703224761818179  2.168841818181815 
 2.567778313253015  2.144643373493978  3.066165060240960  3.602975903614434 
 1.539154022988504  0.010801772988506  1.249979597701145  2.593529310344856 
 0.009733582524268  0.072192999595469  0.830084142394819  1.237672734627847 
 1.254137926267281  0.520056202764979  2.945780645161290  2.311214285714291 
 1.270078271604938  1.002286913580246  2.091722222222228  1.907659876543200 
 0.992899228070180  1.240429824561402  2.560970175438597  2.496239181286548 
 2.298937391304347  0.327393339130429  1.987719130434762  2.460313043478247 
 0.424575794344476  0.077103549408741  1.996411825192802  1.108120154241645 
-0.591082292263610  0.092485225214901  0.489645710601726  0.484650088825213 
 1.843128671328669  0.654210909090910  2.110167132867136  1.195224335664336 
 1.495655892857140  2.062365178571421  2.418246428571434  2.954864285714289 
 1.053475045871558  1.153785504587154  3.194147706422021  3.615672477064213 
-0.215503413878563  0.069310616120199  0.825584014869886  0.886007261462201 
-0.026800575774135  0.073923565701275  0.772419289617490  0.622704732240437 
 1.057652385321106  0.395853688073395  0.930639614678895  3.322877064220190 
 1.238391887550203  0.577972008032128  1.691969477911641  2.659654618473899 
 0.791657285714284  0.459423751552796  2.416477639751563  3.105317391304348 
 1.678332954545454  2.248564772727276  3.430079545454544  2.020979545454546 
 1.761013793103448  0.811802827586208  2.515256551724143  3.588728275862070 
 2.732295121951219  1.099289036585366  3.356300000000001  3.903420731707317 
 2.484464285714286  1.861955714285715  1.844087142857142  3.146402857142853 
 1.794347794117646  2.269136764705885  2.060977941176468  1.899211764705883 
 0.336967971111111  0.109005399977778  1.135727088888887  1.923724666666674 
 1.983410447761198  0.225998489552239  3.030883582089559  2.900099999999986 
 2.660749999999999  1.477725370370369  3.186670370370370  1.294182407407408 
 1.418180930232559  1.348117325581393  1.380316976744187  3.709427906976754 
 1.106960116279069 -0.214828957965117  2.660263372093032  1.707276744186044 
 1.375489090909092  0.435256725575757  3.169179393939393  1.271506242424242 
 0.709342978417266  0.133342240647482  1.281351151079138  2.579585251798561 
 1.469291967871489 -0.028552797429719  2.225483935742969  2.327491566265056 
-0.056209089495800  0.074001913214286  0.466280581512605  1.029426638655464 
 0.962043481781379  0.509649230769231  1.368891052631586  2.031980971659924 
 0.950606573563218  1.664595402298851  3.452933333333332  2.795959770114941 
 1.721292680412371  1.955743298969072  3.990857731958757  3.012128865979384 
 2.257386842105261  1.470654736842105  2.929673684210529  5.149955263157895 
 0.713638267716532  0.095725177165355  1.314404173228354  0.880424448818898 
 0.458638653798077  0.253710120192308  1.993936057692309  2.515115384615382 
 1.613283505154640  0.204327345360825  2.278462371134020  3.136417010309278 
 1.316128150684932  0.401493236301370  2.478224315068493  1.841919520547945 
 1.229812886597939  0.984677628865981  3.651019587628868  1.791193814432989 
 1.035182369337980  0.363771253170731  2.295478048780494  2.494038327526138 
 1.563869166666668  1.386952708333332  2.841473958333333  1.046212687500000 
 1.471119078947369  2.293082894736840  2.852863157894736  3.921122368421051 
 1.025189557522123  0.316278305309735  2.598893805309736  0.588634953097345 
 1.200694328358208  1.156040208955224  2.641832835820895  4.420125373134331 
 1.587154000000001  1.025695500000000  0.877689926250001  2.432516249999999 
 1.625379781420765  0.529959792349726  1.625198907103825  1.949059562841530 
 2.116913829787235  0.345751117021276  2.915255319148936  3.866008510638299 
-0.350551197969542  0.060555911586295  0.809604784263960  0.509209784263960 
-0.275440895214522  0.062626507937294  0.449880760726073  0.422384099339934 
 1.274496643835615 -0.210953870547945  2.917238356164380  2.723469863013702 
 0.974315023474180  0.474501582159624  2.283769953051645  1.256396103286386 
 1.047357155555555  0.495719253333333  1.630696888888887  1.380756711111111 
 0.905438896321071 -0.025606526521739  1.359721806020064  1.770130434782610 
 0.476253187772926  0.093280422489083  1.650730567685590  1.982540611353708 
 1.601081944444444  1.176219722222222  4.253533333333335  1.032256361111111 
 1.454158404907974  0.825120122699386  3.615187116564419  2.581105521472392 
 0.822908206106870  0.530532519083969  1.970198091603057  2.052366793893132 
 2.319354166666668  1.450922291666666  2.422589583333333  3.894927083333334 
 1.350195918367350  0.534259668367347  2.958210714285712  3.052485714285713 
 1.646736320754719  0.594667641509434  2.466815094339621  2.443404716981133 
 2.488061261261262  0.765709909909910  2.860407207207207  2.340793693693693 
 1.178328676470588  1.236755735294119  2.269761764705882  3.314780882352942 
 0.666450000000001  0.130366073046455  1.623531784841073  1.315014400977994 
 2.089979646017698  1.181889823008849  1.825545132743363  2.331751327433631 
 1.828083802816901  1.421008098591549  3.175563380281691  3.501121126760565 
 1.862758333333333  1.392254375000000  3.967675000000000  4.421481250000001 
 1.426903439490446  0.382639700636943  1.663607643312102  3.323262420382163 
-0.351581228930818  0.059569461970201  0.493583829308178  0.747228289308176 
 0.475201478811369  0.154190521963824  2.063709819121447  1.597995865633074 
 1.071577156862745  0.118534091176471  2.862818627450978  3.686213725490196 
 1.246955298507462  0.341132135074627  0.781063238805970  1.596134626865673 
 1.497017301587302  1.467965079365079  1.611923492063493  1.226780634920635 
 2.105793518518518  0.967118888888889  3.571178703703703  1.964597222222220 
 2.452609677419354  0.455819059677420  3.957645161290327  2.534348387096773 
 1.378619820359282 -0.066407317964072  1.682257485029940  1.969946706586825 
