-0.158061082125621  0.071103706144328  0.905820929951641  0.634374688285130 
-0.132162493910492  0.070451992523108  0.571494787087292  0.947558246514994 
 0.715080355044613  0.149971892554283  1.381742068965444  2.286507790549125 
 1.681623651315762  1.225393947368429  2.769212171052684  1.285585486841882 
 0.337439405010423  0.082242568914404  0.936558815240114  1.745044467640922 
 1.064230682978716  0.342142752021283  3.145275106382999  1.464152512766016 
 1.028372456790134  0.228349648641978  1.673933580246896  1.607480444444434 
 0.146704165654213  0.079410121054515  1.362955147975103  0.840860311526479 
 0.644508378733595  0.138675694551974  2.302478614097907  1.450623476702458 
 2.096203463203445  0.912276062770559  2.270350432900445  2.793697835497826 
 0.562793948959897  0.107320373205851  1.913605417118066  2.017235102925228 
 2.267786742424222  1.759021818181823  2.358868939393930  3.884837499999974 
 1.792511373390580  1.245869184549369  1.246963188841160  3.416052789699660 
 1.758503745928325  0.442931642019556  3.252140065146624  3.678554723127015 
 1.969470608695630  2.182752173913050  3.720715652173918  2.605294347826061 
 1.245848160738253  1.484127281879201  3.279015100671165  3.533420134228206 
 0.620113603667138  0.114581074789845  1.908879125528921  0.855153027080395 
 1.315310601583109  1.596202163588394  2.300393667546173  2.877946965699206 
 1.407413402889238  0.025221373097914  1.933445361155686  2.304818459069052 
 1.859934400000001  1.677652499999998  1.627054210499996  1.937196999999997 
 0.840854367957752  0.202662109612676  2.041731866197173  2.873351760563377 
 1.152767257383965  0.729287651195493  2.243299718706044  2.139683122362865 
 1.945880243902437  1.025355012195119  4.065287398373987  1.832038613821146 
 0.065829356982543  0.077792713210723  0.975316408977558  1.182231708229430 
 2.621600000000005  0.988425186842108  3.262315037593995  3.135809398496242 
 1.271815152671752  0.679854129389311  2.277762900763354  4.156870610687034 
 0.329100138315218  0.092979656930707  1.524979347826087  1.454107404891296 
 1.432319093676820  1.158553864168621  3.203122482435588  2.440599531615929 
 0.888471477503626  0.054868635718432  2.646518432510879  2.191336865021770 
 1.903966531440162  0.317032418904665  2.878370385395541  2.143951724137938 
 1.516371677852352  0.268852464563758  2.250877181208052  1.178559048545860 
 1.285622606321839  0.331981347988506  3.734653735632190  2.584116091954020 
 1.880855198237888  1.211346273127755  4.460767400881053  3.252861233480175 
 2.249574375000000  1.667843624999997  3.640478125000003  4.389702499999991 
 2.477450000000000  1.808086725663717  2.776239823008849  2.213568849557518 
 1.159360437158468  0.322534927504554  2.819044990892531  2.987460291438984 
 1.837134210526315  0.581864204093568  1.406786482456141  1.855440175438599 
 1.823342222222222  0.259293785444445  2.117620277777779  3.365049166666670 
-0.432362612158341  0.069471877420504  0.518199959142320  0.515028220263903 
 0.775959149922721  0.147345444605873  1.141514142194745  1.174349737248843 
 1.218715275000001  0.386197683750000  1.281574074999999  3.036847999999999 
 1.057648567251462  0.272296750292397  0.783705279532164  2.087616081871345 
