 0.167087340435885  0.082716606543939  1.064870212844870  1.215138305124088 
-0.279062506454250  0.070255466806843  0.663045121548199  0.640056751879074 
 1.403586499636851  0.444902780798843  1.871893713144474  3.332013144517038 
 1.256091903492063  0.374454147600003  2.753630412698414  1.435714992190434 
 0.875996282922285  0.186364364620753  1.200711174313646  2.103983061889244 
 1.933454254937162  1.376764815888691  3.609823788150810  2.243547450628375 
 1.806508225686715  1.087752466963622  1.972988330438014  2.127841893095757 
 0.587415464950899  0.125603152780900  1.745565326786323  1.174458766068400 
 1.299664451796918  0.359150870564746  2.951021163719339  2.676503365658859 
 2.028704364364362  1.577896106106103  2.471369129129130  3.540077477477475 
 0.810193812249537  0.147383059444693  2.074944581005580  2.112164729981375 
 1.791085228452379  1.056499471190476  3.717160595238095  3.671160595238097 
