 0.020683794794938  0.078432675297059  1.132240494216575  0.739316977392312 
-0.358874079615954  0.069582838536575  0.575493816632194  0.580953526203824 
 0.958839926754762  0.218258499867756  1.127460750355993  2.382499999999968 
 1.684581435643553  0.806218042937298  2.855469471947222  1.332310491254014 
 0.374047490809184  0.093905031658341  1.121858394605410  1.627857342657343 
 1.481193625869260  0.484367113936027  3.575026008344933  2.403241446453449 
 1.196108855042022  0.301656206523112  1.486532111344530  1.374152941176457 
 0.382857597865858  0.088127416251015  1.626885416666681  1.090861779573169 
 0.986044076181310  0.087371276480233  2.741459787849518  2.215920540019242 
 2.156191336270169  0.673526216387662  2.464410866372987  2.747803524229069 
 0.618916517069051  0.117448474230016  1.867704948341473  1.925669439912987 
 2.163872727272713  1.622999272727279  2.537671298701294  4.154884935064925 
 1.603594203152374  0.729118885639234  1.553004173380017  3.533744133099855 
 1.326699713896453  0.393708245504092  2.895866212534073  3.526655858310621 
 2.223135085995078  1.942519484029487  2.987829975429979  2.362705061425051 
 1.800322827988338  1.468727504373180  4.251981924198263  3.526430903790104 
 0.842045801637851  0.200828474367607  2.448360782529581  1.248367888080071 
 1.309709487396692  1.653211818181819  2.827470041322313  3.204176859504131 
 1.563013058035708  0.211087595803572  1.991295636160707  2.067614285714301 
 1.877160493273546  1.429024260089684  1.543621885874439  2.239967017937219 
 0.980344870221327  0.210288660623743  1.991493360160960  2.848439336016092 
 1.134581144645342  0.989646495132124  2.489347705146042  2.277299443671769 
 1.915466838709677  1.362746129032257  4.091340645161288  1.965051580645162 
 0.010476025355342  0.073279682406694  0.790302147546997  1.120381127922974 
 2.466398882681561  0.943656650000000  3.398721229050280  3.394222067039110 
