 0.211315569538201  0.085491739635330  1.104238480016550  1.241132039759824 
-0.270760367730498  0.070269468773701  0.669028999822689  0.651873561308107 
 1.803481780366011  1.009642118352750  1.860112340266170  3.501753410981673 
 1.115215394524959  0.258107261477457  2.637240016103051  1.778892649235075 
 0.925314016868067  0.199131734480151  1.502476165674261  2.254632545242265 
 1.788473812600969  1.030382500096934  3.723865347334414  2.269962777867541 
 1.876377437722420  1.271958371814944  2.236609125338082  2.075811195729529 
 0.663677198786937  0.144050326646345  1.828589060653190  1.271758537853809 
 1.268216980597012  0.329524727014924  2.678455174129361  2.995528955223870 
 1.941980754390679  1.494512362007168  3.427821774193547  3.648340860215051 
