 0.087101141915721  0.078409124246450  1.054403234933837  1.025995191082848 
-0.316959541252391  0.069894312649691  0.611489403226572  0.619512205353716 
 1.272733401530925  0.352488310327075  1.600295862908796  3.018966249130107 
 1.197427520308123  0.380934275035016  2.804692997198878  1.462765513095188 
 0.531512319719949  0.118954912854920  1.135272682458203  1.795702823803965 
 1.884341274409043  1.067379552744093  3.658127029804737  2.111922867420361 
 1.576294252683734  0.499308157522710  1.652791305615191  1.711361957060270 
 0.557857300120051  0.113672140949178  1.801612364945984  1.149751491076422 
 1.255601823846617  0.337167843019774  2.717546015578181  2.556651647693212 
 2.010804224664213  1.229591864542124  2.235840500610496  3.818368620268617 
 0.755844485069184  0.132935247911531  2.006419622641490  2.092066079664570 
 2.006685127638884  1.692440458333334  3.758624999999999  3.447566944444441 
 1.840219955116697  1.514452504488333  2.295530448833026  2.455624236983843 
 1.478053817381739  0.521381486468647  3.232767106710672  3.450292409240920 
