-0.001345406852131  0.074444038024599  0.932152008199097  0.942205590629628 
-0.350544294893618  0.069844471275548  0.581583287971623  0.583478607999983 
 0.978584536900305  0.209495018053510  1.165831202582972  2.386457933579307 
 1.648988910447750  0.940839810000004  2.807335373134352  1.417204845820794 
 0.356489966294138  0.093200797340187  1.076755759946372  1.601073312472060 
 1.609903412921343  0.616069711966297  3.756351685393266  2.228138230337119 
 1.255499217557257  0.308473282356872  1.540531068702285  1.437229685114491 
 0.356657728668175  0.088785647991872  1.588400604966151  1.027289171196384 
 0.985549746736306  0.244335400269801  2.840411575282816  2.273149173194037 
 2.314400745156462  0.736477570581220  2.689299403874819  2.888747242921009 
 0.619297846747638  0.127743277198314  1.882525285076829  1.907462518591960 
 2.184304878048771  1.631974491869922  2.696125060975603  4.051992479674799 
 1.618424691151928  0.737331944407349  1.569751407345560  3.552264273789676 
 1.336732005312080  0.427434836918995  2.959009163346629  3.538237981407700 
 2.227740981735153  1.913108789954340  3.476593150684933  2.303901506849309 
 1.893771004273505  1.303337724358977  4.144079487179485  3.485995726495735 
 0.866783042682924  0.181890896472126  2.467025958188162  1.248510662020902 
 1.294107991492328  1.540370571827059  2.686984239888423  2.853691771269177 
 1.568431760299620  0.265515532247192  2.195453183520593  2.194934456928852 
 1.899736616822432  1.393686205607474  1.637601441308411  2.242818373831777 
 0.979130529807692  0.238656075730769  2.026259038461537  2.841124903846150 
