-0.110322752970587  0.073089098838427  0.964795130483021  0.663639625208315 
-0.385211779479058  0.069651990061002  0.530957152164723  0.574016192256226 
 0.945464582202009  0.220286104781304  1.014746150226156  2.425374057315184 
 1.721772157434379  1.262357317784262  2.868800000000046  1.309460797958985 
 0.349524425370242  0.089881284533161  1.040572569864798  1.659824919510625 
 1.180721726480831  0.308045371689902  3.263766550522663  1.624866829268341 
 1.089183916849022  0.262674349573307  1.349038774617056  1.477859682713334 
 0.251255566270917  0.084058284961682  1.401691548839737  0.958023729087964 
 0.780940828397230  0.135339248797911  2.329869512195077  1.750727439024351 
 2.160259964412791  0.924748409252666  2.276163345195740  2.968635587188603 
 0.666041902750184  0.129219839762806  1.734880772261599  2.203027186761227 
 2.274053333333315  1.850408888888896  2.456070185185178  4.097594444444414 
 1.605881471389658  1.007371880109000  1.263295103542208  3.337420980926483 
 1.294400446601931  0.342694204660201  3.334680970873809  3.248506990291250 
 2.191864361111105  2.057553888888891  3.158835000000002  2.404876555555542 
 1.789140510204081  1.459595523809526  4.307677551020428  3.573507482993213 
 0.756364980417753  0.167159938798956  2.187318798955622  0.930500459791121 
 1.245073769371725  1.672708926701574  2.709851047120422  3.361190575916228 
 1.579755977496478  0.135108058284108  1.792997257383956  2.285594796061909 
 1.987692563291142  1.493597689873416  1.587344845253162  2.000545981012656 
 1.100230726158039  0.224288432016349  1.992473623978195  3.094116485013616 
 1.173649789915963  0.905737927170865  2.224106862745101  2.307285994397758 
 1.979118720238094  1.044534330059523  4.178627976190477  2.176616845238098 
 0.011234913529128  0.073371605016370  0.792338988348581  1.119111275878674 
 2.382388043478257  1.074182864130435  3.337825543478267  3.610220380434785 
 1.521583265822783  0.530744137113923  2.376701721518982  4.006520759493671 
 0.431854155117567  0.092734993753803  1.697310788381742  1.486062655601657 
 1.373325136272545  1.119088617234468  3.275037875751503  2.522712825651302 
 0.983204692575406  0.142373650533642  2.690866241299305  2.483191879350343 
 2.067648472505090  0.398336871323829  2.962096130346232  2.341142566191445 
 1.590071230502600  0.383923191854420  2.184703466204506  1.406675187175042 
