 0.061801206166195  0.077562284937450  1.187258900804217  0.696026607685592 
-0.113608520500000  0.069978500342140  0.600574224857128  0.967487921428526 
 0.607870311410176  0.118742806340331  1.527127913752846  2.198476573426531 
 1.730363769230738  1.251252692307702  2.741156923076985  1.251076607692048 
 0.332671633413444  0.084742209158652  0.875138873798112  1.741227884615389 
 1.252894824404751  0.493815784285723  3.388534226190498  1.527445860119129 
 1.046436843853836  0.052775499501664  1.644641046511607  1.589287591362111 
 0.199678858422599  0.077459495213240  1.495285102239567  1.089953768257056 
 0.751262326226052  0.220616590618341  2.589655223880484  1.168316963752576 
 2.408820860927122  1.151177880794698  2.227539072847697  2.978425496688726 
 0.595249596161813  0.112353394054980  2.104165663900386  1.783765352697080 
 2.274744516128998  1.498923445161299  2.105479999999985  4.316521290322537 
 1.667602981651400  1.191547706422032  1.163854279816468  3.410500000000096 
 1.759121907894724  0.469680523026328  3.219294078947412  3.677307236842085 
 2.035613174603147  2.169072486772493  3.870728571428578  2.597932275132243 
 1.157956491796874  1.396405429687507  3.467622656250029  3.423373046875021 
 0.593359037613489  0.099400455701686  1.885292088197153  0.912402653955902 
 1.383888133704730  1.180855654596102  2.219582451253480  3.068436211699163 
 1.341666412213734 -0.041530946679388  1.943593129770974  2.246867557251945 
 1.916982488479262  1.577397281105988  1.578650802304144  1.984838847926264 
 0.800780855784475  0.142947217844691  2.129235182250384  2.680589698890642 
 1.028928470919321  0.711663864915564  2.577424765478422  2.137395309568475 
 1.995221218274107  1.117838578680200  4.145956345177668  1.887284568527928 
 0.063756589185580  0.078272774025367  0.990362202937251  1.189750493991994 
 2.599784782608703  1.084628565217394  3.310251739130448  3.241199130434784 
 1.216291981132069  0.665757556132073  2.323071698113202  4.172714150943413 
 0.371860410947713  0.108345596267974  1.481288480392152  1.575809232026135 
 1.595777940379410  1.153170135501358  3.256533333333320  2.504734688346891 
 0.931022726618702  0.004741668237409  2.760842446043164  2.004616906474824 
 2.231928399999992  0.371605010079999  3.145043600000014  2.128978000000005 
 1.614504266666670  0.224168503733333  2.320760266666661  1.245919785866665 
 1.257596690721649  0.354928821649484  3.782090378006884  2.589688316151197 
 1.913519435897439  1.166903815384618  4.505178974358970  3.273755897435896 
 2.282097014925373  1.573342320895520  3.741647014925378  4.429285820895512 
 2.556019553072625  1.856954748603352  2.825867597765361  2.144835530726254 
 0.936392541333333  0.418264037866667  2.766031199999995  3.151727200000010 
 1.958830672268905  0.444650359915967  1.340946373949580  1.750100000000002 
 1.839334153005463  0.287608939234973  2.079306830601093  3.334844535519129 
-0.235122667956157  0.068402047143778  0.807504448742752  0.591971828368797 
 0.771966570458405  0.155199582071307  1.116783650254668  1.153399134125637 
 1.210331635991821  0.656282126789366  1.622699836400816  2.396181186094065 
 0.994682136150234  0.186890372230047  0.870782219718309  2.116952112676053 
 1.866576853448276  2.041123706896553  2.784425862068964  3.599859913793099 
 1.116735020408163  0.197619456122449  1.318190459183673  3.078239285714291 
-0.446712258724100  0.070960067091772  0.480453038876772  0.524743548200656 
 1.503363854166668  0.063922665104167  2.854710937500001  2.755950781249998 
 1.083372023529412  0.645656211764706  1.875616705882354  1.522425623529410 
 1.274531419047619  1.880316666666667  2.546278571428571  2.442946666666667 
 1.768126872246697  0.593955947136564  2.390443171806167  2.285893612334802 
