 0.025192658549187  0.078629317642496  1.191277383419586  0.628838217616809 
 0.169384276740237  0.077937963446512  0.671481334465156  1.389386587436219 
 0.772782369942064 -0.014678788998067  1.568764161849600  2.168615799614581 
 1.652511513761431  1.195475917431202  2.716465137614756  1.641640275229046 
 0.246506982331272  0.091247986012269  1.139799668711696  1.484465030674848 
 1.225047410714269  0.160294079464299  3.427092857142890  1.762949553571552 
 0.797844572649594  0.044669706709406  1.248074786324769  1.437232243589727 
 0.356576605990804  0.085070622958518  1.730813824884882  0.715542438248842 
 0.773201500000068  0.292736131071436  2.658311785714096  1.035573267856994 
 2.684680921052566  0.792918105263149  2.456752631578976  2.855342105263125 
 0.556818595291879  0.167405616815442  2.061153107344592  1.847039548022573 
 1.984509677419296  1.459105268817217  1.860878709677394  4.455625806451541 
 1.927217961165104  1.163502718446631  0.934771816504755  3.245866019417674 
 1.530003622047215  0.256948850393730  3.568595275590663  3.781733858267665 
 2.519795294117587  2.226405882352958  3.943163529411779  2.365514117646986 
 1.357968418079092  1.152983728813569  3.695320338983094  3.312780790960475 
 1.066812114537441  0.027485904845815  1.975241409691651  0.797917832599121 
 1.852754918032780  1.108628729508202  2.263111885245897  2.816348360655749 
 1.086844164759718  0.003194335011443  1.893895652173895  1.684344393592725 
 2.313183846153847  1.210117923076918  1.455264361538458  2.031476153846147 
 0.993751445783148 -0.033614251004015  1.945125702811211  3.095449799196757 
 0.768247659793797  0.693468298969049  2.858312371134019  1.830250515463915 
 2.000241999999992  1.047338421052623  4.417088421052635  1.852543789473702 
 0.222930258431792  0.080689155392051  1.480024704618699  1.154311718582168 
 2.488997333333345  0.969517698666671  3.727273333333353  2.938621333333340 
 1.195389776119390  0.312378905970145  2.333091791044771  4.154058955223909 
 0.369792037533513  0.103931129667561  1.558594772117955  1.709174530831088 
 1.700465863453823  1.140863734939759  3.254322489959817  2.571505220883546 
 0.808545725352109 -0.006823247183100  2.796629225352101  2.381409859154932 
 2.158337142857136  0.430438745333333  3.155266666666683  2.092077619047625 
 1.733134969325158 -0.022102784049081  2.455719631901824  1.406711042944780 
 1.517960222222221  0.460362884444444  3.987637222222242  2.496077222222213 
 1.913802173913050  1.098463630434789  4.747527173913038  3.320522826086956 
 2.226321951219513  1.649535609756094  4.242285365853666  4.200268292682908 
 2.461132624113476  1.703606879432624  2.742812765957448  2.374643971631205 
 0.897420956756758  0.453646428648649  3.385691351351339  2.783017837837868 
 1.666348181818181  0.324564495727273  1.325031363636364  1.522197363636369 
 2.134642241379306  0.245721433275863  1.869248965517244  3.668765517241382 
-0.012831522842197  0.074452148818657  1.050025666957284  1.073915518744554 
 0.538132421307511  0.119235014334141  1.036484576271181  0.885570532687652 
 1.389967287234043  1.112723138297872  1.446956489361696  2.473085638297861 
 0.984091287128710  0.204149571287128  0.598764819801978  1.886805940594056 
 2.331908783783784  2.044618918918921  3.063755405405406  3.582721621621610 
 1.594664754098360  0.062685895491804  1.347396803278686  2.506406557377069 
-0.091955407521189  0.070260859109110  0.626583599364407  0.971267637711871 
 1.432381805555557  0.553980977777780  2.736712500000003  2.344444722222225 
 1.125444166666665  0.791477427536232  2.041536956521742  1.941099999999994 
 1.028846300429187  1.260360429184550  2.527323605150217  2.618931330472103 
 1.947217500000001  0.440698201666664  2.114424999999991  2.161930833333328 
 0.475372089473687  0.085408446140351  2.027731578947372  1.281835912280703 
-0.557254918743229  0.089029856338029  0.526370437703148  0.471625099674973 
 1.678869062499998  0.863636750000001  2.002012500000002  1.034079154375001 
 1.498025675675674  1.934817567567563  2.236454729729733  3.163478378378380 
 1.266482969696970  1.205306969696968  2.880503030303033  3.863074545454543 
-0.268929533014354  0.072153603732058  0.847842095693778  0.722223540669854 
-0.208236770806658  0.060787902163892  0.675011882202305  0.414645628937260 
 1.167547421383649  0.374789427672956  1.130371572327042  3.350093710691826 
 1.125866283185842  0.471864778761062  1.837763421828906  2.579034808259590 
 0.949574447272727  0.404795203272728  2.641845818181822  3.154778181818182 
 1.599442342342342  2.159861261261262  3.104581081081081  2.331351351351352 
 1.876163291139241  0.683103105485233  2.801978481012663  3.424576371308019 
 2.532396503496502  1.040973503496504  3.130241258741259  3.885937762237764 
 2.516456637168142  1.638503893805310  1.978744247787611  3.416951327433627 
 1.753223425925926  2.080793518518521  1.940143611111110  1.805444629629630 
 0.403032221311475  0.093117924364754  0.985992028688524  2.000447131147545 
 1.627539318181819 -0.040296874545455  3.023079545454546  2.849565454545451 
 2.592794736842105  1.421663157894736  3.204852631578948  1.320907368421052 
 1.323646851851852  1.089472530864196  1.767635802469136  3.564735185185191 
 0.781900993399340 -0.113608288415842  2.578782508250830  1.676992409240923 
 1.515592133333333  0.671113106800000  3.239292000000000  1.050304753333333 
 0.768954519685039  0.216432389763779  1.148360511811024  2.642957480314961 
 1.390226241610740 -0.080618121006711  2.192915436241608  2.329460402684562 
-0.328641114118896  0.053944416163811  0.423918699893843  0.689239373673036 
 0.994630596590910  0.459046536931818  1.390121647727276  1.936796022727277 
 1.093459420481928  2.044221686746989  3.166659036144579  3.582674698795181 
 1.625685963302753  1.915518348623854  4.045074311926604  2.948510091743121 
 2.072298275862068  1.589948620689655  3.012163793103450  4.952818965517242 
 0.816519756690997  0.378412695927007  1.685952798053530  1.278520340632603 
 0.491233741772576  0.181304904013378  1.915290635451507  2.481253177257525 
 1.589740458015268  0.363250104198473  2.221018320610689  3.097631297709922 
 1.220592993827160  0.387062436512346  2.471155246913579  1.658925925925927 
 1.327664537815126  1.387188907563026  3.712525210084034  1.850973949579831 
 0.881975040214477  0.259969436353887  2.295962198391422  2.305579892761394 
