 0.006447025665058  0.074647722613469  1.239758153364507  0.626608154929853 
 0.233282871866295  0.084722626378818  0.730018036211635  1.632283565459426 
 0.944350147492423 -0.061328796342173  1.810215634218117  2.250338643067757 
 1.781601507537647  1.086867185929660  2.710618090452346  1.865561306532324 
 0.205676531974505  0.078504045108279  1.196722280254820  1.426623821656053 
 1.217348695652152  0.073506085326103  3.450591304347868  1.876753260869715 
 0.696228342105287  0.178460409710532  1.008231710526295  1.447945921052611 
 0.412398801857613  0.101015601517018  1.765246439628603  0.649399604334357 
 0.623055856589221  0.145148350000009  2.690825581395144  1.331530697674253 
 2.773410317460239  0.820307555555545  2.424022222222260  2.913086507936469 
 0.526664655194779  0.091381660452381  2.130230735930685  1.788934415584386 
 2.098369090908990  1.491298727272748  1.584134363636321  4.518039999999877 
 1.991145604395667  1.133289890109922  0.991618934065822  3.284765934066158 
 1.402593333333295  0.226073686868724  3.557662626262772  3.804803030302962 
 2.534301249999936  2.245396250000018  3.919045000000015  2.370918749999923 
 1.549707177419348  1.013356612903241  3.916354838709743  3.530613709677451 
 1.106409041916161 -0.027879945508982  1.895447904191644  0.869763652694613 
 1.882330275229351  1.083043577981659  2.267796788990821  2.755808256880747 
 1.045984678217815  0.045409501237625  1.899011633663350  1.616671287128763 
 2.301258064516128  1.275504677419351  1.539136693548383  2.045366935483866 
 1.023610720720739 -0.038166948198197  1.898741441441405  3.079763063063030 
 0.856992447619032  0.699676619047598  2.848286666666664  1.844016666666664 
 2.037667289719618  1.153582523364478  4.291046728971965  2.083404672897212 
 0.170059168888886  0.077534228019444  1.503043472222235  1.072751513888889 
 2.543610569105706  0.994105284552851  3.766184552845552  2.942747967479685 
 1.078779827586192  0.268959994827581  2.219096551724133  4.063803448275895 
 0.376818823953824  0.123319191532468  1.596890476190469  1.590771284271272 
 1.860204210526327  1.198956263157894  3.174513684210496  2.601072105263174 
 0.716435018749996  0.050322875031248  2.664385312499987  2.248366875000000 
 2.166422222222215  0.413734336777777  3.156193888888908  2.068897222222230 
 1.810602649006627  0.048317822516555  2.372304635761571  1.377106026490061 
 1.661080454545453  0.218315647272726  4.089492727272757  2.526385454545439 
 1.842893827160501  1.062963012345686  4.790224691358017  3.360846913580247 
 2.233232857142859  1.762664142857139  4.277734285714297  4.219742857142840 
 2.471560000000001  1.735504560000000  2.757032800000004  2.369491999999998 
 0.797012110294119  0.386201965441177  3.442568382352925  2.839344117647102 
 1.607171710526313  0.169512684605264  1.174173092105263  1.415822565789484 
 2.026754545454540  0.329894117851241  1.756898181818184  3.654353719008267 
 0.006343424597207  0.076333699897959  1.073429430719661  1.076314371643399 
 0.514635313351504  0.103471546049047  1.055137411444136  0.837583901907357 
 1.356974380165291  1.461152396694214  1.583965289256188  2.663836363636348 
 0.810131221719454  0.106533154751131  0.654542088687780  2.141902262443437 
 2.429953389830509  2.032587288135595  3.110041525423728  3.515512711864391 
 1.549515957446808 -0.006402034574468  1.275945372340421  2.529729787234068 
 0.060738454077250  0.075488704864091  0.655439397424892  1.185213218884131 
 1.399070551724139  0.524347834482761  2.785436896551726  2.433924482758624 
 1.219259845360825  0.933320567010309  2.052869072164954  1.966765463917518 
 1.018212419047622  1.229144666666667  2.532491428571432  2.605091904761906 
 2.133995424836602  0.342725813071891  2.100989542483644  2.366532026143781 
 0.471630889583336  0.103662938333334  2.029861666666666  1.209427333333333 
-0.589154016282224  0.092510727539092  0.488202225644512  0.525321590230663 
 1.789414598540144  0.823101678832117  1.955711240875917  1.118925328467153 
 1.494275797101447  1.954553623188401  2.405655072463771  3.040689855072466 
 1.353650297619047  1.301637023809522  3.159027976190478  3.598254166666662 
-0.222056507840772  0.069339498442703  0.846719264173700  0.896844704463205 
 0.012284522552448  0.075942323933566  0.774285944055947  0.649869606293706 
 1.128484238410599  0.395172218543047  1.080929337748341  3.331704635761593 
 1.329313875968994  0.569977519379844  1.723927519379841  2.707655813953491 
 0.779630609467454  0.467728131360947  2.453856804733737  3.168682248520709 
 1.629149999999999  2.167394117647061  3.227623529411764  2.142479411764707 
 1.788817919075144  0.963797687861272  2.539329479768789  3.438139306358383 
 2.578641284403670  1.070334504587156  3.331769724770642  3.854468807339450 
 2.465324358974359  1.815048717948719  1.837660256410255  3.184962820512816 
 1.739860112359551  2.127517977528091  1.934063033707864  1.763608089887641 
 0.352548933014353  0.102898185861244  1.115896220095693  1.965228468899530 
 1.987219463087252  0.200422733557047  3.038132885906045  2.893004026845624 
 2.659558461538461  1.383247846153845  3.264436923076923  1.369863846153846 
 1.282054060150377  1.199589323308269  1.745645563909775  3.594221804511284 
 1.088976822916666 -0.216217915989584  2.582435937500007  1.694177083333332 
 1.385536358024692  0.430880214320987  3.166402469135801  1.262928580246913 
 0.754964323943662  0.170068613732394  1.302580140845071  2.618289436619720 
 1.443379607843140 -0.052030733176470  2.214145882352939  2.337511764705877 
-0.265851555425905  0.064612013138857  0.472782681446908  0.819876021003501 
 0.973278736462096  0.497790252707581  1.406454187725636  2.051348014440436 
 0.928796977173913  1.635496739130435  3.469202173913043  2.871169565217390 
 1.698433557692308  1.935634615384616  4.066657692307690  2.949577884615387 
 2.236802325581394  1.482755348837209  3.024334883720933  5.100606976744186 
 0.653340431818180  0.065041812354546  1.518816363636367  1.193680272727274 
 0.484916700403588  0.205339618834081  2.044152466367713  2.538920627802690 
 1.587561611374408  0.302356783412322  2.238329857819906  3.122188151658767 
 1.366348027681662  0.393499041522492  2.472177162629759  1.894998961937716 
 1.323036068376069  1.022631367521369  3.660121367521368  1.791253846153846 
 1.035460814814815  0.378544117259259  2.267117407407414  2.506548518518522 
 1.558565050505051  1.383575252525252  2.807079797979797  1.024250282828282 
 1.493474342105263  2.302932894736841  2.854461842105263  3.932789473684210 
 1.034718053097344  0.311556446902655  2.586665486725665  0.588782209734513 
 1.267144814814814  1.188659629629630  2.599486419753086  4.338130864197533 
 1.502307727272728  0.850181590909091  0.812779126136364  2.116597727272726 
 1.623633653846154  0.461938394230769  1.647718749999999  1.940875480769230 
 2.065033018867924  0.284338849056604  2.791818867924529  3.843311320754717 
-0.338141106334842  0.063673688382353  0.801171730769232  0.521841622171946 
-0.305887608725762  0.055141541426593  0.463015458448754  0.426402096121884 
 1.183672455089819 -0.194226024550898  2.904561676646704  2.783405389221559 
 1.000187813765184  0.474907396761134  2.277743319838057  1.313740404858301 
 0.964853913043477  0.581613864734299  1.569178260869564  1.306729227053140 
 0.892588059210528 -0.019872243519737  1.351552401315788  1.810016776315791 
 0.487436004842615  0.097838347699758  1.611365375302664  2.086641646489105 
 1.604651388888888  1.175225833333333  4.229227777777780  1.024086916666667 
 1.425009473684210  0.820015789473684  3.563946783625729  2.587722222222221 
 0.803140655172414  0.430223020689655  2.018604827586207  2.046435517241380 
 2.446807608695653  1.396309565217392  2.411051086956521  3.864570652173913 
 1.331312146596859  0.464171642408377  2.907762303664920  3.235380104712040 
