 0.023586838909041  0.074549822090921  1.236684745454399  0.594835510909411 
 0.274897446629213  0.086404735196617  0.683621109550497  1.635991573033523 
 0.897596804733525 -0.010972440118333  1.773766272189176  2.270582248520621 
 1.756133734939709  1.118675421686760  2.739896385542270  1.851781325300799 
 0.159802967192408  0.076318414526812  1.209080725552104  1.339860883280761 
 1.146185454545425  0.098587228671350  3.502952447552500  1.852060139860332 
 0.616331885856101  0.140794238188591  1.079966228287818  1.400892307692287 
 0.403242162264185  0.107028835169800  1.761392075471844  0.618067555471688 
 0.648946201087060  0.162458311413056  2.787217934782322  1.386448478260639 
 2.776847169811225  0.898878084905648  2.426025471698157  3.078384905660331 
 0.619677625308605  0.017873832651234  2.284062962962894  2.038371604938226 
 2.172041666666552  1.653328541666690  1.618064999999951  4.520562499999860 
 2.211828378378456  0.910035810810850  1.125256824324186  3.284078378378654 
 1.635309999999952  0.261200716049429  3.757995061728572  3.773640740740657 
 2.669601388888817  2.168119444444464  3.901475000000018  2.495029166666581 
 1.406151619047611  1.093893333333351  4.074259047619122  3.422442857142895 
 1.114171329479762  0.022979746242775  1.910781502890200  0.846422023121389 
 1.883935051546384  1.080766237113410  2.336763917525768  2.910738659793827 
 0.995008550724629  0.012978895942031  2.012941739130413  1.632721449275418 
 2.509847619047619  1.395088412698405  1.419824904761895  1.770288571428565 
 0.938136567164200 -0.063406861691541  1.940886069651699  3.004827860696480 
 0.782008075471677  0.731433647798713  2.818577358490560  1.796022641509429 
 1.845606282051270  1.294123589743579  4.492111538461541  2.105305128205150 
 0.174840279752702  0.079413132432766  1.490378361669256  1.034231437403402 
 2.443280733944971  1.102577431192667  3.790235779816541  3.051414678899095 
 1.105831224489779  0.362388146938770  2.044628571428564  4.096194897959222 
 0.329962404021938  0.090608108266911  1.593541681901269  1.510026325411321 
 1.788930000000014  1.246696562500000  3.159181249999963  2.639710000000017 
 0.723332524590160  0.072266518852457  2.784994672131128  2.341954918032784 
 2.042627184466006  0.092803258446601  3.165484466019451  1.942320388349529 
 1.771768965517247 -0.059903618965519  2.394695689655150  1.399405862068958 
 1.536073529411762  0.160698555294116  4.076243529411799  2.519310588235274 
 1.940154385964922  1.070130596491239  4.896861403508761  3.358035087719298 
 2.427912500000002  1.981804999999994  4.467892500000021  3.997302499999968 
 2.398888333333334  1.776285833333334  2.782064166666669  2.421573333333332 
 0.785488531531533  0.338952269369370  3.518823423423402  2.865263963964015 
 1.813075824175819  0.172491340219781  1.332514505494506  1.292540989011005 
 2.204918309859145  0.201664398028171  1.828533521126765  3.869283098591551 
-0.040310807317073  0.074111437137732  1.126675093256823  0.978651692969878 
 0.312682230582529  0.083484574514563  0.885749320388344  0.982600752427183 
 1.446697241379312  1.394588706896553  1.679894137931023  2.733126724137916 
 0.429943637323942  0.099428017957746  1.012116443661969  2.125495774647883 
 2.573632926829271  2.145312195121953  3.072952439024387  3.604591463414610 
 1.543241666666665  0.007355050595238  1.247473214285710  2.595952380952411 
-0.001461208771934  0.073144555350877  0.850722596491225  1.259456842105280 
 1.339362961165049  0.508818184466022  2.973372815533982  2.255622815533985 
 1.270926474358974  0.971104871794871  2.113366666666673  1.903325641025632 
 1.069690643274859  1.156139941520467  2.659860818713452  2.494739181286548 
 2.298937391304347  0.327393339130429  1.987719130434762  2.460313043478247 
 0.394095543209880  0.070965906666668  1.966409567901237  1.109555092592591 
-0.580031697341513  0.164158985869122  0.420708121267904  0.521625439672799 
 1.838142758620687  0.652008620689656  2.113688965517244  1.204310206896552 
 1.581039814814812  2.042235185185177  2.453451851851858  3.015068518518522 
 1.062365636363635  1.131890363636362  3.185303636363639  3.613335454545447 
-0.200777816431322  0.068777649472401  0.808187252888315  0.912910539152756 
-0.007714510119048  0.075825074980158  0.771833253968258  0.624376345238095 
 1.043709266055051  0.404317908256881  0.943935119266051  3.328866055045878 
 1.260665815899584  0.570410585774058  1.704586610878656  2.676865690376572 
 0.784362292207790  0.450701090909092  2.395497402597414  3.127000000000000 
 1.675790804597700  2.247088505747129  3.437541379310344  2.022773563218391 
 1.759508108108108  0.809469797297299  2.524372297297302  3.584722972972974 
 2.732295121951219  1.099289036585366  3.356300000000001  3.903420731707317 
 2.496394029850746  1.876877611940300  1.841176119402984  3.155898507462682 
 1.854575384615384  2.292829230769233  2.099613846153844  1.908461538461539 
 0.301657894067797  0.111843845105932  1.226918220338981  1.724470762711874 
 1.980491044776124  0.225181698507463  3.020104477611946  2.914585074626852 
 2.660749999999999  1.477725370370369  3.186670370370370  1.294182407407408 
 1.439216896551725  1.332169540229883  1.376320229885058  3.713047126436791 
 1.115051656804732 -0.216469412840237  2.663931952662731  1.715184615384613 
 1.392320858895706  0.436124783558282  3.163222085889569  1.270905705521472 
 0.739024326996198  0.118730519011406  1.307409733840306  2.595530798479090 
 1.462484738955826 -0.033773070522088  2.212426907630518  2.328026104417666 
-0.027579275980394  0.073504257083334  0.457811413725490  1.073068088235296 
 0.943418458149782  0.549885506607930  1.364353348017629  2.118223788546263 
 0.949470603488372  1.670458139534884  3.456329069767440  2.796667441860463 
 1.721292680412371  1.955743298969072  3.990857731958757  3.012128865979384 
 2.257386842105261  1.470654736842105  2.929673684210529  5.149955263157895 
 0.687206098654705  0.120748763542601  1.224046950672656  0.786865390134529 
 0.461020300922331  0.259281378640777  1.991812135922331  2.518104368932037 
 1.605615425531916  0.193963909574468  2.280563297872340  3.140382978723404 
 1.273294893617022  0.388413670212766  2.472594680851063  1.835185460992907 
 1.229812886597939  0.984677628865981  3.651019587628868  1.791193814432989 
 1.033867857142859  0.366522049863945  2.309409863945584  2.494995918367352 
 1.560984631578948  1.390057473684209  2.842831578947368  1.043074926315789 
 1.449828513513514  2.286178378378376  2.885162162162161  3.919551351351350 
 1.018379537037036  0.314462763888889  2.626612962962964  0.589705737962963 
 1.200694328358208  1.156040208955224  2.641832835820895  4.420125373134331 
 1.603138875000001  1.054788375000000  0.880446926250001  2.446921249999998 
 1.633309289617486  0.560616885245901  1.627949726775956  1.951580874316940 
 2.111052688172044  0.355970161290322  2.905810752688172  3.866003225806453 
-0.313399866847825  0.078863651915761  0.849075461956522  0.547612410326088 
-0.253265691123190  0.082592560887681  0.464771452898551  0.422887670652174 
 1.273353129251700 -0.211170714965986  2.915432653061221  2.724603401360547 
 0.981916451612904  0.509618493087557  2.233711520737330  1.240948341013826 
 0.991065086505191  0.419543391003460  1.604477854671279  1.488361695501729 
 0.886816073619633 -0.006839431073620  1.360206503067483  1.778427607361966 
 0.467331086474501  0.089015307095344  1.645536807095345  1.990000886917957 
 1.601081944444444  1.176219722222222  4.253533333333335  1.032256361111111 
 1.456546419753084  0.826261543209876  3.616982098765434  2.583552469135803 
 0.822602734082397  0.515941161048689  1.989062921348318  2.042920973782773 
 2.323302105263159  1.445696210526316  2.421781052631579  3.898447368421053 
 1.320674900990102  0.522977797029703  2.954300495049504  3.025214356435643 
 1.651130697674421  0.566808465116279  2.455631162790696  2.409313953488371 
 2.490885454545455  0.762387272727273  2.861676363636363  2.338249999999999 
 1.197200839694656  1.215640992366414  2.274397709923664  3.316350381679389 
 0.657182054455448  0.086241211970297  1.590331683168316  1.212413341584158 
 2.101831192660550  1.205130183486238  1.825497247706422  2.346258715596333 
 1.826734265734265  1.416961748251748  3.177544755244757  3.499533566433568 
 1.862758333333333  1.392254375000000  3.967675000000000  4.421481250000001 
 1.428840649350649  0.379412162337662  1.662611038961039  3.328542857142855 
-0.325054274234694  0.062543787844388  0.498021885204083  0.766224974489796 
 0.488694685294118  0.155513019518717  2.044213903743315  1.613853475935828 
 1.089017115384615  0.133913252884615  2.895834615384613  3.694180769230770 
 1.258338682170542  0.354599101550388  0.836546279069768  1.551180542635660 
 1.496966029411765  1.473072647058823  1.620935000000000  1.258386470588235 
 2.105793518518518  0.967118888888889  3.571178703703703  1.964597222222220 
 2.452609677419354  0.455819059677420  3.957645161290327  2.534348387096773 
 1.400098203592815 -0.036133066467066  1.665667664670659  1.974697005988022 
-0.509241003787879 -0.035990204154716  0.603679299242424  0.456500507575757 
 0.896060759493671  0.115418102531646  0.618119693670886  2.158234177215190 
 0.774868757575758  1.657246969696970  2.042045454545454  2.526007575757576 
 0.585673160919540  0.089159862643678  2.356488505747128  1.215275574712644 
