 0.138736739180643  0.082453211401267  1.331832783613361  0.733654447479178 
 0.148252354945054  0.077201260260983  0.667861955769200  1.325679986263644 
 0.711921443234729  0.119261401819601  1.438883576982802  2.352328771384088 
 1.712440985221635  1.215087881773410  3.034631034482841  1.220777482758288 
 0.351369524147707  0.084483060355112  1.005539389204586  1.840376278409089 
 1.260783531120315  0.355084034522834  3.479153112033223  1.520630331950321 
 1.063484394213400  0.058517595117544  1.511667667269420  1.619984882459300 
 0.353730807603697  0.090834960490780  1.731106105990827  1.130195806451611 
 0.751694358543471  0.251584242857149  2.652461344537664  1.051764694677755 
 2.700365497075966  0.837545555555548  2.313264327485405  2.855039181286520 
 0.602764338604975  0.117844078559472  2.078762408223168  2.166118208516864 
 1.944671034482712  1.487738310344838  2.272504999999979  4.633981896551668 
 1.999898493975937  1.294136566265078  1.212640813252952  3.464659036144703 
 1.572021421800931  0.318971127962103  3.360610426540350  3.739103791469162 
 2.176480519480486  2.065027922077930  3.991310389610400  2.781524675324636 
 1.027475011728391  1.331350617283961  3.670764197530910  3.310550000000028 
 0.834370071942444  0.088069438129496  1.827095923261402  0.752444619184654 
 1.778341265060235  1.037149849397593  2.175906626506023  2.874796987951811 
 1.297992701030922 -0.040970628783504  2.043538144329879  2.172788041237158 
 2.037327906976743  1.649722034883717  1.587626407558135  2.066172558139530 
 0.930766098701310  0.115428428831170  1.988885194805175  2.985471688311676 
 1.127675604395599  0.678743252747243  2.756242637362634  1.943921758241756 
 1.947368633540368  1.116178881987573  4.243309937888203  1.879379254658396 
 0.156629058951175  0.077224740244123  1.258731256781199  1.320395027124775 
 2.404804324324332  0.901730242162166  3.489262702702717  3.021487027027031 
 1.072593988439297  0.497303028323696  2.268382658959533  4.068163005780368 
 0.423199140148306  0.122632587533899  1.590320868644063  1.723200529661006 
 1.585495799373048  1.172814420062698  3.286976802507820  2.526771159874615 
 0.887306319444441 -0.022073475671298  2.803472685185183  2.039642824074078 
 2.174979464285705  0.415021296964285  3.209745535714300  2.079932589285722 
 1.547198575498579  0.132183276438746  2.435731908831905  1.370690435897435 
 1.294721286259542  0.379285332824427  3.805894274809172  2.541845038167932 
 1.873214102564106  1.122078551282055  4.560359615384614  3.282045512820510 
 2.118083516483516  1.753666043956040  3.953640659340667  4.448026373626355 
 2.526376470588233  1.729979823529411  2.836456470588232  2.092226588235294 
 0.794593686206896  0.251000977931035  2.907596551724128  2.929498965517256 
 1.941178773584904  0.485677379528303  1.321364797169812  1.701670990566042 
 1.799747330960852  0.210250557864769  2.057432740213523  3.388603558718867 
-0.025003265060241  0.072821872051205  0.951057055722895  0.998786716867474 
 0.683489049844239  0.155301357538941  1.138160903426789  1.221918613707165 
 1.268828994413410  0.788449581005587  1.523906340782119  2.336262849162005 
 0.957741191222570  0.234190401880877  0.726267039498432  2.036703134796236 
 2.558790000000001  2.004865000000000  2.754253571428570  3.454179285714275 
 1.459506438356164  0.058635647260274  1.321915410958905  2.653472945205495 
-0.224576826288212  0.068990936200873  0.562085533624454  0.879647694323149 
 1.578434986945172  0.117286147780679  2.839544647519584  2.746696605744123 
 1.023904599056605  0.586457240566038  1.890173584905663  1.613941155660375 
 1.181514816037738  1.609809905660378  2.495526415094340  2.329855188679246 
 1.852870140845071  0.575961881690139  2.355617746478867  2.179697746478872 
 0.663625573770493  0.091324375915301  2.171596448087435  1.538431147540984 
-0.546525017985611  0.075859061237689  0.524147384262594  0.528161602517985 
 1.633979137931034  0.985823448275863  1.974866666666666  1.068418475287357 
 1.504752154696132  1.867059116022096  2.144304419889504  3.252165745856353 
 1.499821797752809  1.788441011235953  3.085420224719105  3.682753932584271 
-0.192923841373671  0.067253293327882  0.896204668847095  0.590419364677021 
-0.256704106371490  0.066745834589633  0.500535250539957  0.461550300431965 
 1.104931481481483  0.567112408333334  1.195806194444443  3.360873611111113 
 1.015594578059073  0.571554213080170  2.234489029535863  2.476848734177215 
 1.320307697594502  0.844250309278351  2.712435051546391  3.275868384879726 
 1.705790275229357  2.303428440366972  3.316904587155963  2.156579816513761 
 2.222569743589744  0.938719948717949  2.597969743589747  3.769484615384615 
 2.697978481012659  1.037052037974684  3.605407594936708  3.960667088607595 
