 0.019464375172788  0.076143265361904  0.954595810892983  0.970060400331816 
-0.343545669167804  0.069753627428733  0.590067088703949  0.589128544938592 
 1.028508817507369  0.205518919658757  1.463109085311529  2.686614243323413 
 1.861667814685300  1.392820629370632  2.464670996503526  1.569600625874008 
 0.424036172184296  0.103271100674061  1.083504173037559  1.686920755119453 
 1.609807835051544  0.666211496572168  3.669214175257742  1.984888697164989 
 1.415147813357736  0.409293358243369  1.481187693504114  1.618072214089649 
 0.416847003598330  0.093036070816735  1.622870560669464  1.054801518493719 
 0.985837814070367  0.179630316281408  2.920428944723584  2.613290351758734 
 2.320376980567991  0.660237774439460  2.757513303437970  2.848374887892370 
 0.645712109216224  0.117700541207469  1.925400922083895  1.920345366528348 
 2.151420571992102  1.591776291913218  2.754716765285990  4.065329783037474 
 1.831485189681344  1.270527754172992  1.557602602579652  3.039488315629767 
 1.368811092307691  0.406293694508879  2.376335242603556  3.617393254437867 
 2.228195976744179  1.953136790697677  3.563483488372094  2.526411627906973 
 1.794398978805394  1.061187576107902  4.097196917148363  3.501645279383432 
 0.985581151879697  0.234174936037595  2.574134285714293  1.317470093759399 
 1.252324453030302  1.450433195592288  2.825908264462811  2.888742561983467 
 1.416727676317741  0.379038015322940  2.323171566443945  2.261596807720863 
