 0.159791996741820  0.080894057586474  1.326520125313183  0.673466308270898 
 0.161973957817109  0.077506992138637  0.639819194395247  1.321820781710816 
 0.720973249999879  0.102933493133809  1.471718450704124  2.418349119718250 
 1.566316842105227  1.161294254385975  2.894411842105337  1.360236798245317 
 0.275131592773876  0.087255012237761  1.116883682983720  1.529177855477854 
 1.257430451219496  0.348989326504077  3.476244308943118  1.549693410569217 
 0.928872416107400  0.089075217953023  1.506840939597298  1.696378691275157 
 0.422003550497879  0.098190080691319  1.819865576102472  1.089026187766712 
 0.761173724035665  0.251988086646891  2.654527596439009  1.036383252225396 
 2.638121111111055  0.758361111111104  2.423231666666690  2.841266111111083 
 0.574529535918680  0.135146962762602  2.087677073170695  2.161438861788594 
 1.945204961240268  1.472182170542645  2.342894573643392  4.576876744185994 
 1.771857848101301  1.206968063291158  1.154354386075885  3.577362025316586 
 1.537659042553172  0.322889579787254  3.422738297872416  3.723896276595711 
 2.165233793103412  2.101424137931044  3.988989655172424  2.768041379310304 
 1.054096538323349  1.321062814371268  3.665246107784477  3.280210179640745 
 0.908068666666664  0.079372473650794  1.843517460317475  0.723472591111113 
 1.700554882154877  1.025078350168354  2.035890572390569  2.862480808080817 
 1.236846335540832 -0.065827936865341  2.037587858719627  2.103695143487906 
 2.177608108108108  1.226251959459456  1.275705953378374  2.148184459459454 
 0.885798498392296  0.020607360771705  2.063115434083574  3.018275241157538 
 1.009628673218666  0.591895110565099  2.668453808353806  1.871885257985256 
 1.780091678321672  1.215844195804190  4.279385314685318  1.799164825174838 
 0.169610226286964  0.079407595476451  1.419000657174159  1.189504282584886 
 2.445402259887014  0.917634868361586  3.754571751412445  2.911583615819213 
 1.211877222222213  0.436048872839503  2.261312345679008  4.173903086419776 
 0.394108102105264  0.117173219686551  1.611635321637423  1.724480584795309 
 1.598663177570100  1.174347009345796  3.279295327102785  2.513072897196268 
 0.867078097686372 -0.040898713341904  2.800880462724934  2.065843701799488 
 2.132011659192816  0.428241406367712  3.212715246636788  2.058689237668168 
 1.507073289902284  0.036514607263843  2.495850814332241  1.401498762214982 
 1.379240044642857  0.397621612500000  3.882710267857159  2.525640624999992 
 1.860141984732828  1.138820030534356  4.623576335877861  3.345138167938930 
 2.105919512195122  1.668978048780484  4.075865853658546  4.459741463414615 
 2.409543181818182  1.628409431818181  2.688727272727274  2.320442613636363 
 0.820304507751938  0.294091557751938  3.100614728682160  2.821121317829476 
 1.685787136929459  0.297186444232366  1.359863983402491  1.568578630705399 
 1.817851526717556  0.232867157480916  2.010233969465649  3.365396564885502 
-0.008307435959154  0.075048514357403  0.994513238512039  1.039391057622175 
 0.707976991304350  0.150795724973913  1.183370434782606  1.162618452173912 
 1.152671916932908  0.771196805111821  1.472077348242806  2.234587220447279 
 0.972718592057759  0.235989236101083  0.699372828880865  1.965927075812273 
 2.396715942028986  2.092025362318841  3.013577536231884  3.551178260869555 
 1.534888926174495  0.107692904832215  1.386657718120805  2.545454026845652 
-0.202095032681338  0.070742845093724  0.584121471882641  0.887501255093729 
 1.497086666666667  0.454911632000000  2.778700533333336  2.540582400000003 
 1.040536530612245  0.556100484693878  1.936122193877556  1.572197525510202 
 1.045637714859439  1.270289759036145  2.440446586345384  2.408908835341368 
 1.846447619047619  0.549988513095236  2.249929166666659  2.086758630952380 
 0.643658753383460  0.085413787624061  2.169695037593984  1.534896842105262 
-0.544329514134275  0.072731751445504  0.514109328886930  0.544711053003533 
 1.719931758241757  0.807882252747254  1.998664285714288  1.049154712637365 
 1.450426067415730  1.863647191011232  2.201561797752810  3.202969662921348 
 1.392813850931676  1.722023602484470  3.085745341614909  3.702450310559006 
-0.192987736672052  0.066385520145396  0.904244054927301  0.607365067043616 
-0.263673991273101  0.067605620236140  0.517666543121150  0.453285614168377 
 1.077385644444446  0.417392388444444  1.184001111111110  3.255107555555557 
 1.053372543859651  0.428280995614035  2.118006140350877  2.500684210526316 
 1.032216925795052  0.703208261484100  2.517704240282689  3.271836749116609 
 1.638065158730159  2.194789682539684  3.201214285714286  2.253482539682540 
 1.864347955390335  0.799824312267658  2.747922304832718  3.422948698884758 
 2.542142253521126  1.042910711267606  3.253758450704226  3.902550000000002 
 2.532929032258065  1.565059435483872  1.955913709677420  3.445398387096774 
 1.714281290322581  1.970447580645163  1.887607338709677  1.848544516129033 
 0.417099985537190  0.082005680495868  0.991649070247934  2.026834710743806 
 1.589870090497738 -0.172833286877828  2.779623981900452  2.822521719457013 
 2.613551948051947  1.525419740259739  3.346025974025975  1.359516883116883 
