 0.235441451794643  0.087166464686101  1.097978168370658  1.313877683271742 
-0.256690229554809  0.070298687255949  0.687400623475492  0.661852116947241 
 1.780174603580517  0.964208110537089  1.960654627450929  3.604219011082667 
 1.270341918305595  0.345543422627334  2.737411245587485  1.631748426475003 
 1.202010790581161  0.288918430516030  1.326481152154318  2.363123587174353 
 1.812138267148015  1.070766438357403  3.797592057761738  2.335562806859218 
 1.894560854119426  1.397611675736960  2.303545835222983  2.210928669690090 
 0.657012804511280  0.148285354954491  1.800968056984568  1.088233418757419 
 1.246199754726124  0.315916474697042  2.696490935530781  2.886621473582151 
 1.935466219810422  1.457158170616113  3.449091563981042  3.679797251184833 
 0.689308362505302  0.139188454784099  1.907130176678444  2.015550070671381 
