 0.049575653208619  0.076862121120812  1.011589632112216  0.990113569758426 
-0.330799228494625  0.069948879602229  0.597288408627745  0.605754049462351 
 1.183107778110893  0.294738331589209  1.456966131933989  2.852011619190374 
 1.138037179693203  0.376622385354275  2.726944850255667  1.386718650620838 
 0.474725920943703  0.110664373199503  1.084669731622532  1.715834519867548 
 1.602702266731328  0.530551931930167  3.458084190106700  2.353371648884599 
 1.541527135461609  0.476814789266611  1.626107462467641  1.631543356341663 
 0.492963121889502  0.101247052527202  1.730824521299035  1.087584325685357 
 1.125485529614723  0.233927417924095  2.524565037377793  2.433767107533042 
 2.138500218068515  1.335161565420559  2.068692429906537  3.753218224299058 
 0.681921153132844  0.124082227160970  1.894024318476828  1.959663954997832 
 1.868668501274781  1.538113301699720  3.430630736543906  3.701412606232295 
 1.726514941388639  1.278736448151489  2.153149695311083  2.532243011722279 
 1.400751749999999  0.435511806911199  2.701319111969113  3.510899324324321 
 2.067116228748070  1.708590540958268  3.201597836166923  2.045501653786709 
 1.958328962765959  1.240018436170212  4.389028191489357  2.894401329787233 
