 0.055509667599253  0.076593037342064  1.174239720216533  0.698034317689692 
-0.119219883369487  0.070081279608818  0.591367790889355  0.957252017353533 
 0.616567028349548  0.126621531185824  1.494754242053717  2.209385696821472 
 1.730951076923046  1.253759153846163  2.739406923076985  1.254550838461279 
 0.334325284196528  0.083944056733066  0.837503786188617  1.748485657370522 
 1.253594490963844  0.498975935301214  3.391818975903636  1.527785418674781 
 1.043520569105707  0.050814453170735  1.647037577235752  1.596562390243888 
 0.204303945612353  0.078174571141752  1.496942140790778  1.065096200578589 
 0.757932944680890  0.207544345957451  2.597070212765844  1.173486246808422 
 2.451888363636331  1.235097818181815  2.163224727272744  3.000743999999981 
 0.620043655266257  0.123068942200000  2.106438934911211  1.923753254437851 
 2.213718354430346  1.412865215189882  2.158625506329099  4.379643037974639 
 1.654918018433204  1.199313594470060  1.167678815668156  3.422752534562308 
 1.759989342105251  0.471617463815802  3.217255263157938  3.683151644736821 
 2.031571604278048  2.163590374331557  3.878532085561504  2.591896791443817 
 1.158645549999999  1.406469961240317  3.457901162790727  3.423424806201571 
 0.710578334085777  0.115799377178330  1.834591422121907  0.688572813092551 
 1.422988038147134  1.188156839237059  2.245494005449588  3.080142779291553 
 1.348823468992241 -0.040782944108526  1.941267441860448  2.249523837209342 
 1.920909090909090  1.573554136363633  1.579541018636360  1.990137409090906 
 0.819328764415163  0.137056771762768  2.120636738056000  2.718470675453040 
 1.035495601851848  0.705797518518510  2.570269074074072  2.133489629629625 
 1.992995306122445  1.120199846938773  4.147083673469391  1.884058469387764 
 0.056231174685222  0.078057280444003  0.981648515573228  1.185284605699143 
 2.567210080645169  1.079412661290326  3.268700806451625  3.244885080645163 
 1.137618506787323  0.641198139819002  2.321958823529407  4.096801809954769 
 0.347075357021998  0.102152768817260  1.416891285956003  1.600830710659890 
 1.589359889807169  1.158215426997248  3.250427272727259  2.501624793388437 
 0.938926696798490  0.001542902711863  2.777389265536721  1.996168173258008 
 2.234981467181460  0.390642723243243  3.162437065637079  2.148752123552129 
 1.635045454545458  0.235260514876032  2.343428374655643  1.292536968870521 
 1.257360545138889  0.353925094097222  3.785203819444455  2.587702430555550 
 1.901791000000003  1.156282178947371  4.505688947368418  3.256854210526314 
 2.282260305343512  1.522848251908395  3.809843511450386  4.427541221374033 
 2.542453409090908  1.860344886363636  2.842369886363634  2.133727613636360 
 0.936781959349593  0.426920266124661  2.794540921409209  3.105560975609766 
 1.958975423728811  0.443798117203391  1.338860919491526  1.749016949152544 
 1.855221832884096  0.297250374016173  2.081639353099729  3.330365768194073 
-0.238108094866797  0.068380928044184  0.805851851851857  0.591223895906436 
 0.756427736486488  0.153427950608108  1.113823800675675  1.176798581081081 
 1.218508082474228  0.677457505154639  1.630033855670101  2.394865567010304 
 1.016211620947631  0.186227763341646  0.862055255860348  2.109691770573562 
 1.926969488372094  2.110050232558139  2.825330232558138  3.642364651162784 
 1.118443831202046  0.197671132480818  1.310713836317136  3.070539130434788 
-0.450013212500000  0.070740663714617  0.480956074055555  0.521127804111113 
 1.504895842105264  0.061155717368421  2.856302631578948  2.755289210526314 
 1.099046107055962  0.652813673965937  1.872448661800487  1.521231824817517 
 1.274586037209303  1.875875813953489  2.550620000000000  2.465878604651163 
 1.788261851015802  0.595801760722347  2.395343792325055  2.299431828442438 
 0.502804733077906  0.108412058768838  1.931933844189017  1.323188939974457 
