-0.159469594618614  0.071068447855280  0.880486572622738  0.656920863009495 
-0.403914593250800  0.069774505182231  0.507882395886573  0.564489222603809 
 0.947207190697569  0.214822194837216  1.021969431937894  2.444270697674368 
 1.736087327327304  1.239089429429435  2.845184984985032  1.292585506606402 
 0.368972369936698  0.092193297935125  0.970612072784835  1.689898180379749 
 1.064751422413787  0.323865194568971  3.068831896551738  1.430895467241428 
 1.073165145089292  0.263031565301342  1.339525133928559  1.482555781249988 
 0.197858477751898  0.082454749291786  1.323389015725120  0.889890519510773 
 0.679557296319034  0.111420274715164  2.208096581945617  1.654328921998208 
 2.209265340909067  0.962978922348481  2.213475568181829  2.953664015151506 
 0.657089368790939  0.124157770794852  1.720039391575640  2.173845865834630 
 2.261732659932644  1.790247138047145  2.699777777777773  4.144201683501659 
 1.615079940119775  1.035130658682643  1.225372883233504  3.368913473053951 
 1.312658268551228  0.352025897703186  3.044369611307443  3.349548233215537 
 2.235249456193345  2.062753172205443  3.073228096676738  2.381597764350438 
 1.399748700318473  1.555602770700639  3.786282484076454  3.342466878980907 
 0.662382021814006  0.129846138055109  1.992400000000008  0.904843744202065 
 1.292596445070418  1.676849183098597  2.452064225352116  3.264447887323940 
 1.587986363636354  0.125131561727274  1.747158030303019  2.298212878787906 
 1.950036885245904  1.449945245901638  1.550960724918030  1.957218426229506 
 1.073656970627505  0.227402722429907  1.982850253671555  3.064718558077429 
 1.162695712209299  0.852444462209298  2.165004069767445  2.273362354651164 
 2.031627108843536  1.257674523809522  4.128607482993202  2.068814829931979 
 0.012082463541147  0.074183623650374  0.795321318603493  1.127501600997511 
 2.416095882352942  0.908425522941178  3.247923235294128  3.371546764705884 
 1.544646828571427  0.559521897599999  2.276865942857135  4.050648000000005 
 0.345744089655173  0.091068255731661  1.534063949843260  1.449672288401251 
 1.398917339393940  1.114682969696969  3.080978787878786  2.447341818181817 
 0.954933908237747  0.121858310291970  2.623992909280498  2.343029197080288 
 1.986221511627906  0.350454432209302  2.879296705426354  2.243972480620157 
 1.510644315286625  0.344910388375796  2.153380095541401  1.403255036624203 
 1.327683810439561  0.340439256593407  3.788830769230770  2.469043131868133 
 2.189722099447515  1.259059419889503  4.447256353591161  3.740559668508287 
