 0.210624717654107  0.086157264593430  1.061186853921784  1.313876366035068 
-0.260758067364019  0.070365283942622  0.685346189634839  0.655959496995046 
 1.493730880704517  0.611019675308252  1.891271091272971  3.485132666132878 
 1.262537751313485  0.366168300566260  2.713980618797432  1.464620894746018 
 1.063688346859899  0.229417705415458  1.274304443816436  2.228758164251206 
 1.856856932021466  1.243924752951701  3.670698032200359  2.235246797853318 
 1.853843395461915  1.218999675850890  2.065872544570507  2.163134943273894 
 0.565041076200796  0.124610645013362  1.719435337667031  1.097658060021666 
 1.262536471988100  0.309732236043629  2.765846405552804  2.678793802677236 
 2.106982795232932  1.683590422535208  2.706954853737810  3.492858396533045 
 0.715767700816862  0.141676392741141  1.997778813875417  2.014216076091003 
 1.723720714874999  0.961931129750000  3.723781750000000  3.657199000000001 
