 0.061801206166195  0.077562284937450  1.187258900804217  0.696026607685592 
-0.113608520500000  0.069978500342140  0.600574224857128  0.967487921428526 
 0.609856140754856  0.121728335470387  1.526446631823393  2.200102090592292 
 1.730951076923046  1.253759153846163  2.739406923076985  1.254550838461279 
 0.332512075630235  0.084674268931571  0.875389247298954  1.740934693877556 
 1.252938459940642  0.494942206290810  3.387657270029695  1.525694091988211 
 1.044255024958418  0.053305815973381  1.643971231281177  1.585144475873529 
 0.199341869005857  0.077495547352824  1.495308966861632  1.090190058479529 
 0.752528087234082  0.221760359574472  2.585975319148823  1.163566970212677 
 2.464143272727240  1.219648545454542  2.182409454545470  2.985494181818163 
 0.593058526168211  0.110992820009346  2.105295015576295  1.783896573208707 
 2.242851298701264  1.472505090909100  2.140076818181803  4.333082467532422 
 1.658306009174336  1.202901605504601  1.169055977064174  3.422503669724867 
 1.761525194805182  0.472652853896116  3.212590584415627  3.677929545454525 
 2.031571604278048  2.163590374331557  3.878532085561504  2.591896791443817 
 1.158141899227798  1.404157104247111  3.457013513513543  3.423268339768360 
 0.591415257142857  0.098606692657143  1.882126103896110  0.912963306753248 
 1.418904498644981  1.186067425474256  2.245381842818425  3.079334688346883 
 1.332045056179768 -0.036650757602995  1.945101310861406  2.235753558052472 
 1.920909090909090  1.573554136363633  1.579541018636360  1.990137409090906 
 0.806506150159751  0.138701844185304  2.122563418530338  2.684714057507979 
 1.030611542056071  0.709946579439244  2.576757009345792  2.138297570093453 
 1.995221218274107  1.117838578680200  4.145956345177668  1.887284568527928 
 0.063665738543754  0.078306257508350  0.990299853039413  1.189545250501007 
 2.571147131147549  1.078792500000003  3.280228688524602  3.236694672131149 
 1.194123532110086  0.655331458256879  2.310377064220178  4.148512844036715 
 0.371643531862746  0.108258062771242  1.481024346405224  1.576380882352933 
 1.592644032697554  1.154329727520439  3.253281471389632  2.501340871934612 
 0.932462551351348  0.005026373945945  2.761481981981980  2.001003603603607 
 2.232082213438727  0.375914713517786  3.144718972332030  2.135215810276685 
 1.615842513368987  0.224518192245989  2.321057219251331  1.246217699732618 
 1.257596690721649  0.354928821649484  3.782090378006884  2.589688316151197 
 1.915436546391756  1.164787340206189  4.506091752577316  3.269599999999999 
 2.266734615384616  1.521600699999997  3.771303846153851  4.443372307692296 
 2.537417714285713  1.863176571428571  2.843597142857141  2.131010057142854 
 0.932145111979167  0.415612175000000  2.760638541666662  3.137043750000010 
 1.958830672268905  0.444650359915967  1.340946373949580  1.750100000000002 
 1.857479619565216  0.296092749347826  2.076887499999999  3.324885054347829 
-0.235122667956157  0.068402047143778  0.807504448742752  0.591971828368797 
 0.772188109028962  0.156024953730835  1.115457529812605  1.153638483816014 
 1.213346221765915  0.671314086242300  1.627348706365501  2.398107392197121 
 0.994643082352941  0.188066467223529  0.871724413176470  2.115411529411761 
 1.921895514018693  2.105765420560747  2.824593457943924  3.632333644859806 
 1.118619791878172  0.195535844670051  1.314095456852792  3.070084517766503 
-0.446712258724100  0.070960067091772  0.480453038876772  0.524743548200656 
 1.502635300261098  0.062639800000000  2.854716187989557  2.755006266318536 
 1.083660872641510  0.647442099056604  1.876548584905661  1.522862948113206 
 1.275581766355140  1.878217757009346  2.550913551401869  2.464745327102804 
 1.780445154185023  0.594871343612335  2.388870484581497  2.291279955947137 
