 0.073656052403718  0.078445522419836  1.031482553234313  1.023698582934857 
-0.320446502923266  0.069950807850501  0.608879969330079  0.613640337929341 
 1.268579345894978  0.377748698546437  1.603637520188384  2.980010699865387 
 1.162957763571427  0.366360035392859  2.747356214285719  1.397474509071376 
 0.526539707928797  0.116161389421521  1.117327567394837  1.790335744336566 
 1.808901932515337  0.976765488875258  3.719062985685082  2.148279713701446 
 1.563794106844743  0.498825486444075  1.631191795575957  1.691998989983295 
 0.521344078523757  0.105649172058106  1.753765319984300  1.136020308676866 
 1.247248054849885  0.299061368013858  2.724866512702067  2.470390588914535 
 2.092830718870332  1.283351059127086  2.161010731707314  3.747314634146339 
 0.737991898280337  0.134820166179499  1.975146443514625  2.074187531380754 
 2.022392310169486  1.604183383311605  3.784612646675359  3.485693089960881 
 1.854418638698630  1.511428304794523  2.398956755136979  2.392326626712331 
 1.412286623260437  0.541448081013918  3.009784194831014  3.500534393638167 
