 0.023011841460199  0.078200310586710  1.189706505866911  0.627111934811182 
 0.170341916808149  0.077883231697786  0.671650994906582  1.391156706281719 
 0.770089009523679 -0.010208861123803  1.590194476190366  2.173108761904701 
 1.764916587677687  1.053559383886266  2.692767772511928  1.848009478672665 
 0.246709159268277  0.091419298292682  1.139821134146381  1.485880365853660 
 1.184569900990080  0.127598086138629  3.438731188118847  1.778261881188256 
 0.796993706896574  0.046108880474142  1.245382758620672  1.437722823275845 
 0.357134511467910  0.084600858633020  1.729844495412934  0.716371922477058 
 0.767163369565287  0.299204661956530  2.651564855072272  1.033394076086805 
 2.671214743589680  0.789679435897428  2.455840384615413  2.857905769230737 
 0.550930842694474  0.169051720738140  2.071902087286485  1.855820493358607 
 1.986589411764642  1.442620470588249  1.832563764705854  4.452681176470509 
 1.930458333333390  1.158041960784343  0.930905853921469  3.248683333333534 
 1.483202459016363  0.201591672131178  3.491463114754215  3.780372131147486 
 2.533396385542106  2.228726506024114  3.926512048192786  2.365725301204745 
 1.568567467532462  1.062183766233778  3.800970779220831  3.446600000000026 
 1.069638193832595  0.037738327753304  1.977900440528655  0.791519286343614 
 1.835028215767628  1.125799917012454  2.239314107883812  2.835230290456443 
 1.080995514018684 -0.001960534112148  1.881295794392505  1.677856542056124 
 2.309842748091604  1.208184198473278  1.455734862595416  2.026103053435108 
 0.994809640000016 -0.032376349999999  1.942945999999967  3.095319599999970 
 0.814415795348822  0.693683209302305  2.820599999999997  1.805272558139532 
 2.001324105263150  1.047766105263149  4.418828421052635  1.858394315789492 
 0.222271173950483  0.081515046254036  1.479036275565134  1.152267631862216 
 2.518256428571441  0.962440177142862  3.719952142857164  2.921417857142865 
 1.147842213740445  0.317979186259538  2.323377862595415  4.139287786259571 
 0.372639535809019  0.103283078822282  1.561606366047738  1.704007161803702 
 1.704550000000008  1.135739349593496  3.265855691056888  2.587278048780500 
 0.803024794425083 -0.003350436236936  2.794961324041801  2.380351916376309 
 2.165209137055831  0.409565616852791  3.177311675126921  2.108061928934017 
 1.712413836477992 -0.094645744654090  2.493548427672938  1.469244402515718 
 1.529404201183431  0.442909699408283  3.989450887573986  2.499905325443777 
 1.895774444444450  1.072076377777784  4.768636666666660  3.335412222222222 
 2.236064556962027  1.709381265822782  4.222582278481021  4.208418987341756 
 2.487439230769232  1.706113615384615  2.743946153846156  2.364449230769230 
 0.911972048913045  0.468567387500000  3.423168478260856  2.809920652173945 
 1.652849295774647  0.325152628920188  1.310174600938967  1.521623568075123 
 2.104591869918695  0.260771839512196  1.884308780487807  3.698311382113823 
-0.012696594168842  0.074467286940818  1.049817180156662  1.073820400348132 
 0.537805192307697  0.119493295480770  1.038476514423071  0.884998100961539 
 1.398669367088608  1.187888797468354  1.412709620253157  2.483628481012645 
 0.982595742574254  0.200793368316831  0.599732295049503  1.888891584158413 
 2.396224060150376  1.981560902255641  3.069307518796992  3.510583458646602 
 1.597177731092436  0.057006157983194  1.327551680672266  2.498605042016826 
-0.091858100211643  0.070265874073016  0.626666315132275  0.971508835978843 
 1.423029237288137  0.523883451977403  2.742434745762714  2.363000282485880 
 1.152383333333332  0.811122473118279  2.027722222222225  1.952211469534045 
 1.013670660714288  1.241742633928571  2.517276785714288  2.606540178571429 
 1.938741772151899  0.423145237974681  2.094176371308007  2.174970042194087 
 0.473958906360426  0.084439133038870  2.025031448763254  1.279649946996467 
-0.557451193058569  0.089122910737528  0.526308475054236  0.471623011930586 
 1.748245238095237  0.758048511904763  2.019698809523812  1.081135635119049 
 1.469515955882351  1.926908088235289  2.260858823529415  3.111237500000002 
 1.273989779005525  1.227639392265192  2.908594475138123  3.848704419889500 
-0.269187128352490  0.072150877298851  0.847757509578542  0.722193448275860 
-0.208407014084507  0.060716597042253  0.674393956466070  0.414783708322663 
 1.166570955414014  0.374571394904459  1.125918343949042  3.354357961783442 
 1.148595375722544  0.494420881502890  1.812814739884391  2.587500867052026 
 0.948960802158273  0.415000470863310  2.641581654676263  3.137148201438849 
 1.629147636363635  2.153720909090910  3.102917272727274  2.330976363636365 
 1.874987341772152  0.688221628691984  2.803142194092832  3.413923628691986 
 2.535964827586206  1.048119386206897  3.120125517241379  3.900313793103450 
 2.511621238938054  1.642707433628319  1.973763716814159  3.425048672566371 
 1.746820283018868  2.066271698113210  1.922365188679244  1.815992641509435 
 0.410006969818913  0.091164573420523  0.993220784708249  2.007881690140849 
 1.631237793427231 -0.047464377464789  3.025291549295776  2.852892488262907 
 2.627439705882353  1.424124999999999  3.255979411764706  1.363405294117647 
 1.327144177215190  1.103370443037974  1.763146202531646  3.565548101265828 
 0.774864061688311 -0.104050255487013  2.564269155844161  1.676732792207792 
 1.517734246575342  0.548107712465753  3.223576027397261  1.113098034246574 
 0.768879677165354  0.211905274409449  1.151243779527560  2.645207874015748 
 1.392872657342659 -0.081455311398601  2.178710489510486  2.344748601398600 
-0.328641114118896  0.053944416163811  0.423918699893843  0.689239373673036 
 0.991259635854343  0.454672696638656  1.390630448179274  1.941093837535018 
 0.946241036111111  1.643142037037038  3.449003703703703  3.087179629629627 
 1.714381089108912  1.931761386138614  4.099349504950492  2.933194059405943 
 2.185079999999999  1.438602000000000  3.017926666666669  5.097646666666668 
 0.818365134474327  0.383971515955990  1.687672616136921  1.279157603911980 
 0.496922886345515  0.192037450498339  1.934114617940201  2.488500996677739 
 1.591410227272728  0.363305478409091  2.218078030303032  3.097300757575756 
 1.225169331210191  0.367658880987261  2.438156369426752  1.646465286624205 
 1.368765220588235  1.243638602941177  3.699137500000000  1.805660661764706 
 0.906938383561644  0.266071585643835  2.292582739726029  2.299002739726028 
 1.514650652173914  1.493363260869565  2.787791304347825  1.073986826086956 
 1.542458666666667  2.342254666666666  2.841158666666666  3.927282666666664 
