 0.138736739180643  0.082453211401267  1.331832783613361  0.733654447479178 
 0.148252354945054  0.077201260260983  0.667861955769200  1.325679986263644 
 0.713311192546476  0.117435691568328  1.438550372670717  2.354090062111752 
 1.715659211822620  1.212264285714296  3.024697044335058  1.217367630541539 
 0.351274829302967  0.084220546927452  1.005660071123796  1.840913513513511 
 1.262179466942132  0.354171290578525  3.477300413223169  1.520392190082758 
 1.052720054151642  0.059872689711195  1.515277833934998  1.621000252707568 
 0.353730807603697  0.090834960490780  1.731106105990827  1.130195806451611 
 0.751694358543471  0.251584242857149  2.652461344537664  1.051764694677755 
 2.681354970760176  0.784984327485373  2.378274853801195  2.823304093567220 
 0.602764338604975  0.117844078559472  2.078762408223168  2.166118208516864 
 1.958307179487133  1.509637948717959  2.309481196581176  4.621544444444387 
 1.773429050632948  1.177915784810144  1.155215018987278  3.579149367088738 
 1.548704554455428  0.309444643564375  3.365244554455514  3.730801980197987 
 2.184816993464018  2.063896078431380  3.994447712418311  2.779803267973817 
 1.028558707453412  1.332424223602495  3.674365838509363  3.306139751552823 
 0.832701490384614  0.089038210817308  1.827066346153857  0.751889293750001 
 1.760234259259253  1.026598024691361  2.177995987654321  2.856794753086425 
 1.295982685950408 -0.042230154876032  2.043022933884280  2.174116735537235 
 2.006401764705882  1.644661117647055  1.592413188823525  2.024108705882347 
 0.928831195822465  0.114962827937338  1.995352480417735  2.990179373368134 
 1.127863465783659  0.676602604856502  2.756037969094919  1.943664679911698 
 1.938874999999995  1.118202839506168  4.240366049382720  1.877323209876554 
 0.156629058951175  0.077224740244123  1.258731256781199  1.320395027124775 
 2.378947457627127  0.901250027118648  3.541116949152557  2.971692090395484 
 1.091922832369932  0.503410259537569  2.270488439306354  4.084634104046263 
 0.422109488097769  0.123494612786398  1.590554941551537  1.723636556854399 
 1.575093962264158  1.179938113207549  3.271419811320738  2.521347169811327 
 0.889345972222219 -0.022052734930557  2.804015509259256  2.038087037037041 
 2.167323766816134  0.411066145829596  3.211573991031404  2.074680269058304 
 1.541583526011564  0.127867167716762  2.432039017341037  1.365177754335259 
 1.291923283524904  0.378248380076628  3.804940229885069  2.541636398467426 
 1.873985806451616  1.114468735483875  4.557567096774192  3.278223870967739 
 2.111855555555555  1.790952111111108  3.962727777777785  4.448513333333315 
 2.503361046511626  1.720663779069767  2.843065697674416  2.089718139534884 
 0.793187608996540  0.242968109342561  2.905613494809679  2.932223183391018 
 1.933363207547168  0.461049134245284  1.318186495283020  1.685603537735854 
 1.795585818181817  0.205729151854546  2.049195999999998  3.366673818181824 
-0.025003265060241  0.072821872051205  0.951057055722895  0.998786716867474 
 0.682517550702030  0.155128832355694  1.136716380655225  1.222013338533541 
 1.273061201117321  0.787013910614525  1.521225614525135  2.339069273743011 
 0.957741191222570  0.234190401880877  0.726267039498432  2.036703134796236 
 2.515778030303032  2.018869696969697  2.842731818181816  3.485012878787868 
 1.470566170212766  0.056858492907802  1.322255815602838  2.638491843971647 
-0.224576826288212  0.068990936200873  0.562085533624454  0.879647694323149 
 1.580225194805197  0.117668141818182  2.839101558441560  2.750967272727271 
 1.023044564705884  0.591459364705882  1.891023529411767  1.615300823529410 
 1.164423370731709  1.603511219512196  2.488373170731708  2.311640975609757 
 1.844774074074075  0.565981849002847  2.342085754985748  2.166430199430198 
 0.662910506849317  0.092229072835617  2.171810000000003  1.538712191780822 
-0.546525017985611  0.075859061237689  0.524147384262594  0.528161602517985 
 1.639316272189348  0.959670473372782  1.962594082840236  1.052741507100593 
 1.481225086705202  1.865308092485545  2.167784393063584  3.242641618497109 
 1.470693450292397  1.774245614035086  3.082180116959068  3.667046783625732 
-0.192923841373671  0.067253293327882  0.896204668847095  0.590419364677021 
-0.256704106371490  0.066745834589633  0.500535250539957  0.461550300431965 
 1.060904278606967  0.501337463681592  1.215363482587063  3.305476616915424 
 1.013021812366739  0.567917434968018  2.233494029850744  2.474123880597014 
 1.300104965034965  0.846938426573427  2.707076923076923  3.258244055944057 
 1.704446727272727  2.301228181818181  3.312425454545455  2.161285454545455 
 2.155883417085427  0.906783165829146  2.601918090452264  3.729776381909548 
 2.593141666666666  1.004619083333334  3.507720370370369  3.921777777777780 
 2.547701030927834  1.569694020618557  1.711176494845361  3.207139175257731 
