 0.087424296207987  0.079814437686898  1.207391105092002  0.663097444203877 
 0.049576123540146  0.074572465747259  0.691293269890491  1.119104872262712 
 0.610449403412293  0.126337872556000  1.456183978919553  2.240219894598110 
 1.708237444933885  1.259743744493402  3.047478854625622  1.296746735682522 
 0.347313432467514  0.085313452584414  0.872046049350686  1.751208701298704 
 1.263872296636074  0.434332673761477  3.384218654434273  1.562367675841062 
 1.008993028764821  0.058019829780037  1.574933181049049  1.631603959390847 
 0.259764178458299  0.082133677930303  1.581548046462550  1.020356842661033 
 0.740972742222264  0.222100104444449  2.609170444444326  1.187703379999909 
 2.463943122676545  1.237432713754643  2.170103345724924  2.988110780669125 
 0.621807476463399  0.122285640852439  2.077100975609725  2.004869024390224 
 2.116686285714255  1.252245508571436  2.313875885714272  4.406579999999961 
 1.744606488095270  1.119968630952399  1.061241803571369  3.463844047619171 
 1.736453159722209  0.452104892361124  3.244040972222268  3.691770138888866 
 2.037675561497299  2.158214973262039  3.877954010695195  2.605695721925101 
 1.154732526335876  1.409448282442755  3.435379389313006  3.443107251908416 
 0.815796841849147  0.113337185936740  1.884318248175194  0.716894114841850 
 1.441808263305316  1.071490980392158  2.322087114845938  3.064588235294120 
 1.346407019607837 -0.043307133058822  1.926941372549001  2.253167647058865 
 1.960243877551019  1.582958316326527  1.562425633163262  2.088867857142853 
 0.859949401050795  0.144911589246936  2.109525043782822  2.757454115586680 
 1.035279640883974  0.700325230202570  2.565504419889502  2.132097605893182 
 1.984357848837205  1.107891046511624  4.210984883720934  1.906862558139546 
 0.052391029856387  0.076939773446712  1.113243401360545  1.182911715797431 
 2.551734262948215  1.085221713147413  3.265791235059773  3.263768525896417 
 1.094163318584063  0.477048444247785  2.262330973451324  3.981450884955770 
 0.338284912510937  0.099216783763780  1.446596587926504  1.593452405949247 
 1.575274173669474  1.155036554621851  3.255007282913151  2.515035294117654 
 0.902003155206284 -0.006460868349706  2.773349901768173  2.018166208251478 
 2.294644354838702  0.445613291612902  3.181797177419368  2.170925806451620 
 1.573281002638526  0.143592373166226  2.410856464379944  1.377527052770448 
 1.281028328519855  0.359991080144404  3.801991696750914  2.573407220216600 
 1.894411117021279  1.151952202127662  4.504209042553188  3.250212234042552 
 2.296536000000001  1.541355447999997  3.869012000000006  4.403051999999986 
 2.509084180790958  1.873532768361582  2.857473446327682  2.124842711864405 
 0.907044587078652  0.382446407584270  2.864499438202241  3.053531741573047 
 1.956168644067795  0.441746154915255  1.363623334745763  1.740944957627122 
 1.884155840455839  0.285820616125356  2.066946153846153  3.300995441595446 
-0.201085555261459  0.069878526100710  0.851798812136867  0.673953111684960 
 0.755835000000002  0.164712123973064  1.122436447811447  1.193006548821550 
 1.231812135306555  0.695971501057083  1.629622832980971  2.403382241014793 
 1.043936923076924  0.200084431593406  0.832329383516483  2.141102747252744 
 1.970874088669952  2.109263054187192  2.841850738916254  3.697175862068957 
 1.127597801608579  0.218488491420912  1.293967587131368  3.065291689008050 
-0.268801377384198  0.062923989700272  0.486747451680290  0.798573878292466 
 1.542223540540542  0.074041174594595  2.864244864864866  2.742776756756754 
 1.061388337236534  0.577641241217798  1.880600702576114  1.598293442622948 
 1.274748666666667  1.869776712328767  2.546221004566209  2.488788127853881 
 1.792902093023257  0.602578846511627  2.402422558139533  2.284906976744185 
 0.543468356041131  0.106088642686375  1.986229177377895  1.388395655526992 
-0.452421351515151  0.073023644367461  0.528182960606062  0.460734149212121 
 1.638232417582417  1.091418076923077  2.034398351648352  1.161625630219780 
 1.503191219512195  1.700289430894308  1.815257154471546  3.477234959349593 
