 0.012344963491604  0.075503539241970  0.939252257037224  0.968808239408638 
-0.345517425399891  0.069638385032075  0.588662846138988  0.586649872366227 
 0.984631982287770  0.194147433431738  1.473038617712135  2.596624059040562 
 1.692010992366400  0.969507042748096  2.816967480916052  1.423698941526614 
 0.412299568298154  0.102679305244723  1.066526502739128  1.682745644364614 
 1.540071893265563  0.562582741956802  3.674792376111824  2.240337776365984 
 1.307006870437961  0.311410191523725  1.523714635036492  1.505350264598526 
 0.376020468710093  0.089557358110684  1.590798612175404  1.036374818731371 
 0.902206467684036  0.192772763617595  2.696853052064602  2.440400538599592 
 2.336038190184029  0.704670755920243  2.701968404907980  2.910651993865024 
 0.623637927949349  0.126128401593347  1.888667428003957  1.884014299900687 
 2.178581579961455  1.614112562620426  2.725037957610783  4.037908285163778 
 1.598242397372750  0.723721894417080  1.537111663382578  3.519269458128108 
 1.278009126674784  0.392708974665046  2.753133008526197  3.507607795371491 
 2.235894638949666  1.887085733041578  3.514177680525165  2.329738643326034 
 1.825594543650794  1.212741642857146  4.129479960317457  3.481307142857148 
 0.900429674037672  0.201800009868960  2.538003685503694  1.304085401310398 
 1.304981081718962  1.545113969986359  2.683860982264664  2.857216098226467 
 1.500998028286186  0.337023801364394  2.283747836938433  2.271426455906829 
 1.908297403314920  1.356354825046038  1.604747607918968  2.240603001841621 
