-0.065814117356275  0.072869842400863  1.021686491133757  0.690248503492840 
-0.372068701876417  0.070181992961277  0.547582384115165  0.581170799805869 
 1.001663656641518  0.224294986553890  1.072374069674111  2.413759398496202 
 1.723119610389594  1.014845413419918  2.736001948051983  1.310426306709810 
 0.377087553443666  0.093746960160170  1.114424706887363  1.645326374799786 
 1.480157242524915  0.265905263355488  3.323227906976757  1.896444534883768 
 1.217189319809075  0.316368817792365  1.427521169451063  1.386827159904521 
 0.311982716040238  0.087993843605081  1.502617316040247  0.983084204446797 
 0.839085635608875  0.131940114317344  2.577673892988885  2.095662269372652 
 2.178077086494666  0.725763499696506  2.465160394537187  2.730045220030346 
 0.667386989794508  0.128665115265601  1.739106621004543  2.163211263318106 
 2.303398422712919  1.773292334384863  2.517440851735009  4.067631545741302 
 1.643471835853142  0.879052345572360  1.377587630669525  3.335465874730063 
 1.242037736690639  0.260373528489214  3.150474100719444  3.053964172661863 
 2.181493812010438  2.040615926892953  3.030389556135773  2.373081096605733 
 1.764724094955489  1.435943305637984  4.233481899109810  3.595394955489631 
 0.929011208737862  0.212822914842233  2.478569174757295  1.102657345873784 
 1.274253585813951  1.615311790697678  2.703180232558140  3.375563953488370 
 1.588359631901833  0.145798301276075  1.991996429447845  2.052917546012288 
 1.923979616438360  1.468252410958902  1.547357427671231  2.137427753424658 
 1.077382666285714  0.208944234628571  2.038074742857140  2.968926057142851 
 1.162850882434302  0.899163430152141  2.273514246196406  2.245845089903180 
 2.006727732919255  1.171505024844719  4.192885403726707  2.094627204968946 
 0.026255977922078  0.075000009192486  0.805330590816328  1.138361595547314 
 2.439333701657455  0.914998482596685  3.360796685082875  3.437445856353595 
 1.515965294117646  0.522991879321266  2.429878687782805  3.969170361990951 
 0.560043746062211  0.104251302072799  1.884326803441427  1.503770026472532 
 1.417636986274511  1.123075745098040  3.345017254901959  2.515248431372548 
