 0.024528643569517  0.077972886115494  1.190433228346352  0.625060293963487 
 0.175332938566552  0.080069188515351  0.669834310580165  1.395637713310465 
 0.767149479768654 -0.017992736204232  1.595145086705090  2.186069171483560 
 1.760190521326976  1.063377488151669  2.688361137440837  1.846018009478352 
 0.219173939540799  0.087637085331631  1.149590459183715  1.452696938775512 
 1.199904502617780  0.095333631937189  3.460098429319410  1.862825654450406 
 0.735142144249532  0.084049742378172  1.230729668615969  1.446841910331370 
 0.382234747422703  0.090465781623703  1.742340463917626  0.681492402577313 
 0.642964848664744  0.198796375964399  2.528343620177882  1.238985816023614 
 2.723591549295705  0.787314999999991  2.427369718309892  2.892133098591514 
 0.537980364165080  0.158674623037523  2.087260787992454  1.833651782363952 
 2.152603030302947  1.471511212121229  1.699807878787843  4.462601515151414 
 1.976983333333395  1.137889032258096  0.977136913978385  3.284015053763660 
 1.398590982142823  0.210229839285747  3.520991964285842  3.767140178571370 
 2.533396385542106  2.228726506024114  3.926512048192786  2.365725301204745 
 1.544838897058817  1.035455514705896  3.879379411764765  3.514813235294147 
 1.066463658536581 -0.029671969268293  1.884888780487827  0.902134829268294 
 1.867131999999993  1.097905866666674  2.281719555555552  2.812590222222234 
 1.040122617449657  0.008431929082776  1.887371588366874  1.678326621923983 
 2.325546031746031  1.241013571428567  1.534235634920631  2.055534920634915 
 0.993963699187008 -0.031944680894308  1.941445121951186  3.076186178861758 
 0.808612273170716  0.683711902439003  2.854896097560972  1.824617560975606 
 1.992859894736835  1.064170526315781  4.430600000000003  1.857221684210544 
 0.210599132154694  0.079576800777900  1.467452596685093  1.121685591160220 
 2.522393617021289  0.956687551773055  3.721467375886545  2.934232624113483 
 1.070851382113807  0.282253767479670  2.252073983739833  4.027583739837430 
 0.368512234890110  0.106380787543957  1.567186813186806  1.702134478021965 
 1.720109583333342  1.125850541666667  3.284550416666643  2.589198750000013 
 0.789058772727268  0.007080037121210  2.787034469696957  2.415692045454549 
 2.170073869346727  0.430704001105527  3.172076884422127  2.108973366834177 
 1.729653703703708 -0.077023327777779  2.469333333333316  1.479072716049377 
 1.537557116564416  0.452805786503067  3.999536196319041  2.517812269938640 
 1.889882758620696  1.061079011494259  4.775435632183902  3.327385057471264 
 2.253381081081082  1.741568783783780  4.268318918918929  4.200004054054038 
 2.484965891472869  1.693187364341085  2.740055813953491  2.368338759689921 
 0.905920648484850  0.460213632121212  3.441695757575744  2.827795151515187 
 1.580327544910177  0.187847467425150  1.188251317365269  1.411151616766475 
 2.081914814814810  0.290233141296297  1.808051666666669  3.679926851851855 
-0.017171424353256  0.074834364134701  1.040641561106160  1.066435504014276 
 0.545709255583131  0.119776937022333  1.026770521091805  0.885337196029777 
 1.367981159420291  1.374996159420289  1.603736304347817  2.639733333333319 
 0.829783628691980  0.102065371729957  0.652488361181432  2.001669620253162 
 2.403817968750001  2.008335937500002  3.075930468750000  3.507847656249985 
 1.587084651162789  0.031574351162791  1.320791348837206  2.532791162790720 
-0.091645722376876  0.069788067450749  0.623767535117773  0.971578501070671 
 1.391467034883722  0.525034610465118  2.769322093023259  2.354909302325585 
 1.096086582278480  0.867739915611814  2.068486075949370  1.948422784810120 
 1.018319990476193  1.227797523809524  2.522387619047622  2.598617619047619 
 1.990415463917526  0.390940899999997  2.211440206185556  2.320961340206178 
 0.469799916666669  0.066766935520409  1.909487074829934  1.260102602040815 
-0.557451193058569  0.089122910737528  0.526308475054236  0.471623011930586 
 1.771736363636362  0.762106181818183  1.985211515151518  1.122902666666667 
 1.475110977443607  1.929639097744355  2.331228571428575  3.111644360902258 
 1.304021454545454  1.300514424242422  3.106036363636365  3.562228484848482 
-0.269244738255034  0.072405167689358  0.847359875359538  0.721592090124638 
-0.208407014084507  0.060716597042253  0.674393956466070  0.414783708322663 
 1.171721194968555  0.376811735849057  1.120714025157230  3.349380503144657 
 1.150222840579711  0.509400510144927  1.802272173913041  2.590129275362322 
 0.937589416356877  0.437200319330856  2.637403345724910  3.126476579925650 
 1.661697368421051  2.163388596491230  3.122260526315790  2.259567543859650 
 1.799221827411168  0.783391167512691  2.783014213197975  3.331590355329951 
 2.542748507462686  1.140909111940299  3.145313432835820  3.882484328358209 
 2.473589473684211  1.677205175438597  1.974441228070175  3.381942105263157 
 1.752076804123712  2.102894845360827  1.928573298969070  1.781190927835052 
 0.356997289527720  0.101913375338809  1.047273244353183  1.969214784394258 
 1.624531395348839 -0.035073630697674  3.018220465116280  2.860312558139531 
 2.637345454545454  1.402081818181817  3.258704545454545  1.353038787878788 
 1.325087500000000  1.121233026315789  1.745252368421053  3.572247368421058 
 0.827758449612403 -0.160297630193799  2.601522480620160  1.750354263565891 
 1.386931479289942  0.455745737988165  3.245934319526628  1.216713781065089 
 0.761443420408163  0.211338145714286  1.168418816326531  2.651949387755103 
 1.386279548611113 -0.082355184236111  2.176678472222219  2.349140625000000 
-0.328641114118896  0.053944416163811  0.423918699893843  0.689239373673036 
 0.949618342696630  0.423896044101124  1.396507471910115  1.947942696629218 
 0.922223354444444  1.648251111111112  3.476842222222222  2.903052222222221 
 1.711356764705883  1.927750980392157  4.097949019607841  2.935767647058825 
 2.235083333333332  1.464620952380952  3.023571428571431  5.114966666666667 
 0.871995748502993  0.452579116766467  1.704681437125750  1.279416646706586 
 0.487188397244898  0.198735427210884  1.941084693877553  2.479916666666665 
 1.575911023622048  0.369769174409449  2.219778346456694  3.108455118110236 
 1.234539774193548  0.380758665903226  2.433678064516129  1.675315806451615 
 1.370797089552239  1.203131417910449  3.697743283582089  1.794871716417910 
 0.909377553763441  0.271205730403226  2.283157795698927  2.294241935483872 
 1.557003434343435  1.407649797979797  2.819453535353534  1.023451292929292 
 1.518729090909091  2.297984415584414  2.849699999999999  3.946233766233765 
 1.046849629629630  0.397038285185185  2.512280740740741  0.649122664444444 
 1.386627500000000  1.153515192307692  2.589998076923076  4.275165384615385 
 1.515931855670104  0.883426082474227  0.861029001030928  2.103804123711341 
 1.631316814159291  0.469639513274336  1.685850442477877  1.930041150442476 
 2.091114150943396  0.267861443396226  2.816312264150945  3.826190566037736 
