 0.139233074656782  0.082453076825773  1.334841055966124  0.732670817318033 
 0.145782014305364  0.078013003259967  0.667713182668470  1.325337730398807 
 0.713354932692197  0.114331020625006  1.434491249999906  2.382503205128154 
 1.708831758793929  1.219212814070362  3.004003015075460  1.215873311557449 
 0.350518527738244  0.088067637965859  1.006106884779557  1.841738264580367 
 1.253610773504257  0.351909024017107  3.484911111111140  1.513300897436014 
 0.973894333333351  0.054803589824565  1.523757017543842  1.680686842105251 
 0.355032329466368  0.090147572327143  1.729362180974521  1.133369976798142 
 0.754536475920734  0.256562914164312  2.649764022662737  1.051114606232177 
 2.649449450549395  0.773137912087905  2.391383516483541  2.810604945054916 
 0.592635655862577  0.123314942746565  2.082894503816760  2.174451908396923 
 1.947077833333288  1.496780750000010  2.333966666666647  4.615265833333276 
 1.809720178571462  1.188429666666684  1.145207279761845  3.544199404762027 
 1.541098457711426  0.295812850746287  3.380070646766239  3.726811940298475 
 2.180879333333299  2.064314666666675  4.009410000000011  2.768655999999960 
 1.037065962576683  1.329493619631912  3.669546625766918  3.304814110429476 
 0.819701455847254  0.085439982243437  1.831845346062064  0.752726410978522 
 1.753470030581034  1.014155718654438  2.178846483180427  2.841761773700311 
 1.286361244541478 -0.061981791179038  2.040959825327493  2.154810917030615 
 2.058842307692307  1.593782582417579  1.546539022527469  2.042370219780215 
 0.916916923943674  0.090310569295776  1.987584225352090  2.981474084507028 
 1.121728246013661  0.654735421412290  2.769865831435076  1.937817539863324 
 1.953185493827156  1.142811728395057  4.207854320987660  1.844321604938282 
 0.157081330173199  0.077693000738377  1.257054940747499  1.319123336371925 
 2.392795555555564  0.873236065000004  3.599573888888903  2.962888888888893 
 1.102636395348828  0.489536830813950  2.251914534883717  4.091861627906998 
 0.404568408719648  0.125204188445917  1.593033995584984  1.724175165562904 
 1.571725173501585  1.169765772870665  3.267197791798091  2.519111671924296 
 0.899256791569083 -0.031856023629978  2.791199063231848  2.011867213114758 
 2.138309051724129  0.423403162155172  3.182546551724152  2.039175862068971 
 1.527347214076250  0.126692885425219  2.411526099706740  1.349456255131963 
 1.333855215686275  0.387764713333333  3.826057254901974  2.524575294117640 
 1.860809210526319  1.120498381578951  4.579172368421052  3.283385526315787 
 2.098564197530865  1.673298765432095  4.076017283950627  4.465609876543191 
 2.518830898876402  1.722652640449438  2.825197191011234  2.111325393258427 
 0.775584582456140  0.203200012631579  2.951476491228060  2.855182807017561 
 1.775191056910568  0.377423788861789  1.307215191056911  1.538808780487809 
 1.790616541353382  0.195049435187970  2.022862406015035  3.362146240601510 
-0.023968401651652  0.073061121684684  0.952918693693697  0.997978903903908 
 0.681556682098767  0.149496101604938  1.137562037037035  1.223900231481481 
 1.245315150602412  0.812616295180723  1.484809246987948  2.334331325301199 
 0.948555224358974  0.212199593589743  0.720976235897435  2.054832051282049 
 2.421948484848486  2.097890151515152  3.010284090909090  3.551096969696958 
 1.534749454545455  0.087663707272727  1.360609563636364  2.574456363636381 
-0.224461582984295  0.068976761736474  0.562257780104712  0.879646579406636 
 1.587622959183675  0.129147817857143  2.836538775510205  2.752542346938774 
 1.027520889929743  0.574389555035129  1.892053629976583  1.613240866510537 
 1.127893725581397  1.514118511627907  2.451570232558140  2.253883720930233 
 1.837212849162011  0.542006945251395  2.292581843575412  2.139795251396646 
 0.653618213296400  0.092455339016621  2.169417867036014  1.540654016620499 
-0.546525017985611  0.075859061237689  0.524147384262594  0.528161602517985 
 1.636267891566264  0.994491265060242  1.982851807228915  1.063158401807230 
 1.452226417112300  1.848644385026734  2.188279144385028  3.194096791443850 
 1.452186609195402  1.722594827586205  3.082404597701153  3.672313218390805 
-0.192994741224490  0.067152372032653  0.896183053061223  0.590849528979589 
-0.256704106371490  0.066745834589633  0.500535250539957  0.461550300431965 
 1.071483023255816  0.460337847441861  1.213594883720930  3.283740465116280 
 1.040674094650207  0.528136154320988  2.212804115226335  2.453108230452675 
 1.163756348684211  0.773169046052631  2.657286184210526  3.217067763157896 
 1.691453360655738  2.251592622950820  3.256881147540984  2.194267213114754 
 1.989630805687204  0.834265592417062  2.640221800947870  3.626836018957347 
 2.603735483870967  1.047049524193549  3.308061290322581  3.890856451612906 
 2.535135772357724  1.580009674796749  1.949925203252033  3.424754471544714 
