 0.138559991198274  0.082751461032881  1.335115737009459  0.731821679745681 
 0.143990434125873  0.078376553104889  0.664006438881088  1.319360741258648 
 0.776046564299292  0.117362129750486  1.539166410748449  2.405290211132375 
 1.699953789473641  1.229840210526327  3.016123684210615  1.205907626315434 
 0.351749769345217  0.088918382574403  1.007764151785757  1.740077827380949 
 1.251306584415567  0.349441435584429  3.489720779220808  1.510284891775010 
 0.957830683012277  0.059215916637481  1.525865831873887  1.677724518388779 
 0.355940880232569  0.089925635286043  1.729365697674462  1.133829674418602 
 0.749098792022846  0.266049164387471  2.653581196581043  1.053815715099597 
 2.646204395604340  0.774472692307685  2.420901648351673  2.832050549450521 
 0.580092220684694  0.128214640921975  2.085497611464933  2.165324203821632 
 1.942098769230727  1.468790000000009  2.340832307692289  4.574270769230718 
 1.803466826347339  1.197753017964089  1.150659838323293  3.541732335329464 
 1.528630999999981  0.296245247368441  3.418551578947443  3.719656315789440 
 2.178694078947335  2.072705921052640  4.002040789473694  2.766638157894698 
 1.049202701169587  1.308952923976618  3.659288888888934  3.269884210526342 
 0.819701455847254  0.085439982243437  1.831845346062064  0.752726410978522 
 1.751957594936703  1.019994715189877  2.189195569620252  2.830143987341777 
 1.279506621315186 -0.073937815192742  2.045675056689322  2.134161904761953 
 2.228793333333333  1.306535999999996  1.483173747333330  2.113224666666660 
 0.928965335311585  0.056850718397627  1.995213353115703  2.996709198813039 
 1.142178205128199  0.641653030303020  2.772388578088575  1.919579254079252 
 1.941776415094335  1.163091383647794  4.214879874213841  1.824815094339634 
 0.150841558984007  0.076234657394167  1.261419143932274  1.308476952022578 
 2.403991525423737  0.894070235593224  3.653516949152558  2.930930508474581 
 1.177002071005908  0.428834286390529  2.284902366863902  4.142486982248542 
 0.399582845711062  0.123241715386005  1.596540744920988  1.723715575620756 
 1.603416752411583  1.160554630225082  3.263698070739532  2.507356270096469 
 0.893484904306217 -0.031139491842107  2.793186602870811  2.008075837320577 
 2.141606578947359  0.420755673771929  3.172172807017558  2.030139912280707 
 1.506685714285718  0.081331018416148  2.418158695652169  1.348683074534160 
 1.355162291666667  0.399253841250000  3.863940000000015  2.508497499999992 
 1.863924827586210  1.121034855172418  4.599844137931032  3.304371034482757 
 2.105919512195122  1.668978048780484  4.075865853658546  4.459741463414615 
 2.526870285714284  1.730092971428571  2.838090285714284  2.115433828571429 
 0.805289483870968  0.225691041577061  3.023681003584219  2.821936917562742 
 1.721340243902437  0.338251199430895  1.309245800813010  1.544734512195126 
 1.816216153846152  0.213619151000000  2.021932692307690  3.383154615384623 
-0.023461328054299  0.072980656171945  0.952332978883864  0.997055505279039 
 0.685752833876223  0.154637402671010  1.147147817589575  1.206679967426709 
 1.199138237082068  0.828909392097264  1.498183647416409  2.333309422492395 
 0.994583272058822  0.237967361764705  0.689312447058822  2.031226838235292 
 2.395310791366907  2.089790647482015  3.013015107913669  3.546172661870493 
 1.562241979522184  0.124326186484642  1.407942559726963  2.550721160409571 
-0.224511156419216  0.069013327467249  0.562222616593886  0.879355615720529 
 1.579047927461142  0.115480605181347  2.843535751295338  2.760169430051812 
 1.027389952941177  0.573586800000000  1.902424000000003  1.615941999999998 
 1.039860325688074  1.345834128440368  2.499045412844037  2.320319266055048 
 1.834420057306591  0.535956774785098  2.300103438395407  2.128985100286530 
 0.648101352112678  0.095950789816902  2.167535915492960  1.538971126760563 
-0.546525017985611  0.075859061237689  0.524147384262594  0.528161602517985 
 1.671299720670390  0.871093407821230  2.032208938547488  1.067263730167599 
 1.465838913043478  1.852283152173909  2.190689673913044  3.196067934782608 
 1.397018819875775  1.722067080745340  3.089731055900624  3.700977018633541 
-0.192994741224490  0.067152372032653  0.896183053061223  0.590849528979589 
-0.256704106371490  0.066745834589633  0.500535250539957  0.461550300431965 
 1.090016157407409  0.434327175000000  1.192982777777777  3.278054629629630 
 1.060068559837730  0.467332972616633  2.249110141987828  2.448791886409739 
 1.041569897610921  0.758637883959045  2.512063481228671  3.219251194539251 
 1.635515390625000  2.185025781250000  3.206982812500001  2.235601562500000 
 1.854440637450199  0.801521434262948  2.739531872509963  3.465847410358566 
 2.547112765957446  1.041893765957447  3.255214893617022  3.901719858156031 
 2.530429365079366  1.566025952380953  1.961930158730159  3.438887301587301 
 1.624108301886792  2.004233018867926  1.852984433962264  1.820260566037736 
 0.510106286585365  0.094590826432927  1.093802957317074  2.258109146341463 
