 0.113796338815089  0.079999654565890  1.274760112359467  0.705274641471070 
 0.128267155291005  0.078184136071423  0.665075732539653  1.284660224867635 
 0.660469098550624  0.120799418217396  1.452537768115857  2.268048985507199 
 1.699774887892340  1.243402556053821  3.035126905829670  1.267278874439158 
 0.360762833776577  0.088860712087764  0.957907194148974  1.817891223404255 
 1.272600410658295  0.429923915423207  3.395598746081527  1.587675360501653 
 1.058760514705901  0.049120729136033  1.523848069852920  1.582461213235280 
 0.325069033898315  0.090102683254234  1.699140564971792  1.078311853107341 
 0.771206957446859  0.271282901329793  2.653420478723262  1.071214670212656 
 2.514219028340044  1.195323684210523  2.155816194332002  3.003424696356253 
 0.635082938301613  0.129275023830163  2.063945516304316  2.109696059782588 
 2.083206432748506  1.316937894736850  2.327015789473670  4.431660818713411 
 1.702673131313160  1.151006535353551  1.137727843434292  3.507172727272832 
 1.728547822878215  0.421269848708501  3.253125461254662  3.708382656826545 
 2.055066363636337  2.162302673796799  3.877334759358297  2.628046524064139 
 1.024758628301883  1.339395660377369  3.703222012578663  3.354602515723299 
 0.829010598086123  0.086961141913876  1.845247368421064  0.755473842583734 
 1.512938535353531  0.987874141414142  2.343851515151514  2.968846464646469 
 1.362826323232317 -0.050705205171716  1.928163232323214  2.255920202020245 
 1.965046391752576  1.595410876288656  1.553901670618553  2.095176288659790 
 0.881954287292825  0.158913556464089  2.101720994475122  2.807648434622457 
 1.033570009363292  0.693906741573025  2.572364232209738  2.133900936329583 
 1.982086416184967  1.110661040462424  4.208005780346824  1.905546011560704 
 0.135010490737564  0.076448361509434  1.218370025728992  1.279973181818182 
 2.542290222222232  0.998499022222225  3.277885777777791  3.236219111111115 
 1.097980084033606  0.501294026890754  2.239343277310921  3.954294957983210 
 0.396980332642999  0.117222538690336  1.561137672583821  1.650199309664685 
 1.586177314285720  1.160051685714289  3.271803999999984  2.513324857142864 
 0.888949153374230 -0.004897195071576  2.784631492842534  2.026601840490803 
 2.292724999999992  0.433930609666666  3.191331250000013  2.173267916666674 
 1.557764000000003  0.140135519546666  2.434925866666664  1.409632728000000 
 1.285572396296296  0.353486661111111  3.803800740740753  2.574948888888882 
 1.909451912568309  1.151197508196724  4.504296174863385  3.243532786885245 
 2.307873451327434  1.507919477876103  3.930169026548680  4.425586725663702 
 2.477112290502792  1.848918994413408  2.867829050279328  2.098303128491619 
 0.895093576023391  0.371814886257310  2.887769590643267  3.050955263157908 
 1.969923788546253  0.455680184140970  1.356876770925110  1.777955418502206 
 1.899959821428570  0.279039997797619  2.061341666666666  3.321422321428577 
-0.077818407646622  0.071702731755011  0.916581937639202  0.962160549368972 
 0.697284314049589  0.159679627752066  1.117564363636362  1.197290115702480 
 1.231167097457628  0.704184576271187  1.626124385593219  2.407181355932196 
 1.038448595988539  0.211899883094555  0.798631213753581  2.111737535816617 
 2.368252702702705  2.141289189189187  2.935252702702699  3.669497297297287 
 1.142449631728045  0.219725427762040  1.268414560906515  3.060546458923521 
-0.236697336629409  0.067215819905417  0.514282526225279  0.826677669819437 
 1.543179893333335  0.074824118933333  2.857040800000000  2.741238399999998 
 1.054016970387245  0.578137129840546  1.871299316628704  1.625343302961273 
 1.243062819512196  1.820030243902439  2.571802439024389  2.363462439024389 
 1.816807231920201  0.603486468827929  2.414576309226928  2.217557107231920 
 0.637281800818555  0.094215645388813  2.152054706684860  1.511786493860847 
-0.472237998051948  0.073068343666435  0.495112156688314  0.484087187012986 
 1.657298176795579  0.997116243093924  1.969843093922652  1.080272898895028 
 1.560670817610063  1.896670440251570  2.068329056603774  3.289277358490565 
 1.452764311111111  1.555241155555556  3.013588888888891  3.602206666666668 
-0.213770651180503  0.068042741142422  0.826352581873571  0.546234741203350 
