 0.139233074656782  0.082453076825773  1.334841055966124  0.732670817318033 
 0.145782014305364  0.078013003259967  0.667713182668470  1.325337730398807 
 0.711068284799889  0.117438515152006  1.435885023999906  2.378258719999949 
 1.711562099999959  1.220846750000011  3.004972500000083  1.214840444999661 
 0.350057838801691  0.086032424379456  1.006020028530711  1.840745363766046 
 1.258753253164540  0.351771233417734  3.483303797468383  1.515907215189989 
 0.983605536028137  0.053804852724081  1.530437961335659  1.671817223198582 
 0.354428148837220  0.090109451565113  1.729636279069811  1.132759558139533 
 0.755297509859208  0.254268717464795  2.650141126760412  1.053353115492841 
 2.650746408839723  0.776592596685076  2.389093922651958  2.811558011049695 
 0.592815479557908  0.122312462650915  2.081824390243869  2.175408841463391 
 1.941106271186394  1.503696949152552  2.336831355932183  4.623891525423670 
 1.819478012048227  1.187207132530138  1.140232668674638  3.543870481927835 
 1.544923099999983  0.296914985000019  3.377732000000070  3.728739499999967 
 2.182270666666632  2.064802000000008  4.005418000000010  2.772655999999960 
 1.037065962576683  1.329493619631912  3.669546625766918  3.304814110429476 
 0.818947392344496  0.086773051578947  1.833971770334939  0.751981019617226 
 1.754306422018343  1.013115565749239  2.178477064220183  2.841459938837926 
 1.285431481481474 -0.061754983355118  2.043607407407389  2.155518736383490 
 2.057958241758242  1.599057857142854  1.552660451098897  2.039984505494500 
 0.924046285714297  0.097888887637364  1.992868406593385  2.986800549450536 
 1.124770112107618  0.664407937219721  2.767954484304928  1.936453139013451 
 1.942456402439020  1.118832682926824  4.218430487804882  1.862628658536596 
 0.156987740619307  0.077562886894353  1.258068916211299  1.320109927140256 
 2.393251123595514  0.873448380337082  3.598205056179790  2.965685393258431 
 1.095432117647049  0.495410087647056  2.263267058823525  4.094161176470609 
 0.408417736882548  0.123415071055983  1.592636004390774  1.723680131723370 
 1.571331047619055  1.171252222222225  3.267676190476173  2.522546984126990 
 0.893600398126460 -0.029256473278690  2.799562529274002  2.025888056206093 
 2.147767381974240  0.433257097081544  3.192124034334778  2.050864377682410 
 1.528152616279074  0.121356203284883  2.419573546511623  1.354232508720929 
 1.290223373076923  0.380082566153846  3.805362307692320  2.539563461538455 
 1.863075816993467  1.121240875816997  4.576386274509803  3.280557516339867 
 2.098564197530865  1.673298765432095  4.076017283950627  4.465609876543191 
 2.518830898876402  1.722652640449438  2.825197191011234  2.111325393258427 
 0.774852858736059  0.208994957620818  2.914280297397758  2.890145724907081 
 1.778808571428570  0.380265763510205  1.303744640816327  1.543096979591841 
 1.791585714285713  0.193316653233083  2.026418796992479  3.366296240601510 
-0.023734341079460  0.073113638743628  0.953082308845580  0.998226536731638 
 0.680887836166926  0.149135941020093  1.137861406491497  1.223431916537866 
 1.259939734513277  0.802461563421829  1.487004336283182  2.332746902654862 
 0.944117523809523  0.217452267301587  0.728827478095237  2.044337777777776 
 2.433272519083971  2.092152671755725  3.014919847328243  3.549214503816782 
 1.517608070175438  0.077769594385965  1.341366982456141  2.595949473684227 
-0.224461582984295  0.068976761736474  0.562257780104712  0.879646579406636 
 1.584753787878789  0.129260365151515  2.839114393939395  2.751249999999999 
 1.021070752941178  0.583590752941177  1.893544235294120  1.615281764705880 
 1.128868051162793  1.541730697674419  2.455723720930233  2.299615348837210 
 1.838349859154930  0.541052102535209  2.296809295774640  2.138272957746477 
 0.654307864077671  0.093353709805826  2.171107073509018  1.541042024965326 
-0.546525017985611  0.075859061237689  0.524147384262594  0.528161602517985 
 1.637364666666665  0.994121515151516  1.979576969696969  1.062913907272728 
 1.486123000000000  1.861396666666663  2.167802777777778  3.214555555555555 
 1.452479828571428  1.734801142857141  3.075775428571432  3.670400571428572 
-0.192994741224490  0.067152372032653  0.896183053061223  0.590849528979589 
-0.256704106371490  0.066745834589633  0.500535250539957  0.461550300431965 
 1.060393145539908  0.493583456338028  1.232265915492957  3.300161502347418 
 1.038939178644765  0.532987907597537  2.215513141683776  2.450261190965092 
 1.186651959459460  0.796258918918919  2.670851351351351  3.217854054054056 
 1.695016750000000  2.256999166666667  3.278572500000000  2.173009166666667 
 2.003714761904762  0.841055809523809  2.635063809523813  3.636848095238096 
 2.602832231404958  1.042001991735538  3.320552892561984  3.896685123966945 
 2.557974789915967  1.567941092436975  1.955447899159664  3.424637815126049 
