-0.110322752970587  0.073089098838427  0.964795130483021  0.663639625208315 
-0.385211779479058  0.069651990061002  0.530957152164723  0.574016192256226 
 0.945464582202009  0.220286104781304  1.014746150226156  2.425374057315184 
 1.720718970588212  1.267410558823534  2.867520294117694  1.308353687352741 
 0.349602734237717  0.090114280930232  1.039313566537488  1.659470542635659 
 1.177092475438591  0.309573637456146  3.266166315789488  1.619854315789523 
 1.091251207834609  0.263778057138196  1.350577083786712  1.478784874863969 
 0.251270661426261  0.083913647776336  1.401428762830920  0.957991021069690 
 0.778711510785177  0.133978530301986  2.327812510785115  1.744783520276061 
 2.161450980392137  0.924812755793223  2.276632263814628  2.968726737967906 
 0.667098687620161  0.129310881527975  1.735176910953482  2.203569739952717 
 2.274053333333315  1.850408888888896  2.456070185185178  4.097594444444414 
 1.605881471389658  1.007371880109000  1.263295103542208  3.337420980926483 
 1.296283184466009  0.342492845436900  3.333084077669926  3.249140970873774 
 2.191864361111105  2.057553888888891  3.158835000000002  2.404876555555542 
 1.789140510204081  1.459595523809526  4.307677551020428  3.573507482993213 
 0.758372856209149  0.170649696888889  2.177717777777787  0.925625715294116 
 1.245073769371725  1.672708926701574  2.709851047120422  3.361190575916228 
 1.583229337094493  0.136363999210156  1.793487376586732  2.288724682651647 
 1.987452839116722  1.492876246056780  1.588044072870660  1.997142334384856 
 1.098238441576088  0.224754243342391  1.994106983695646  3.093399864130427 
 1.172645371669001  0.907703197755957  2.223661991584855  2.308269985974754 
 1.981154760479040  1.042812679341316  4.180978143712577  2.175347185628746 
 0.011234913529128  0.073371605016370  0.792338988348581  1.119111275878674 
 2.384322222222218  1.071840552845529  3.337061788617893  3.608747696476967 
 1.521583265822783  0.530744137113923  2.376701721518982  4.006520759493671 
 0.429054034882110  0.091963712876560  1.694481692094312  1.488580305131759 
 1.373735427710844  1.121437309236947  3.279573092369478  2.522757228915662 
 0.980425511033682  0.142533286596980  2.691896283391406  2.477990127758415 
 2.055470399999998  0.398340927640000  2.963377000000001  2.338408000000000 
 1.591043304347826  0.378688467304348  2.194821913043479  1.414348022608695 
