 0.234543969680721  0.087392615774880  1.074794219995319  1.342342013516707 
-0.253815024106648  0.070485478442938  0.693014027976297  0.662934881910748 
 1.675590392156814  0.824850050008530  1.910713182438140  3.599346121057089 
 1.342011475698033  0.423389836851087  2.699203102378486  1.547727374715580 
 1.176009565095657  0.282952702291179  1.329753235977610  2.280863593093793 
 1.809039713004484  1.068214797937221  3.802291210762338  2.332939417040369 
 1.932295900621120  1.469619060559006  2.290432554347829  2.379079992236016 
 0.583903079882743  0.130634785028215  1.757869919384393  1.090996528471967 
 1.242716753987429  0.318457826776219  2.726153117448043  2.831385935234404 
 1.944781501759254  1.429026419444444  3.413213981481480  3.711917129629628 
 0.708108929406049  0.133701559805255  1.988337760979120  2.019089092872567 
