 0.233821267171829  0.087210346069016  1.074886800652813  1.341911314991884 
-0.253841967629631  0.070490906679686  0.692949586129626  0.662875043925917 
 1.671924472789066  0.821103643418372  1.906938650510152  3.598360459183644 
 1.343694424053911  0.425143237672371  2.700433385173661  1.547764978071504 
 1.173181337360591  0.282582959623605  1.329713152741645  2.274330566914496 
 1.809210215439856  1.069306076929983  3.802171992818678  2.332456059245971 
 1.933564604037269  1.469623625776397  2.289646141304350  2.381691172360239 
 0.584521239138373  0.130350972377509  1.758039726177441  1.092988038043081 
 1.244801471386999  0.319234732104752  2.727642192046558  2.833956450048488 
 1.947245664411487  1.428620141797961  3.413153753475439  3.712942539388322 
 0.708610323076093  0.134564699617382  1.994496501983410  2.021772196177423 
