 0.003846581256816  0.077232645636616  1.117133262295041  0.714847410382610 
-0.359081077843428  0.069657197118554  0.571482794475621  0.586445874800574 
 0.959407225337416  0.212883422191074  1.137617847975016  2.379709345794360 
 1.684699089403962  0.795762755000005  2.860140894039762  1.335577777648895 
 0.382338889943263  0.095059501485301  1.122037197524514  1.648109902011347 
 1.488667786118977  0.499502495637398  3.577224079320124  2.380602974504291 
 1.193937348643011  0.299187137379960  1.488110093945712  1.370194916492679 
 0.371627842167492  0.087206739695565  1.609228275862082  1.089595055270934 
 0.986032065048561  0.089203669621361  2.739762135922280  2.194032524271800 
 2.151747947214055  0.675571544428149  2.462340615835784  2.742569354838704 
 0.618416371790792  0.117887476565718  1.871683844468768  1.925254435925511 
 2.262601483679509  1.788986706231460  2.520433887240350  4.028230563798206 
 1.613856653696508  0.814219758754869  1.453978566147842  3.361534630350227 
 1.281756392405057  0.359222361234183  2.993626898734194  3.336187816455689 
 2.219307623762369  1.943997846534656  2.996845792079212  2.347254356435633 
 1.800048775510204  1.456685551020410  4.253453935860071  3.542844897959200 
 0.838243868822999  0.200311227610063  2.435131446540890  1.242626692722370 
 1.304067257991801  1.627649959016394  2.835661475409835  3.216032581967211 
 1.558677790178566  0.209187919687501  1.988377109374992  2.074329017857159 
 1.888141466992668  1.442098850855744  1.550262789975549  2.172530537897309 
 0.977121034800409  0.207392330051177  1.990570112589554  2.859616171954960 
 1.131305175213676  0.997526168091164  2.469783333333340  2.267366809116812 
 1.924738059210526  1.369684934210525  4.100455263157893  1.967542730263159 
 0.024958305775211  0.074763578289205  0.810739308662816  1.129985668591740 
 2.443856403269752  0.925307849318801  3.385626158038149  3.403609809264309 
 1.535355241157556  0.566488796334405  2.341425659163986  4.150806430868168 
