 0.012668983183849  0.075728497117154  0.951234155829574  0.963570227578525 
-0.345054275468063  0.069654030871780  0.587882026459243  0.587815796585887 
 1.066972459369762  0.224124090381430  1.424207848258658  2.770063349917047 
 1.695578950437306  1.034298029154522  2.662008892128305  1.445058260495528 
 0.414317856122905  0.098535455842747  1.052571089742449  1.679073497514685 
 1.510926643356642  0.533473171375294  3.640088461538470  2.203510337995372 
 1.389929086629007  0.398194916723166  1.455003963276834  1.613092787193960 
 0.405222499834851  0.093237488667216  1.603502080924863  1.057832064079269 
 0.894916771428584  0.226691245352942  2.649979411764679  2.538891344537762 
 2.367259720062189  0.742149718195955  2.730141368584762  2.883651788491437 
 0.646802552201575  0.128582913984673  1.835136785880148  1.939308685555032 
 2.140604442231064  1.629405059760959  2.666250099601586  4.081240438247013 
 1.839919372262780  1.316758540145989  1.580914302335753  2.844675328467175 
 1.401730299003320  0.414168029966780  2.521073399778524  3.613241971207082 
 2.239921366594353  1.894205271149675  3.477095661605206  2.263116876355742 
 1.849200484171323  1.205172845437618  4.098936871508372  3.482220856610800 
 0.900736008510636  0.190855191723405  2.506465744680854  1.348283117021275 
 1.265290117090393  1.511234604519774  2.801832627118646  2.861021892655364 
 1.523356316695350  0.307956539191050  2.296971772805506  2.259170567986232 
