 0.026752959588994  0.078183246660970  1.228180393835478  0.591832025685233 
 0.254750400602409  0.091157523584324  0.671216972891498  1.626960240963657 
 0.947135087719098 -0.030351665672505  1.767628947368251  2.267501169590556 
 1.739361827956944  1.115991935483883  2.825580107526974  1.908446774193186 
 0.157431849927411  0.079630092177067  1.174636357039235  1.389980986937593 
 1.172189161290296  0.068926836774213  3.488383870967791  1.865649677419533 
 0.600585782312946  0.128530414036286  1.083014965986374  1.441045578231274 
 0.398075088560919  0.105052226162350  1.758442804428187  0.612629085608846 
 0.625871965384688  0.132189078846163  2.678379615384412  1.333784884615220 
 2.760479816513669  0.912524651376135  2.434422935779859  3.067909174311881 
 0.641257876704512  0.033260340281250  2.276635511363573  2.010926420454504 
 2.181793617021160  1.631767446808534  1.612613191489312  4.523525531914751 
 2.197176623376698  0.926837012987050  1.125388636363504  3.275689610389875 
 1.499605411764660  0.262222011764750  3.648871764706051  3.790472941176391 
 2.675571830985842  2.173295774647908  3.894295774647905  2.516066197183012 
 1.512295794392515  1.018697943925251  3.972337383177645  3.430536448598168 
 1.108909341317359 -0.021487714371258  1.909067065868291  0.866663772455092 
 1.873887368421044  1.115790421052640  2.318148421052627  2.911546315789487 
 1.057259063291132  0.025722878481014  1.936548101265805  1.660396455696252 
 2.494165625000000  1.367135312499992  1.406347953124991  1.760185624999993 
 0.933751980676349 -0.046254870531399  1.929850241545853  3.005146376811558 
 0.784175258823510  0.720754058823503  2.826375882352936  1.806042941176466 
 2.052624545454537  1.175637818181810  4.269734545454547  2.071381818181833 
 0.180767240567373  0.082531972175886  1.489505815602850  1.055612539007093 
 2.520494827586222  0.977962068965523  3.784918103448300  2.949652586206907 
 1.117186979166650  0.370309139583327  2.040419791666659  4.104027083333373 
 0.314381777414076  0.087652691198037  1.543532242225850  1.544141080196386 
 1.828752795031069  1.225325341614907  3.164611180124187  2.669050931677037 
 0.718940915254233  0.042601430508472  2.757733050847439  2.339080932203387 
 2.003852287581691  0.348854489019607  3.265095424836625  2.003045751633997 
 1.810632666666671  0.056812334666665  2.379481999999982  1.375117399999995 
 1.692758526315788  0.200835514736840  4.102616842105296  2.546494736842087 
 1.850460000000008  1.064398186666675  4.823109333333326  3.351277333333333 
 2.420940000000002  1.929222222222217  4.417660000000019  3.992433333333305 
 2.371738345864662  1.793818045112783  2.756516541353387  2.379782706766915 
 0.791375427272729  0.332909256363637  3.557828181818160  2.868980909090961 
 1.745065979381439  0.095458700618558  1.315080824742269  1.317253711340222 
 2.198621126760553  0.206832707887326  1.812047605633808  3.879209859154932 
-0.032867901498637  0.075341755851498  1.122532343324258  0.995936730245238 
 0.363990447761198  0.088437717462687  0.905834179104473  0.950124029850745 
 1.366371344537817  1.421024873949581  1.652295966386544  2.719487394957967 
 0.746478516746409  0.096966029665071  0.685943720574159  2.173199521531097 
 2.563810714285717  2.143561904761907  3.072122619047616  3.598054761904738 
 1.536829946524063 -0.009101740641711  1.271303636363632  2.535144385026764 
 0.011980885271314  0.072211691874418  0.815673193798447  1.214495038759704 
 1.216027522123894  0.514034362831861  2.935238938053097  2.358357522123899 
 1.272816647058823  0.990348235294117  2.081358235294124  1.909666470588226 
 0.992897698795185  1.247801506024095  2.548831325301205  2.495981325301204 
 2.292089830508473  0.331595457627113  1.988983050847438  2.455352542372868 
 0.427601492462315  0.080575107336684  1.991453015075377  1.109033266331658 
-0.593075043103448  0.092823912931035  0.496658281609203  0.484653264367814 
 1.776668702290074  0.844207557251909  1.992906870229012  1.131141832061069 
 1.497624210526313  2.066388596491221  2.416222807017550  2.945084210526319 
 1.044740377358490  1.163872075471696  3.188787735849059  3.606767924528295 
-0.236694631105399  0.067943212339332  0.830108727506424  0.875462480719790 
-0.025787394542253  0.073923597834507  0.771277658450708  0.638511651408451 
 1.079304955752217  0.394933203539823  0.934721132743359  3.309156637168148 
 1.244989715447157  0.580864308943089  1.683517886178857  2.658634146341467 
 0.792493969135801  0.460330333333334  2.419340123456800  3.101105555555556 
 1.687920879120878  2.239626373626376  3.410199999999999  2.014434065934066 
 1.763554609929078  0.818354397163122  2.510091489361707  3.594926950354611 
 2.710937209302325  1.097856523255814  3.338946511627908  3.890458139534883 
 2.484464285714286  1.861955714285715  1.844087142857142  3.146402857142853 
 1.701739634146341  2.132419512195124  1.897565975609754  1.755232195121952 
 0.337634219026548  0.109531369446903  1.134947876106192  1.923565265486733 
 2.020261068702295  0.188968307633588  3.048211450381685  2.889510687022886 
 2.667055000000000  1.417590833333332  3.263484999999999  1.324237500000000 
 1.418180930232559  1.348117325581393  1.380316976744187  3.709427906976754 
 1.109900340909090 -0.214978339602273  2.646966477272736  1.698076136363634 
 1.371347560975610  0.432950973902438  3.170396341463414  1.272592865853658 
 0.710119642105263  0.134075875438596  1.287176912280703  2.578981052631579 
 1.475865234375003 -0.043228849843750  2.207121093749997  2.311447656249996 
-0.060835633548389  0.074464822989248  0.460474337204301  1.026857075268819 
 1.001020429687503  0.508843554687501  1.373999960937506  2.008050390625005 
 0.945389465555555  1.671015555555556  3.469397777777776  2.828563333333332 
 1.704052692307693  1.938569230769231  4.043078846153841  2.948423076923079 
 2.257386842105261  1.470654736842105  2.929673684210529  5.149955263157895 
 0.700590423076919  0.096194326538462  1.327672615384623  0.891469576923077 
 0.462075211220658  0.248359544600939  1.991113615023476  2.513075586854458 
 1.621258461538462  0.209328451282051  2.279778461538461  3.132748205128205 
 1.317364589041097  0.408817825342466  2.486746232876712  1.856251027397259 
 1.288052075471699  0.986327169811323  3.706207547169813  1.792641509433962 
 1.034231590106008  0.360484239081272  2.284245936395766  2.494726148409899 
 1.554216893203885  1.387976213592232  2.808039805825242  1.044400757281553 
 1.471119078947369  2.293082894736840  2.852863157894736  3.921122368421051 
 1.025042280701753  0.317133407894737  2.595967543859650  0.590933067543859 
 1.197133636363636  1.158154454545455  2.630740909090908  4.419398484848488 
 1.576952705882354  1.024904117647059  0.886978401176471  2.389912941176469 
 1.623386057692307  0.442652913461538  1.646237500000001  1.914844230769231 
 2.116913829787235  0.345751117021276  2.915255319148936  3.866008510638299 
-0.341447445767195  0.062864462341270  0.812934193121694  0.497205714285715 
-0.278010997557004  0.062466105553746  0.446118278501629  0.425237840716613 
 1.270540337837837 -0.202217737162162  2.921245270270267  2.725208783783787 
 0.997186739130436  0.468058108260869  2.265334347826088  1.282048565217392 
 1.002406989795917  0.574305153061224  1.558299336734692  1.321854030612245 
 0.924132807017545 -0.008059798000000  1.314233263157893  1.826220701754388 
 0.485070669456067  0.091028697698745  1.651728451882845  1.987320292887026 
 1.604651388888888  1.175225833333333  4.229227777777780  1.024086916666667 
 1.441863953488371  0.834853139534884  3.588587209302327  2.561722674418604 
 0.819534029850746  0.524099626865671  1.956395522388063  2.063374626865674 
 2.315555208333334  1.450905625000000  2.423321875000000  3.890612500000000 
 1.373090894736845  0.541901605263157  2.946206842105262  3.072672105263155 
 1.666080444444447  0.591171111111111  2.475445333333331  2.442801333333334 
 2.582724742268042  0.705212327835052  2.896671134020618  2.245003092783505 
 1.176954074074074  1.240087407407409  2.268195555555555  3.315679259259260 
 0.690377115384617  0.110207836240385  1.624401923076921  1.335753389423076 
 2.086581355932202  1.173762288135593  1.835581355932204  2.311334745762714 
 1.830351063829787  1.433172482269503  3.177753191489363  3.496295744680852 
 1.837880434782609  1.355663260869565  3.964771739130434  4.462376086956523 
 1.436263205128205  0.376208865384615  1.665324358974359  3.322833974358972 
-0.353960775969963  0.056824753274481  0.494675362077598  0.743758235294117 
 0.490552450611247  0.151316444987775  2.064628117359414  1.594022982885085 
 1.073475865384615  0.106398175961538  2.813711538461536  3.655146153846154 
 1.252536115702478  0.357528769421488  0.752837471074380  1.591794545454547 
