-0.158993132884279  0.071339941564609  0.905405633802766  0.631853988854976 
-0.132938254492754  0.069813238992026  0.573145380289840  0.945383876811548 
 0.637352762824846  0.144995104049413  1.484454199785114  2.198056928034332 
 1.685971114982550  1.248654216027883  2.750484668989602  1.290133198606035 
 0.338496225352097  0.083405912806066  0.915577858071537  1.745571289274110 
 1.219198508620679  0.427031949195411  3.350511206896575  1.442366436781687 
 1.047388933500637  0.235794086700128  1.684848933500610  1.573844542032610 
 0.139703506723345  0.079346272746520  1.350846970633718  0.846584188562596 
 0.682686386153874  0.210665590769234  2.455035538461458  1.321952353846090 
 2.077146741573015  0.930966876404491  2.263607640449450  2.797762921348304 
 0.611673189468181  0.072614598028155  2.062809489051064  1.891454327424386 
 2.513993749999974  1.580038125000006  2.363246428571419  3.789375892857114 
 1.755202420634941  1.218634603174616  1.233910924603135  3.409852380952462 
 1.749483050847443  0.444393447796623  3.227210508474623  3.691174915254214 
 1.981013693693670  2.201896396396402  3.724592792792798  2.614658108108081 
 1.217292678339349  1.341199241877262  3.461848375451290  3.413937545126373 
 0.579203094750321  0.094301072786172  1.874623303457111  0.891494194878362 
 1.306845307901903  1.588823378746598  2.309092915531332  2.861181198910079 
 1.399394228395054  0.028827158086421  1.943656327160482  2.305016358024721 
 1.857587960199006  1.677290049751241  1.619294697014922  1.936460696517410 
 0.773363761980836  0.177331565271566  2.149518849840244  2.760437220447278 
 1.147672005730656  0.735627994269335  2.230041404011457  2.133704297994263 
 2.003020474137929  1.073067362068962  4.087065517241381  1.902899396551732 
 0.066439550409062  0.077756279351794  0.973513530522343  1.185765707992452 
 2.569639525691705  0.942579548221346  3.291811067193686  3.083588537549408 
 1.264527857142852  0.623374078968253  2.247499523809519  4.134522222222235 
 0.330760064857531  0.095736196677069  1.522578086838533  1.471473066485744 
 1.453813357142862  1.166770172413797  3.179115024630533  2.417183251231532 
 0.977978973372778  0.097946944585798  2.773763313609464  2.077390976331365 
 1.956224672489083  0.333431323406113  2.852286026200877  2.172299344978172 
 1.539642780373835  0.292587895934579  2.256522429906538  1.157368959579437 
 1.294048601208459  0.339981166465257  3.732172809667681  2.598426283987913 
 1.929451009615387  1.205428576923079  4.487581730769227  3.261326442307690 
 2.287967114093959  1.562595912751675  3.689954362416111  4.415273825503347 
 2.498600934579438  1.816947663551402  2.777374766355139  2.192994205607473 
 1.170463248175180  0.315270436496350  2.816768248175182  2.991519890510953 
 1.845193993993993  0.585094497897898  1.388795576576576  1.876515135135138 
 1.813080494505494  0.257770153186813  2.111781043956045  3.345213736263739 
-0.432708021256495  0.069558208685078  0.518166751676903  0.514508414454418 
 0.771866570512821  0.148375773621795  1.132931891025641  1.166484150641028 
 1.143517305389223  0.338058407784431  1.364341536926148  2.986240718562874 
 1.040352593457944  0.224147271495327  0.869543237383177  2.120562616822430 
 1.573049382022472  1.973421910112359  2.688688202247190  3.920046629213482 
