 0.008944727946081  0.074702808333345  1.242271936026800  0.613146786195582 
 0.229292973529411  0.085081802735282  0.681014808823462  1.612874999999806 
 0.964781938461327 -0.041432398953836  1.776435384615206  2.264841846153753 
 1.739361827956944  1.115991935483883  2.825580107526974  1.908446774193186 
 0.187679799224789  0.081850114483203  1.172085762273944  1.394756718346255 
 1.177660617283925  0.060288689506191  3.470312962963009  1.871907407407578 
 0.691955026595769  0.157694383218091  1.010279627659554  1.441412234042533 
 0.418057553633249  0.102526727647048  1.736584775086639  0.614118457439437 
 0.631684328185401  0.131031677606186  2.682409652509449  1.339205752895588 
 2.760479816513669  0.912524651376135  2.434422935779859  3.067909174311881 
 0.628654925905259  0.051712569830083  2.250193871866234  2.018386629526422 
 2.176380851063713  1.561696170212790  1.621645106382929  4.558285106382836 
 2.165021917808298  1.041262191780861  1.041604452054655  3.189797260274251 
 1.429289999999958  0.222578456521779  3.561288043478417  3.827878260869492 
 2.675571830985842  2.173295774647908  3.894295774647905  2.516066197183012 
 1.541100454545447  0.997099818181835  3.924936363636437  3.464560909090945 
 1.103033274853795 -0.027361742105263  1.893000000000027  0.876555789473686 
 1.871547395833325  1.116843958333342  2.309742187499995  2.911993229166680 
 1.043923861386131  0.057377275990101  1.908021782178201  1.621156188118861 
 2.487271875000000  1.361254062499992  1.405387015624991  1.753596562499993 
 0.946813601895754 -0.027779053080567  1.912985781990482  3.009985781990486 
 0.785702153846135  0.722670887573938  2.826631360946740  1.804563313609463 
 2.052779816513753  1.171325321100909  4.265783486238534  2.066607339449556 
 0.169845046131384  0.078741629013138  1.500994452554757  1.071075766423359 
 2.523698260869580  0.973872173913050  3.786119130434807  2.948006956521750 
 1.069973050847443  0.291837571186436  2.234199999999994  4.064383898305117 
 0.316327413479054  0.160446880568307  1.546014754098349  1.585245719489967 
 1.822942592592606  1.219355740740741  3.161491358024655  2.672102469135820 
 0.728050953586494  0.033557893713078  2.751646835443019  2.295990717299576 
 2.003852287581691  0.348854489019607  3.265095424836625  2.003045751633997 
 1.813958666666672  0.055871601333332  2.371579333333315  1.371822066666662 
 1.685214020618555  0.204161895876287  4.104082474226836  2.557501030927818 
 1.839893333333341  1.022369386666675  4.817710666666658  3.362318666666666 
 2.420940000000002  1.929222222222217  4.417660000000019  3.992433333333305 
 2.377627067669174  1.791180451127820  2.756541353383462  2.373839097744359 
 0.815099884955754  0.324077058407080  3.549626548672546  2.881062831858459 
 1.601827586206893  0.146612945241380  1.163776137931035  1.401487793103459 
 2.190956962025308  0.275878408354432  1.728550379746840  3.787084810126585 
-0.022042116815286  0.075325583445859  1.109262471337587  1.019567133757968 
 0.489524676056343  0.104688081971831  1.017593549295768  0.842092000000000 
 1.370653500000002  1.445600333333333  1.574198416666656  2.683317499999984 
 0.806250092592590  0.109789079629629  0.652354822222219  2.118121759259258 
 2.588497435897438  2.169139743589745  3.050865384615381  3.588099999999974 
 1.544337368421052 -0.002319765789473  1.273444736842101  2.547557368421078 
 0.061037025240051  0.074741634074074  0.785702825788750  1.186427503429369 
 1.218974127659574  0.516096195744683  2.936870212765958  2.385968510638304 
 1.273834093567251  0.991170935672514  2.078498830409363  1.914048538011687 
 0.994517684848489  1.249948424242423  2.556513939393940  2.495780606060606 
 2.294447826086955  0.329914295652168  1.983085217391284  2.446871304347812 
 0.437377398009953  0.083802419552240  2.002621890547263  1.116015049751242 
-0.595567928902628  0.101202869242659  0.493851381761986  0.466109261205562 
 1.783378676470586  0.816404411764706  1.977881617647063  1.115801250000000 
 1.492091612903223  2.038524193548381  2.403548387096780  2.966482258064519 
 1.057781037735848  1.171677924528299  3.186254716981134  3.611898113207540 
-0.235106784438776  0.067243862001276  0.834557168367344  0.875527538265302 
-0.008595782862191  0.075954301395759  0.778275512367494  0.642907452296820 
 1.086572695652179  0.408722017391305  0.933215460869561  3.327950434782615 
 1.271987913385830  0.575874685039370  1.688499999999995  2.675074803149610 
 0.707116687499998  0.388747001388890  2.493244444444456  3.100324305555556 
 1.685329787234042  2.237490425531917  3.414806382978723  2.035272340425532 
 1.788346853146853  0.856622727272729  2.562367132867138  3.593069930069931 
 2.700375000000000  1.097907965909091  3.332407954545455  3.895451136363636 
 2.491464788732395  1.865319718309860  1.844390140845069  3.173670422535207 
 1.706196913580247  2.139186419753088  1.903051975308640  1.753478271604939 
 0.348815411504424  0.094347094004425  1.110845663716812  1.938485398230096 
 1.967276129032261  0.205466376129032  3.053437419354843  2.896403225806439 
 2.666998360655737  1.413417213114753  3.262286885245901  1.334143442622951 
 1.408802795698926  1.371198817204299  1.440403118279570  3.693008602150547 
 1.101038842105262 -0.217777057210527  2.578412105263166  1.694160526315788 
 1.371720000000000  0.430622937696969  3.168156363636363  1.273448666666667 
 0.719189923611111  0.129282036458333  1.276901770833333  2.580546527777779 
 1.478500000000003 -0.045619852170542  2.209241472868214  2.307339922480616 
-0.107089998046877  0.074836428750000  0.452611767187500  0.981630781250000 
 0.968300355731227  0.491253952569170  1.356632648221350  2.006208695652178 
 0.958429590322581  1.669288172043011  3.479740860215052  2.830032258064514 
 1.702637938144330  1.911126804123711  4.139548453608242  2.951931958762890 
 2.257386842105261  1.470654736842105  2.929673684210529  5.149955263157895 
 0.649472783783781  0.122341914151352  1.496835135135140  1.114993810810813 
 0.477437323756614  0.233539582010582  2.017820105820109  2.557415343915343 
 1.618386138613862  0.213088828217822  2.247135643564355  3.142137623762374 
 1.317577181208055  0.406045553691275  2.490474161073825  1.856172483221476 
 1.278686111111112  0.977444259259261  3.710333333333335  1.793500925925926 
 1.034605070422536  0.363664153732394  2.289478521126766  2.497186267605639 
 1.554557115384616  1.387695673076922  2.802530769230768  1.047735365384615 
 1.466683108108109  2.304504054054052  2.851162162162161  3.925464864864864 
 1.025115826086955  0.316717291304348  2.592649565217392  0.592880345217391 
 1.221779714285714  1.194432428571428  2.586881428571428  4.375680000000002 
 1.488596363636364  0.859216477272727  0.817488796590909  2.168697727272727 
 1.614827777777778  0.445543824074074  1.641773611111111  1.921131018518518 
 2.092506930693070  0.307843792079207  2.877693069306932  3.865519801980199 
-0.334088977777777  0.062573332666667  0.814954013071896  0.491120967320262 
-0.271307401743265  0.064178558716323  0.440207264659271  0.441821575594295 
 1.214970333333332 -0.213761387333333  2.908546666666663  2.775442000000004 
 0.997028942731279  0.475500559471365  2.266145374449340  1.280869030837005 
 0.977423019801979  0.577341534653465  1.557688613861385  1.326332772277228 
 0.928319227941177  0.006731288860294  1.352052205882351  1.839203308823531 
 0.486074877505568  0.103405843875278  1.657061692650334  2.048903786191536 
 1.604651388888888  1.175225833333333  4.229227777777780  1.024086916666667 
 1.443807954545453  0.829588409090909  3.581090340909092  2.567776704545454 
 0.840625846153846  0.547039346153846  1.958648461538465  2.081348846153849 
 2.332294623655915  1.456467096774193  2.422461290322580  3.886408602150539 
 1.290910550000001  0.463507418500000  2.865766500000000  3.197425999999998 
 1.666496929824564  0.586510657894736  2.483115350877191  2.450472368421054 
 2.574476041666667  0.690693706250000  2.888392708333332  2.253484374999999 
 1.152492318840579  1.137228333333334  2.283855797101450  3.260018115942029 
 0.569781930379747 -0.066023300316456  1.571557911392405  1.494368037974683 
 2.085247058823528  1.174709663865546  1.829880672268908  2.311244537815128 
 1.853429166666666  1.523806319444444  3.216115972222223  3.464249305555557 
 1.837880434782609  1.355663260869565  3.964771739130434  4.462376086956523 
 1.389026164383561  0.401982504794521  1.679456164383561  3.395569863013697 
-0.389722866492147  0.049071719157474  0.513697951963351  0.726058534031413 
 0.495928867554479  0.152775036319613  2.061798305084746  1.596011138014527 
