-0.110279948944460  0.073068331671115  0.964939666666623  0.663651313888986 
-0.385142165904294  0.069666352485329  0.531018261541161  0.574040324489774 
 0.951260402402300  0.223592242447454  1.014368419819732  2.421858708708660 
 1.727715217391282  1.242338637681164  2.874971594202944  1.305077112173716 
 0.346256631829888  0.089795907396906  1.042883583118577  1.658738208762887 
 1.180460414089342  0.296261426718219  3.252841065292110  1.637729398625477 
 1.074726413043484  0.260627577619568  1.345465119565205  1.479116065217377 
 0.252636372330102  0.084465547839265  1.401835134843599  0.957119476806902 
 0.782029160979895  0.132776769221349  2.336640769903716  1.764804199475027 
 2.156562943262391  0.923417386524820  2.271021808510649  2.966861347517722 
 0.658564041804439  0.129097612050080  1.729922178060388  2.204081399046103 
 2.269208088235276  1.850238602941183  2.448731801470581  4.098070955882323 
 1.607873841961865  0.996488256130798  1.260230335149838  3.329052043596783 
 1.286453339843739  0.349481471484381  3.341428906250023  3.247180664062488 
 2.194267513966474  2.060308379888270  3.154277653631287  2.404063296089372 
 1.787349186440677  1.459327742372884  4.306241016949173  3.571678983050863 
 0.753993651315788  0.165659952447369  2.198507500000009  0.934358858157893 
 1.245073769371725  1.672708926701574  2.709851047120422  3.361190575916228 
 1.568164355062407  0.121776772038836  1.804232343966703  2.271956449375891 
 1.985751424050636  1.496372974683542  1.588945794620250  2.006186803797466 
 1.104226114482760  0.223285132551724  1.984117710344822  3.096242206896544 
 1.175147423398325  0.904151337047351  2.217130779944292  2.298026601671308 
 1.958881900584794  1.062796075730994  4.175225146198831  2.170193157894740 
 0.011429126756497  0.073451137448989  0.792006216939366  1.119350202117424 
 2.382291869918696  1.071384840108402  3.338649322493231  3.609160162601628 
 1.522849722222221  0.529840465050504  2.378272424242418  4.005690404040404 
 0.430891014822548  0.091789948690327  1.705310925539316  1.482040501043838 
 1.379025471287129  1.113114198019801  3.254475247524753  2.512954059405941 
 0.987420170387779  0.148624225334900  2.685127497062280  2.503621034077553 
 2.085605979381441  0.395822418185567  2.969595051546392  2.352118350515462 
 1.578263498293516  0.385707448122867  2.164188054607508  1.393915585324231 
