-0.161934259569394  0.071008994422851  0.907562069377941  0.644154746291971 
-0.134386921334311  0.069543980945012  0.575181935337228  0.954368130498487 
 0.927881940691816  0.182994211696877  1.139851504118523  2.527292751235529 
 1.676912838283801  1.233544587458754  2.773946534653517  1.288831148514627 
 0.340200754832132  0.093736272594098  1.056119430315394  1.807640691759922 
 1.045984467961158  0.318752199514569  3.108211650485456  1.457103671844715 
 0.960058208430923  0.213287293969558  1.501441100702561  1.488943407494135 
 0.175511087189155  0.083292186235115  1.326617008289398  0.826928070836473 
 0.651351529940138  0.126149304560880  2.230140219560826  1.506109920159637 
 2.120035497835478  0.863112158008655  2.242013852813864  2.806304978354969 
 0.593423571953111  0.121888082455730  1.754143576388867  2.067435329861103 
 2.239209293680278  1.756659702602236  2.234084089219322  3.866311524163543 
 1.570576121212135  0.912979445454555  1.195220015151486  3.306403636363697 
 1.756462575757564  0.449460957878799  3.233566666666709  3.639625757575739 
 1.966448658008636  2.185389610389616  3.716544588744593  2.605288744588719 
 1.244235625083610  1.488291404682280  3.282339464882968  3.530996655518412 
 0.625969907801420  0.114662421909220  1.895050212765965  0.825187781843971 
 1.339204455882349  1.574958039215690  2.271303921568625  2.875037254901957 
 1.389010731343274  0.020544382746270  1.919329552238796  2.247885970149281 
 1.901275023474180  1.647439342723002  1.588684807981217  1.971700657276992 
 0.891907974522297  0.247356351751593  1.928549999999990  2.880943630573243 
 1.145506022099447  0.719887582872922  2.235148204419886  2.105052486187842 
 1.934979279999998  1.026374171999997  4.070906400000004  1.838549596000007 
 0.095279791601680  0.078797211349730  0.959378386322738  1.206787702459512 
 2.622318181818187  1.005278653454547  3.234308363636373  3.140238181818184 
 1.276847137404577  0.681248892748090  2.268432366412210  4.153928244274820 
 0.321724279258242  0.083541765997253  1.525982898351647  1.382558035714281 
 1.428148048387101  1.158662373271892  3.196779032258054  2.435506451612907 
 0.850606016194330  0.062273064534412  2.601296491228065  2.215989473684210 
 1.896027701375245  0.320469619882122  2.850555795677804  2.126141453831047 
 1.488336382113823  0.299229928170731  2.193924999999998  1.184180659959348 
 1.309489991957105  0.321537415817695  3.699640214477217  2.585179088471847 
 1.891530262008736  1.217182681222709  4.479271615720521  3.287216593886462 
 2.240156571428571  1.663378171428569  3.522487428571432  4.361727428571421 
 2.474400438596491  1.805371491228071  2.777019736842104  2.218619999999996 
 1.116142885509836  0.309725901967799  2.781120393559926  2.988360107334528 
 1.745359155672823  0.563607316358840  1.366177828496043  1.909714274406334 
 1.771583798882681  0.225097750726257  2.083710055865923  3.372625139664808 
-0.429138107659972  0.069680443197716  0.518200389210650  0.514278272489491 
 0.855755200000000  0.167518920235294  0.767536961411765  1.606294094117647 
