-0.120443667653647  0.071801798600562  0.947190217877052  0.655427869162108 
-0.388623724901045  0.070017088188667  0.526386207016905  0.573544491327793 
 0.941212864864762  0.217173423828835  1.025474876276189  2.445077327327277 
 1.720114139941668  1.264412827988343  2.866006413994216  1.311555841690764 
 0.354847260013477  0.091580589265002  1.018781170600157  1.665888469318948 
 1.166822655234651  0.306522174277985  3.256033212996405  1.588683158844815 
 1.099649167579415  0.269810750175249  1.352846144578301  1.483183406352670 
 0.237227074235109  0.082695718950079  1.379844047235659  0.950637364465914 
 0.753329475452213  0.135646328733852  2.303884323858697  1.711109905254053 
 2.187225899280554  0.930745158273378  2.270778057553966  2.967287769784165 
 0.665228909125972  0.130566497369292  1.736609606299188  2.201872677165352 
 2.267751648351631  1.843244688644696  2.471940109890102  4.107031868131839 
 1.590515094339635  1.002141870619954  1.267514886792427  3.341552291105174 
 1.281092998171837  0.345141814259604  3.301845338208431  3.234572760511871 
 2.197841790633603  2.050971349862261  3.157011019283749  2.400358292011006 
 1.788446677852348  1.460339677852351  4.309301677852369  3.568487583892633 
 0.739424106249999  0.165940604775000  2.131747250000009  0.914467140249999 
 1.249253436434105  1.666886847545223  2.709532558139538  3.362602842377258 
 1.576785100286525  0.133609469541548  1.766843696275061  2.310093123209193 
 1.985157436708864  1.492234113924049  1.584749908544301  1.994714936708859 
 1.091158446071905  0.235598372170440  2.047054114513975  3.094727296937409 
 1.184918474341190  0.907980208044379  2.223143550624136  2.303087239944521 
 1.990149821958455  1.018881676261127  4.169329673590505  2.160222433234425 
 0.007921326397666  0.073765694856101  0.791956973164804  1.117902328633936 
 2.401311475409833  1.058161163934427  3.345887978142084  3.578310109289619 
 1.529621142857142  0.529101732883116  2.382810857142851  4.020225714285716 
 0.414458446065905  0.091615280402152  1.652966509751177  1.487340954942835 
 1.372527229376258  1.122091851106639  3.295386317907445  2.515321327967805 
 0.972960930635838  0.129377428277456  2.678966589595376  2.409033641618493 
 2.003035907335906  0.368749750617760  2.941452895752895  2.342951158301159 
 1.586170989761093  0.364581945904437  2.206706825938567  1.431794459044367 
