 0.048417145454509  0.078703298801063  1.235251330698182  0.622731441370457 
 0.165506898671096  0.077025780016604  0.677270275747470  1.390391860465005 
 0.736107769516601  0.003569507267664  1.562724721189482  2.218850557620760 
 1.630946909871210  1.195385536480695  2.717806437768313  1.613336824034044 
 0.269541271040709  0.089936925339365  1.151154185520399  1.480042081447964 
 1.195808443999985  0.207111741600012  3.426949200000029  1.774646000000111 
 0.815403452991471  0.101388318745303  1.367903162393148  1.420410085470073 
 0.434300596707837  0.103044573292175  1.812601646090615  0.801489955144028 
 0.771576818181880  0.264907486688319  2.622666233766060  1.020493912337527 
 2.657950909090848  0.755115987878780  2.424605454545481  2.839441818181788 
 0.540145407402575  0.162120226343228  2.069897402597357  2.118293320964723 
 2.069476146788941  1.458928899082580  2.154934403669703  4.616288990825627 
 1.943539908256934  1.173266330275257  0.935578597247613  3.280655963302940 
 1.540589818181796  0.379878206060629  3.519649090909177  3.771629090909052 
 2.190941428571391  2.117293571428581  3.986077142857153  2.756287142857100 
 1.268408202247187  1.375860280898886  3.634607303370831  3.194198314606766 
 1.061872075471694  0.060150684528302  1.915116226415112  0.899193577358492 
 1.786381999999994  0.970307966666671  2.209726999999996  2.817253333333343 
 1.081525184466012  0.030015106990293  1.969038834951439  1.775363106796157 
 2.307752845528456  1.221729918699182  1.432411926829265  2.013295934959343 
 0.821892741071441  0.083593837202382  1.979359523809500  2.974010119047600 
 0.905011934523800  0.606008511904748  2.631766964285714  1.799679464285712 
 1.812080999999994  1.193469214285708  4.258928571428577  1.826139000000013 
 0.217955646025103  0.079980068623431  1.497080648535574  1.143316694560668 
 2.477138554216878  0.958813342168679  3.769993373493993  2.914753614457837 
 1.143378478260857  0.300996814492750  2.369750724637677  4.129480434782639 
 0.382784332858991  0.110679556703753  1.587491979301416  1.711716946959885 
 1.624678724137938  1.146676137931036  3.293123103448256  2.489655172413802 
 0.810650295165391  0.059856286692111  2.675874554707372  2.388303562340966 
 2.160763133640546  0.432194315760368  3.148221198156697  2.095606912442402 
 1.593536090225567  0.114655591090225  2.519350751879689  1.420289924812027 
 1.482496031746031  0.438188514285714  3.998774603174622  2.533347089947081 
 1.856106557377053  1.160409049180333  4.658224590163933  3.379622131147540 
 2.119145238095238  1.669894166666663  4.039913095238105  4.471955952380934 
 2.463980254777070  1.671287707006369  2.729317834394906  2.397647133757961 
 0.889163612745099  0.438619681372549  3.322472549019594  2.827897549019635 
 1.681487053571427  0.293471357410715  1.325585133928572  1.536204553571434 
 1.894845893719804  0.248039151014493  1.978635652173915  3.527343478260877 
-0.009810201962457  0.074260282589590  1.051666109215021  1.070262124573381 
 0.570360714285719  0.126941845523810  1.050841761904756  0.896009428571429 
 1.379333902439025  1.101697365853658  1.465514731707311  2.456593658536574 
 0.975426515837101  0.210770893212669  0.633434405429862  1.862488687782802 
 2.240986206896552  2.113222758620692  3.032935172413794  3.661442068965506 
 1.540865934065933  0.074705896117216  1.373723516483515  2.540789010989028 
-0.089852444016652  0.070214299374610  0.628492339021852  0.968487190426645 
 1.413744569892475  0.532305376344088  2.707815053763444  2.265674731182798 
 1.023498491803280  0.660031967213115  1.885594098360660  1.518077639344257 
 1.010929125523014  1.250191548117154  2.497016736401675  2.534284518828451 
 1.866974906367042  0.484999892883893  2.096870786516844  2.101494756554303 
 0.520523115030677  0.113448120812884  2.053289570552149  1.427085276073622 
-0.557095382955772  0.089023494498383  0.527147738942832  0.472644872707659 
 1.754859346405227  0.835356470588236  2.049884313725493  0.988028220261440 
 1.498807133757961  1.905857324840760  2.281642038216563  3.132007643312104 
 1.233490563380282  1.345404084507040  2.928257042253526  3.899519718309858 
-0.257218025830259  0.072083906088561  0.859918321033209  0.715624049815497 
-0.207695956521739  0.061157463670077  0.673979718670077  0.414178588491048 
 1.189753815028903  0.356571855491330  1.198909595375721  3.346570520231215 
 1.072880770877945  0.474522453961456  1.994191862955031  2.450828265524629 
 1.104299938080494  0.481835514551084  2.565663157894738  3.178015789473686 
 1.624688582677165  2.166410236220473  3.209050393700787  2.226322834645668 
 1.866838636363637  0.761407901515151  2.772584090909097  3.421693560606062 
 2.544092617449664  1.070680342281880  3.204400671140940  3.897442953020137 
 2.527419685039371  1.599917952755906  1.991033070866142  3.444522834645668 
 1.756472090909091  2.066613636363638  1.935023727272726  1.818989272727274 
 0.396870447368420  0.090249722449393  0.990011639676114  1.989413765182190 
 1.619850395256917  0.009890156521739  2.992218972332016  2.853278260869563 
 2.613881818181818  1.516675454545453  3.341977922077922  1.378622597402597 
 1.321022151898735  1.151319873417720  1.724405822784810  3.633807594936712 
 0.813316713815789 -0.099836417105263  2.617570394736846  1.702750328947368 
 1.423321068702290  0.799730068854962  3.365543511450381  1.048560687022901 
 0.774081852713178  0.216720006589147  1.127420503875970  2.652841085271318 
 1.461889966555184 -0.101017461538461  2.206169565217389  2.456273578595316 
-0.329186171924290  0.054309563644911  0.426521225341746  0.690303648790746 
 0.998279136490251  0.445419436490251  1.411964428969361  1.968793871866298 
 0.891841875510204  2.139112244897959  3.196908163265306  3.494208163265307 
