 0.138736739180643  0.082453211401267  1.331832783613361  0.733654447479178 
 0.148252354945054  0.077201260260983  0.667861955769200  1.325679986263644 
 0.711921443234729  0.119261401819601  1.438883576982802  2.352328771384088 
 1.712440985221635  1.215087881773410  3.034631034482841  1.220777482758288 
 0.351369524147707  0.084483060355112  1.005539389204586  1.840376278409089 
 1.260783531120315  0.355084034522834  3.479153112033223  1.520630331950321 
 1.063484394213400  0.058517595117544  1.511667667269420  1.619984882459300 
 0.353730807603697  0.090834960490780  1.731106105990827  1.130195806451611 
 0.751694358543471  0.251584242857149  2.652461344537664  1.051764694677755 
 2.704385465116222  0.834420348837202  2.309122093023281  2.864579069767412 
 0.602764338604975  0.117844078559472  2.078762408223168  2.166118208516864 
 1.940271652173866  1.499009043478272  2.296673913043457  4.631301739130377 
 2.007033433734973  1.289678156626523  1.211357560240904  3.486242168674823 
 1.565860966183558  0.313010521739149  3.359569565217457  3.729701932367117 
 2.176480519480486  2.065027922077930  3.991310389610400  2.781524675324636 
 1.027475011728391  1.331350617283961  3.670764197530910  3.310550000000028 
 0.834370071942444  0.088069438129496  1.827095923261402  0.752444619184654 
 1.778632228915657  1.038325090361449  2.172523192771084  2.875030120481932 
 1.297992701030922 -0.040970628783504  2.043538144329879  2.172788041237158 
 2.037327906976743  1.649722034883717  1.587626407558135  2.066172558139530 
 0.930041160621773  0.116450997668395  1.989652331606198  2.986701813471490 
 1.127314096916294  0.677890484581488  2.755651541850217  1.943451101321584 
 1.947368633540368  1.116178881987573  4.243309937888203  1.879379254658396 
 0.156629058951175  0.077224740244123  1.258731256781199  1.320395027124775 
 2.390206417112307  0.895150667379683  3.498355614973276  2.990139572192517 
 1.075976416184961  0.497378230635835  2.273493641618493  4.076391907514473 
 0.423199140148306  0.122632587533899  1.590320868644063  1.723200529661006 
 1.578375987261154  1.174023566878983  3.280624522292976  2.519866560509561 
 0.887306319444441 -0.022073475671298  2.803472685185183  2.039642824074078 
 2.171876339285705  0.411952323749999  3.206034375000014  2.076816964285722 
 1.546374000000003  0.133105828657142  2.434112857142853  1.369636408571428 
 1.291923283524904  0.378248380076628  3.804940229885069  2.541636398467426 
 1.873985806451616  1.114468735483875  4.557567096774192  3.278223870967739 
 2.111855555555555  1.790952111111108  3.962727777777785  4.448513333333315 
 2.526376470588233  1.729979823529411  2.836456470588232  2.092226588235294 
 0.794593686206896  0.251000977931035  2.907596551724128  2.929498965517256 
 1.941178773584904  0.485677379528303  1.321364797169812  1.701670990566042 
 1.795393884892085  0.208025276115108  2.049203597122301  3.385807913669070 
-0.025003265060241  0.072821872051205  0.951057055722895  0.998786716867474 
 0.683489049844239  0.155301357538941  1.138160903426789  1.221918613707165 
 1.270168746518108  0.789557520891365  1.523126100278547  2.337345682451248 
 0.957741191222570  0.234190401880877  0.726267039498432  2.036703134796236 
 2.560887943262412  2.001612056737589  2.751298581560282  3.459324113475167 
 1.459343917525773  0.057721680412371  1.320664604810998  2.652137457044689 
-0.224576826288212  0.068990936200873  0.562085533624454  0.879647694323149 
 1.579212760416669  0.117896079687500  2.839050000000002  2.747929947916665 
 1.023904599056605  0.586457240566038  1.890173584905663  1.613941155660375 
 1.181514816037738  1.609809905660378  2.495526415094340  2.329855188679246 
 1.852870140845071  0.575961881690139  2.355617746478867  2.179697746478872 
 0.663625573770493  0.091324375915301  2.171596448087435  1.538431147540984 
-0.546525017985611  0.075859061237689  0.524147384262594  0.528161602517985 
 1.633979137931034  0.985823448275863  1.974866666666666  1.068418475287357 
 1.504752154696132  1.867059116022096  2.144304419889504  3.252165745856353 
 1.493510621468926  1.784709039548021  3.080064971751416  3.673413559322035 
-0.192923841373671  0.067253293327882  0.896204668847095  0.590419364677021 
-0.256704106371490  0.066745834589633  0.500535250539957  0.461550300431965 
 1.104931481481483  0.567112408333334  1.195806194444443  3.360873611111113 
 1.015594578059073  0.571554213080170  2.234489029535863  2.476848734177215 
 1.320780206185567  0.842659312714777  2.712644673539518  3.272806185567012 
 1.705790275229357  2.303428440366972  3.316904587155963  2.156579816513761 
 2.208650777202072  0.929462538860104  2.596119170984459  3.764716062176166 
 2.626108510638297  1.032391393617022  3.582740425531914  3.939734042553192 
