 0.011037002317835  0.075214519453653  1.239467450330992  0.616671228477113 
 0.229924689552238  0.085530337104465  0.679124910447693  1.615808955223684 
 0.963930060422753 -0.042380342175216  1.781906948640308  2.259219939576948 
 1.737686096256639  1.114520160427819  2.825069518716669  1.909815508021030 
 0.192304369665792  0.082518830475577  1.176022763496186  1.398518894601545 
 1.177660617283925  0.060288689506191  3.470312962963009  1.871907407407578 
 0.692106720000024  0.159608816240006  1.007745626666646  1.438617999999979 
 0.418057553633249  0.102526727647048  1.736584775086639  0.614118457439437 
 0.630633973282515  0.131574933206116  2.682008396946363  1.342812938931135 
 2.760479816513669  0.912524651376135  2.434422935779859  3.067909174311881 
 0.627301598913011  0.073863712415761  2.210874728260812  2.007537499999963 
 2.176380851063713  1.561696170212790  1.621645106382929  4.558285106382836 
 2.155628378378456  1.043993783783823  1.033442364864727  3.186478378378653 
 1.427295483870926  0.219172634408642  3.562613978494778  3.821264516128960 
 2.675571830985842  2.173295774647908  3.894295774647905  2.516066197183012 
 1.541100454545447  0.997099818181835  3.924936363636437  3.464560909090945 
 1.103033274853795 -0.027361742105263  1.893000000000027  0.876555789473686 
 1.871547395833325  1.116843958333342  2.309742187499995  2.911993229166680 
 1.049287537688435  0.060881355527640  1.908435929648224  1.620065075376935 
 2.487271875000000  1.361254062499992  1.405387015624991  1.753596562499993 
 0.946873509615405 -0.030640443269229  1.913186538461498  3.011915865384580 
 0.785883278106490  0.726770769230742  2.821618343195261  1.806793491124256 
 2.052779816513753  1.171325321100909  4.265783486238534  2.066607339449556 
 0.169476540233233  0.078604654335276  1.501750728862987  1.071998148688048 
 2.523698260869580  0.973872173913050  3.786119130434807  2.948006956521750 
 1.069973050847443  0.291837571186436  2.234199999999994  4.064383898305117 
 0.321118188848922  0.161196083510792  1.555307014388478  1.592594784172648 
 1.822942592592606  1.219355740740741  3.161491358024655  2.672102469135820 
 0.714792063999996  0.021892015239998  2.721187199999982  2.250585999999999 
 2.003852287581691  0.348854489019607  3.265095424836625  2.003045751633997 
 1.813958666666672  0.055871601333332  2.371579333333315  1.371822066666662 
 1.669161499999998  0.206056241999998  4.101346000000031  2.566183999999983 
 1.839893333333341  1.022369386666675  4.817710666666658  3.362318666666666 
 2.420940000000002  1.929222222222217  4.417660000000019  3.992433333333305 
 2.377627067669174  1.791180451127820  2.756541353383462  2.373839097744359 
 0.802336464912282  0.336324651754386  3.516179824561383  2.872545614035139 
 1.611134507042250  0.158289084929578  1.165101056338028  1.398439647887334 
 2.190956962025308  0.275878408354432  1.728550379746840  3.787084810126585 
-0.020039366791980  0.075531741860902  1.106720213032588  1.028087167919806 
 0.491831299435034  0.104215057627119  1.029280593220333  0.843344406779661 
 1.370653500000002  1.445600333333333  1.574198416666656  2.683317499999984 
 0.806441520737324  0.110176411059907  0.654283601843315  2.117935023041473 
 2.588497435897438  2.169139743589745  3.050865384615381  3.588099999999974 
 1.540731550802138 -0.009813205882353  1.271250267379675  2.542535828877031 
 0.061386058402200  0.074275822644628  0.777372396694213  1.190743126721776 
 1.211063093220339  0.509066423728816  2.934900847457627  2.385925847457633 
 1.277116982248520  0.991711775147928  2.082284615384622  1.912110059171588 
 0.995682036144583  1.248197831325300  2.553851807228916  2.496775903614457 
 2.299108771929823  0.329158719298240  1.983520175438576  2.445428070175424 
 0.437024670025192  0.084395354307306  2.004457682619647  1.113570906801006 
-0.593547427701675  0.100056489193304  0.490369546879764  0.463241585996954 
 1.783378676470586  0.816404411764706  1.977881617647063  1.115801250000000 
 1.492091612903223  2.038524193548381  2.403548387096780  2.966482258064519 
 1.057781037735848  1.171677924528299  3.186254716981134  3.611898113207540 
-0.236598053040104  0.067744626402329  0.842049974126776  0.873894294954717 
 0.002682096485062  0.075047005782073  0.766656608084362  0.665268889279438 
 1.086403157894742  0.410203964912281  0.929656824561399  3.330927192982463 
 1.294297920000003  0.571920999999999  1.688245599999995  2.679646000000003 
 0.695719609589039  0.381736371232877  2.504453424657545  3.088529452054794 
 1.685329787234042  2.237490425531917  3.414806382978723  2.035272340425532 
 1.788346853146853  0.856622727272729  2.562367132867138  3.593069930069931 
 2.700375000000000  1.097907965909091  3.332407954545455  3.895451136363636 
 2.491464788732395  1.865319718309860  1.844390140845069  3.173670422535207 
 1.706196913580247  2.139186419753088  1.903051975308640  1.753478271604939 
 0.354797619469026  0.090330994446903  1.107733495575220  1.936869690265494 
 1.967276129032261  0.205466376129032  3.053437419354843  2.896403225806439 
 2.666998360655737  1.413417213114753  3.262286885245901  1.334143442622951 
 1.408802795698926  1.371198817204299  1.440403118279570  3.693008602150547 
 1.103243968253967 -0.217730374973545  2.577050264550273  1.693426984126983 
 1.371720000000000  0.430622937696969  3.168156363636363  1.273448666666667 
 0.732023957142857  0.139385301785714  1.274514321428571  2.601517500000001 
 1.481414453125003 -0.047457890078125  2.212721874999997  2.305409765624996 
-0.128134178082194  0.073444766575343  0.442829402739726  0.977307103718200 
 0.967075533596840  0.487233517786562  1.363720158102772  2.012071146245063 
 0.958429590322581  1.669288172043011  3.479740860215052  2.830032258064514 
 1.702637938144330  1.911126804123711  4.139548453608242  2.951931958762890 
 2.257386842105261  1.470654736842105  2.929673684210529  5.149955263157895 
 0.651709837398372  0.120482707956640  1.503482655826563  1.120262411924121 
 0.474557059206350  0.235087529100529  2.021451851851854  2.555058201058200 
 1.617953960396040  0.213344620297030  2.247344554455445  3.143466831683166 
 1.318725016835018  0.406767323232324  2.490057575757576  1.855792929292928 
 1.278686111111112  0.977444259259261  3.710333333333335  1.793500925925926 
 1.042683614035089  0.355338297052631  2.283257543859655  2.508613333333338 
 1.554557115384616  1.387695673076922  2.802530769230768  1.047735365384615 
 1.466683108108109  2.304504054054052  2.851162162162161  3.925464864864864 
 1.025115826086955  0.316717291304348  2.592649565217392  0.592880345217391 
 1.221779714285714  1.194432428571428  2.586881428571428  4.375680000000002 
 1.479363111111112  0.851286333333333  0.829770712222222  2.148058888888888 
 1.619322641509434  0.448173518867924  1.640985849056604  1.922794811320754 
 2.092506930693070  0.307843792079207  2.877693069306932  3.865519801980199 
-0.318647676741130  0.062998432969777  0.816946530880421  0.476220718002629 
-0.272690048913044  0.063623824456522  0.425438672360249  0.461662883229814 
 1.199510194805193 -0.209145812337662  2.907970129870126  2.776512987012991 
 0.997028942731279  0.475500559471365  2.266145374449340  1.280869030837005 
 0.977423019801979  0.577341534653465  1.557688613861385  1.326332772277228 
 0.945923712121213  0.002257378674242  1.351022310606058  1.826370075757577 
 0.491961959459459  0.106605429504504  1.628089189189189  2.068757207207206 
 1.604651388888888  1.175225833333333  4.229227777777780  1.024086916666667 
 1.446632840909090  0.830031875000000  3.580375000000001  2.565620454545454 
 0.850560274509803  0.561894705882352  1.956786274509807  2.089334509803924 
 2.332294623655915  1.456467096774193  2.422461290322580  3.886408602150539 
 1.291716633165830  0.463044390452261  2.864108542713568  3.199185929648239 
 1.667834361233482  0.588242202643171  2.487303083700438  2.448936563876653 
 2.574476041666667  0.690693706250000  2.888392708333332  2.253484374999999 
 1.151740575539568  1.133302733812950  2.282833812949641  3.260003597122302 
 0.571035631067961 -0.072044321682848  1.571531715210356  1.500935598705502 
 2.085247058823528  1.174709663865546  1.829880672268908  2.311244537815128 
 1.853429166666666  1.523806319444444  3.216115972222223  3.464249305555557 
 1.837880434782609  1.355663260869565  3.964771739130434  4.462376086956523 
 1.386307724137931  0.399713280689655  1.678695172413793  3.398046896551722 
-0.395117076719577  0.050039675709405  0.548302997354498  0.719392751322751 
 0.495222652696078  0.146176374509804  2.055402696078432  1.588584558823529 
