-0.158178712545693  0.071336999741173  0.906728995127843  0.632932657612774 
-0.133093945757796  0.069885582892673  0.572794985351689  0.945714118926713 
 0.637787078127828  0.142280311360470  1.453074720930163  2.217540581395307 
 1.677320033444788  1.235215016722416  2.768159197324468  1.286700428093418 
 0.337532052801708  0.084288169741378  0.918369259698307  1.737898060344832 
 1.104890734146332  0.343856881585374  3.216575609756117  1.435228317073237 
 1.030866337349408  0.212963743614460  1.688378433734923  1.588534493975893 
 0.142358728949423  0.079273466018675  1.357154381322982  0.846822163424123 
 0.641837216508822  0.163562398565632  2.350168335588561  1.387365155615639 
 2.098685307017526  0.917603708333330  2.270205701754398  2.798133552631570 
 0.592380170614509  0.102705059965363  2.017366256983213  1.975005027932943 
 2.267116981132055  1.759129660377364  2.360868301886784  3.881836981132050 
 1.757906015936275  1.218398087649415  1.235310968127451  3.411482470119604 
 1.758105081967200  0.444241272459029  3.251812459016438  3.683246885245881 
 1.971203700440506  2.188906607929522  3.726530837004410  2.608405286343586 
 1.245848160738253  1.484127281879201  3.279015100671165  3.533420134228206 
 0.599306995798320  0.102990955806723  1.879134173669474  0.854999210364147 
 1.316161957559677  1.598221697612736  2.303444827586206  2.875964456233419 
 1.404054943999992  0.025747494464001  1.937750399999988  2.301814400000031 
 1.857587960199006  1.677290049751241  1.619294697014922  1.936460696517410 
 0.822919813036026  0.194466834751287  2.061111492281294  2.858156603773581 
 1.148668045649071  0.738058987161192  2.237482310984305  2.141757917261051 
 1.951359423868311  1.028288736625511  4.067195473251032  1.844897530864205 
 0.066176648025078  0.077929961059561  0.974847278996867  1.183346043887151 
 2.624578326996203  0.991201215589356  3.261590114068451  3.144074144486694 
 1.269555703422049  0.678706128897337  2.274839087452467  4.155884790874536 
 0.330477215561570  0.093542059879567  1.527192016238159  1.464431732070356 
 1.439755239534888  1.165312023255817  3.202652558139525  2.439870465116283 
 0.937459237142855  0.073457974157142  2.690779857142851  2.138939285714286 
 1.925619628099174  0.334344517603306  2.871017148760334  2.157713636363641 
 1.510617511312220  0.287088368009049  2.265490271493211  1.158725644117646 
 1.289593054913294  0.340123916473989  3.733328612716770  2.595852312138726 
 1.882059424778763  1.212287805309736  4.463453539823005  3.254567256637167 
 2.249574375000000  1.667843624999997  3.640478125000003  4.389702499999991 
 2.487733031674208  1.814220814479638  2.775959728506786  2.205049140271489 
 1.155079222423144  0.320666121518987  2.819459674502712  2.984873779385175 
 1.834659826589595  0.583955745086706  1.413982736994220  1.850444335260118 
 1.818666393442622  0.261653548524590  2.112836885245903  3.363041530054648 
-0.432646119452313  0.069571196310817  0.518278783427763  0.514477201794146 
 0.773305419968305  0.152260330808241  1.135556893819335  1.168801093502379 
 1.181947426636570  0.348959896162528  1.306857042889390  2.971436568848758 
 1.044219739952719  0.227334936643026  0.866579918676122  2.116708983451537 
