-0.167152363401805  0.071435718954717  0.871906224328552  0.654528174723630 
-0.405603214141006  0.069705620533349  0.505065883022682  0.564246415478095 
 0.946657965079257  0.211518328047626  1.014184005714193  2.444871269841217 
 1.761926084337326  1.264297650602415  2.733408433734986  1.345087253011844 
 0.361242288779678  0.093634631605240  0.961998648648675  1.691443898443901 
 1.039319026315783  0.340339722543865  3.067844035087735  1.433505649122857 
 1.034863839285721  0.239445042466520  1.323446863839274  1.476914765624989 
 0.185488252545460  0.082431310990301  1.314106236363656  0.869249987878787 
 0.677278881723253  0.099235807093126  2.183606092254092  1.640380417754530 
 2.240690105263133  0.881612682105259  2.222973263157909  2.909854526315777 
 0.629317609523405  0.103898849760888  1.692253081347552  2.140547411668031 
 2.242307874015728  1.955095275590557  2.454241062992117  3.830430314960603 
 1.602134487179502  0.985433192307701  1.186976996794842  3.387676923076987 
 1.324085144404324  0.251329184657046  2.986244404332151  3.279429963898906 
 2.250464938650297  2.073835582822091  3.177975153374234  2.406935153374217 
 1.249020863988919  1.442208310249312  3.321313296398914  3.497146814404447 
 0.645247373842592  0.128106702252315  1.982685879629636  0.904491968981480 
 1.371176212871283  1.567668242574261  2.202463118811881  2.890251732673267 
 1.598662921348304  0.093712860898878  1.742923916532893  2.318114606741600 
 2.001063210702344  1.352570133779262  1.485537662541803  1.910981337792639 
 0.993818402359111  0.250152778374836  1.977622411533412  2.945297771952812 
 1.133814506849312  0.704461945205474  2.082267260273974  2.089720410958903 
 1.901491081967213  1.251198590163933  4.040360000000004  1.924789704918038 
 0.012437586733167  0.073951181755112  0.794579193915213  1.124123600997510 
 2.445471428571430  0.876115255059525  3.287562202380961  3.297328869047620 
 1.524504597989948  0.475075722763818  2.142473065326627  3.823861055276388 
 0.326096740000001  0.087072099806289  1.513380880503143  1.422091132075468 
 1.345329482374772  1.069801576994434  2.977873283858998  2.464599628942487 
 0.937355308888887  0.105491629299999  2.618058555555553  2.311572777777776 
 1.933205513307983  0.348797270190114  2.863345817490494  2.167635361216734 
 1.521815191956125  0.289647541974406  2.154942047531991  1.299183235283362 
 1.361301714652956  0.393043147557841  3.783456298200516  2.516670179948587 
 1.993196605166053  1.416624738007381  4.398962730627304  3.417525830258303 
 2.009275151515150  1.160298277777777  3.074702525252526  4.547161111111111 
