 0.057283835457785  0.077444446898570  1.178709290843733  0.697270694793697 
-0.119220679232996  0.070060515701155  0.590951226338624  0.956714848046263 
 0.606286925367932  0.128567722423863  1.460399327411092  2.219665482233458 
 1.721996870228976  1.249876679389323  2.731142748091665  1.235893758396688 
 0.334968228454153  0.083531548180573  0.826510124487043  1.737847879616967 
 1.253432345345334  0.482970055615625  3.391211111111133  1.523074171171252 
 1.039785873786424  0.052344717475731  1.646569595469235  1.613583074433643 
 0.219133311111120  0.080216527800567  1.513398955365656  1.052145830959161 
 0.733954279166706  0.204112092708338  2.576112291666556  1.202989397916580 
 2.443717499999968  1.249205321428568  2.156341071428588  3.007163571428552 
 0.622164940762110  0.127450290414550  2.080813625866020  1.959395842956102 
 2.105660893854719  1.259781363128499  2.308040670391048  4.397641899441302 
 1.680133196347056  1.227888264840197  1.161280378995388  3.457346118721557 
 1.742430069444431  0.452657913194457  3.236685763888934  3.688040624999977 
 2.031786719576693  2.160558201058208  3.875219047619055  2.593852910052878 
 1.153655575378786  1.403868257575765  3.438455303030332  3.447545833333353 
 0.759946479262671  0.113870028156682  1.872434562211992  0.697342975115208 
 1.407644106666662  1.165668373333334  2.264845333333331  3.090440533333334 
 1.347567193675882 -0.042201008221343  1.938507312252947  2.258745059288577 
 1.920276018099547  1.574396425339363  1.581067982352938  1.993487466063345 
 0.829389932318111  0.139553868798647  2.116806937394233  2.734000676818941 
 1.034940211397056  0.702872591911756  2.566026654411762  2.129420404411760 
 1.960563563829783  1.134131542553188  4.167043617021281  1.867238617021286 
 0.054777501706036  0.077819666791339  0.985736745406824  1.183362683727039 
 2.554938095238103  1.084514722222225  3.264716666666678  3.257874603174606 
 1.091031614349768  0.500386876233181  2.261245739910310  3.996100448430512 
 0.341163140202704  0.099002421065879  1.406282854729726  1.596486655405396 
 1.581346539509543  1.161418392370575  3.250728337874646  2.501489373297010 
 0.925823654648953 -0.005360882713474  2.775582163187854  2.002269639468696 
 2.267644140624993  0.433557360624999  3.189653906250012  2.149654687500006 
 1.619193103448279  0.211187857904509  2.386576127320952  1.339377355437664 
 1.267610024647887  0.360085520774648  3.794242253521138  2.580695422535205 
 1.894411117021279  1.151952202127662  4.504209042553188  3.250212234042552 
 2.296536000000001  1.541355447999997  3.869012000000006  4.403051999999986 
 2.539483615819208  1.857849152542372  2.842706214689263  2.132301468926550 
 0.927780882513661  0.391546154098361  2.840507923497261  3.060204918032799 
 1.964635021097044  0.446191867341773  1.350491548523207  1.737524050632913 
 1.871731767955800  0.298050655414365  2.071790607734807  3.309426795580114 
-0.237371235408560  0.068421559182879  0.806241835278864  0.591339906485087 
 0.759800302521010  0.153370414722689  1.116476722689075  1.176589512605042 
 1.219681787941789  0.679488877338877  1.630570727650726  2.395456756756751 
 1.029688506329115  0.189436734683544  0.859814677468354  2.101664303797466 
 1.950365462962964  2.106556944444444  2.798914351851850  3.695091666666659 
 1.126107766233766  0.206778847532467  1.299895922077922  3.055584155844162 
-0.450185623611111  0.070791585936839  0.481216062944444  0.521008365222224 
 1.542032371967656  0.076052891105121  2.862635849056604  2.744763881401614 
 1.104848305084747  0.650319152542373  1.868837288135594  1.515176876513315 
 1.288219447963801  1.892626696832579  2.543718099547511  2.489473755656109 
 1.792112925170069  0.601748408163265  2.395728344671201  2.302302040816327 
 0.506045978398983  0.109247121875476  1.925566327827193  1.350104269377383 
