 0.142080691095859  0.081518152915533  1.333402522830959  0.706704719178284 
 0.137321153209700  0.076415466576313  0.648320005420796  1.297442938658964 
 0.749149631944325  0.102950063715284  1.513353263888789  2.406091666666609 
 1.699953789473641  1.229840210526327  3.016123684210615  1.205907626315434 
 0.319613232375961  0.089999295548301  1.035057571801606  1.626707441253262 
 1.250355743478244  0.351035124434796  3.491332608695682  1.512989956521858 
 0.959664742268059  0.070991973195880  1.521919226804105  1.674817697594489 
 0.359161273709495  0.088058228146455  1.739478031212530  1.132915870348137 
 0.746953598853923  0.267311331518631  2.653650143266321  1.055770504297875 
 2.646204395604340  0.774472692307685  2.420901648351673  2.832050549450521 
 0.579649737444425  0.130491972220635  2.085721269841234  2.157910634920610 
 1.942098769230727  1.468790000000009  2.340832307692289  4.574270769230718 
 1.803466826347339  1.197753017964089  1.150659838323293  3.541732335329464 
 1.528630999999981  0.296245247368441  3.418551578947443  3.719656315789440 
 2.178694078947335  2.072705921052640  4.002040789473694  2.766638157894698 
 1.049202701169587  1.308952923976618  3.659288888888934  3.269884210526342 
 0.818964621212119  0.087525246111111  1.854581313131325  0.742388955050507 
 1.750817665615137  1.019690820189278  2.189416403785488  2.828782018927450 
 1.277996178489696 -0.079151284897024  2.043381693363823  2.133728604119042 
 2.225381456953642  1.305115231788075  1.478926835099334  2.114795364238404 
 0.925757648809536  0.052660521428572  2.014256845238071  2.998195238095221 
 1.142968548009361  0.643662435597179  2.773250585480091  1.921095784543323 
 1.941776415094335  1.163091383647794  4.214879874213841  1.824815094339634 
 0.139771353663365  0.075940611891089  1.283410594059413  1.258094257425742 
 2.403991525423737  0.894070235593224  3.653516949152558  2.930930508474581 
 1.180924910179632  0.433142295808380  2.282040119760475  4.149035928143734 
 0.395395586465325  0.122087963906041  1.593288926174492  1.723334116331085 
 1.603416752411583  1.160554630225082  3.263698070739532  2.507356270096469 
 0.893603651551309 -0.032648466801911  2.795270405727922  2.010681384248213 
 2.141606578947359  0.420755673771929  3.172172807017558  2.030139912280707 
 1.511977287066250  0.075200823123028  2.425232807570973  1.340852586750787 
 1.357295020920502  0.399715028870293  3.864289958159011  2.505859832635975 
 1.863924827586210  1.121034855172418  4.599844137931032  3.304371034482757 
 2.105919512195122  1.668978048780484  4.075865853658546  4.459741463414615 
 2.526870285714284  1.730092971428571  2.838090285714284  2.115433828571429 
 0.809945601449275  0.232597046739131  3.037163043478251  2.820481521739150 
 1.740746610169490  0.338304470593221  1.332131597457629  1.544530042372886 
 1.817322779922778  0.214545433436294  2.023336679536678  3.384329729729737 
-0.026140171634981  0.073148108200760  0.957276745247151  0.994138258555137 
 0.699231088777222  0.163777386834171  1.176069363484085  1.172283902847571 
 1.192153875739647  0.821538994082840  1.507502159763309  2.336099704142006 
 1.037865314960628  0.265170761417322  0.696363092913384  1.970793307086612 
 2.395310791366907  2.089790647482015  3.013015107913669  3.546172661870493 
 1.549194098360655  0.121198490622951  1.402257377049181  2.552234754098375 
-0.225522949867843  0.069234147973568  0.563838155066079  0.876594519823793 
 1.583561942257220  0.114188172178478  2.842912860892389  2.762272703412072 
 1.035299020501139  0.558713986332574  1.934654214123010  1.627528041002277 
 1.035154668161436  1.336990807174889  2.493530941704036  2.324901345291481 
 1.833720172910663  0.537119724495675  2.302238040345813  2.131766282420747 
 0.644169669064750  0.091601919093526  2.166671654676261  1.535595395683453 
-0.546527347122302  0.075800409259272  0.523617905845328  0.528242133093524 
 1.671299720670390  0.871093407821230  2.032208938547488  1.067263730167599 
 1.465838913043478  1.852283152173909  2.190689673913044  3.196067934782608 
 1.397018819875775  1.722067080745340  3.089731055900624  3.700977018633541 
-0.196689797197032  0.066521719488871  0.894819282769990  0.591180109645504 
-0.256745652056277  0.066926379686147  0.500071387445888  0.461515539177489 
 1.081140535714287  0.423333390178572  1.188547901785713  3.267474553571430 
 1.063766536082476  0.450079671134021  2.254072989690721  2.453690927835054 
 1.041359659863945  0.756414047619048  2.513959183673471  3.219456122448981 
 1.635515390625000  2.185025781250000  3.206982812500001  2.235601562500000 
 1.854440637450199  0.801521434262948  2.739531872509963  3.465847410358566 
 2.547112765957446  1.041893765957447  3.255214893617022  3.901719858156031 
 2.530429365079366  1.566025952380953  1.961930158730159  3.438887301587301 
 1.617873925233644  1.999093457943927  1.845074299065420  1.815520747663552 
 0.476745052256532  0.099097242921615  1.003619976247032  2.136495249406176 
