-0.180370782881976  0.071056720010223  0.840600332140991  0.668265186407855 
-0.410598099367090  0.069218780395066  0.499956379451467  0.556373904388159 
 0.891856487577534  0.188172465170814  1.046416586335314  2.397955745341563 
 1.665483465346508  1.288827392739281  2.720151815181571  1.275004745874363 
 0.384466215302479  0.095679675435942  0.946577864768712  1.709541459074736 
 1.040039760076769  0.325486600287914  3.101529174664126  1.463630884836906 
 0.916658684491987  0.189593575347596  1.429394342245978  1.480954844919775 
 0.148625926457686  0.081542481698431  1.268776031347985  0.845307419435737 
 0.646784670731724  0.124899102973735  2.207965290806703  1.504718470919284 
 2.117632943469768  0.625769703820660  2.200468421052644  2.979914035087709 
 0.588034497851839  0.120832005999177  1.740966172839485  2.092925843621395 
 2.230837358490547  1.757095735849062  2.235172528301878  3.895169056603748 
 1.584595143769982  0.922497300319499  1.167902316293900  3.303305111821151 
 1.767046573208710  0.446804723052971  3.252587227414373  3.645519314641725 
 1.992717107437995  2.165072727272733  3.710820661157029  2.596071487603282 
 1.216893002931595  1.468174918566781  3.235514006514683  3.554122475570049 
 0.588513044665014  0.110513333803970  1.859193920595542  0.845315429528535 
 1.377310023529408  1.512621717647062  2.212828235294114  2.911257882352940 
 1.393654285714278  0.025978331639099  1.883893383458638  2.265669624060178 
 1.963152247191012  1.464419662921346  1.573806906741570  2.077721910112358 
 1.002115676737164  0.228652974018127  1.819701903323252  2.983907854984891 
 1.136006817576564  0.712528002663110  2.192634487350196  2.120789480692407 
 1.934699706959706  1.064841813186810  3.999331135531140  1.837396333333340 
 0.019765611964002  0.074109514991530  0.786144305876127  1.139888623610379 
 2.599009122807022  1.037582876140353  3.232984912280711  3.114072631578948 
 1.429595683890575  0.529936798176290  2.206271975683888  4.035537689969613 
 0.280097688582183  0.086100905954831  1.466070200752821  1.398024592220825 
 1.382643739039671  1.134608726513572  3.099456993736943  2.473436325678501 
 0.850801375939847  0.070382390877192  2.580520050125310  2.230128822055138 
 1.908239556377079  0.358193159926063  2.825745101663589  2.101297412199635 
 1.453141320388352  0.283850842058252  2.205171067961162  1.186945853786406 
 1.314246093670887  0.330196319240506  3.701182025316462  2.564111139240504 
 1.878080041841006  1.230674368200838  4.462060251046022  3.283580753138075 
 2.228948022598869  1.648886327683614  3.501110169491528  4.379388700564965 
 2.393726859504131  1.818646942148760  2.695685123966941  2.292365950413221 
 1.146526951342281  0.250830193288591  2.723553187919463  3.022020469798658 
 1.664650602094240  0.469939501832461  1.276987374345549  1.752466701570682 
