 0.137980300103921  0.082026302966743  1.319344604989521  0.728061553014737 
 0.144006742045454  0.080723031775562  0.656450800852241  1.315019303977177 
 0.663977540229785  0.112851772370695  1.462246063218306  2.272881178160874 
 1.699774887892340  1.243402556053821  3.035126905829670  1.267278874439158 
 0.363834203677490  0.086480388811880  0.968171937765245  1.837047383309758 
 1.272600410658295  0.429923915423207  3.395598746081527  1.587675360501653 
 1.063101014760166  0.050564397878232  1.524853413284112  1.587976752767513 
 0.347870643507983  0.091751555473801  1.722266059225555  1.115271184510249 
 0.765842247311879  0.271276292741941  2.654827688171898  1.067081225806340 
 2.511741224489759  1.191745836734690  2.166125714285732  2.995354285714264 
 0.642614297105607  0.136273807323731  2.071957338820269  2.122628943758554 
 2.082693641618465  1.305696554913302  2.314688901734090  4.434345664739846 
 1.868614545454580  1.216884000000018  1.232794212121151  3.459292727272854 
 1.730027999999986  0.422305477777792  3.254858888888939  3.707800740740717 
 2.055066363636337  2.162302673796799  3.877334759358297  2.628046524064139 
 1.024758628301883  1.339395660377369  3.703222012578663  3.354602515723299 
 0.835955975609754  0.090676874292683  1.840791463414646  0.745067649268294 
 1.511356386768443  0.989863256997456  2.345960559796436  2.971216284987281 
 1.371214463157888 -0.048385329178946  1.938679157894718  2.252146105263201 
 1.966181249999999  1.594534427083329  1.556929292187496  2.087141666666662 
 0.886654714563115  0.160700794485437  2.117529708737847  2.821830291262126 
 1.034577282196966  0.696263693181809  2.574709280303030  2.134869318181813 
 1.982086416184967  1.110661040462424  4.208005780346824  1.905546011560704 
 0.145692887556766  0.077167342879200  1.232021371480478  1.309680653950955 
 2.542290222222232  0.998499022222225  3.277885777777791  3.236219111111115 
 1.097694170212759  0.500123465531913  2.252781276595741  3.953217872340442 
 0.401299897720208  0.118430873193783  1.571306735751290  1.670759378238332 
 1.586177314285720  1.160051685714289  3.271803999999984  2.513324857142864 
 0.891533558762884 -0.005551553381444  2.786720618556700  2.028482268041242 
 2.292724999999992  0.433930609666666  3.191331250000013  2.173267916666674 
 1.555669496021223  0.140407771432360  2.435227055702915  1.408523270557029 
 1.285572396296296  0.353486661111111  3.803800740740753  2.574948888888882 
 1.909451912568309  1.151197508196724  4.504296174863385  3.243532786885245 
 2.307873451327434  1.507919477876103  3.930169026548680  4.425586725663702 
 2.477112290502792  1.848918994413408  2.867829050279328  2.098303128491619 
 0.895033557184750  0.370886484164223  2.889117888563042  3.051720234604119 
 1.968398245614033  0.455636367543860  1.357967662280702  1.779484122807021 
 1.902349235474005  0.278588931376147  2.069076452599387  3.329166055045877 
-0.030056926086956  0.072731998157132  0.940491327231125  0.993309694889402 
 0.694039580645163  0.158911222403226  1.122153354838708  1.215219516129033 
 1.225935995717346  0.712878565310493  1.626505588865095  2.408969807280507 
 1.033793421052632  0.213119524269005  0.795226092397660  2.103547076023390 
 2.368252702702705  2.141289189189187  2.935252702702699  3.669497297297287 
 1.192731538461538  0.142625756615385  1.350941938461538  2.957047692307702 
-0.232224371428573  0.069269583616071  0.556971514285714  0.872901517857147 
 1.543675294117648  0.074413408021390  2.858270053475936  2.740472727272725 
 1.058627013888890  0.583515347222222  1.868850000000002  1.625563425925923 
 1.243062819512196  1.820030243902439  2.571802439024389  2.363462439024389 
 1.816516541353385  0.602797679197994  2.415976190476186  2.217241604010025 
 0.654307607192256  0.096172912959890  2.165991562932231  1.528267634854772 
-0.550021855955678  0.074665326035374  0.522476280055406  0.523940020313942 
 1.660466312849161  1.000264189944135  1.970383798882681  1.078090529050280 
 1.551413205128205  1.895759615384613  2.082525641025641  3.292095512820512 
 1.452764311111111  1.555241155555556  3.013588888888891  3.602206666666668 
-0.199503226151316  0.066628693042763  0.893519893092104  0.591135068256577 
-0.257471372707659  0.068197190755124  0.500798200647249  0.461717311974109 
 1.073383628318584  0.694005176991150  0.950580513274336  3.446639823008850 
