 0.024057116878353  0.074844650000012  1.236911814881886  0.595121163339702 
 0.274897446629213  0.086404735196617  0.683621109550497  1.635991573033523 
 0.898562005899503 -0.011701547964592  1.774236873156169  2.270530678465987 
 1.752575449101746  1.119416287425163  2.737977844311478  1.859947305388818 
 0.159480396840421  0.076250829083727  1.208802812006372  1.339864139020541 
 1.149709793103419  0.102786025517262  3.500935862069017  1.854792413793293 
 0.616331885856101  0.140794238188591  1.079966228287818  1.400892307692287 
 0.402524730337112  0.106876892584258  1.762013857678047  0.620080083146057 
 0.627235433593824  0.133852966796884  2.683648437499794  1.337733554687334 
 2.776847169811225  0.898878084905648  2.426025471698157  3.078384905660331 
 0.619399940307656  0.018358836243077  2.283170153846085  2.038090769230724 
 2.172041666666552  1.653328541666690  1.618064999999951  4.520562499999860 
 2.207494666666743  0.916268666666705  1.130268066666531  3.283421333333605 
 1.635309999999952  0.261200716049429  3.757995061728572  3.773640740740657 
 2.669601388888817  2.168119444444464  3.901475000000018  2.495029166666581 
 1.406151619047611  1.093893333333351  4.074259047619122  3.422442857142895 
 1.112469310344821  0.023267029310345  1.911951149425314  0.847590862068967 
 1.882684574468077  1.107885000000008  2.320061170212761  2.918653723404268 
 0.992223874643866  0.012727846438748  2.014627635327614  1.629400284900339 
 2.509847619047619  1.395088412698405  1.419824904761895  1.770288571428565 
 0.938127326732694 -0.061902223762375  1.941360891089067  3.007263861386102 
 0.775859522012558  0.727601886792424  2.817448427672951  1.791235849056599 
 1.845606282051270  1.294123589743579  4.492111538461541  2.105305128205150 
 0.174959712307689  0.079438570283076  1.492279692307706  1.035506784615387 
 2.443280733944971  1.102577431192667  3.790235779816541  3.051414678899095 
 1.105831224489779  0.362388146938770  2.044628571428564  4.096194897959222 
 0.330065100000001  0.090712160403637  1.593952545454534  1.508992545454531 
 1.783641104294492  1.245271349693251  3.155920858895669  2.641709202454005 
 0.723553316872424  0.070454405761315  2.785376954732491  2.340650205761314 
 2.031547663551389  0.100163510467289  3.154757943925266  1.949705607476649 
 1.771768965517247 -0.059903618965519  2.394695689655150  1.399405862068958 
 1.536073529411762  0.160698555294116  4.076243529411799  2.519310588235274 
 1.940154385964922  1.070130596491239  4.896861403508761  3.358035087719298 
 2.427912500000002  1.981804999999994  4.467892500000021  3.997302499999968 
 2.397356198347108  1.783638016528926  2.781550413223143  2.420304132231404 
 0.785488531531533  0.338952269369370  3.518823423423402  2.865263963964015 
 1.813075824175819  0.172491340219781  1.332514505494506  1.292540989011005 
 2.198621126760553  0.206832707887326  1.812047605633808  3.879209859154932 
-0.040310807317073  0.074111437137732  1.126675093256823  0.978651692969878 
 0.312682230582529  0.083484574514563  0.885749320388344  0.982600752427183 
 1.362261949152545  1.425374237288136  1.689394237288125  2.715312711864391 
 0.429943637323942  0.099428017957746  1.012116443661969  2.125495774647883 
 2.567778313253015  2.144643373493978  3.066165060240960  3.602975903614434 
 1.543053846153845  0.007929636094675  1.250513609467451  2.595598224852101 
-0.001461208771934  0.073144555350877  0.850722596491225  1.259456842105280 
 1.316382374429224  0.540418155251144  2.961357534246576  2.269705479452059 
 1.263326322580645  1.010506451612902  2.102183225806458  1.905499999999990 
 0.987157430232562  1.232263546511627  2.576745348837211  2.487062209302323 
 2.298937391304347  0.327393339130429  1.987719130434762  2.460313043478247 
 0.419983896739134  0.072808268913044  2.015290217391305  1.106559701086956 
-0.580031697341513  0.164158985869122  0.420708121267904  0.521625439672799 
 1.836469444444442  0.653176597222223  2.109653472222225  1.194478333333334 
 1.495655892857140  2.062365178571421  2.418246428571434  2.954864285714289 
 1.062365636363635  1.131890363636362  3.185303636363639  3.613335454545447 
-0.200777816431322  0.068777649472401  0.808187252888315  0.912910539152756 
-0.007714510119048  0.075825074980158  0.771833253968258  0.624376345238095 
 1.043709266055051  0.404317908256881  0.943935119266051  3.328866055045878 
 1.260589372384940  0.570940627615062  1.707609205020915  2.673302092050213 
 0.783873116129030  0.452958825806452  2.407741290322591  3.116789677419355 
 1.678332954545454  2.248564772727276  3.430079545454544  2.020979545454546 
 1.759508108108108  0.809469797297299  2.524372297297302  3.584722972972974 
 2.732295121951219  1.099289036585366  3.356300000000001  3.903420731707317 
 2.487629411764706  1.876819117647060  1.843747058823528  3.155307352941172 
 1.794347794117646  2.269136764705885  2.060977941176468  1.899211764705883 
 0.301657894067797  0.111843845105932  1.226918220338981  1.724470762711874 
 1.980491044776124  0.225181698507463  3.020104477611946  2.914585074626852 
 2.660749999999999  1.477725370370369  3.186670370370370  1.294182407407408 
 1.418180930232559  1.348117325581393  1.380316976744187  3.709427906976754 
 1.107123139534882 -0.213532213779070  2.660667441860475  1.708431395348835 
 1.380579041916168  0.433178441437125  3.162745508982035  1.271853473053892 
 0.739024326996198  0.118730519011406  1.307409733840306  2.595530798479090 
 1.468676706827312 -0.031236572530120  2.225908032128511  2.327149397590357 
-0.027579275980394  0.073504257083334  0.457811413725490  1.073068088235296 
 0.937854890829697  0.559190567685590  1.368196986899571  2.121965502183413 
 0.950606573563218  1.664595402298851  3.452933333333332  2.795959770114941 
 1.721292680412371  1.955743298969072  3.990857731958757  3.012128865979384 
 2.257386842105261  1.470654736842105  2.929673684210529  5.149955263157895 
 0.687206098654705  0.120748763542601  1.224046950672656  0.786865390134529 
 0.461020300922331  0.259281378640777  1.991812135922331  2.518104368932037 
 1.613703645833334  0.199643984375000  2.280261979166666  3.139183333333333 
 1.293407938144331  0.395587164948454  2.469452233676975  1.844495189003436 
 1.229812886597939  0.984677628865981  3.651019587628868  1.791193814432989 
 1.033890474576272  0.365400236135593  2.306889491525429  2.493268135593225 
 1.563869166666668  1.386952708333332  2.841473958333333  1.046212687500000 
 1.460510657894737  2.283503947368418  2.871030263157893  3.912047368421051 
 1.023638317757008  0.314015032710281  2.625912149532712  0.587712146728972 
 1.200694328358208  1.156040208955224  2.641832835820895  4.420125373134331 
 1.604887926829269  1.060363048780487  0.889706757317074  2.453448780487803 
 1.632827717391304  0.561261250000000  1.630150543478261  1.951873913043478 
 2.111052688172044  0.355970161290322  2.905810752688172  3.866003225806453 
-0.313399866847825  0.078863651915761  0.849075461956522  0.547612410326088 
-0.253265691123190  0.082592560887681  0.464771452898551  0.422887670652174 
 1.273353129251700 -0.211170714965986  2.915432653061221  2.724603401360547 
 0.973373495575222  0.495645473451327  2.238106637168143  1.242463672566373 
 0.995211034482759  0.422010344827586  1.607133103448275  1.491829413793102 
 0.887069418960246 -0.005926252385321  1.359200061162078  1.778856574923550 
 0.468648512035011  0.090545182713348  1.648231728665209  1.988570240700215 
 1.601081944444444  1.176219722222222  4.253533333333335  1.032256361111111 
 1.458368024691356  0.824201172839506  3.616988271604940  2.584756790123457 
 0.825378320895522  0.518244514925373  1.990377611940302  2.033343656716419 
 2.319354166666668  1.450922291666666  2.422589583333333  3.894927083333334 
 1.323681306532667  0.524035050251256  2.956008542713566  3.032375879396984 
 1.645467906976747  0.599355348837209  2.454879999999998  2.445997674418605 
 2.488061261261262  0.765709909909910  2.860407207207207  2.340793693693693 
 1.178094160583941  1.233517153284673  2.268816058394160  3.312243795620438 
 0.656518308823532  0.088323504009804  1.591335784313725  1.212147769607843 
 2.094289285714285  1.205813303571428  1.821167857142857  2.355464285714288 
 1.826734265734265  1.416961748251748  3.177544755244757  3.499533566433568 
 1.862758333333333  1.392254375000000  3.967675000000000  4.421481250000001 
 1.423897692307692  0.381078993589744  1.663607051282051  3.326050641025639 
-0.325054274234694  0.062543787844388  0.498021885204083  0.766224974489796 
 0.486538016071428  0.152382471938776  2.063128571428572  1.594915306122448 
 1.089017115384615  0.133913252884615  2.895834615384613  3.694180769230770 
 1.258338682170542  0.354599101550388  0.836546279069768  1.551180542635660 
 1.497017301587302  1.467965079365079  1.611923492063493  1.226780634920635 
 2.105793518518518  0.967118888888889  3.571178703703703  1.964597222222220 
 2.452609677419354  0.455819059677420  3.957645161290327  2.534348387096773 
 1.399842011834320 -0.036032527218935  1.669404142011835  1.976210650887573 
-0.509241003787879 -0.035990204154716  0.603679299242424  0.456500507575757 
 0.896060759493671  0.115418102531646  0.618119693670886  2.158234177215190 
