 0.006447025665058  0.074647722613469  1.239758153364507  0.626608154929853 
 0.233282871866295  0.084722626378818  0.730018036211635  1.632283565459426 
 0.942676715542321 -0.060561650909081  1.810350146627395  2.246574780058562 
 1.779603589743548  1.105195128205140  2.783714871794958  1.887481025640680 
 0.205676531974505  0.078504045108279  1.196722280254820  1.426623821656053 
 1.215163666666644  0.067751365000017  3.455771666666709  1.873009444444598 
 0.696228342105287  0.178460409710532  1.008231710526295  1.447945921052611 
 0.413679543478289  0.101096395310549  1.764488509316890  0.648549199378874 
 0.625898426923150  0.140095555000009  2.692635384615182  1.332992769230605 
 2.763303100775117  0.822402728682160  2.422403100775230  2.914608527131745 
 0.535442105031422  0.100003086224319  2.129954088050266  1.792435010482151 
 2.098369090908990  1.491298727272748  1.584134363636321  4.518039999999877 
 1.993911666666730  1.128572000000032  0.986392477777665  3.283842222222449 
 1.402593333333295  0.226073686868724  3.557662626262772  3.804803030302962 
 2.534301249999936  2.245396250000018  3.919045000000015  2.370918749999923 
 1.549707177419348  1.013356612903241  3.916354838709743  3.530613709677451 
 1.106409041916161 -0.027879945508982  1.895447904191644  0.869763652694613 
 1.866276785714279  1.076398883928578  2.283204910714281  2.753922767857156 
 1.045249827586200  0.047729380541874  1.897413300492594  1.619207142857193 
 2.299707086614172  1.270114330708657  1.548045275590547  2.053075590551176 
 1.026727803738337 -0.046099366822428  1.894553738317718  3.091355607476601 
 0.830915668393765  0.707998290155417  2.847455958549221  1.828677720207250 
 2.037667289719618  1.153582523364478  4.291046728971965  2.083404672897212 
 0.170059168888886  0.077534228019444  1.503043472222235  1.072751513888889 
 2.552212500000015  0.991845166666673  3.777172500000024  2.940076666666677 
 1.088431363636348  0.255229539999995  2.227232727272722  4.083507272727307 
 0.376499674855492  0.123157326202313  1.596601011560686  1.590505780346808 
 1.877131638418091  1.206262824858757  3.154541807909572  2.672333333333351 
 0.716773559006207  0.054743288850930  2.666631987577626  2.243888509316771 
 2.160685869565210  0.429625709891304  3.160523369565236  2.069420108695661 
 1.812718666666671  0.049890874666665  2.372239999999981  1.375577399999995 
 1.661080454545453  0.218315647272726  4.089492727272757  2.526385454545439 
 1.842893827160501  1.062963012345686  4.790224691358017  3.360846913580247 
 2.233232857142859  1.762664142857139  4.277734285714297  4.219742857142840 
 2.471560000000001  1.735504560000000  2.757032800000004  2.369491999999998 
 0.797012110294119  0.386201965441177  3.442568382352925  2.839344117647102 
 1.607171710526313  0.169512684605264  1.174173092105263  1.415822565789484 
 2.025744262295077  0.332370313606558  1.756394918032789  3.649497540983609 
 0.006343424597207  0.076333699897959  1.073429430719661  1.076314371643399 
 0.514635313351504  0.103471546049047  1.055137411444136  0.837583901907357 
 1.357523966942151  1.462311074380165  1.588024793388420  2.671628099173539 
 0.810131221719454  0.106533154751131  0.654542088687780  2.141902262443437 
 2.429953389830509  2.032587288135595  3.110041525423728  3.515512711864391 
 1.549515957446808 -0.006402034574468  1.275945372340421  2.529729787234068 
 0.060738454077250  0.075488704864091  0.655439397424892  1.185213218884131 
 1.404404061302682  0.468166923371650  2.841050191570883  2.419608429118778 
 1.298453057324841  0.995810764331209  2.030959235668797  1.903410191082793 
 0.984805522012582  1.360708930817609  2.549889937106922  2.674147169811322 
 2.132568387096774  0.345277479999996  2.106123225806435  2.365092258064506 
 0.470236688149691  0.102763131808733  2.030190852390852  1.208859147609148 
-0.589154016282224  0.092510727539092  0.488202225644512  0.525321590230663 
 1.792056204379560  0.825323284671534  1.958963065693435  1.119155255474453 
 1.531898709677417  1.986091935483865  2.404048387096777  3.046951612903228 
 1.354436890243901  1.301715365853656  3.168682926829270  3.603788414634141 
-0.222056507840772  0.069339498442703  0.846719264173700  0.896844704463205 
 0.012284522552448  0.075942323933566  0.774285944055947  0.649869606293706 
 1.125517763157898  0.395058782894737  1.083744276315787  3.335427631578952 
 1.324512913385829  0.565833031496062  1.710130708661413  2.706414173228349 
 0.773734624242423  0.507025425454546  2.417847878787887  3.205717575757575 
 1.629149999999999  2.167394117647061  3.227623529411764  2.142479411764707 
 1.758809523809524  0.981460476190477  2.512968452380956  3.477019047619049 
 2.574477272727273  1.070486009090909  3.330146363636364  3.849684545454546 
 2.465324358974359  1.815048717948719  1.837660256410255  3.184962820512816 
 1.744153977272727  2.133523863636365  1.934046704545453  1.761740000000001 
 0.352342992840095  0.102897569665871  1.116557088305488  1.965519570405736 
 1.995571621621625  0.196963697972973  3.037054729729734  2.892404054054040 
 2.659558461538461  1.383247846153845  3.264436923076923  1.369863846153846 
 1.309909133858269  1.203236535433069  1.721863464566930  3.586722047244101 
 1.096727643979057 -0.217018847486911  2.574776963350793  1.696192146596857 
 1.384373558282209  0.432057022822085  3.166891411042944  1.265821656441718 
 0.749181943262411  0.168028036524823  1.304625390070922  2.619648581560285 
 1.446377343750003 -0.048139042812500  2.214450390624997  2.331584374999994 
-0.265851555425905  0.064612013138857  0.472782681446908  0.819876021003501 
 0.975668832116790  0.489706423357664  1.402588357664238  2.050622627737229 
 0.928282328571429  1.633896703296703  3.475454945054944  2.871230769230768 
 1.698433557692308  1.935634615384616  4.066657692307690  2.949577884615387 
 2.236802325581394  1.482755348837209  3.024334883720933  5.100606976744186 
 0.653340431818180  0.065041812354546  1.518816363636367  1.193680272727274 
 0.472496870000000  0.193863483870968  2.046616129032259  2.524535483870968 
 1.588245754716982  0.299883213679245  2.239331603773586  3.122383490566037 
 1.364939657534248  0.399195010273973  2.481035273972604  1.881564383561644 
 1.309669203539824  1.012841681415931  3.674115929203540  1.789907079646017 
 1.009935813953489  0.309635180852713  2.246864728682178  2.541425193798453 
 1.561358400000001  1.380659499999999  2.806133999999999  1.027450779999999 
 1.493474342105263  2.302932894736841  2.854461842105263  3.932789473684210 
 1.034718053097344  0.311556446902655  2.586665486725665  0.588782209734513 
 1.259099135802469  1.188316419753086  2.591718518518518  4.343180246913581 
 1.502307727272728  0.850181590909091  0.812779126136364  2.116597727272726 
 1.624088349514563  0.458467601941747  1.645992718446601  1.940618446601941 
 2.065033018867924  0.284338849056604  2.791818867924529  3.843311320754717 
-0.338141106334842  0.063673688382353  0.801171730769232  0.521841622171946 
-0.305887608725762  0.055141541426593  0.463015458448754  0.426402096121884 
 1.165642937499999 -0.209590571250000  2.911028749999997  2.803595000000002 
 0.998700642570283  0.473122558232932  2.273359839357431  1.318372208835342 
 0.964472270531400  0.579967922705314  1.569546859903381  1.307089613526570 
 0.892519174917493 -0.020435320231023  1.350629141914190  1.809402640264028 
 0.490864510739857  0.099377108830549  1.615711694510740  2.084050835322196 
 1.604651388888888  1.175225833333333  4.229227777777780  1.024086916666667 
 1.435588876404494  0.831907415730337  3.561431460674156  2.578832584269662 
 0.821115845070422  0.495353767605634  2.006843309859156  2.059694718309861 
 2.453242391304349  1.393530217391304  2.417349999999999  3.858393478260870 
 1.327362985074627  0.468618194029851  2.896876119402984  3.217685572139301 
 1.169872582417582  0.821500934065934  2.431835164835163  2.418676373626374 
