-0.075671434761403  0.072791611110633  1.004356876355706  0.679906456073848 
-0.376131008099175  0.069936109574647  0.543261510512389  0.580066251966922 
 1.008252702928775  0.235762679874483  1.011853636820000  2.374132775453233 
 1.730159264367799  1.091946114942534  2.713522758620726  1.307714100459614 
 0.373457692167983  0.095302909239500  1.089134502270167  1.647711748013620 
 1.365102631496060  0.277162726992132  3.252110393700799  1.750284062992171 
 1.207070533980589  0.322077098677187  1.429707657766979  1.397755946601927 
 0.287383723146672  0.087663146511998  1.463861872000014  0.982098254400000 
 0.806488724813451  0.143172482733210  2.463012873134280  1.858667350746226 
 2.195211224489773  0.719348326822154  2.522252040816335  2.725937317784254 
 0.675885033276108  0.128265231760448  1.729378880596992  2.190269179104472 
 2.292535016835000  1.814428956228962  2.476092659932654  4.049126599326574 
 1.683239878640788  0.955383432038842  1.390771730582500  3.411820145631115 
 1.333650899396366  0.296921954527170  3.383091348088555  3.171680684104615 
 2.178960026525194  2.071982493368702  3.152153050397881  2.369864084880624 
 1.779133039215686  1.459533313725492  4.292489542483679  3.564513398692827 
 0.900162484035757  0.200025332260536  2.339626436781621  0.998724135632182 
 1.277487534018262  1.610146598173518  2.722767579908678  3.335023972602739 
 1.626173629242812  0.142641432297651  1.982977140992158  2.027679804177567 
 1.950921859838278  1.478721105121292  1.562433641778973  2.177394447439354 
 1.156153736979167  0.194891869791667  1.838806861979162  3.009007161458326 
 1.174903655761023  0.907818435277381  2.223164864864868  2.264475675675676 
 2.031726858789625  0.978376728818443  4.128637463976944  2.163808933717580 
 0.020455663859981  0.074460372478240  0.799964199053927  1.134417327341536 
 2.411409999999997  1.031913562285715  3.356244285714291  3.587944857142861 
 1.485529866962305  0.526168758669622  2.450643015521062  3.923978048780488 
 0.514728534071094  0.094952533287726  1.802841582830312  1.496720382293759 
 1.399430812500001  1.121085020161290  3.330681249999997  2.457283266129032 
 1.034704577533577  0.209718725714285  2.653724542124542  2.658618925518923 
