 0.086097348387028  0.080665091488850  1.328854342431563  0.599465538461975 
 0.291168063758388  0.086275117550321  0.674968842281802  1.682708724831994 
 0.868015045592497 -0.025951799878409  1.751265045592527  2.243552887537900 
 1.763876219512144  1.047260365853672  2.732781707317175  1.829764024389832 
 0.168494045315139  0.072932513986369  1.263041226575866  1.313525212947191 
 1.168199758064482  0.154796709677444  3.579886290322639  1.841202419355061 
 0.606947208121850  0.127372233984777  1.063441675126879  1.382449238578657 
 0.452023339366557  0.090345507692294  1.831872850678908  0.616208136651571 
 0.645097078048873  0.175419273658548  2.807672195121692  1.395903853658329 
 2.779158878504578  0.902232028037371  2.423784112149575  3.072343925233598 
 0.568195861333294  0.078381584263333  2.267984333333260  2.020794333333286 
 2.172041666666552  1.653328541666690  1.618064999999951  4.520562499999860 
 2.211825000000075  0.886508815789512  1.169789736841971  3.265323684210795 
 1.649949240506280  0.262330481012705  3.759270886076131  3.776949367088521 
 2.718707547169713  2.084007547169838  3.795339622641534  2.619626415094222 
 1.406151619047611  1.093893333333351  4.074259047619122  3.422442857142895 
 1.182789347826078  0.089849452173913  1.851513043478294  0.764516369565219 
 1.872931770833325  1.058288645833342  2.363686458333329  2.897334895833345 
 0.899066391437301 -0.055548862079509  2.016987767584076  1.633620489296695 
 2.514891803278688  1.374958524590156  1.412850311475400  1.775909508196714 
 0.942545081967236 -0.074600553005463  1.934142622950773  3.022986885245860 
 0.794989111111090  0.749599999999970  2.813960784313720  1.788873856209146 
 1.851624852941163  1.222096176470576  4.541520588235298  2.101832352941202 
 0.189841896193768  0.086027594089965  1.497814878892748  1.007307318339101 
 2.439597247706438  1.101045321100924  3.791413761467917  3.047153211009187 
 1.117186979166650  0.370309139583327  2.040419791666659  4.104027083333373 
 0.309717092592593  0.067387379263375  1.599919135802456  1.508988477366239 
 1.778572258064530  1.275744838709677  3.152432258064477  2.627294838709695 
 0.689797744897955  0.187579872448977  2.870858163265283  2.343486224489792 
 2.063039175257718  0.073680418762886  3.172190721649521  1.940341237113417 
 1.727946825396831 -0.031251204761907  2.390371428571409  1.382492619047612 
 1.540230357142855  0.161729966666665  4.075460714285748  2.525077380952360 
 1.940154385964922  1.070130596491239  4.896861403508761  3.358035087719298 
 2.427912500000002  1.981804999999994  4.467892500000021  3.997302499999968 
 2.427319130434783  1.781693913043479  2.806511304347828  2.438092173913042 
 0.778571718446604  0.331206232038835  3.555407766990269  2.883429126213648 
 1.832113333333328  0.181360688444446  1.330342444444444  1.276405111111128 
 2.205601428571418  0.193450032285716  1.828642571428576  3.875400000000002 
-0.038114708507462  0.074110958186566  1.143319761194040  0.981621776119410 
 0.290945146853151  0.083740353193473  0.883262657342653  0.935241678321677 
 1.466044745762714  1.396272542372882  1.667043389830497  2.753822881355917 
 0.429321748299318  0.124034217687075  1.057966734693874  2.134726530612242 
 2.573632926829271  2.145312195121953  3.072952439024387  3.604591463414610 
 1.559484459459458 -0.014570045270270  1.187723310810806  2.581777702702736 
 0.057137965170552  0.078661742980251  0.903630125673245  1.312008617594274 
 1.403274678899083  0.476445908256883  2.952527522935780  2.231390825688079 
 1.250757448275862  0.987594137931034  2.107337931034491  1.945708275862059 
 1.058187719298250  1.075614385964911  2.683090643274857  2.526794736842104 
 2.306671428571428  0.332771107142851  1.991585714285693  2.453975892857128 
 0.350075095384619  0.077934053415386  1.933985230769233  1.131759753846153 
-0.609072573402417  0.115891446977549  0.483773184801391  0.493899036269428 
 1.846876978417264  0.660241654676260  2.146358273381298  1.237990071942447 
 1.600146808510635  2.058268085106372  2.401188297872348  3.122007446808514 
 1.060809357798164  1.131371926605502  3.187172477064223  3.618644036697241 
-0.156088101063830  0.066348858642288  0.811387819148932  0.969282765957443 
-0.053977303483606  0.076778414077869  0.627570901639348  0.639886874590164 
 1.056593861386144  0.376589920792080  0.904083247524748  3.339962376237631 
 1.221785052631582  0.673661999999999  1.651921052631573  2.750309473684213 
 0.768270282894735  0.437013539473685  2.365963815789486  3.153002631578947 
 1.748323466666666  2.055030666666671  3.621847999999999  2.036897333333333 
 1.758679591836735  0.810237755102042  2.521576870748305  3.587201360544219 
 2.732295121951219  1.099289036585366  3.356300000000001  3.903420731707317 
 2.476994366197183  1.851302816901410  1.849681690140844  3.152425352112672 
 2.015719999999999  2.321266000000003  1.990075999999997  1.862170000000001 
 0.272221397826087  0.093168223456522  1.200565565217389  1.702899782608704 
 1.975453237410076  0.263070607194245  3.023619424460438  2.923321582733800 
 2.655107547169810  1.456374905660376  3.176796226415094  1.294306603773585 
 1.437132209302327  1.329324999999998  1.358597906976745  3.725977906976754 
 1.135460580645160 -0.185188677870968  2.782848387096784  1.727574838709674 
 1.438086849315069  0.456545422739725  3.156124657534245  1.293426095890410 
 0.744538276150628  0.129089719246861  1.291523849372387  2.632809205020922 
 1.613269594594601 -0.151661759459459  2.286675675675668  2.325389864864855 
 0.029126922188447  0.073232960182371  0.493606196960486  1.181577173252281 
 1.014840276497699  0.526821797235023  1.322963824884801  2.101941474654385 
 0.936219901219512  1.672708536585366  3.471018292682926  2.797052439024388 
 1.721153020833333  1.967600000000000  3.987004166666661  3.022738541666670 
 2.257386842105261  1.470654736842105  2.929673684210529  5.149955263157895 
 0.702235952380948  0.128837897476191  1.222092000000010  0.789019152380952 
 0.501886620950000  0.274512215000000  1.938338500000002  2.557273999999998 
 1.599840932642488  0.207217487046632  2.285654404145077  3.139627461139896 
 1.201188795986623  0.348950934448161  2.414957859531773  1.831511036789296 
 1.217122150537636  0.981806344086023  3.652702150537636  1.798410752688172 
 1.061892623574147  0.381283467680608  2.321520912547534  2.504977566539929 
 1.577486966292136  1.379172359550560  2.849717977528089  1.009894584269662 
 1.428026575342466  2.286949315068490  2.895321917808218  3.921458904109587 
 1.033512553191488  0.374953567021277  2.711959574468085  0.593220475531915 
 1.200694328358208  1.156040208955224  2.641832835820895  4.420125373134331 
 1.634158714285716  1.082652142857142  0.816471130000001  2.451261428571426 
 1.658619631901841  0.572933815950920  1.614402453987730  1.933846012269939 
 2.111052688172044  0.355970161290322  2.905810752688172  3.866003225806453 
-0.133714471428571  0.071909432353969  0.990726412698411  0.596570426984127 
-0.332550268382355  0.054732327806985  0.673632628676472  0.345051024632354 
 1.269433178807946 -0.188944060264901  2.932881456953640  2.723552980132452 
 0.979084973262034  0.587605187165775  2.224600000000004  1.237171604278076 
 1.088923306772909  0.396055406374502  1.652072908366535  1.466190956175295 
 0.878908641509434 -0.046150960113208  1.263495320754715  1.827521132075474 
 0.452212652173913  0.069037576086957  1.664791304347827  1.993246135265698 
 1.596387142857142  1.152657428571428  4.261020000000002  1.026532257142857 
 1.469471575757574  0.833730424242424  3.612433939393941  2.594138787878787 
 0.821834403292181  0.523362386831276  1.959410699588481  2.084041152263377 
 2.323302105263159  1.445696210526316  2.421781052631579  3.898447368421053 
 1.305789203980103  0.518430124378109  2.955854228855721  3.028012935323383 
 1.627038073394499  0.569907981651376  2.392505504587154  2.357593577981651 
 2.477210810810812  0.762931801801802  2.882641441441441  2.342294594594594 
 1.199573515625000  1.220625703125002  2.271421093750000  3.316130468750000 
 0.678912105263160  0.074371352471178  1.592457644110275  1.204963508771931 
 2.102150909090908  1.205026272727272  1.825020000000000  2.352108181818184 
 1.823239007092198  1.413656241134752  3.181634042553193  3.502019858156030 
 1.862758333333333  1.392254375000000  3.967675000000000  4.421481250000001 
 1.440524929577465  0.358795873239437  1.654572535211267  3.346635915492955 
-0.334865255119455  0.041346446154113  0.377643548293517  0.534503225255973 
 0.477042827653632  0.179521715083799  2.098068156424581  1.571916480446927 
 1.088263269230769  0.133395368269231  2.904026923076921  3.698712500000000 
 1.257073471074380  0.363626528925620  0.823879173553719  1.531618925619836 
 1.491837536231884  1.466358550724637  1.618815652173913  1.261360579710145 
 2.105276415094339  0.954114339622642  3.578175471698113  1.963312264150941 
 2.452609677419354  0.455819059677420  3.957645161290327  2.534348387096773 
 1.331190428571428 -0.008464301904762  1.722117619047618  1.868928571428571 
-0.392711802816902  0.066172490352113  0.740273394366198  0.668352478873238 
 0.883916712328767  0.114781028767123  0.595790969863013  2.147639726027397 
 0.771220584615385  1.641818461538462  2.029036923076922  2.533760000000000 
 0.776157312775331  0.034194571806167  2.309815859030837  1.112147533039648 
 0.891066855670103 -0.119336707938144  2.423514432989695  2.325968041237111 
 1.440746565656566  1.965310101010101  2.669619191919190  2.167927272727272 
 1.349294811320754  0.219536256792453  1.810269811320755  2.483722169811321 
 2.428372000000000  2.508652000000001  4.222188000000001  2.000299999999999 
 0.627276775919732  0.335198300668896  1.511459130434785  1.660079933110368 
-0.293074757692308  0.065598176961538  0.460838511538460  0.871058615384617 
