 0.037238897439745  0.078308121794682  1.145334623493937  0.765169955321374 
-0.356374187097719  0.069783680879551  0.579552995699233  0.579172438911628 
 0.956657358948363  0.216450815338730  1.125672151263843  2.380609908998957 
 1.684581435643553  0.806218042937298  2.855469471947222  1.332310491254014 
 0.366683964299604  0.093401338171205  1.127991817120638  1.615651605058364 
 1.481154062674092  0.483453558384405  3.575631894150427  2.403054596100320 
 1.196424973656486  0.302811229726030  1.484295226554259  1.377909462592188 
 0.400619895000004  0.088843992862764  1.652278510638313  1.087598219255317 
 0.985911001932384  0.087544312763286  2.741784154589324  2.216979710144884 
 2.166482089552217  0.668926631880593  2.467611791044783  2.755372835820890 
 0.618703967805003  0.119490300113835  1.866441230936802  1.930072494553368 
 2.163872727272713  1.622999272727279  2.537671298701294  4.154884935064925 
 1.604181943957978  0.730629586164628  1.553060390542889  3.532793520140135 
 1.325804897680759  0.394003304502051  2.895900818553901  3.527146793997265 
 2.222237696078423  1.941204240196081  2.987609313725494  2.363659705882343 
 1.800322827988338  1.468727504373180  4.251981924198263  3.526430903790104 
 0.847187735483869  0.202869450073733  2.455272165898625  1.256726054377878 
 1.304705213179914  1.657162384937240  2.826458786610879  3.206716317991631 
 1.563550890868591  0.212839895144767  1.990756670378612  2.068092538975517 
 1.878342651685397  1.429373685393256  1.542426429438202  2.241310089887640 
 0.982560142137096  0.210188740584678  1.992452520161285  2.850736189516124 
 1.146265965659342  0.990470233516479  2.492671840659346  2.283264972527475 
 1.915466838709677  1.362746129032257  4.091340645161288  1.965051580645162 
 0.001515482427964  0.073313805729334  0.777187554936230  1.118721143127070 
 2.461642896935930  0.948108720612814  3.398838440111421  3.393976323119781 
