 0.048643073087035  0.078546126372040  1.235654538258470  0.622515255936909 
 0.162723387808896  0.075902216425034  0.673206892586453  1.387886326194288 
 0.738314634146212 -0.000656180281419  1.561897373358239  2.221189118198815 
 1.630946909871210  1.195385536480695  2.717806437768313  1.613336824034044 
 0.268620302505680  0.088986993166286  1.150734259681131  1.474199316628702 
 1.195808443999985  0.207111741600012  3.426949200000029  1.774646000000111 
 0.820360899653997  0.098819220529415  1.369310622837355  1.420951730103794 
 0.434746935950432  0.103313004793382  1.813410537190163  0.800950223553714 
 0.771576818181880  0.264907486688319  2.622666233766060  1.020493912337527 
 2.653234523809464  0.754189392857135  2.429325595238121  2.835592857142827 
 0.539098450074189  0.162002619664193  2.069407977736504  2.119040074211476 
 2.069476146788941  1.458928899082580  2.154934403669703  4.616288990825627 
 1.933287837837890  1.204169639639666  0.939563757657566  3.251060360360545 
 1.540453734939737  0.382904000000022  3.521864457831411  3.769618072289118 
 2.188206382978686  2.112366666666676  3.986663829787244  2.756958865248185 
 1.207634983597880  1.433916296296305  3.612596825396866  3.190143915343938 
 1.061282366412209  0.057698516793893  1.914716030534369  0.894832053435116 
 1.776455921052627  0.985950263157899  2.204217434210522  2.820709539473694 
 1.080170118110228  0.023441889960631  1.967761417322817  1.782143503937050 
 2.307231200000001  1.211590559999995  1.434394935999996  2.013200799999994 
 0.820032301492550  0.086559675522389  1.977846865671618  2.974465074626846 
 0.904385701492528  0.606537104477598  2.632843880597014  1.800022089552237 
 1.812080999999994  1.193469214285708  4.258928571428577  1.826139000000013 
 0.218638734937237  0.080282910255230  1.496724790794988  1.141359612970710 
 2.473966467065878  0.960341405988028  3.768167065868281  2.917384431137731 
 1.143378478260857  0.300996814492750  2.369750724637677  4.129480434782639 
 0.380772636747760  0.108780551897568  1.586404609475025  1.708569654289360 
 1.621005601374577  1.148116769759451  3.293337113402042  2.489830240549837 
 0.810650295165391  0.059856286692111  2.675874554707372  2.388303562340966 
 2.157450697674412  0.429532123348837  3.150951627906992  2.092784186046517 
 1.590907142857146  0.114279463270676  2.518187593984953  1.420657593984959 
 1.482496031746031  0.438188514285714  3.998774603174622  2.533347089947081 
 1.855345161290326  1.161668580645166  4.646160483870966  3.382578225806451 
 2.119145238095238  1.669894166666663  4.039913095238105  4.471955952380934 
 2.463980254777070  1.671287707006369  2.729317834394906  2.397647133757961 
 0.889163612745099  0.438619681372549  3.322472549019594  2.827897549019635 
 1.669438053097343  0.298029133008850  1.323236150442479  1.532921327433634 
 1.896123557692305  0.249009395480770  1.974739326923079  3.527608173076930 
-0.009641117942177  0.074448570148809  1.050554209183677  1.068771573129254 
 0.571871774580340  0.127823206522782  1.049542062350114  0.896065419664269 
 1.378411190476191  1.062321761904762  1.475950285714279  2.435000476190465 
 0.974942711111108  0.215644566222222  0.638455438222221  1.864285777777775 
 2.218246979865772  2.129030872483223  3.036647651006712  3.662788590604016 
 1.540865934065933  0.074705896117216  1.373723516483515  2.540789010989028 
-0.093051077823837  0.070274651708808  0.630266860103627  0.964283316062183 
 1.414886042780751  0.532807620320857  2.706528609625671  2.267422727272729 
 1.035132750809063  0.637539546925567  1.901188673139163  1.506599288025885 
 1.005644379166668  1.245035500000000  2.480986250000001  2.522907500000000 
 1.877586590038315  0.474104449808427  2.102213793103438  2.096249808429115 
 0.521169556748468  0.113046110076688  2.054293251533744  1.427705214723928 
-0.557095382955772  0.089023494498383  0.527147738942832  0.472644872707659 
 1.758393289473683  0.839275986842106  2.043397368421056  0.987118537500002 
 1.479010125000000  1.935389374999996  2.308207500000003  3.138047500000001 
 1.174876875000000  1.443452937499998  2.948188125000005  3.888799374999998 
-0.257985791433892  0.072111818342645  0.860419739292363  0.714042001862196 
-0.208050926640927  0.060934335379665  0.675097554697555  0.413352556241956 
 1.190537413793105  0.359268281609195  1.193935172413791  3.348993678160921 
 1.075230754310346  0.468806181896552  1.996909913793102  2.450315517241382 
 1.104449629629628  0.480104009876544  2.565222222222224  3.177675308641977 
 1.614551640625000  2.173933593750001  3.209773437500000  2.231402343749999 
 1.864298507462687  0.767050320895522  2.775160447761200  3.420206343283583 
 2.539534666666666  1.071516473333334  3.206508666666668  3.895830000000003 
 2.527419685039371  1.599917952755906  1.991033070866142  3.444522834645668 
 1.756472090909091  2.066613636363638  1.935023727272726  1.818989272727274 
 0.394131698602794  0.092731530718563  0.990558143712575  1.981472654690622 
 1.621071062992126  0.011725746456693  2.990763385826771  2.853100787401572 
 2.613881818181818  1.516675454545453  3.341977922077922  1.378622597402597 
 1.321022151898735  1.151319873417720  1.724405822784810  3.633807594936712 
 0.813316713815789 -0.099836417105263  2.617570394736846  1.702750328947368 
 1.423321068702290  0.799730068854962  3.365543511450381  1.048560687022901 
 0.774282038610039  0.215481512355212  1.126678069498070  2.651279536679537 
 1.465330847457628 -0.099578858983051  2.207952542372879  2.460185423728812 
-0.329485563224446  0.054176447867555  0.425900827502635  0.688950516332982 
 0.973801607629428  0.447935595912807  1.424420326975478  1.964471117166215 
