 0.138736739180643  0.082453211401267  1.331832783613361  0.733654447479178 
 0.148252354945054  0.077201260260983  0.667861955769200  1.325679986263644 
 0.711618018691481  0.119468541074772  1.438218753893990  2.352119470404935 
 1.711548682926790  1.253526146341474  3.049580000000081  1.224977019511865 
 0.351369524147707  0.084483060355112  1.005539389204586  1.840376278409089 
 1.269258563999984  0.373747105280012  3.474727200000027  1.533668160000110 
 1.064199404332148  0.059177364801447  1.511469530685901  1.619459999999987 
 0.353522789170517  0.091520859108291  1.731488479262716  1.129466301843316 
 0.751942173669521  0.249324223249306  2.655981512604891  1.051970044817811 
 2.680623684210475  0.868905315789468  2.294917894736864  2.923787894736815 
 0.604290416067234  0.116626507454679  2.079629093567219  2.168747660818691 
 2.098397109826557  1.279047364161857  2.328686589595363  4.424998265895916 
 1.954384411764739  1.262561941176487  1.184255252941118  3.450903529411887 
 1.660390714285698  0.350246334821445  3.332698214285775  3.754405803571399 
 2.046530698924704  2.176227956989255  3.872633333333341  2.615923655913946 
 1.022472434161487  1.331671614906843  3.700354037267128  3.324758385093196 
 0.840226476190474  0.090613139190476  1.826561666666678  0.753252062380954 
 1.736885964912275  1.029267368421055  2.206495321637425  2.870057017543864 
 1.301178674948235 -0.037950139875775  2.043145962732902  2.170670600414124 
 2.033588439306358  1.650146763005776  1.588601977456643  2.082440924855487 
 0.945526906329125  0.112490263544305  1.989602278480993  2.987760253164546 
 1.117760159737413  0.708359737417933  2.750377461706781  1.949842450765862 
 1.987844879518068  1.122836566265056  4.241122289156630  1.903244337349409 
 0.156629058951175  0.077224740244123  1.258731256781199  1.320395027124775 
 2.451888510638306  0.959041539574471  3.314884680851079  3.252096595744685 
 1.061607102272718  0.505575473863633  2.283929545454541  4.063626136363657 
 0.423307017230445  0.122083120118394  1.590719450317120  1.723085412262146 
 1.589072500000007  1.183345843373497  3.291051807228900  2.516800000000007 
 0.891617437070935 -0.017756342082381  2.803257208237984  2.035757208237990 
 2.211437499999993  0.451484704827585  3.227378448275876  2.110162068965525 
 1.547798039215690  0.128711745182072  2.447207843137252  1.377340988795518 
 1.303110475655430  0.372105326591760  3.810764419475667  2.560731086142315 
 1.923912290502796  1.151528122905031  4.507828491620109  3.257607262569831 
 2.342056666666667  1.544081924999998  3.894803333333340  4.394936666666653 
 2.489989385474859  1.826545810055866  2.855986592178769  2.085388603351954 
 0.808697239202658  0.244107124916944  2.905349501661120  2.930796677740878 
 1.947364186046510  0.490677682325582  1.332711846511628  1.724327255813958 
 1.846269565217390  0.267705221605352  2.106726421404684  3.422943812709036 
-0.025003265060241  0.072821872051205  0.951057055722895  0.998786716867474 
 0.684755785381028  0.155673657138414  1.137531399688956  1.221792923794712 
 1.263188133704738  0.794446685236769  1.528605766016709  2.342048746518100 
 0.958169500000000  0.235106025624999  0.727601204999999  2.036950937499998 
 2.544541780821920  2.026010958904108  2.762001369863010  3.488917808219169 
 1.462390536912752  0.057876969798658  1.328917114093961  2.660706375838941 
-0.224576826288212  0.068990936200873  0.562085533624454  0.879647694323149 
 1.587793384223921  0.122574902290076  2.851166666666668  2.736136386768445 
 1.025356808510639  0.584771843971631  1.888333806146574  1.612897281323875 
 1.227257254716982  1.809160377358491  2.577443396226413  2.369362264150944 
 1.857591477272728  0.591282124999998  2.359462499999994  2.178132386363635 
 0.663625573770493  0.091324375915301  2.171596448087435  1.538431147540984 
-0.546525017985611  0.075859061237689  0.524147384262594  0.528161602517985 
 1.642591966292134  0.994236741573035  1.980026404494382  1.079446206179776 
 1.581689944134078  1.844787709497204  2.111212290502794  3.279674301675978 
 1.502048601036269  1.778256994818651  3.065521243523318  3.738084974093265 
-0.192923841373671  0.067253293327882  0.896204668847095  0.590419364677021 
-0.256704106371490  0.066745834589633  0.500535250539957  0.461550300431965 
 1.085983207547172  0.550720755660378  1.217685943396225  3.359043396226417 
 1.010699509594884  0.580411400852879  2.230846908315564  2.466796588486140 
 1.313741501706485  0.856483071672355  2.711723549488055  3.291807167235496 
