 0.061801206166195  0.077562284937450  1.187258900804217  0.696026607685592 
-0.113608520500000  0.069978500342140  0.600574224857128  0.967487921428526 
 0.608296640081504  0.120635369277393  1.526759498834431  2.199979836829794 
 1.730951076923046  1.253759153846163  2.739406923076985  1.254550838461279 
 0.332512075630235  0.084674268931571  0.875389247298954  1.740934693877556 
 1.252938459940642  0.494942206290810  3.387657270029695  1.525694091988211 
 1.045224575707170  0.053544697836942  1.644284708818615  1.587127171381016 
 0.199341869005857  0.077495547352824  1.495308966861632  1.090190058479529 
 0.751508278723443  0.221092195744685  2.586630851063717  1.165118948936081 
 2.453589169675058  1.206273718411549  2.191467870036117  2.998875090252689 
 0.593145732814109  0.110855444100727  2.104829698857707  1.784640290758032 
 2.243910457516304  1.475553490196087  2.139229607843122  4.337288888888843 
 1.658306009174336  1.202901605504601  1.169055977064174  3.422503669724867 
 1.765148424437287  0.474541893890687  3.208713183279785  3.672882636655928 
 2.033143031914866  2.169471808510645  3.872236702127666  2.593368617021244 
 1.159430980155641  1.398508132295727  3.460628404669290  3.420711284046713 
 0.592093058365759  0.098704733263294  1.882929312581070  0.913014158495461 
 1.416157324324319  1.185676162162164  2.241625945945943  3.076912702702702 
 1.329941955307256 -0.037792537355678  1.943118808193651  2.241207448789608 
 1.916661187214611  1.574467168949768  1.577753078082188  1.989877305936069 
 0.804144871382643  0.142561492700965  2.126756752411563  2.686380707395491 
 1.030949953358205  0.710329533582081  2.577722947761192  2.138352238805965 
 1.995221218274107  1.117838578680200  4.145956345177668  1.887284568527928 
 0.063665738543754  0.078306257508350  0.990299853039413  1.189545250501007 
 2.583353813559330  1.090908262711867  3.298707203389843  3.239528813559324 
 1.194123532110086  0.655331458256879  2.310377064220178  4.148512844036715 
 0.371643531862746  0.108258062771242  1.481024346405224  1.576380882352933 
 1.596548130081307  1.154168699186995  3.256501897018957  2.504547696476972 
 0.932462551351348  0.005026373945945  2.761481981981980  2.001003603603607 
 2.232634126984119  0.374703065555555  3.142242460317475  2.133264682539688 
 1.615842513368987  0.224518192245989  2.321057219251331  1.246217699732618 
 1.257596690721649  0.354928821649484  3.782090378006884  2.589688316151197 
 1.915436546391756  1.164787340206189  4.506091752577316  3.269599999999999 
 2.266734615384616  1.521600699999997  3.771303846153851  4.443372307692296 
 2.550127932960893  1.853894413407821  2.823383240223462  2.138191396648041 
 0.931515782152231  0.416622278740158  2.762583727034116  3.138464829396336 
 1.958830672268905  0.444650359915967  1.340946373949580  1.750100000000002 
 1.856033604336042  0.295371758157182  2.077907317073170  3.325314634146344 
-0.235122667956157  0.068402047143778  0.807504448742752  0.591971828368797 
 0.772135578231294  0.155893680000000  1.116177499999999  1.153591479591837 
 1.212340920245400  0.662858834355828  1.622528057259712  2.397443353783227 
 0.994086816037736  0.187916694740566  0.870858668867924  2.114566981132072 
 1.910176883720931  2.104713488372093  2.819487906976743  3.634961395348830 
 1.118171554987212  0.194851142710997  1.313626368286445  3.073541432225070 
-0.446712258724100  0.070960067091772  0.480453038876772  0.524743548200656 
 1.502635300261098  0.062639800000000  2.854716187989557  2.755006266318536 
 1.084284765258216  0.646106924882629  1.876157981220658  1.523308896713614 
 1.275581766355140  1.878217757009346  2.550913551401869  2.464745327102804 
 1.779097368421054  0.595419934210526  2.387270394736841  2.291329605263158 
