-0.165143539711208  0.070999905941640  0.904737515042068  0.641450238146916 
-0.132546054886113  0.069792931674501  0.575052409845686  0.954675584129270 
 0.852419154069670  0.161081977281983  1.197636109011543  2.353873255813902 
 1.683183465346508  1.224408415841592  2.780608580858138  1.291025009900766 
 0.324642585858571  0.094199104030302  1.059000777777809  1.783041111111115 
 1.046684366803271  0.326610728995908  3.127648975409856  1.458437870901696 
 1.003072633451967  0.224908435053383  1.576432265717660  1.497190996441272 
 0.171497868750007  0.082785040010540  1.321815037650626  0.827064051204819 
 0.640362588297892  0.125153985861704  2.257528617021220  1.484072159574422 
 2.095058836206879  0.898771963362066  2.274934913793115  2.790705387931025 
 0.572913424112739  0.113429588353975  1.797012384473173  2.035287430683907 
 2.267658490566017  1.758684000000005  2.358832452830180  3.881727924528276 
 1.804604285714308  1.249976190476204  1.244643086580044  3.407578787878877 
 1.757234235668777  0.442374223248419  3.246826433121063  3.663703503184693 
 1.969470608695630  2.182752173913050  3.720715652173918  2.605294347826061 
 1.245848160738253  1.484127281879201  3.279015100671165  3.533420134228206 
 0.632490878571430  0.113574160208571  1.875099285714293  0.816909223142857 
 1.320132161879891  1.595105430809403  2.297302088772844  2.874359007832895 
 1.395086839694648  0.021285651511451  1.931516488549607  2.254319236641249 
 1.864783235294119  1.670759803921566  1.608961392647055  1.929138725490193 
 0.842634953376210  0.212320183697749  2.016706270096452  2.837406270096459 
 1.145805027548209  0.722765234159773  2.236558539944901  2.117739669421483 
 1.945841862348176  1.022936975708499  4.066671659919032  1.834703234817821 
 0.091247306610067  0.078214440946028  0.960274790782294  1.202839648271683 
 2.621600000000005  0.988425186842108  3.262315037593995  3.135809398496242 
 1.274177279693482  0.679675754406129  2.286176551724133  4.158598084291198 
 0.330727999040439  0.081496928301577  1.531285469499656  1.375639479095265 
 1.429853611627911  1.156715000000003  3.202147674418594  2.436108372093027 
 0.870095929378529  0.057559608771186  2.628296468926549  2.193813841807909 
 1.897369138276553  0.314731121282565  2.877870941883772  2.140944889779566 
 1.493081804670915  0.306321757239915  2.238560297239913  1.178202536518045 
 1.284984100574712  0.329773043390805  3.731466379310350  2.585594252873561 
 1.880855198237888  1.211346273127755  4.460767400881053  3.252861233480175 
 2.249574375000000  1.667843624999997  3.640478125000003  4.389702499999991 
 2.475897797356828  1.806177092511014  2.777612334801761  2.215427136563873 
 1.142987313974589  0.320053087477314  2.808672595281305  2.982126860254087 
 1.800615616438356  0.566461739452055  1.380156704109589  1.904935452054797 
 1.816041095890411  0.254584963726028  2.117458904109590  3.362487123287675 
-0.429644046135831  0.069555857089606  0.517402048384076  0.514687288711944 
 0.845335879917185  0.188666926915114  0.824286146169773  1.553996459627330 
 1.233032573726542  0.417053871849866  1.272282900804289  3.076610723860589 
