 0.130510211173555  0.079610643754049  1.092288744379478  1.089597358812993 
-0.301442680970400  0.069881379035456  0.630761741175157  0.631215612107711 
 1.343636649369860  0.385201923098597  1.713630862120044  3.212201853224582 
 1.270958684754521  0.380976109928943  2.853976421188634  1.529307139987036 
 0.678646369747895  0.147431263888464  1.180910122459904  1.917591023682193 
 1.950268629254827  1.391044533486663  3.497611683532663  2.187720754369837 
 1.796375990990994  1.051820551951952  1.911723753078080  2.097680015015003 
 0.646153201406039  0.135773733661865  1.842025558984916  1.231133373182438 
 1.353032581775699  0.395788968341122  2.987711039719620  2.853454906542043 
 2.004640542495476  1.441080443942131  2.413303806509943  3.600747377938514 
 0.883492967031670  0.166539337012210  2.098606028233484  2.196543990843194 
 1.849297758625159  1.273875287937743  3.871949546044097  3.595702464332036 
