-0.162603073645787  0.070646603210594  0.907763347534946  0.637222698600228 
-0.146621388671024  0.070091381153955  0.568806299782119  0.937265192447303 
 0.908887319354729  0.178881002370975  1.080482920322488  2.451112903225752 
 1.676369046052605  1.231973421052639  2.774818750000052  1.290010322368197 
 0.395840992292858  0.095430394210018  0.922232818882497  1.758926782273607 
 1.035637695984697  0.318913284225628  3.095262715105181  1.450770900573668 
 0.953008041575502  0.194369306072213  1.376228150984670  1.450334102844628 
 0.173172894043193  0.082943368230824  1.334897215189897  0.833322472077439 
 0.661557644423277  0.125652986148715  2.203497616777834  1.513687607244953 
 2.119055863539427  0.862769844349677  2.239430703624745  2.794870788912571 
 0.587286768558243  0.124090848523890  1.730448952221270  2.063767560771159 
 2.239209293680278  1.756659702602236  2.234084089219322  3.866311524163543 
 1.564139230769244  0.901446926035512  1.193076582840209  3.298883431952722 
 1.756462575757564  0.449460957878799  3.233566666666709  3.639625757575739 
 1.966448658008636  2.185389610389616  3.716544588744593  2.605288744588719 
 1.244235625083610  1.488291404682280  3.282339464882968  3.530996655518412 
 0.612157919508869  0.113927659544338  1.901480900409285  0.843752682401091 
 1.337689259803918  1.576762205882357  2.270930392156861  2.874162499999997 
 1.377733112094387  0.022752006548674  1.898062094395271  2.252393952802387 
 1.919773212669684  1.621151040723980  1.579112235746603  1.962845882352938 
 0.891803815950924  0.236681984355828  1.893529601226984  2.879532055214719 
 1.146984095238095  0.718457564625844  2.226492380952377  2.109796326530608 
 1.934979279999998  1.026374171999997  4.070906400000004  1.838549596000007 
 0.093882748581560  0.078909327671395  0.952088741134754  1.184784154846340 
 2.620411231884063  1.004759998913046  3.232689492753633  3.140650000000002 
 1.276847137404577  0.681248892748090  2.268432366412210  4.153928244274820 
 0.310195255504285  0.090907617463415  1.502152471984177  1.420794199077124 
 1.429144719540234  1.157605287356325  3.197252643678151  2.435085287356326 
 0.852007391534389  0.059918523571428  2.595155158730153  2.216092460317460 
 1.898381165048543  0.314525072854369  2.838478640776703  2.122448932038842 
 1.474706775431864  0.297553281497120  2.177327639155469  1.194337820921304 
 1.309344198412699  0.320408116666667  3.697034656084662  2.577892592592589 
 1.891530262008736  1.217182681222709  4.479271615720521  3.287216593886462 
 2.240156571428571  1.663378171428569  3.522487428571432  4.361727428571421 
 2.474400438596491  1.805371491228071  2.777019736842104  2.218619999999996 
 1.111241789752647  0.312549397879859  2.776199999999998  2.988438339222616 
 1.688170279898219  0.537638836895675  1.297211010178117  1.895753715012724 
 1.770398328690807  0.226324637214485  2.083908077994430  3.371733147632316 
-0.433826964937560  0.069722821107738  0.518090376224784  0.509702090970221 
