 0.138736739180643  0.082453211401267  1.331832783613361  0.733654447479178 
 0.148252354945054  0.077201260260983  0.667861955769200  1.325679986263644 
 0.711921443234729  0.119261401819601  1.438883576982802  2.352328771384088 
 1.707924851485108  1.213493762376248  3.034168316831765  1.220989252474913 
 0.351369524147707  0.084483060355112  1.005539389204586  1.840376278409089 
 1.260783531120315  0.355084034522834  3.479153112033223  1.520630331950321 
 1.063484394213400  0.058517595117544  1.511667667269420  1.619984882459300 
 0.353730807603697  0.090834960490780  1.731106105990827  1.130195806451611 
 0.751584455056233  0.250253973876411  2.653912921348163  1.052205775280782 
 2.697678488372036  0.839204593023249  2.316392441860490  2.854963372092993 
 0.602764338604975  0.117844078559472  2.078762408223168  2.166118208516864 
 1.928749914529868  1.483042256410267  2.266412649572628  4.621317948717893 
 1.998939221556919  1.294839341317383  1.215072904191557  3.461581437125872 
 1.598947906976728  0.331853883720948  3.365649767441924  3.749463720930201 
 2.185823225806418  2.062720000000008  3.992529032258075  2.784327096774155 
 1.027699949689437  1.329154658385103  3.674579503105637  3.332172670807481 
 0.835667637231502  0.090151779713604  1.828247732696909  0.753176315513128 
 1.778556626506019  1.035761807228919  2.178200903614457  2.876093373493980 
 1.297007876288654 -0.040677616412370  2.042239175257714  2.174103298969117 
 2.037327906976743  1.649722034883717  1.587626407558135  2.066172558139530 
 0.933270176165814  0.113007811139897  1.988305699481846  2.988106735751283 
 1.122515532894732  0.682926052631569  2.755491447368418  1.943060745614033 
 1.947368633540368  1.116178881987573  4.243309937888203  1.879379254658396 
 0.156629058951175  0.077224740244123  1.258731256781199  1.320395027124775 
 2.455470443349761  0.908678447290644  3.503437931034496  3.100352216748771 
 1.070153526011551  0.494708901156066  2.270898265895950  4.066007514450888 
 0.423199140148306  0.122632587533899  1.590320868644063  1.723200529661006 
 1.581197570093465  1.173630249221186  3.285553894080980  2.530096884735209 
 0.887858960739026 -0.021474229769054  2.802875981524247  2.038892147806008 
 2.175849557522115  0.418238763362831  3.211583185840722  2.082038495575229 
 1.548537321937325  0.130623247948717  2.438791168091165  1.375456732193732 
 1.297274155303030  0.377909144696969  3.805433712121224  2.544969696969690 
 1.870554375000003  1.128777462500004  4.548792499999998  3.280316874999998 
 2.326270161290323  1.554155088709675  3.877950806451619  4.390806451612892 
 2.530232941176469  1.728222176470588  2.840535882352939  2.084184235294117 
 0.795242917525773  0.250645819931272  2.909944329896897  2.930734707903795 
 1.941178773584904  0.485677379528303  1.321364797169812  1.701670990566042 
 1.802744876325086  0.219928430247350  2.063667844522969  3.394165371024740 
-0.025003265060241  0.072821872051205  0.951057055722895  0.998786716867474 
 0.683489049844239  0.155301357538941  1.138160903426789  1.221918613707165 
 1.268828994413410  0.788449581005587  1.523906340782119  2.336262849162005 
 0.957741191222570  0.234190401880877  0.726267039498432  2.036703134796236 
 2.566675714285715  1.999205000000000  2.757642857142855  3.453694285714275 
 1.459506438356164  0.058635647260274  1.321915410958905  2.653472945205495 
-0.224576826288212  0.068990936200873  0.562085533624454  0.879647694323149 
 1.579729610389612  0.118382921038961  2.840954545454547  2.746036363636362 
 1.025894174528303  0.583114976415094  1.888280896226417  1.612486202830186 
 1.190912632075474  1.611678301886793  2.491969339622642  2.332271698113208 
 1.853214689265537  0.577289655367230  2.355192090395474  2.180442937853106 
 0.663073077975378  0.091253738946649  2.171849931600550  1.538324623803010 
-0.546525017985611  0.075859061237689  0.524147384262594  0.528161602517985 
 1.633979137931034  0.985823448275863  1.974866666666666  1.068418475287357 
 1.502673296703297  1.865553296703294  2.145602747252748  3.256037362637362 
 1.502423222222222  1.802387777777776  3.095278333333337  3.691556666666667 
-0.192923841373671  0.067253293327882  0.896204668847095  0.590419364677021 
-0.256704106371490  0.066745834589633  0.500535250539957  0.461550300431965 
 1.104931481481483  0.567112408333334  1.195806194444443  3.360873611111113 
 1.015594578059073  0.571554213080170  2.234489029535863  2.476848734177215 
 1.322028219178082  0.845142260273973  2.712379109589040  3.276372260273974 
 1.705790275229357  2.303428440366972  3.316904587155963  2.156579816513761 
 2.266229591836735  0.952447908163266  2.627956632653064  3.782197448979592 
