 0.146570100603103  0.080705685227994  1.321065090470350  0.683096615199248 
 0.158241690149253  0.077278510402979  0.635860005671609  1.317234164179005 
 0.726064115789353  0.106125856315796  1.482396263157794  2.416437543859590 
 1.666822736842062  1.216606736842116  2.991453684210615  1.224883678947013 
 0.285038421326997  0.087716852132700  1.085590722748852  1.560770853080566 
 1.248836254310328  0.342363445344841  3.497914224137961  1.531382284482877 
 0.937825574043278  0.097509557237940  1.510882861896822  1.694514642262883 
 0.425852141654991  0.101488317035059  1.815504067321232  1.100571542776997 
 0.768613155619651  0.259123865129689  2.655357060518577  1.049476818443684 
 2.654184916201062  0.782092569832395  2.432655307262594  2.835576536312820 
 0.572030185721212  0.136760324309563  2.088312803889753  2.158503079416507 
 1.945204961240268  1.472182170542645  2.342894573643392  4.576876744185994 
 1.777602111801277  1.204444062111819  1.159518155279440  3.566950931677146 
 1.528749468085087  0.320905484042573  3.419464893617097  3.727091489361668 
 2.139836690647445  2.101746762589937  3.990253956834543  2.797302877697799 
 1.054096538323349  1.321062814371268  3.665246107784477  3.280210179640745 
 0.863709578313250  0.072223447891566  1.838394277108448  0.703707127108436 
 1.764121694915249  1.059040169491529  2.147180677966100  2.842600338983058 
 1.241860066518840 -0.066044322394677  2.031084035476698  2.102411529933529 
 2.200725850340136  1.223761972789112  1.310503939455778  2.142728571428566 
 0.889020040372684  0.023890363975156  2.064703726708048  3.011577639751535 
 1.123514352078233  0.656200904645465  2.755654278728604  1.889486797066013 
 1.856839352517980  1.187191079136685  4.268100000000005  1.810041366906488 
 0.175786796670134  0.079777947419355  1.404953485952141  1.210314172736732 
 2.442121264367824  0.909230124712648  3.743305172413809  2.921802873563222 
 1.206918048780478  0.435962667073167  2.274114634146338  4.167339634146363 
 0.394245346766744  0.115829117357969  1.605522055427247  1.725458083140865 
 1.607436045751641  1.174963071895427  3.282116013071877  2.518351960784320 
 0.873182709832131 -0.014777243381296  2.788509832134291  2.058439088729020 
 2.160094594594586  0.479738484774774  3.188656306306322  2.041899099099104 
 1.518071803278693  0.042905075508196  2.482084262295076  1.386290852459015 
 1.377625859030837  0.428102163876652  3.901668722466977  2.511529074889860 
 1.859346616541357  1.140351308270682  4.621303759398494  3.334618045112781 
 2.105919512195122  1.668978048780484  4.075865853658546  4.459741463414615 
 2.470140789473683  1.708026118421051  2.708296710526315  2.223815789473685 
 0.820536473076923  0.292717018846154  3.094663076923066  2.825889615384634 
 1.703849382716047  0.320182370205762  1.377145967078191  1.535564156378606 
 1.814974545454544  0.222770091854546  2.022636363636363  3.349754181818188 
-0.008522528935860  0.074948667043732  0.992143462099129  1.039977026239069 
 0.709147543252598  0.152907814775086  1.178717820069201  1.169237231833909 
 1.186077160493828  0.815242160493827  1.493107808641970  2.307170679012340 
 1.030553333333331  0.261173734496124  0.701013238759688  1.956029844961239 
 2.396715942028986  2.092025362318841  3.013577536231884  3.551178260869555 
 1.536177408637873  0.113218201461794  1.390919601328904  2.547539867109649 
-0.203058778777871  0.071013152708505  0.582394100743187  0.887197208918254 
 1.535716363636365  0.390022428571429  2.797582597402602  2.663487532467535 
 1.030199667458432  0.558600261282660  1.946541092636584  1.603926223277909 
 1.048766587500001  1.298517666666668  2.474630000000002  2.367883333333335 
 1.848167791411043  0.532282835582820  2.259867484662569  2.100243251533741 
 0.646702204111602  0.090865533289281  2.183156975036710  1.541593392070484 
-0.544359337455830  0.073619999148684  0.514305282950534  0.543661459363956 
 1.683808967391303  0.853312336956523  2.039963043478262  1.060793302717392 
 1.455122247191011  1.864549438202243  2.181170786516855  3.211001123595504 
 1.394992687499999  1.724166249999998  3.088293125000003  3.704167500000001 
-0.195405704838710  0.066183934145161  0.898166185483870  0.607544066935481 
-0.263280574324325  0.066698689927235  0.515284940748441  0.452635912889813 
 1.083870707964603  0.417158537168142  1.199393318584070  3.266333628318586 
 1.067369583333335  0.439711070833333  2.154805624999999  2.472418333333334 
 1.022113189964157  0.744766164874553  2.483918279569895  3.258053763440862 
 1.591854480000000  2.171229600000000  3.194579200000001  2.270695200000000 
 1.858544656488549  0.797590877862595  2.749108015267179  3.444836641221374 
 2.547112765957446  1.041893765957447  3.255214893617022  3.901719858156031 
 2.545244262295083  1.563890737704919  1.965295901639345  3.447422131147540 
 1.703936129032258  1.963447580645163  1.891497661290322  1.854464677419355 
 0.451439320346320  0.084246678268398  0.978295411255411  2.074781385281389 
 1.594014142011834 -0.289446984615385  2.881356804733727  2.709853254437868 
 2.621822580645160  1.708721451612903  3.516337096774194  1.636669677419355 
