 0.213730761812523  0.086373575894311  1.061242669536088  1.319402470110043 
-0.259939117595755  0.070353750658003  0.686434252009856  0.656601197421303 
 1.505837566909929  0.624796156901871  1.895132589618767  3.495498945660960 
 1.264588629370630  0.366674562686482  2.714952855477856  1.466610246328630 
 1.076659092143544  0.232422476677981  1.282547758826393  2.240155383123178 
 1.850506380697051  1.229907018588026  3.675777569258268  2.237416729222530 
 1.856854061738426  1.223426458164093  2.070976051990256  2.164846807473588 
 0.565532511762579  0.124851100268548  1.719533966702863  1.096284595801663 
 1.258092333497294  0.309071774422036  2.757450073782588  2.684271569109682 
 2.100542269272525  1.696185146579801  2.721152258414766  3.481232899022801 
 0.712290505929107  0.141262021245896  1.994428134328356  2.009718955223873 
 1.734031679669631  0.959411516899619  3.727972808132148  3.670969123252860 
