 0.103346188656355  0.078731844375269  1.068177507728875  1.038092154577928 
-0.313210142027630  0.069930311455468  0.616003690728161  0.624348191805185 
 1.316072487972467  0.401898991024059  1.610677556700990  3.050038625429527 
 1.233405951885565  0.404088389642395  2.844368140442130  1.558341588231421 
 0.550352649206930  0.119788151663592  1.176748687421630  1.826593581704165 
 1.947719117021274  1.092985572127662  3.646119361702138  2.116016808510650 
 1.594194246031748  0.485516986317462  1.681936294523807  1.734242253968244 
 0.582864573412854  0.119081091688340  1.848951250480960  1.181950010080792 
 1.333503748502994  0.353546294491019  2.950318562874242  2.905487724550887 
 1.990348196544266  1.174321956868249  2.417533628509716  3.867652483801294 
 0.812127782725053  0.156950111351935  2.098038289205687  2.182200570264775 
 1.867690947757574  1.481184521212120  3.818223878787878  3.472545696969695 
 1.828045994764397  1.542773254799305  2.315758603839434  2.480390043630017 
