 0.087118465502153  0.080179994525116  1.206794934497726  0.660688887554780 
 0.050077369593956  0.074191772860242  0.682999649480622  1.116785420207680 
 0.613346667355172  0.130215435881584  1.456451631578870  2.233673289473639 
 1.721996870228976  1.249876679389323  2.731142748091665  1.235893758396688 
 0.342382152814994  0.087560189530829  0.860365296246687  1.752344101876679 
 1.253089942598176  0.482585475891248  3.388325075528723  1.521147126888299 
 1.038504323001647  0.057601000652532  1.636026769983666  1.632207079934732 
 0.246874724713253  0.081604823747651  1.565378727841539  1.024428946819601 
 0.731724462184913  0.200183984243702  2.584877310924258  1.211472397058736 
 2.443717499999968  1.249205321428568  2.156341071428588  3.007163571428552 
 0.618078133057836  0.130375134001181  2.080277922077890  1.982538134592662 
 2.105660893854719  1.259781363128499  2.308040670391048  4.397641899441302 
 1.677729816513786  1.234523990825702  1.164554371559587  3.464196788990922 
 1.741370795847737  0.453147401384096  3.235303806228419  3.686852941176448 
 2.031786719576693  2.160558201058208  3.875219047619055  2.593852910052878 
 1.153655575378786  1.403868257575765  3.438455303030332  3.447545833333353 
 0.812705323529410  0.120955779215686  1.885106617647069  0.700762135294118 
 1.409119815303425  1.146369920844328  2.275322427440631  3.087798680738788 
 1.346451203155812 -0.042925678816567  1.935189940828385  2.263870808678540 
 1.920550228310502  1.576226621004563  1.579807415981732  1.987239406392691 
 0.845277955326467  0.140204720721650  2.112755841924385  2.746940721649474 
 1.034609680073123  0.701283711151729  2.566957586837292  2.127661608775133 
 1.956934126984123  1.133564708994706  4.165406349206354  1.866817777777787 
 0.047292957025411  0.077025722922272  1.098384760837072  1.178215538116593 
 2.554938095238103  1.084514722222225  3.264716666666678  3.257874603174606 
 1.090071249999992  0.500179925892855  2.261348660714282  3.993350892857161 
 0.343323758680556  0.098910615053820  1.431041579861107  1.601469357638879 
 1.581346539509543  1.161418392370575  3.250728337874646  2.501489373297010 
 0.925585769673701 -0.006833754683302  2.774409596928981  2.010926295585418 
 2.267644140624993  0.433557360624999  3.189653906250012  2.149654687500006 
 1.617248947368424  0.208935314289473  2.384087631578945  1.340078849999998 
 1.271311726950354  0.362785834042553  3.796800000000011  2.571167730496448 
 1.894411117021279  1.151952202127662  4.504209042553188  3.250212234042552 
 2.296536000000001  1.541355447999997  3.869012000000006  4.403051999999986 
 2.539483615819208  1.857849152542372  2.842706214689263  2.132301468926550 
 0.918315356545961  0.383103345682451  2.856508913649019  3.057758217270208 
 1.964635021097044  0.446191867341773  1.350491548523207  1.737524050632913 
 1.873191111111110  0.296107103500000  2.070459444444445  3.310728611111115 
-0.202445736463730  0.069595391988341  0.849992351036274  0.670229406735754 
 0.755761760797344  0.158134289302326  1.130861877076411  1.191990481727576 
 1.226302285115306  0.688575534591195  1.629005807127881  2.396136477987416 
 1.035334659685865  0.191090597382199  0.854511616753926  2.112758376963348 
 1.948918156682029  2.105015207373271  2.796661751152072  3.693771889400914 
 1.127353148148148  0.210831548412698  1.293652989417990  3.060870899470906 
-0.270733542947560  0.063071226636528  0.486176649457504  0.796174276672699 
 1.542608675675677  0.075053871891892  2.863925945945947  2.744702972972970 
 1.102481404358355  0.649962566585956  1.872956416464892  1.521931016949150 
 1.295081687500000  1.892462053571429  2.535905357142857  2.495212053571429 
 1.792578310502284  0.599995063926940  2.396365296803652  2.299339726027398 
 0.529535712643678  0.102910569496807  1.944348020434228  1.366908786717752 
-0.453930623312883  0.073141369390374  0.527327659509204  0.459809222208588 
