 0.011527973912997  0.075897138377938  1.242842173912908  0.621168665552134 
 0.229374500000000  0.082840793502981  0.684510643712506  1.626326946107588 
 0.960631569767242 -0.045821507732548  1.805383139534715  2.251313953488284 
 1.737686096256639  1.114520160427819  2.825069518716669  1.909815508021030 
 0.196212661836981  0.081290009197929  1.185623906856446  1.406455498059511 
 1.177605030674821  0.059639360122718  3.467450306748512  1.873621472392808 
 0.691318865435380  0.162023630844333  1.007816754617394  1.438491424802090 
 0.418304159574500  0.102614564858145  1.732315957446946  0.610031291489352 
 0.629918608527205  0.132267168604660  2.686834496123826  1.340726705426191 
 2.760479816513669  0.912524651376135  2.434422935779859  3.067909174311881 
 0.580960824137899  0.098886113949602  2.164453846153789  1.931131830238692 
 2.176380851063713  1.561696170212790  1.621645106382929  4.558285106382836 
 2.155628378378456  1.043993783783823  1.033442364864727  3.186478378378653 
 1.427295483870926  0.219172634408642  3.562613978494778  3.821264516128960 
 2.675571830985842  2.173295774647908  3.894295774647905  2.516066197183012 
 1.541100454545447  0.997099818181835  3.924936363636437  3.464560909090945 
 1.099379884393057 -0.028259773988439  1.894291907514477  0.879093872832372 
 1.871547395833325  1.116843958333342  2.309742187499995  2.911993229166680 
 1.051307182741109  0.060870908121829  1.905655583756327  1.620783248731015 
 2.487271875000000  1.361254062499992  1.405387015624991  1.753596562499993 
 0.946848695652194 -0.031730590338163  1.911905314009621  3.012745893719771 
 0.785883278106490  0.726770769230742  2.821618343195261  1.806793491124256 
 2.052779816513753  1.171325321100909  4.265783486238534  2.066607339449556 
 0.168997432400586  0.078208709681885  1.500781443298982  1.071826553755523 
 2.523698260869580  0.973872173913050  3.786119130434807  2.948006956521750 
 1.069973050847443  0.291837571186436  2.234199999999994  4.064383898305117 
 0.321002801457196  0.161209887854281  1.572696357012740  1.606582331511825 
 1.822942592592606  1.219355740740741  3.161491358024655  2.672102469135820 
 0.710874647686829  0.019419718896795  2.664774377224183  2.232240569395017 
 2.003852287581691  0.348854489019607  3.265095424836625  2.003045751633997 
 1.813958666666672  0.055871601333332  2.371579333333315  1.371822066666662 
 1.669161499999998  0.206056241999998  4.101346000000031  2.566183999999983 
 1.839893333333341  1.022369386666675  4.817710666666658  3.362318666666666 
 2.420940000000002  1.929222222222217  4.417660000000019  3.992433333333305 
 2.377627067669174  1.791180451127820  2.756541353383462  2.373839097744359 
 0.799162495652176  0.335284959130435  3.512850434782588  2.869558260869616 
 1.611134507042250  0.158289084929578  1.165101056338028  1.398439647887334 
 2.190956962025308  0.275878408354432  1.728550379746840  3.787084810126585 
-0.015407148280098  0.075623106271498  1.106573845208852  1.036958476658482 
 0.507690932203395  0.099922438983051  1.046506355932197  0.842479943502825 
 1.365343801652894  1.442869752066116  1.574578595041312  2.681309917355356 
 0.804363926940637  0.111662978082191  0.655792701369860  2.117012785388126 
 2.588497435897438  2.169139743589745  3.050865384615381  3.588099999999974 
 1.538882446808510 -0.010279853723404  1.271984042553187  2.541128191489388 
 0.065874021418633  0.075596246509040  0.775802517385255  1.198286606397787 
 1.205255583333333  0.505208691666669  2.935292916666666  2.385339583333339 
 1.273834093567251  0.991170935672514  2.078498830409363  1.914048538011687 
 0.992931844311381  1.247798443113771  2.549719760479043  2.496806586826347 
 2.299108771929823  0.329158719298240  1.983520175438576  2.445428070175424 
 0.414688272463772  0.079346398144929  2.007186666666666  1.075234840579709 
-0.592629909774436  0.098774141203008  0.491044529774444  0.464027476691728 
 1.783378676470586  0.816404411764706  1.977881617647063  1.115801250000000 
 1.492091612903223  2.038524193548381  2.403548387096780  2.966482258064519 
 1.057781037735848  1.171677924528299  3.186254716981134  3.611898113207540 
-0.233515221227622  0.066756274819694  0.845152225063936  0.873417468030686 
 0.018582333754513  0.075631152509025  0.769651317689534  0.679442469314079 
 1.086403157894742  0.410203964912281  0.929656824561399  3.330927192982463 
 1.293274422310760  0.570384382470119  1.688217529880473  2.679439043824704 
 0.695719609589039  0.381736371232877  2.504453424657545  3.088529452054794 
 1.685329787234042  2.237490425531917  3.414806382978723  2.035272340425532 
 1.788346853146853  0.856622727272729  2.562367132867138  3.593069930069931 
 2.700375000000000  1.097907965909091  3.332407954545455  3.895451136363636 
 2.491464788732395  1.865319718309860  1.844390140845069  3.173670422535207 
 1.706196913580247  2.139186419753088  1.903051975308640  1.753478271604939 
 0.359133772828507  0.091522195968820  1.113454432071269  1.935573273942101 
 1.967276129032261  0.205466376129032  3.053437419354843  2.896403225806439 
 2.666998360655737  1.413417213114753  3.262286885245901  1.334143442622951 
 1.408802795698926  1.371198817204299  1.440403118279570  3.693008602150547 
 1.101000418848166 -0.218782570000000  2.573631413612573  1.696780104712041 
 1.371720000000000  0.430622937696969  3.168156363636363  1.273448666666667 
 0.735024370106762  0.140584107829181  1.276374412811388  2.602243060498222 
 1.484747430830043 -0.047473319604743  2.213327272727270  2.304633201581024 
-0.129576321223711  0.073626049177820  0.445292475717017  0.974974856596558 
 0.968986324110674  0.489934268774704  1.373783320158108  2.017364822134392 
 0.958429590322581  1.669288172043011  3.479740860215052  2.830032258064514 
 1.702637938144330  1.911126804123711  4.139548453608242  2.951931958762890 
 2.257386842105261  1.470654736842105  2.929673684210529  5.149955263157895 
 0.642903577023496  0.129991068501306  1.520692428198438  1.140634986945172 
 0.477667754630542  0.220867399014778  2.033232512315274  2.533180788177339 
 1.620158706467662  0.212470563681592  2.247432835820895  3.144177611940296 
 1.317041304347827  0.406092558528428  2.489452842809364  1.857201337792641 
 1.278686111111112  0.977444259259261  3.710333333333335  1.793500925925926 
 1.048458188405798  0.357512625579710  2.282756884057977  2.521408333333338 
 1.554557115384616  1.387695673076922  2.802530769230768  1.047735365384615 
 1.466683108108109  2.304504054054052  2.851162162162161  3.925464864864864 
 1.025115826086955  0.316717291304348  2.592649565217392  0.592880345217391 
 1.221779714285714  1.194432428571428  2.586881428571428  4.375680000000002 
 1.479363111111112  0.851286333333333  0.829770712222222  2.148058888888888 
 1.619322641509434  0.448173518867924  1.640985849056604  1.922794811320754 
 2.092506930693070  0.307843792079207  2.877693069306932  3.865519801980199 
-0.304215395532194  0.063377157936925  0.823250144546650  0.471254673324573 
-0.273009601080247  0.061332428009259  0.424390526234568  0.463356708024692 
 1.188308860759492 -0.207061696835443  2.909013291139237  2.772029113924054 
 0.999839333333335  0.476537542222222  2.266885777777779  1.279109200000001 
 0.975607881773398  0.578450591133004  1.557380788177339  1.330327684729064 
 0.946502727272728  0.003866166553030  1.349806022727271  1.827091287878789 
 0.493443125000000  0.104474719471154  1.615921153846153  2.084704326923076 
 1.604651388888888  1.175225833333333  4.229227777777780  1.024086916666667 
 1.446632840909090  0.830031875000000  3.580375000000001  2.565620454545454 
 0.852581976744185  0.541000193798449  1.968895348837212  2.091142248062018 
 2.332294623655915  1.456467096774193  2.422461290322580  3.886408602150539 
 1.291716633165830  0.463044390452261  2.864108542713568  3.199185929648239 
 1.667834361233482  0.588242202643171  2.487303083700438  2.448936563876653 
 2.574476041666667  0.690693706250000  2.888392708333332  2.253484374999999 
 1.151740575539568  1.133302733812950  2.282833812949641  3.260003597122302 
 0.573591438127090 -0.080088160535117  1.568863545150501  1.512101337792642 
 2.085247058823528  1.174709663865546  1.829880672268908  2.311244537815128 
 1.853429166666666  1.523806319444444  3.216115972222223  3.464249305555557 
 1.837880434782609  1.355663260869565  3.964771739130434  4.462376086956523 
 1.386307724137931  0.399713280689655  1.678695172413793  3.398046896551722 
-0.395164469987229  0.054264476163870  0.559587586206897  0.715706653895275 
 0.512314102564102  0.145885679000000  2.053927435897435  1.509797692307692 
