-0.159493765865148  0.071111942077892  0.880537788813341  0.656795526293870 
-0.403911938274073  0.069789244497126  0.507826036476220  0.564312869916076 
 0.946666837282673  0.211425245924177  1.015797667614442  2.444867456556030 
 1.741296309523787  1.280323095238101  2.795725892857189  1.333338357142655 
 0.362780914879989  0.094040526871999  0.965721216000025  1.686658320000002 
 1.058041066552895  0.333084124317412  3.074901194539263  1.429734095563189 
 1.056170079726658  0.242401109396358  1.326084749430512  1.480586833712972 
 0.197508181802229  0.082668190891748  1.322873107080182  0.889041194850788 
 0.688717031473425  0.098573176416741  2.193270444638143  1.645547951176944 
 2.253568025751047  0.870039643776820  2.218905579399156  2.910434978540759 
 0.638777708126528  0.105761349678719  1.699810106820025  2.161970336893996 
 2.257055598455579  1.930558301158308  2.502537451737444  3.844699999999972 
 1.618475049504966  1.012727953795389  1.177801363036272  3.391120132013266 
 1.323581566484509  0.250606007832429  2.991428779599293  3.276405464480863 
 2.248147468749991  2.080855937500005  3.151487812500001  2.402851437499983 
 1.253041053541076  1.436672719546746  3.364164305949031  3.511321529745057 
 0.655729254375729  0.128495447194866  1.990675845974337  0.900822393465576 
 1.390629381443296  1.574430953608251  2.204707216494845  2.959508247422680 
 1.589924653312779  0.111679406995379  1.750902773497677  2.294679661016976 
 2.000972483221479  1.387210805369125  1.516503258724829  1.928101711409394 
 1.036681012129383  0.248733067250674  1.967608948787053  2.987977088948780 
 1.105459652173910  0.753736159420284  2.087904927536235  2.119725797101449 
 1.945987066246056  1.254130031545740  4.078949211356471  2.038870820189280 
 0.011182987193597  0.073923641530265  0.795336865332668  1.126021010505257 
 2.434623723723725  0.875577674774776  3.268658858858869  3.315816516516517 
 1.519733963254591  0.496849043727033  2.158110183727029  3.841777952755912 
 0.340400806751593  0.091135046236943  1.533543566878980  1.445236496815284 
 1.355144364140484  1.102053918669131  2.968865988909426  2.474991682070241 
 0.934633048859933  0.113566645352877  2.613772529858847  2.329631270358304 
 1.930560611854682  0.354302667533461  2.862894837476099  2.182387380497136 
 1.532254728260870  0.325040831449276  2.151369746376811  1.330630488586955 
 1.362099307106599  0.395887320812183  3.789204822335026  2.516928680203046 
 2.034958339768341  1.433416965250965  4.376954826254824  3.529212355212355 
 1.994329575757575  1.107356600000000  2.988003030303030  4.625264848484849 
