 0.063958483718837  0.077728103064952  1.181393087188539  0.697098660142507 
-0.112945316250891  0.069760378103347  0.600156218674254  0.968474262295036 
 0.627250738041959  0.122651939391597  1.518720132743299  2.195586172566334 
 1.718518749999970  1.256703750000009  2.745214705882412  1.264978227940927 
 0.338885862232762  0.086678662256530  0.880660526128300  1.752750475059387 
 1.257053402857132  0.475709463771437  3.383519142857164  1.525124282857220 
 1.037163388429763  0.300212733057854  1.693822865013755  1.571957878787867 
 0.201824914341094  0.079107822261625  1.506841182170577  1.076357228682168 
 0.719473086693585  0.260262618145165  2.570180846774091  1.217034034274110 
 2.101083908045957  1.009074988505745  2.269609655172426  2.821526666666658 
 0.616023108678090  0.090084608646822  2.087348738647804  1.788366902119056 
 2.445015736040579  1.472923908629448  2.250700507614200  4.002855329949207 
 1.784325991189450  1.222066977973582  1.198437414096873  3.453233039647668 
 1.747955612903212  0.434809796774206  3.206142903225851  3.668336774193527 
 2.029041224489769  2.184018877551027  3.857588265306128  2.608700510204050 
 1.172430702316601  1.343743745173752  3.470743629343659  3.458094208494229 
 0.614061245059289  0.098711121009223  1.897410540184459  0.908609771014494 
 1.171479249190933  1.402804530744340  2.160648220064719  2.918239158576049 
 1.401283890909083 -0.035467487563635  1.952567999999982  2.214483454545491 
 1.824293160377359  1.697663679245281  1.651991670283015  1.947602830188676 
 0.781510800000005  0.161185349156251  2.119982499999989  2.677349687499993 
 1.205282319277107  0.693842575301199  2.422272289156621  2.060505120481922 
 2.022029374999997  1.055744723214282  4.090704464285718  1.904403392857150 
 0.066231552732060  0.078155373001975  0.991037728768928  1.192860256747866 
 2.596188477366262  0.983461850617287  3.281294650205773  3.138994650205762 
 1.213759105691051  0.673034727235771  2.316326016260158  4.137030894308956 
 0.371293506004805  0.097931846310649  1.486533867093670  1.568016573258598 
 1.489259570388354  1.339125048543695  3.154446844660185  2.450464563106803 
 0.910640164948450  0.044728691993126  2.759371305841923  2.006669415807564 
 2.049803456790121  0.398369718074074  2.865009876543215  2.181777530864201 
 1.562707474226808  0.253645926958762  2.264014948453603  1.170651249226802 
 1.313634850282486  0.378800669774011  3.708206497175150  2.594388700564968 
 1.925894393939397  1.173776888888891  4.495713636363631  3.271847474747473 
 2.273252348993289  1.580766382550333  3.688226845637588  4.406440268456366 
 2.536849748743718  1.854178894472362  2.774465326633165  2.187255577889445 
 1.009364419664268  0.535811931894485  2.744603357314145  3.022672901678664 
 1.940196992481201  0.512409318796993  1.375490665413534  1.747085751879702 
 1.813319312169311  0.277551057566138  2.084648677248678  3.329033597883601 
-0.235835236434109  0.068404725529715  0.807399670542641  0.592111560594318 
 0.785888103161399  0.144591402895175  1.131068718801997  1.161727720465890 
 1.272707592592594  0.628305658436214  1.621206358024689  2.410897119341560 
 1.030944769975786  0.188251835835351  0.868189674576270  2.091534140435831 
 1.783770327868852  2.059644262295083  2.736917622950818  3.548368442622948 
 1.089094982188295  0.216595567175572  1.284331653944020  3.089023155216291 
-0.446712258724100  0.070960067091772  0.480453038876772  0.524743548200656 
 1.375509887323943 -0.033417402816901  2.784506760563382  2.758040563380281 
