 0.012556284953761  0.075522507400955  0.951396410198913  0.963971911459842 
-0.344963823521321  0.069675176650978  0.588115378294353  0.587944322751016 
 1.129791672997468  0.251999776085883  1.454097295623405  2.835694054500383 
 1.629533875598076  0.902779619976079  2.676731937799065  1.487020474521447 
 0.425285252466569  0.102474157851544  1.038863873490107  1.686072314430612 
 1.489696252080855  0.469602701236625  3.652477883472062  2.235724458977441 
 1.433782903225811  0.399465865107528  1.498512776881719  1.679970913978483 
 0.407298475512670  0.093647537857658  1.593634479292327  1.068060538480093 
 1.075723339696806  0.214800741420551  2.499000786075221  2.391913363279026 
 2.218322127139349  0.611533701784839  2.521934596577017  2.731899877750602 
 0.639440201560718  0.131912180108634  1.792087191650833  1.972411432637562 
 2.136277499999990  1.594416240601507  2.646356672932322  4.038263345864660 
 1.788452478260877  1.436601275362324  1.643169937826074  2.819442753623210 
 1.359991347540982  0.408791035191259  2.602086535519133  3.592829617486337 
 2.206992450980386  1.856390176470589  3.440330392156862  2.221436647058818 
 1.936107038327527  1.215041271777004  4.063717944250865  3.480148954703834 
 0.884881297096555  0.167170995590817  2.439244767049290  1.357542751519244 
 1.242189990247251  1.398021318681318  2.880362087912088  2.835929670329670 
