 0.017277128098015  0.076197809193541  0.948902101921448  0.969347871902027 
-0.344453284754594  0.069690993453881  0.589489712119542  0.587904644145857 
 1.013793941348921  0.191432012683288  1.471303678152450  2.627218768328416 
 1.751842424242408  1.153412351158650  2.716867379679172  1.451109792691501 
 0.420098282491284  0.103982011620209  1.075970762892002  1.687360344076654 
 1.625173421418635  0.636449121863704  3.725001668984710  2.080283296244827 
 1.308952661361632  0.315051954827588  1.549089681697608  1.504674624226335 
 0.391785285968635  0.090148311827892  1.615855858414591  1.053283297668499 
 0.974017266800417  0.211198663991977  2.911324272818423  2.543821063189513 
 2.329662162162142  0.692314452042040  2.727858108108111  2.887242042042036 
 0.630374771901984  0.121418137592916  1.927450606501684  1.933482047549725 
 2.179015308151083  1.618353797216703  2.769969383697807  4.050651093439364 
 1.681743914728691  0.903140005813958  1.500095083333315  3.506503294573677 
 1.308759645161288  0.387407899163683  2.570495937873365  3.549954241338109 
 2.247297559241701  1.950304549763036  3.549941469194315  2.458167535545020 
 1.771840746561886  1.120579337917489  4.105322200392923  3.492795677799612 
 0.941248587588372  0.220678544658288  2.585592694422632  1.327707916732128 
 1.307226629644808  1.531599767759564  2.725967622950818  2.861663251366119 
 1.444006780561881  0.354051860015187  2.300958162490506  2.270416021260445 
 1.914790580000002  1.346583459999997  1.573462742199999  2.262413100000004 
