 0.110530576921268  0.078580956649018  1.083421380037467  1.044020271790111 
-0.309708441403187  0.069810573424026  0.618429435287325  0.627836025201926 
 1.297393817923143  0.386884389615936  1.609867528449458  3.064307965860572 
 1.225212651948051  0.391872528487015  2.852668831168828  1.571068762792160 
 0.569634501812903  0.126377014561276  1.179530645975358  1.830565554749815 
 1.999310951374204  1.112134580232561  3.591568076109947  2.092139460887963 
 1.709250167644597  0.584531708264880  1.732269581810564  1.797226395641228 
 0.615272132405646  0.126746074646587  1.862271521158984  1.194878122073952 
 1.326773997555013  0.354703100733497  2.966769070904636  2.908798227383850 
 2.035177305644292  1.140720192822149  2.404558285410007  3.838368477103299 
 0.830929847196941  0.158578835807089  2.090608819975823  2.186586306886839 
 1.868415221289536  1.461344474452554  3.845071532846714  3.473751094890509 
 1.724756819734345  1.613270531309300  2.350768263757111  2.566000626185956 
