 0.012555505050497  0.075570916277780  0.950941189113334  0.963946810325527 
-0.344963823521321  0.069675176650978  0.588115378294353  0.587944322751016 
 1.125217921887659  0.245888233393006  1.451056830756667  2.823627908868969 
 1.627365435041706  0.906276057568537  2.678192491060808  1.490782022288355 
 0.423533082958194  0.102155355112540  1.041335788516326  1.682712241616903 
 1.484387574468084  0.468722745791964  3.649899763593385  2.241366867612326 
 1.433301345291485  0.401500084717490  1.498593147085200  1.679699318385639 
 0.406763693608418  0.093425606776698  1.594277730582531  1.064432904207116 
 1.073223094130682  0.231015713438539  2.502378017718697  2.398901882613479 
 2.214727980535264  0.613851895450120  2.519768613138686  2.730792457420915 
 0.638523003271602  0.130676338541785  1.794703561253540  1.965287274453933 
 2.148172749529179  1.590137834274956  2.657080508474568  4.043860828625234 
 1.786875260115614  1.432416734104051  1.644564244364149  2.818271676300599 
 1.359808932240436  0.409731038251369  2.594191453551920  3.596491584699451 
 2.214179423459239  1.855444711729623  3.445405765407555  2.216841332007947 
 1.933393750000001  1.209477693661972  4.073237852112669  3.471947007042255 
 0.888268132838838  0.166067343540122  2.440748819959541  1.359474615643965 
 1.260841064326646  1.440924627507162  2.894058452722063  2.862035959885385 
