 0.227574126744415  0.087045601434951  1.127412680474544  1.251673496883208 
-0.265224833995757  0.070264074333457  0.673054681284964  0.658165181786600 
 1.809606279863435  1.071948759607513  1.818221898549436  3.442925597269597 
 1.104626543046356  0.252322134068710  2.668704552980125  1.850925310430432 
 0.918262468433488  0.197526209343348  1.512287708168032  2.261116190198366 
 1.774964572342125  1.040184184748205  3.733539888089533  2.296895706634704 
 1.870400563882940  1.223236267237686  2.247907365453252  1.998456716630969 
 0.703281274541949  0.150218293139183  1.875979566055932  1.268466997717774 
 1.305411092165896  0.338521307117255  2.665501484895044  3.062718945212485 
 1.960382140071876  1.508483536388140  3.399490296495955  3.654753279424976 
