 0.023659027828313  0.078264299375821  1.189668257477140  0.627347079324027 
 0.169384276740237  0.077937963446512  0.671481334465156  1.389386587436219 
 0.767688711538329 -0.013573906519224  1.575832115384504  2.169903269230707 
 1.653693652968000  1.196363698630146  2.714128767123364  1.640211780821607 
 0.246350993382337  0.091237778921567  1.139601274509843  1.484827941176472 
 1.221913542600880  0.165337954260103  3.427424215246670  1.763421524663801 
 0.798501027837281  0.045185423426129  1.247588222698055  1.437304047109191 
 0.356478958620710  0.084635242216085  1.729992183908136  0.715642202758615 
 0.773201500000068  0.292736131071436  2.658311785714096  1.035573267856994 
 2.684680921052566  0.792918105263149  2.456752631578976  2.855342105263125 
 0.556370555954609  0.168171801661626  2.061269754253267  1.846136862003755 
 1.984509677419296  1.459105268817217  1.860878709677394  4.455625806451541 
 1.927217961165104  1.163502718446631  0.934771816504755  3.245866019417674 
 1.530003622047215  0.256948850393730  3.568595275590663  3.781733858267665 
 2.519795294117587  2.226405882352958  3.943163529411779  2.365514117646986 
 1.357968418079092  1.152983728813569  3.695320338983094  3.312780790960475 
 1.066812114537441  0.027485904845815  1.975241409691651  0.797917832599121 
 1.852754918032780  1.108628729508202  2.263111885245897  2.816348360655749 
 1.087154977064213  0.002750055963304  1.893629128440349  1.683589449541332 
 2.313183846153847  1.210117923076918  1.455264361538458  2.031476153846147 
 0.994517782258081 -0.034050151209676  1.944314112903192  3.096934274193518 
 0.768636441025624  0.691664307692285  2.857448205128204  1.829286153846151 
 2.000241999999992  1.047338421052623  4.417088421052635  1.852543789473702 
 0.222610784747581  0.081295711031149  1.479144038668109  1.152821729323307 
 2.488997333333345  0.969517698666671  3.727273333333353  2.938621333333340 
 1.195389776119390  0.312378905970145  2.333091791044771  4.154058955223909 
 0.370435460614153  0.103274876411216  1.558637116154866  1.706142723631497 
 1.700465863453823  1.140863734939759  3.254322489959817  2.571505220883546 
 0.808259459649119 -0.008179130526318  2.794684210526305  2.381467017543862 
 2.158337142857136  0.430438745333333  3.155266666666683  2.092077619047625 
 1.734818354430384 -0.055677808860761  2.473785443037957  1.419858481012653 
 1.517960222222221  0.460362884444444  3.987637222222242  2.496077222222213 
 1.913802173913050  1.098463630434789  4.747527173913038  3.320522826086956 
 2.226321951219513  1.649535609756094  4.242285365853666  4.200268292682908 
 2.461132624113476  1.703606879432624  2.742812765957448  2.374643971631205 
 0.897420956756758  0.453646428648649  3.385691351351339  2.783017837837868 
 1.666348181818181  0.324564495727273  1.325031363636364  1.522197363636369 
 2.134642241379306  0.245721433275863  1.869248965517244  3.668765517241382 
-0.012831522842197  0.074452148818657  1.050025666957284  1.073915518744554 
 0.537470579710150  0.119464398357488  1.036977125603859  0.885484830917875 
 1.389967287234043  1.112723138297872  1.446956489361696  2.473085638297861 
 0.984353399014775  0.202706997044334  0.601047259113298  1.887807881773396 
 2.331908783783784  2.044618918918921  3.063755405405406  3.582721621621610 
 1.593965145228215  0.062320483402490  1.341576846473027  2.504589211618277 
-0.091955407521189  0.070260859109110  0.626583599364407  0.971267637711871 
 1.432487083333335  0.553409477777780  2.737187222222225  2.343730000000003 
 1.125539963636362  0.792772836363636  2.040942545454548  1.940778181818176 
 1.028846300429187  1.260360429184550  2.527323605150217  2.618931330472103 
 1.946740663900416  0.439052287966802  2.113326970954348  2.163075933609953 
 0.474552791228072  0.085098116315790  2.026945087719302  1.281032228070176 
-0.557254918743229  0.089029856338029  0.526370437703148  0.471625099674973 
 1.677184545454544  0.843803272727274  2.007380000000003  1.041111058787880 
 1.498025675675674  1.934817567567563  2.236454729729733  3.163478378378380 
 1.266482969696970  1.205306969696968  2.880503030303033  3.863074545454543 
-0.269187128352490  0.072150877298851  0.847757509578542  0.722193448275860 
-0.208191779487180  0.060790293064102  0.674510487179488  0.414708366923077 
 1.167547421383649  0.374789427672956  1.130371572327042  3.350093710691826 
 1.126606873156343  0.470940088495575  1.837852802359880  2.578436578171094 
 0.949574447272727  0.404795203272728  2.641845818181822  3.154778181818182 
 1.599442342342342  2.159861261261262  3.104581081081081  2.331351351351352 
 1.876163291139241  0.683103105485233  2.801978481012663  3.424576371308019 
 2.532396503496502  1.040973503496504  3.130241258741259  3.885937762237764 
 2.516456637168142  1.638503893805310  1.978744247787611  3.416951327433627 
 1.753223425925926  2.080793518518521  1.940143611111110  1.805444629629630 
 0.406827951120163  0.091400470448065  0.986899389002037  2.002169450101837 
 1.627539318181819 -0.040296874545455  3.023079545454546  2.849565454545451 
 2.592794736842105  1.421663157894736  3.204852631578948  1.320907368421052 
 1.323646851851852  1.089472530864196  1.767635802469136  3.564735185185191 
 0.780548134426229 -0.110388234065574  2.576895737704923  1.678012459016393 
 1.515592133333333  0.671113106800000  3.239292000000000  1.050304753333333 
 0.767848227450980  0.215597018431372  1.149769686274511  2.643372156862746 
 1.390966847457629 -0.080251457830508  2.190081016949150  2.335623728813558 
-0.328641114118896  0.053944416163811  0.423918699893843  0.689239373673036 
 0.994482776203967  0.458060456090652  1.390026968838530  1.936904815864027 
 1.093459420481928  2.044221686746989  3.166659036144579  3.582674698795181 
 1.625685963302753  1.915518348623854  4.045074311926604  2.948510091743121 
 2.072298275862068  1.589948620689655  3.012163793103450  4.952818965517242 
 0.817425525672371  0.379963530625917  1.686094376528119  1.277785476772615 
 0.495366651770492  0.187949729836066  1.929170819672133  2.483192459016392 
 1.589528136882130  0.362182343346008  2.219185551330800  3.097005703422052 
 1.227067592592592  0.386941911820988  2.467870679012345  1.655070987654322 
 1.327664537815126  1.387188907563026  3.712525210084034  1.850973949579831 
 0.891762043596730  0.261835022370572  2.298052043596732  2.298836239782017 
