 0.061818120837019  0.077569416602855  1.186484336598325  0.696617483526427 
-0.112945316250891  0.069760378103347  0.600156218674254  0.968474262295036 
 0.622420907163600  0.130391816491035  1.517014517937154  2.199853923766778 
 1.744029999999969  1.237374538461548  2.758630384615446  1.253311723076663 
 0.339319077473165  0.086084610989271  0.879251040524468  1.751794040524439 
 1.253883124277446  0.480331867976887  3.384912427745686  1.533719390173489 
 1.070983479674810  0.059441735772361  1.649464243902419  1.598388178861773 
 0.200803185658924  0.078209749596896  1.495910368217088  1.089919990310074 
 0.742095129787273  0.225627438297877  2.597804255319037  1.196123002127570 
 2.109552631578926  0.998465813397128  2.285950478468910  2.806383253588508 
 0.605135311620782  0.114753859295617  2.099401529051960  1.787120591233420 
 2.394057803468176  1.487819595375731  2.104080635838137  4.074087861271637 
 1.774775113122196  1.197731447963815  1.198204583710363  3.384970588235389 
 1.759129240924080  0.462647686468659  3.229002970297074  3.677383498349814 
 2.056945751295310  2.164937823834203  3.875095854922286  2.620469948186496 
 1.166415563095237  1.390969801587309  3.467563492063522  3.437413492063512 
 0.592758645669291  0.090960821976378  1.894406561679796  0.908311897900264 
 1.224733270440246  1.277744182389940  2.182071069182386  3.048338050314465 
 1.416048431001882 -0.022755837731568  1.969694706994311  2.253664461247674 
 1.922676500000000  1.618993249999997  1.576006120499996  1.977998149999997 
 0.789769968944105  0.147699472763976  2.121056211180114  2.661648447204961 
 1.223370278207106  0.703306584234924  2.506384698608961  2.141473415765067 
 2.022338476190472  1.073200195238092  4.113579047619051  1.883165047619056 
 0.064204696542553  0.078605452054521  0.989465817819150  1.192824089095750 
 2.636905833333340  1.047206803333337  3.218150000000012  3.221445416666668 
 1.263544703196340  0.693377871689496  2.309530502283099  4.219445205479468 
 0.375471178426603  0.107064828087592  1.485844849959444  1.574401054339002 
 1.581568781163442  1.151853047091417  3.283272022160654  2.511700000000007 
 0.906684840136051  0.039825237653060  2.751627380952379  2.011642176870752 
 2.152354687499993  0.401121183499999  2.894076875000009  2.138525937500003 
 1.603438274932618  0.234497279407008  2.310740431266840  1.228233786253368 
 1.284184661184210  0.349908105592105  3.769514802631589  2.581433552631573 
 1.928245000000002  1.163502148514854  4.484606930693065  3.273455445544553 
 2.276451724137931  1.578135868965515  3.696458620689659  4.423260689655163 
 2.587504891304347  1.833702173913043  2.792533695652172  2.193804673913041 
 0.937666532500000  0.431729960500000  2.759838749999996  3.129810250000009 
 1.975865254237285  0.491802927118645  1.364079563559322  1.772859788135596 
 1.801334986225894  0.274424035151515  2.069246280991735  3.351764462809921 
-0.235221301096067  0.068415360490006  0.807541463571894  0.592084671695683 
 0.766943735144313  0.147979918234296  1.120452835314091  1.151516706281834 
 1.260670061983473  0.634064132231404  1.631088119834709  2.406839462809914 
 1.028049926650366  0.197363892909535  0.859773412224938  2.108067237163811 
 1.844461404255320  2.053707234042555  2.743643829787232  3.596037872340422 
 1.089676874680306  0.220267183631713  1.304435728900255  3.096685677749365 
-0.446712258724100  0.070960067091772  0.480453038876772  0.524743548200656 
 1.503128550724639  0.078236515458937  2.828782367149759  2.740139130434781 
 1.059346250000000  0.675367475000000  1.865293750000001  1.468787824999999 
 1.319022906735751  1.906682901554405  2.642677202072539  2.327996373056996 
