-0.162828813868630  0.070868512819347  0.907717347931823  0.637187143430763 
-0.142272064637681  0.070376654818113  0.570974916521724  0.939474159420244 
 0.908887319354729  0.178881002370975  1.080482920322488  2.451112903225752 
 1.676369046052605  1.231973421052639  2.774818750000052  1.290010322368197 
 0.396222709739620  0.095450095650915  0.922014432015460  1.759068370298943 
 1.035637695984697  0.318913284225628  3.095262715105181  1.450770900573668 
 0.953008041575502  0.194369306072213  1.376228150984670  1.450334102844628 
 0.174212148807756  0.083036451813709  1.334960469448608  0.833079769001490 
 0.661674941793910  0.125980832509544  2.203210019083920  1.514190162213698 
 2.119220940170921  0.862376831196578  2.238857905982917  2.796468803418794 
 0.587468820226686  0.123960623248531  1.730119227539861  2.062962804366073 
 2.239209293680278  1.756659702602236  2.234084089219322  3.866311524163543 
 1.564139230769244  0.901446926035512  1.193076582840209  3.298883431952722 
 1.756462575757564  0.449460957878799  3.233566666666709  3.639625757575739 
 1.966448658008636  2.185389610389616  3.716544588744593  2.605288744588719 
 1.244235625083610  1.488291404682280  3.282339464882968  3.530996655518412 
 0.612057745231609  0.113475537392371  1.902302997275213  0.843947855858310 
 1.337689259803918  1.576762205882357  2.270930392156861  2.874162499999997 
 1.378969926470579  0.022502927117648  1.899317499999990  2.252445882352969 
 1.919773212669684  1.621151040723980  1.579112235746603  1.962845882352938 
 0.889737737404584  0.237112799694657  1.894488854961822  2.878718167938926 
 1.146387070844686  0.718927411444136  2.226465803814710  2.109815667574928 
 1.934979279999998  1.026374171999997  4.070906400000004  1.838549596000007 
 0.093870196434938  0.078855208211527  0.954909566250745  1.186753333333338 
 2.620411231884063  1.004759998913046  3.232689492753633  3.140650000000002 
 1.276847137404577  0.681248892748090  2.268432366412210  4.153928244274820 
 0.310279466358229  0.090869865097158  1.502727428949106  1.421235888962324 
 1.429144719540234  1.157605287356325  3.197252643678151  2.435085287356326 
 0.852007391534389  0.059918523571428  2.595155158730153  2.216092460317460 
 1.898440388349514  0.317523441786408  2.838680000000004  2.121677087378647 
 1.474706775431864  0.297553281497120  2.177327639155469  1.194337820921304 
 1.309344198412699  0.320408116666667  3.697034656084662  2.577892592592589 
 1.891530262008736  1.217182681222709  4.479271615720521  3.287216593886462 
 2.240156571428571  1.663378171428569  3.522487428571432  4.361727428571421 
 2.474400438596491  1.805371491228071  2.777019736842104  2.218619999999996 
 1.112563669026546  0.312060193274336  2.776767964601768  2.988383362831860 
 1.688170279898219  0.537638836895675  1.297211010178117  1.895753715012724 
 1.770398328690807  0.226324637214485  2.083908077994430  3.371733147632316 
-0.433587334448160  0.069459406472198  0.518151778929766  0.511178104825609 
