-0.147269625845681  0.071091227217234  0.902815977801227  0.657975899471550 
-0.398223279961466  0.070014622380079  0.513466558497102  0.567770201695544 
 0.942775771428469  0.217276564315796  1.031100110676605  2.453331127819499 
 1.737854355300837  1.258947879656165  2.857750143266521  1.313570640974016 
 0.367226894161666  0.093250401264969  0.984591257485054  1.680898428143714 
 1.148987031634440  0.312879248769778  3.237178734622158  1.569916783831332 
 1.096824670270277  0.265526600443246  1.357343621621609  1.482676756756744 
 0.218398241741578  0.081176093108987  1.349773308988782  0.909931658426965 
 0.715122508140547  0.129120210951159  2.271981319622918  1.661674464438694 
 2.195380505415141  0.945291326714798  2.267354693140803  2.955258483754505 
 0.663063036080352  0.130348866231236  1.740551326762676  2.187142987111446 
 2.267379779411747  1.844718014705889  2.473300183823522  4.109155882352911 
 1.592207238605910  1.001106621983922  1.268990678284157  3.340353887399516 
 1.274767924865822  0.337223385330954  3.292091949910576  3.222422182468682 
 2.196201592178765  2.059370111731846  3.163898603351957  2.400858268156412 
 1.786451033333333  1.457317946666669  4.304746000000019  3.568990333333349 
 0.698368800715990  0.156450841551313  2.063624224343683  0.909535551551312 
 1.251513315938300  1.666257352185093  2.708532133676095  3.361496658097684 
 1.572828267045447  0.132550073210228  1.767808664772716  2.306571732954570 
 1.985941506410259  1.487416217948717  1.580267535576920  1.979072179487178 
 1.091318614678900  0.236435130406291  2.055499397116638  3.093264089121879 
 1.185466804407711  0.905594159779611  2.223225895316808  2.300744490358127 
 1.992954732142856  1.015451562202380  4.169480357142858  2.161104940476194 
 0.012295283867785  0.074354268090281  0.796207007301432  1.125210024666998 
 2.402119726027394  1.058583030136987  3.347751232876719  3.577779178082193 
 1.539206265984654  0.531174051560101  2.385623222506388  4.012849104859336 
 0.370235359210527  0.090628871045113  1.576757957393484  1.468717794486213 
 1.370739905432596  1.124534909456739  3.299568812877264  2.510036619718308 
 0.966280071585903  0.126703920781938  2.664192841409690  2.371111674008807 
 2.000356596558316  0.368227955678776  2.942508413001911  2.341996940726578 
 1.555697047308320  0.348533546982056  2.224254975530180  1.427478667210439 
