 0.019314921606641  0.076091465599448  0.953680619944576  0.970034619944648 
-0.343611145605896  0.069744239772463  0.590042824808944  0.589067608406097 
 1.020409345276817  0.139012493110753  1.466411771172591  2.698384039087911 
 1.880519308510623  1.382433333333336  2.498113120567404  1.560861804964418 
 0.423783591691644  0.104717776436830  1.080657542441129  1.688041648822269 
 1.607139352708055  0.663133845891681  3.680868692206086  1.983836630118931 
 1.393908311688315  0.296785627482520  1.526109087912083  1.500000449550435 
 0.403170835144316  0.092717371902376  1.622504176570467  1.054954842614596 
 0.978826647843958  0.187876535318276  2.929189630390110  2.611074332648809 
 2.315500453857771  0.662075342057487  2.763373978819974  2.821288048411492 
 0.639531595343040  0.116391596512688  1.929392058270662  1.924327067669166 
 2.163917148594369  1.579866285140565  2.794790763052202  4.073225502008033 
 1.923732278481022  1.275012867992770  1.591335647377922  3.229539059674534 
 1.364492897983391  0.398779903748520  2.388932241992890  3.607618386714112 
 2.225021709601867  1.955882716627637  3.566123419203748  2.525316159250581 
 1.788262709551656  1.061575676413258  4.102905653021442  3.495377582846007 
 0.970181249609982  0.240143313751951  2.586827379095172  1.313833474804992 
 1.259021293897364  1.457519570041609  2.835146185852982  2.899570180305128 
 1.427647360248445  0.333434882608697  2.355418322981361  2.252213043478267 
 1.312053377926424  0.929082123745820  1.565267986789298  2.294798662207361 
