 0.057251424495387  0.076715864564226  1.179077110091668  0.693337168807503 
-0.113886946585191  0.069977304442125  0.599559895614650  0.966122379582988 
 0.610533038367021  0.126166778116810  1.518978247914113  2.204686650774689 
 1.730951076923046  1.253759153846163  2.739406923076985  1.254550838461279 
 0.330432198243394  0.084046086097865  0.859717993726511  1.743238017565876 
 1.253613985029929  0.497914732095817  3.389810479041938  1.529701374251578 
 1.042659818780906  0.051076246128504  1.642789308072467  1.586307199341006 
 0.197141524487814  0.079825855203899  1.466971219512229  1.075441921951217 
 0.765781988962513  0.217762411920534  2.600721854304518  1.161201735099246 
 2.463337867647025  1.223748713235291  2.174930147058840  2.980326102941157 
 0.620506661279055  0.115256002277907  2.114819767441828  1.874672790697658 
 2.242851298701264  1.472505090909100  2.140076818181803  4.333082467532422 
 1.654918018433204  1.199313594470060  1.167678815668156  3.422752534562308 
 1.759475765472300  0.472598237785028  3.214178501628707  3.678846905537438 
 2.031571604278048  2.163590374331557  3.878532085561504  2.591896791443817 
 1.158141899227798  1.404157104247111  3.457013513513543  3.423268339768360 
 0.699780539682539  0.114285404595238  1.820066666666677  0.737057413095239 
 1.423252991913742  1.186302075471700  2.245478167115900  3.082034770889488 
 1.340121793893123 -0.039927866145037  1.943464312977082  2.240529961832100 
 1.920909090909090  1.573554136363633  1.579541018636360  1.990137409090906 
 0.814900965630121  0.139465360818331  2.119630114566271  2.698605073649747 
 1.030347639925369  0.710054626865663  2.575808768656715  2.138883208955220 
 1.992995306122445  1.120199846938773  4.147083673469391  1.884058469387764 
 0.060760822462787  0.077647605811908  0.984862571041950  1.188661853856567 
 2.571670161290330  1.076809233870971  3.270339112903238  3.239141532258066 
 1.194123532110086  0.655331458256879  2.310377064220178  4.148512844036715 
 0.367159422089042  0.104811229479453  1.443642893835613  1.594457020547936 
 1.589104273972609  1.157173068493154  3.250343835616425  2.501139452054802 
 0.937490441121492  0.002033677271027  2.774539252336447  1.997647102803742 
 2.229453307392988  0.382994254941634  3.159489494163437  2.147971206225687 
 1.625860989010992  0.229808757967032  2.339390659340654  1.280262361813185 
 1.254128058620689  0.355362955517241  3.781898965517252  2.588478620689649 
 1.915436546391756  1.164787340206189  4.506091752577316  3.269599999999999 
 2.266734615384616  1.521600699999997  3.771303846153851  4.443372307692296 
 2.537417714285713  1.863176571428571  2.843597142857141  2.131010057142854 
 0.931312704188482  0.415683704712042  2.763626178010466  3.137049476439801 
 1.960216033755272  0.443315720084389  1.339205641350211  1.750083966244728 
 1.857479619565216  0.296092749347826  2.076887499999999  3.324885054347829 
-0.236069625647668  0.068440563549222  0.806809753886016  0.591955625518138 
 0.768743167259788  0.158387768576513  1.102387313167258  1.174048078291815 
 1.221153827160496  0.674871358024691  1.630231316872426  2.396047119341559 
 0.996248652482269  0.187806521442080  0.875315313475177  2.116337588652478 
 1.923236338028170  2.107332394366197  2.827008920187792  3.633383568075111 
 1.118619791878172  0.195535844670051  1.314095456852792  3.070084517766503 
-0.446712258724100  0.070960067091772  0.480453038876772  0.524743548200656 
 1.500834435695539  0.060836701837270  2.853918635170605  2.755731233595799 
 1.088221211401426  0.648720475059382  1.875199049881236  1.527308076009499 
 1.274586037209303  1.875875813953489  2.550620000000000  2.465878604651163 
 1.783780044843051  0.589706410313901  2.393609192825111  2.293252242152467 
 0.448931890743551  0.098920083019727  1.952862215477997  1.284575993930198 
