 0.014148594714874  0.075555144065092  0.955088956328212  0.962986220862358 
-0.344823370467034  0.069776216518216  0.588226837939553  0.588438706923061 
 1.164041975903558  0.273975697710847  1.445698248709073  2.877569707401004 
 1.617585639187564  0.893066621624853  2.682555675029891  1.482372421385818 
 0.427444725898268  0.102216198124125  1.033203654503053  1.690020368642089 
 1.488127795238094  0.468954443261907  3.654135119047624  2.231843416666700 
 1.427036453333338  0.394725576408890  1.499553439111109  1.679757102222211 
 0.410041131848911  0.093459416680714  1.595813153081516  1.081580396500990 
 1.075018122128858  0.212968315109244  2.496760224089618  2.394075798319298 
 2.223703945745977  0.611948742367446  2.538171270036992  2.729191491985194 
 0.646917294874346  0.133193156125652  1.783182835467024  2.001691749644372 
 2.121312601476006  1.582165110701110  2.608423708487077  4.034367158671586 
 1.806972672672680  1.452518333333338  1.655608464114100  2.760329429429452 
 1.363337478594949  0.404377142919871  2.616702392974761  3.589478924259054 
 2.203836247544199  1.852463438113949  3.441837917485265  2.216106267190564 
 1.939438650519033  1.239076920415225  4.060864186851203  3.481918512110729 
 0.876487757676901  0.163998286962617  2.428492590120159  1.360778494659546 
 1.241010425714283  1.392634857142856  2.865540952380953  2.837413333333332 
