 0.086485986538432  0.079826736095092  1.206179102564014  0.664093719017284 
 0.000373638313473  0.071358043463791  0.645860658845077  1.073040064161259 
 0.610157525472097  0.132061513932734  1.457106300129290  2.227090426908106 
 1.721996870228976  1.249876679389323  2.731142748091665  1.235893758396688 
 0.343664039189170  0.082843551513512  0.841206244594633  1.745822027027030 
 1.253089942598176  0.482585475891248  3.388325075528723  1.521147126888299 
 1.038112985318123  0.057950189885811  1.636291044045656  1.631821924959202 
 0.231664054940721  0.080013522009878  1.545579249011893  1.040919169960471 
 0.731189925000039  0.200355261458338  2.582253749999889  1.213243043749913 
 2.443717499999968  1.249205321428568  2.156341071428588  3.007163571428552 
 0.615753020653428  0.127061823219370  2.079031505250842  1.974171645274194 
 2.105660893854719  1.259781363128499  2.308040670391048  4.397641899441302 
 1.677729816513786  1.234523990825702  1.164554371559587  3.464196788990922 
 1.741370795847737  0.453147401384096  3.235303806228419  3.686852941176448 
 2.031786719576693  2.160558201058208  3.875219047619055  2.593852910052878 
 1.153655575378786  1.403868257575765  3.438455303030332  3.447545833333353 
 0.798250735849055  0.118043127169811  1.879598584905670  0.704240309433963 
 1.409119815303425  1.146369920844328  2.275322427440631  3.087798680738788 
 1.345676889763773 -0.043661681417321  1.935494488188959  2.263356299212638 
 1.920909090909090  1.573554136363633  1.579541018636360  1.990137409090906 
 0.842776166950603  0.140475436899489  2.112254684838147  2.744851959114130 
 1.034609680073123  0.701283711151729  2.566957586837292  2.127661608775133 
 1.956934126984123  1.133564708994706  4.165406349206354  1.866817777777787 
 0.050991567318840  0.077967700123188  1.058377333333336  1.179934065217395 
 2.554938095238103  1.084514722222225  3.264716666666678  3.257874603174606 
 1.090071249999992  0.500179925892855  2.261348660714282  3.993350892857161 
 0.338207200343939  0.099131227465177  1.418485468615645  1.599736371453129 
 1.581346539509543  1.161418392370575  3.250728337874646  2.501489373297010 
 0.925585769673701 -0.006833754683302  2.774409596928981  2.010926295585418 
 2.267644140624993  0.433557360624999  3.189653906250012  2.149654687500006 
 1.617248947368424  0.208935314289473  2.384087631578945  1.340078849999998 
 1.271311726950354  0.362785834042553  3.796800000000011  2.571167730496448 
 1.894411117021279  1.151952202127662  4.504209042553188  3.250212234042552 
 2.296536000000001  1.541355447999997  3.869012000000006  4.403051999999986 
 2.539483615819208  1.857849152542372  2.842706214689263  2.132301468926550 
 0.918315356545961  0.383103345682451  2.856508913649019  3.057758217270208 
 1.964635021097044  0.446191867341773  1.350491548523207  1.737524050632913 
 1.873191111111110  0.296107103500000  2.070459444444445  3.310728611111115 
-0.206569535112540  0.069956438475884  0.843397183279747  0.671456107909971 
 0.754360793388431  0.159080464066116  1.127667404958677  1.190273818181819 
 1.224518008385746  0.686967190775681  1.629262830188677  2.395741719077563 
 1.036912973684212  0.191521455789473  0.856097546315789  2.114069210526313 
 1.948918156682029  2.105015207373271  2.796661751152072  3.693771889400914 
 1.126590870712401  0.211282098416886  1.293509577836412  3.059694986807394 
-0.315473714226291  0.062581051264559  0.454400714891846  0.716943286189688 
 1.542608675675677  0.075053871891892  2.863925945945947  2.744702972972970 
 1.103063333333334  0.649240265700483  1.872449516908214  1.520634830917872 
 1.295081687500000  1.892462053571429  2.535905357142857  2.495212053571429 
 1.792578310502284  0.599995063926940  2.396365296803652  2.299339726027398 
 0.526136186375321  0.105489336652956  1.937702570694088  1.359422853470437 
-0.470314610733182  0.075733555598118  0.553904331065761  0.430876688133030 
