 0.142382272665117  0.081327238899780  1.335609328018132  0.708835665148265 
 0.137651835327635  0.076276326310535  0.649026899999968  1.298340170940076 
 0.761964550172892  0.105025969896200  1.525124359861491  2.399037716262920 
 1.699953789473641  1.229840210526327  3.016123684210615  1.205907626315434 
 0.322151231274620  0.089805662273323  1.035615532194521  1.632154664914585 
 1.251306584415567  0.349441435584429  3.489720779220808  1.510284891775010 
 0.960086437177298  0.071834973149745  1.520743872633372  1.670678657487078 
 0.359295794471165  0.088158169766823  1.739673918269276  1.133212091346152 
 0.748753445714340  0.266856499142864  2.654309142856988  1.055001731428453 
 2.646204395604340  0.774472692307685  2.420901648351673  2.832050549450521 
 0.577348514590671  0.131675079452649  2.090047512038487  2.157995666131596 
 1.942098769230727  1.468790000000009  2.340832307692289  4.574270769230718 
 1.803466826347339  1.197753017964089  1.150659838323293  3.541732335329464 
 1.528630999999981  0.296245247368441  3.418551578947443  3.719656315789440 
 2.178694078947335  2.072705921052640  4.002040789473694  2.766638157894698 
 1.049202701169587  1.308952923976618  3.659288888888934  3.269884210526342 
 0.819096784810124  0.085401740405063  1.854569620253176  0.742012116962027 
 1.751957594936703  1.019994715189877  2.189195569620252  2.830143987341777 
 1.278775623582760 -0.074371171201813  2.045726530612225  2.130981405895740 
 2.228793333333333  1.306535999999996  1.483173747333330  2.113224666666660 
 0.923828662721906  0.054057885207102  2.012482840236662  2.997259467455604 
 1.142789463869458  0.643425547785537  2.771312354312351  1.920114685314683 
 1.941776415094335  1.163091383647794  4.214879874213841  1.824815094339634 
 0.139193385265225  0.075877974469548  1.281350068762286  1.261458722986247 
 2.403991525423737  0.894070235593224  3.653516949152558  2.930930508474581 
 1.180924910179632  0.433142295808380  2.282040119760475  4.149035928143734 
 0.397390341910113  0.122238902395506  1.596436404494378  1.723086516853921 
 1.603416752411583  1.160554630225082  3.263698070739532  2.507356270096469 
 0.893603651551309 -0.032648466801911  2.795270405727922  2.010681384248213 
 2.141606578947359  0.420755673771929  3.172172807017558  2.030139912280707 
 1.510773186119878  0.076879678012618  2.420320820189269  1.345134227129336 
 1.357295020920502  0.399715028870293  3.864289958159011  2.505859832635975 
 1.863924827586210  1.121034855172418  4.599844137931032  3.304371034482757 
 2.105919512195122  1.668978048780484  4.075865853658546  4.459741463414615 
 2.526870285714284  1.730092971428571  2.838090285714284  2.115433828571429 
 0.809945601449275  0.232597046739131  3.037163043478251  2.820481521739150 
 1.733679746835441  0.337920401097047  1.321437160337554  1.542399957805912 
 1.817322779922778  0.214545433436294  2.023336679536678  3.384329729729737 
-0.025880720258949  0.073195003262757  0.956664562071594  0.993591675552175 
 0.696960117056858  0.165527543377926  1.172696036789296  1.173809464882943 
 1.195064238805972  0.826401014925373  1.503513194029846  2.334426865671636 
 1.015526309963098  0.244197658302583  0.694661754981549  2.005327675276751 
 2.395310791366907  2.089790647482015  3.013015107913669  3.546172661870493 
 1.555283666666666  0.123176195466667  1.404928933333334  2.554929666666681 
-0.225522949867843  0.069234147973568  0.563838155066079  0.876594519823793 
 1.583561942257220  0.114188172178478  2.842912860892389  2.762272703412072 
 1.030464543325528  0.566982459016393  1.922380562060893  1.617840398126462 
 1.035154668161436  1.336990807174889  2.493530941704036  2.324901345291481 
 1.835575000000000  0.535907167816090  2.299302011494245  2.128482183908043 
 0.645724374100721  0.092365960820144  2.167426906474822  1.535214100719424 
-0.546527347122302  0.075800409259272  0.523617905845328  0.528242133093524 
 1.671299720670390  0.871093407821230  2.032208938547488  1.067263730167599 
 1.465838913043478  1.852283152173909  2.190689673913044  3.196067934782608 
 1.397018819875775  1.722067080745340  3.089731055900624  3.700977018633541 
-0.195493810855263  0.066686947154605  0.895284095394735  0.591434459703945 
-0.256848100000000  0.066767502518919  0.500382715675676  0.461352862918918 
 1.080772477477479  0.428547303603604  1.194318513513513  3.271152252252253 
 1.064966380368100  0.453758416155419  2.254480777096113  2.449950920245401 
 1.041359659863945  0.756414047619048  2.513959183673471  3.219456122448981 
 1.635515390625000  2.185025781250000  3.206982812500001  2.235601562500000 
 1.854440637450199  0.801521434262948  2.739531872509963  3.465847410358566 
 2.547112765957446  1.041893765957447  3.255214893617022  3.901719858156031 
 2.530429365079366  1.566025952380953  1.961930158730159  3.438887301587301 
 1.624108301886792  2.004233018867926  1.852984433962264  1.820260566037736 
 0.468098454326923  0.095377613870192  1.026202572115385  2.147036538461539 
