-0.157214876878929  0.071033765759398  0.886546623173237  0.657968414300717 
-0.402001346595409  0.069896576396004  0.508935213499596  0.565074660886753 
 0.948752334365220  0.217004963885456  1.026329974612913  2.453596130030908 
 1.742920537313410  1.255951134328363  2.845978507462734  1.302389921492334 
 0.372682223639181  0.091163336928459  0.975555544323508  1.689735381026440 
 1.065721189236105  0.331229484114589  3.078782986111126  1.431834602430605 
 1.081647469746981  0.267899337304733  1.343286050605048  1.482677865786566 
 0.202926763042226  0.083148175496817  1.326482533256235  0.896489440138807 
 0.684699705759178  0.114009246465970  2.213278184991230  1.658091972076750 
 2.197175088967950  0.949299017793591  2.264079359430615  2.951814590747324 
 0.661508136622862  0.127320501591191  1.726616151468292  2.181483230293660 
 2.283148888888871  1.842057777777785  2.517275999999992  4.115470370370342 
 1.597042458100572  1.045479916201126  1.257162801675951  3.335585195530780 
 1.321751564147619  0.355113938664329  3.058021265377877  3.339201757469232 
 2.188767787878780  2.089498181818185  3.131029696969699  2.414019272727258 
 1.764775993485341  1.440086885993489  4.277358631921843  3.581916612377865 
 0.670881530588235  0.132097982289412  2.000978941176479  0.897942389647058 
 1.260339118911914  1.675087279792749  2.708107253886014  3.362438082901552 
 1.589828296296287  0.132508267762964  1.754322074074062  2.298081037037063 
 1.980974271844663  1.482007864077669  1.579057188025887  1.967512362459545 
 1.077317269436999  0.231516240080429  1.994763994638062  3.067711796246642 
 1.175897566807312  0.890412405063288  2.210608016877640  2.298746132208158 
 2.098554510489509  1.230765699300697  4.165996853146857  2.106470839160845 
 0.012380735493519  0.074245971794118  0.794695445563312  1.128991470588240 
 2.401243169398903  1.023949579234973  3.353278688524597  3.543595355191258 
 1.550600254237287  0.559984370508473  2.283494858757054  4.046752542372884 
 0.349540398937501  0.091740912870000  1.548031375000001  1.454771999999997 
 1.401318553684212  1.188510336842104  3.209443368421052  2.495078105263157 
 0.962668056663168  0.128764283913955  2.634476915005244  2.345934417628537 
 1.998337404580151  0.367474516832061  2.919992938931296  2.266713167938932 
 1.515214043545879  0.346899284447901  2.180183203732505  1.423885525660963 
 1.310987393854748  0.345687436871509  3.792295810055867  2.464849720670392 
