-0.066582742046078  0.072903588263528  1.019910782003172  0.688298336904218 
-0.372895925138033  0.070083165528842  0.546702399902558  0.581444560636551 
 1.016149065976626  0.232892060245801  1.057687500129290  2.423493272962443 
 1.742139625292723  1.083342772833729  2.724874707259991  1.297185114051363 
 0.378649197435890  0.093646730811965  1.111928523504290  1.646924091880341 
 1.419845272292991  0.281320566305738  3.253811783439503  1.804262722929982 
 1.214184719904654  0.315386588688918  1.429983456495817  1.385739785458865 
 0.309820296770783  0.088134484335626  1.500603552144006  0.984589662361037 
 0.840148970863705  0.108993032695111  2.520340582726279  2.027566389177893 
 2.203121505376321  0.748674367588322  2.481576804915524  2.718242089093699 
 0.671260056636283  0.131135996627942  1.721759225512505  2.168886636294602 
 2.300382758620674  1.783235329153610  2.506088557993724  4.055612225705307 
 1.647862292576430  0.870633493449788  1.396284810043646  3.372066812227116 
 1.357622185886392  0.219636119449231  3.229250086058541  3.060589500860576 
 2.170795868421047  2.064433157894739  3.121954210526318  2.378781999999988 
 1.773240428134556  1.434421480122326  4.240373088685034  3.619370030581056 
 0.938705073439411  0.220737002239902  2.448326560587529  1.092397506731944 
 1.277989543150682  1.611082899543382  2.725124657534247  3.346781963470318 
 1.600480445544547  0.150831889158417  1.991925606435636  2.056481559405960 
 1.934777967914442  1.481758930481282  1.555525484224597  2.175896631016044 
 1.136958322580644  0.183581879483871  1.984667483870963  2.990149161290314 
 1.179349006896552  0.894784717241377  2.261030620689658  2.254388827586207 
 1.987683765060241  1.057482806927710  4.178155421686744  2.122697771084340 
 0.025911697450162  0.075183954575336  0.805161638293928  1.137806722299493 
 2.426552957746476  0.923564213239437  3.372723098591552  3.453045352112680 
 1.508496310904872  0.532734698747099  2.467814153132249  3.974082598607889 
 0.555219036744186  0.103868224778738  1.881752292358801  1.504763255813951 
 1.413843711155380  1.108794083665339  3.349251195219121  2.493410756972110 
 0.804836613526570  0.325272170531401  2.708850966183574  2.761928743961349 
