 0.218813836037731  0.085837505899792  1.097845603773568  1.266975832285157 
-0.267508290204480  0.070347376021481  0.673561206056470  0.653538821265813 
 1.833000526770246  1.045452764473234  1.944559501727062  3.565249050086330 
 1.218857330985915  0.305080943981222  2.730355539906095  1.710871344131422 
 1.198869891069676  0.275189740927378  1.351800458635926  2.377844896957810 
 1.811990184049080  1.053950243382999  3.760292287467137  2.315522629272580 
 1.881230600303952  1.340149203647414  2.282532705167176  2.113359278115492 
 0.697191286314024  0.152797699198152  1.821916326616291  1.086173990722081 
 1.253165570789863  0.325876268753104  2.686893194237461  2.976627322404362 
 1.935820689820920  1.491575081055608  3.463997078228086  3.647921677662580 
 0.644773012562129  0.140657505470424  1.843621057052852  1.985147252362620 
