 0.230092673198554  0.087365468401923  1.130309166333048  1.253410426341111 
-0.264378852473534  0.070328075624698  0.673371841790177  0.658784305524533 
 1.808357318339054  1.114925867006924  1.817804156660847  3.427741089965370 
 1.094822234851648  0.249392183965735  2.689310739657325  1.868912870873350 
 0.915881317695677  0.196732187099590  1.512955780841126  2.265062704439251 
 1.779985952755904  1.066309826614176  3.717185354330714  2.306334125196862 
 1.867823603988603  1.184544478205127  2.229251787037041  1.961478675213668 
 0.708672013571891  0.149224286639587  1.884283407479048  1.268980028981302 
 1.322461772843284  0.339674989688616  2.651560132720788  3.079413118938226 
 1.960295909165152  1.502553862068965  3.403482667876585  3.662338656987294 
