 0.016179659199096  0.076088987906471  0.947039187342458  0.968383645477507 
-0.344573848971194  0.069657830761675  0.589408504828524  0.587804918299023 
 1.013821027225848  0.195685348270791  1.467586068432629  2.624453863134628 
 1.699862300319475  0.986325803514382  2.788407028754017  1.417548908466345 
 0.416261159365354  0.103256913785808  1.073164879506407  1.686494689290434 
 1.598522165517239  0.601144701958625  3.724108965517248  2.175366331034524 
 1.290365668733397  0.306987463162092  1.535764145261290  1.503245535872440 
 0.387311345577660  0.091071461829030  1.610019242488371  1.053227325095214 
 0.947884164149059  0.203232812860021  2.857239879154045  2.526072507552814 
 2.327805705705687  0.690211914504502  2.714205255255258  2.896566966966960 
 0.627382621232668  0.122238231687624  1.916358514851471  1.936086732673260 
 2.185375098039206  1.623383078431375  2.740736470588229  4.042931568627451 
 1.640563438661718  0.850379323791825  1.508314503717454  3.507967657992597 
 1.307110301909305  0.399788468735087  2.639651789976141  3.547320763723144 
 2.237857449209926  1.916110428893907  3.500828668171559  2.347211196388258 
 1.807526225296443  1.197553849802375  4.121105731225291  3.486720355731231 
 0.907289193599998  0.199582460520000  2.561254560000008  1.330166123999996 
 1.311143645379309  1.544918386206898  2.708085103448274  2.852071724137930 
 1.451432501924554  0.351368687944574  2.290260892994610  2.269453733641269 
 1.916440855513310  1.353610589353609  1.608911294866919  2.215524011406845 
