 0.009373125599992  0.075482788204002  0.938662650857119  0.968360810857194 
-0.345586580408954  0.069580518133823  0.588158237109691  0.586176158386278 
 1.007896192475878  0.196216163167108  1.364945052493387  2.503409973753252 
 1.692278560490034  0.969697707503833  2.825942572741217  1.425914558499130 
 0.409350789986340  0.102855500673645  1.059811244242165  1.673172212107416 
 1.525075739348367  0.561188795639102  3.670862781954894  2.250952543859686 
 1.322607639925377  0.319714698610077  1.536304104477607  1.503269925373121 
 0.375508418336891  0.089192780640510  1.587945023454168  1.032545127590614 
 0.896027871576974  0.181106085618509  2.699162606232262  2.313532294617517 
 2.339937227414309  0.712812315981306  2.697817912772590  2.909131775700928 
 0.619889958569286  0.128356782756231  1.868074476570273  1.868171335992014 
 2.173923961165038  1.613591106796119  2.722399611650479  4.044528932038836 
 1.638438844765352  0.779695577978343  1.523061557761715  3.542250722021690 
 1.326600607287444  0.403884093387318  2.882027260458853  3.506872064777322 
 2.235365679824556  1.884120131578950  3.515343859649124  2.326964166666661 
 1.845192989898990  1.228716177777781  4.138913131313128  3.478067070707077 
 0.901979493660183  0.200447342392224  2.526922823330525  1.282745384615380 
 1.303141872942816  1.553380292887031  2.688595397489538  2.854336122733612 
 1.525366446789794  0.344032231785401  2.288788126649071  2.267096745822349 
 1.910780578358211  1.379312593283580  1.618774311753731  2.250546324626868 
 0.952937710900473  0.229816445181675  2.049748025276459  3.024387835703001 
