 0.010837848241160  0.075860393216092  1.242928509212595  0.620471008375504 
 0.229374500000000  0.082840793502981  0.684510643712506  1.626326946107588 
 0.961781705882151 -0.042854878411755  1.788230882352770  2.256244999999911 
 1.737686096256639  1.114520160427819  2.825069518716669  1.909815508021030 
 0.194331680719777  0.081347336902312  1.183964318766109  1.404256940874038 
 1.177605030674821  0.059639360122718  3.467450306748512  1.873621472392808 
 0.691072413793128  0.160590254880642  1.008522785145868  1.438786604774515 
 0.418532827464820  0.103209909471820  1.731816197183235  0.611195613380272 
 0.629230776061849  0.130173059845569  2.685465637065433  1.340714633204468 
 2.760479816513669  0.912524651376135  2.434422935779859  3.067909174311881 
 0.610954849066634  0.090871837864000  2.188272533333275  1.982638399999964 
 2.176380851063713  1.561696170212790  1.621645106382929  4.558285106382836 
 2.155628378378456  1.043993783783823  1.033442364864727  3.186478378378653 
 1.427295483870926  0.219172634408642  3.562613978494778  3.821264516128960 
 2.675571830985842  2.173295774647908  3.894295774647905  2.516066197183012 
 1.541100454545447  0.997099818181835  3.924936363636437  3.464560909090945 
 1.099379884393057 -0.028259773988439  1.894291907514477  0.879093872832372 
 1.871547395833325  1.116843958333342  2.309742187499995  2.911993229166680 
 1.050225505050497  0.060532074494951  1.907261616161599  1.621172979798031 
 2.487271875000000  1.361254062499992  1.405387015624991  1.753596562499993 
 0.946873509615405 -0.030640443269229  1.913186538461498  3.011915865384580 
 0.785883278106490  0.726770769230742  2.821618343195261  1.806793491124256 
 2.052779816513753  1.171325321100909  4.265783486238534  2.066607339449556 
 0.168634221796757  0.078460189799705  1.499532253313710  1.071325051546392 
 2.523698260869580  0.973872173913050  3.786119130434807  2.948006956521750 
 1.069973050847443  0.291837571186436  2.234199999999994  4.064383898305117 
 0.321038349264707  0.161416892338236  1.568927022058813  1.602894852941162 
 1.822942592592606  1.219355740740741  3.161491358024655  2.672102469135820 
 0.710696451127816  0.020919081992479  2.697613157894720  2.239397368421052 
 2.003852287581691  0.348854489019607  3.265095424836625  2.003045751633997 
 1.813958666666672  0.055871601333332  2.371579333333315  1.371822066666662 
 1.669161499999998  0.206056241999998  4.101346000000031  2.566183999999983 
 1.839893333333341  1.022369386666675  4.817710666666658  3.362318666666666 
 2.420940000000002  1.929222222222217  4.417660000000019  3.992433333333305 
 2.377627067669174  1.791180451127820  2.756541353383462  2.373839097744359 
 0.802336464912282  0.336324651754386  3.516179824561383  2.872545614035139 
 1.611134507042250  0.158289084929578  1.165101056338028  1.398439647887334 
 2.190956962025308  0.275878408354432  1.728550379746840  3.787084810126585 
-0.015812697648515  0.075654035278465  1.105928849009907  1.033859133663372 
 0.505762997198885  0.101177382072830  1.041360448179265  0.843015518207283 
 1.370653500000002  1.445600333333333  1.574198416666656  2.683317499999984 
 0.804489174311924  0.109919872477064  0.654612300917428  2.118007798165136 
 2.588497435897438  2.169139743589745  3.050865384615381  3.588099999999974 
 1.540731550802138 -0.009813205882353  1.271250267379675  2.542535828877031 
 0.065283132684280  0.075385210347705  0.775677691237828  1.197884798331028 
 1.207984411764706  0.507521453781515  2.933810924369748  2.387173949579838 
 1.273834093567251  0.991170935672514  2.078498830409363  1.914048538011687 
 0.995682036144583  1.248197831325300  2.553851807228916  2.496775903614457 
 2.299108771929823  0.329158719298240  1.983520175438576  2.445428070175424 
 0.419467074792247  0.078140985207757  2.007063988919668  1.086216759002769 
-0.592833147590362  0.099045415512049  0.491055605873502  0.463907021084336 
 1.783378676470586  0.816404411764706  1.977881617647063  1.115801250000000 
 1.492091612903223  2.038524193548381  2.403548387096780  2.966482258064519 
 1.057781037735848  1.171677924528299  3.186254716981134  3.611898113207540 
-0.234575793893130  0.067058940087787  0.844300279898216  0.872139605597960 
 0.015055203057554  0.075335664010791  0.769612679856118  0.677267820143885 
 1.086403157894742  0.410203964912281  0.929656824561399  3.330927192982463 
 1.294297920000003  0.571920999999999  1.688245599999995  2.679646000000003 
 0.695719609589039  0.381736371232877  2.504453424657545  3.088529452054794 
 1.685329787234042  2.237490425531917  3.414806382978723  2.035272340425532 
 1.788346853146853  0.856622727272729  2.562367132867138  3.593069930069931 
 2.700375000000000  1.097907965909091  3.332407954545455  3.895451136363636 
 2.491464788732395  1.865319718309860  1.844390140845069  3.173670422535207 
 1.706196913580247  2.139186419753088  1.903051975308640  1.753478271604939 
 0.358009318485523  0.091250436503341  1.113450645879732  1.935012917594662 
 1.967276129032261  0.205466376129032  3.053437419354843  2.896403225806439 
 2.666998360655737  1.413417213114753  3.262286885245901  1.334143442622951 
 1.408802795698926  1.371198817204299  1.440403118279570  3.693008602150547 
 1.102311105263157 -0.218079162473684  2.575302105263166  1.695037894736841 
 1.371720000000000  0.430622937696969  3.168156363636363  1.273448666666667 
 0.732023957142857  0.139385301785714  1.274514321428571  2.601517500000001 
 1.483660236220476 -0.047945944330709  2.214018110236218  2.306357086614169 
-0.129166652591173  0.073695523454895  0.445252427639156  0.975650806142034 
 0.965578862745100  0.486454549019608  1.366123137254908  2.010658823529416 
 0.958429590322581  1.669288172043011  3.479740860215052  2.830032258064514 
 1.702637938144330  1.911126804123711  4.139548453608242  2.951931958762890 
 2.257386842105261  1.470654736842105  2.929673684210529  5.149955263157895 
 0.641723367875645  0.131061210455959  1.522475906735756  1.141521502590676 
 0.475147938489584  0.230620557291667  2.022044791666669  2.551126562499999 
 1.617953960396040  0.213344620297030  2.247344554455445  3.143466831683166 
 1.319122188552190  0.406218737373738  2.489527609427609  1.855689562289562 
 1.278686111111112  0.977444259259261  3.710333333333335  1.793500925925926 
 1.043075371024736  0.356065009399293  2.283082332155482  2.509890459363962 
 1.554557115384616  1.387695673076922  2.802530769230768  1.047735365384615 
 1.466683108108109  2.304504054054052  2.851162162162161  3.925464864864864 
 1.025115826086955  0.316717291304348  2.592649565217392  0.592880345217391 
 1.221779714285714  1.194432428571428  2.586881428571428  4.375680000000002 
 1.479363111111112  0.851286333333333  0.829770712222222  2.148058888888888 
 1.619322641509434  0.448173518867924  1.640985849056604  1.922794811320754 
 2.092506930693070  0.307843792079207  2.877693069306932  3.865519801980199 
-0.305734796296296  0.063645591917990  0.822441560846562  0.470610815343916 
-0.272395881026439  0.062322776594090  0.424756290824261  0.462121176982893 
 1.197896129032257 -0.206592936129032  2.906954193548384  2.775747741935488 
 0.997144581497799  0.474990162995595  2.265709251101323  1.278976079295155 
 0.979062189054725  0.577922437810945  1.557165671641790  1.326870746268657 
 0.946189429657796  0.002670828783270  1.350568783269960  1.827396197718633 
 0.492231374407583  0.106376410189573  1.621845734597156  2.078487440758293 
 1.604651388888888  1.175225833333333  4.229227777777780  1.024086916666667 
 1.446632840909090  0.830031875000000  3.580375000000001  2.565620454545454 
 0.853239397590361  0.563062489959839  1.958842168674702  2.092336947791168 
 2.332294623655915  1.456467096774193  2.422461290322580  3.886408602150539 
 1.291716633165830  0.463044390452261  2.864108542713568  3.199185929648239 
 1.667834361233482  0.588242202643171  2.487303083700438  2.448936563876653 
 2.574476041666667  0.690693706250000  2.888392708333332  2.253484374999999 
 1.151740575539568  1.133302733812950  2.282833812949641  3.260003597122302 
 0.573320503355704 -0.079850283221477  1.566471140939597  1.510239597315436 
 2.085247058823528  1.174709663865546  1.829880672268908  2.311244537815128 
 1.853429166666666  1.523806319444444  3.216115972222223  3.464249305555557 
 1.837880434782609  1.355663260869565  3.964771739130434  4.462376086956523 
 1.386307724137931  0.399713280689655  1.678695172413793  3.398046896551722 
-0.395251111111112  0.052378647300524  0.556475154533845  0.715350217113665 
 0.504490506682577  0.141968441933174  2.054008830548927  1.551201431980907 
