-0.066582742046078  0.072903588263528  1.019910782003172  0.688298336904218 
-0.372895925138033  0.070083165528842  0.546702399902558  0.581444560636551 
 1.011970650448056  0.228585572944948  1.061287192829630  2.421235083226592 
 1.741290941176453  1.075848668235299  2.719823294117685  1.295969396941016 
 0.377698391671109  0.093868766246662  1.112147638013898  1.644880512546716 
 1.433541873990304  0.279712887948310  3.257428271405505  1.807017108239142 
 1.214653225806457  0.315851446726406  1.429764898446823  1.385661266427704 
 0.309882362605937  0.088018411424787  1.501092007415268  0.984231812605932 
 0.825903203703723  0.128092136037038  2.557050462962920  2.099668796296254 
 2.188966666666644  0.733036595909087  2.477867727272737  2.716324545454542 
 0.670329541356048  0.129857395044697  1.725714545454522  2.168725833333327 
 2.300382758620674  1.783235329153610  2.506088557993724  4.055612225705307 
 1.646415969498921  0.864986274509810  1.394076782135054  3.365719825708103 
 1.255835780112037  0.242362200700285  3.163422128851560  3.025346918767501 
 2.172936204188476  2.055404188481678  3.084530890052358  2.370166387434543 
 1.767694089552238  1.438514997014927  4.229176716417928  3.610366865671658 
 0.934385345873785  0.219544786201456  2.454023543689334  1.096123134708736 
 1.281819616210043  1.613658698630140  2.715063926940640  3.349020319634701 
 1.591398527607354  0.145993922134971  1.991047349693244  2.050298404907995 
 1.930158270270274  1.469989513513512  1.542636975945944  2.169680108108109 
 1.088200026166097  0.211350197155859  2.042751763367459  2.982123663253691 
 1.165725740791269  0.893876193724418  2.270638335607098  2.251913915416098 
 1.992076447761195  1.080112513134327  4.183892537313431  2.122311373134331 
 0.025676031290622  0.075123162032962  0.804936914484681  1.137454921077069 
 2.432968245125345  0.920602620334262  3.362607520891368  3.447964623955436 
 1.511137954022988  0.532200893471264  2.463727356321838  3.971593793103449 
 0.556720874370861  0.103724630087417  1.882436225165560  1.506242854304633 
 1.414241943248533  1.099781017612525  3.348764187866925  2.494337964774950 
