-0.081045396576102  0.072796059993482  0.995794869565175  0.675187703804443 
-0.377992044678716  0.069895805811013  0.540639454250327  0.579366858165976 
 0.999766879999906  0.233844023820696  1.021216589793021  2.373384965517197 
 1.718500298165121  1.091613990825693  2.708782110091779  1.306223013073239 
 0.374336080135816  0.095705274634974  1.087952322014733  1.650765704584040 
 1.308824644557820  0.284506539693884  3.260359523809535  1.713923469387804 
 1.205814409638560  0.321485926879520  1.431072903614447  1.397652614457817 
 0.280168951244050  0.086274315463207  1.455716278454223  0.977683799364743 
 0.793653604739356  0.154094657620855  2.465686161137391  1.843318957345929 
 2.159063304347800  0.779046620869561  2.410906086956533  2.806134608695649 
 0.681011156688977  0.126002442901042  1.744186235119025  2.188448511904757 
 2.294861694915238  1.813678305084752  2.477578033898299  4.054022033898280 
 1.687537994987480  0.949915924812037  1.357932513784436  3.407158897243155 
 1.291451594594581  0.330715693139300  3.391597505197529  3.218044906444893 
 2.180229413333328  2.073734400000002  3.149070933333336  2.374677493333321 
 1.785948033333333  1.466747546666669  4.296898666666686  3.562839666666684 
 0.897466574193546  0.195413956335484  2.325978580645174  0.992285365419353 
 1.279670626218095  1.621176705336429  2.711339211136893  3.337051972157772 
 1.617073350582140  0.140122548693403  1.989888214747727  2.020334062095751 
 1.953461335149867  1.476877738419617  1.562384498910079  2.170989754768393 
 1.151142727272728  0.196808056753247  1.844049441558437  3.009091038961032 
 1.175768025568181  0.901980071022725  2.210996732954549  2.272143465909091 
 1.969919870129869  1.044873304870129  4.199371103896103  2.149733961038964 
 0.018459677746212  0.073778528702178  0.799128975757577  1.133556425189397 
 2.399508433734936  1.067462060240964  3.352618975903620  3.628994277108438 
 1.479558421052631  0.527010622061403  2.428608114035084  3.919069078947369 
 0.509968065884720  0.094979396737265  1.792061193029488  1.491483873994634 
 1.362328656118144  1.144088122362869  3.313404641350209  2.453449789029536 
 1.046026091019417  0.195635952864077  2.669171601941746  2.640897694174753 
 2.248147972972973  0.448593916554054  3.197840878378380  2.399860135135135 
