 0.117798910160544  0.078849227937616  1.095458919724750  1.054469878899127 
-0.307306119434308  0.069785274205362  0.620927238389593  0.630660518978090 
 1.317752573951392  0.363701444856517  1.648100489330347  3.150507652685772 
 1.293231540038436  0.397701938609868  2.911852594490712  1.575397357270935 
 0.606172810314371  0.135251348555281  1.185129262310151  1.844165241963967 
 1.955616062992124  1.429425069991255  3.400112598425201  2.216122712160994 
 1.790674878419455  0.997267791945289  1.852817956762921  2.085206550151962 
 0.672408605903927  0.141870757153648  1.872196967363408  1.200594376310959 
 1.333879708647706  0.390432384097505  2.952014915844452  2.905541381311655 
 1.977088375545848  1.414167055895195  2.414345746724888  3.637708820960697 
 0.876144202365793  0.163700697559793  2.084016031099577  2.171285746019999 
 1.875803371371502  1.261820035952063  3.934527163781623  3.530571637816245 
 1.983378375545848  1.415687055895195  2.413845746724888  3.635758820960697 
