 0.028587565306075  0.078358385289127  1.228379778911427  0.590526076530911 
 0.263564598240469  0.089072286891483  0.675877111436883  1.626549853372240 
 0.946758895348638 -0.030264529244176  1.764327906976575  2.267119767441773 
 1.748459195402251  1.116611954023001  2.769677011494350  1.872082183907658 
 0.165621830813934  0.079415274869184  1.187657107558187  1.388099854651164 
 1.142182191780793  0.087135477397281  3.514848630137037  1.871523287671422 
 0.601218548752855  0.148613095442182  1.099313106575943  1.442323809523791 
 0.400479884758398  0.107654107026011  1.762727137546612  0.614958223791811 
 0.624104808593824  0.129509142578134  2.681117968749793  1.335973398437333 
 2.768202830188584  0.909579971698101  2.429650000000043  3.082484905660331 
 0.638942856410223  0.034691050652422  2.276507407407344  2.011711680911639 
 2.181793617021160  1.631767446808534  1.612613191489312  4.523525531914751 
 2.197176623376698  0.926837012987050  1.125388636363504  3.275689610389875 
 1.567311818181774  0.290882420454588  3.700125000000162  3.769201136363559 
 2.668765753424586  2.161231506849334  3.901191780821936  2.501291780821833 
 1.406666862745090  1.092763725490214  4.078364705882430  3.419008823529451 
 1.102407374999993 -0.037994095625000  1.912315000000029  0.863221312500002 
 1.880781958762879  1.107598041237121  2.319382989690717  2.909995876288673 
 1.046432107969144  0.017832431876608  1.942506169665792  1.660217223650435 
 2.502289062500000  1.387583749999992  1.415421390624991  1.763152812499993 
 0.933633750000020 -0.047173789423075  1.931775961538421  3.007438942307656 
 0.782600321428552  0.722117976190449  2.821870238095233  1.806135714285710 
 1.848593461538450  1.289269358974348  4.499553846153849  2.107987179487201 
 0.181982363584634  0.081394812779516  1.491494310099587  1.054396813655762 
 2.483326612903240  0.978507419354844  3.819045967741959  2.970945161290333 
 1.110906288659777  0.366700035051540  2.042622680412364  4.100387628866018 
 0.313597955706985  0.080970981809200  1.552831345826225  1.548361499148197 
 1.797901219512209  1.250333231707317  3.160681707317037  2.633945731707334 
 0.721820644628095  0.051499287603304  2.762190909090890  2.341038842975204 
 1.970367521367510  0.144028716410255  3.172564102564132  1.946424786324799 
 1.783440677966107 -0.067797057627121  2.381330508474554  1.385370677966095 
 1.697538124999998  0.204172436458332  4.104213541666699  2.535189583333316 
 1.950936666666676  1.051316733333344  4.872018333333322  3.366993333333332 
 2.427912500000002  1.981804999999994  4.467892500000021  3.997302499999968 
 2.397356198347108  1.783638016528926  2.781550413223143  2.420304132231404 
 0.793728081081083  0.331115911711712  3.548840540540519  2.878974774774826 
 1.758217021276592  0.097657914468086  1.301608936170213  1.307470212765974 
 2.198621126760553  0.206832707887326  1.812047605633808  3.879209859154932 
-0.034601965294924  0.074677330308641  1.125830699588484  0.991532949245549 
 0.355807586538466  0.085851278173077  0.900977235576918  0.960382499999999 
 1.368162416666669  1.423110500000001  1.653557666666656  2.714522499999984 
 0.746478516746409  0.096966029665071  0.685943720574159  2.173199521531097 
 2.567778313253015  2.144643373493978  3.066165060240960  3.602975903614434 
 1.535787634408601 -0.009413970430107  1.269641827956985  2.536928494623682 
 0.009733582524268  0.072192999595469  0.830084142394819  1.237672734627847 
 1.249813470319635  0.520571853881281  2.950242922374429  2.313101826484024 
 1.273741796407185  0.997319700598801  2.084255089820365  1.912258682634721 
 0.992899228070180  1.240429824561402  2.560970175438597  2.496239181286548 
 2.295239655172412  0.324129603448270  1.980763793103428  2.451546551724125 
 0.426908229007637  0.078048607430026  1.994279643765903  1.107650941475827 
-0.591082292263610  0.092485225214901  0.489645710601726  0.484650088825213 
 1.847361643835614  0.673049178082193  2.101004794520550  1.210394178082192 
 1.495655892857140  2.062365178571421  2.418246428571434  2.954864285714289 
 1.053475045871558  1.153785504587154  3.194147706422021  3.615672477064213 
-0.215503413878563  0.069310616120199  0.825584014869886  0.886007261462201 
-0.026800575774135  0.073923565701275  0.772419289617490  0.622704732240437 
 1.079304955752217  0.394933203539823  0.934721132743359  3.309156637168148 
 1.239250160000002  0.578767120000000  1.688277199999995  2.655550800000004 
 0.793441184049078  0.458458306748467  2.420500613496943  3.102414723926381 
 1.683467777777777  2.234008888888892  3.432561111111110  2.018278888888889 
 1.763554609929078  0.818354397163122  2.510091489361707  3.594926950354611 
 2.722221176470588  1.103357658823529  3.370480000000001  3.891530588235294 
 2.484464285714286  1.861955714285715  1.844087142857142  3.146402857142853 
 1.794347794117646  2.269136764705885  2.060977941176468  1.899211764705883 
 0.336818108647450  0.108853902416852  1.134897871396894  1.924070066518854 
 2.017800763358783  0.198567078625954  3.050188549618326  2.890603816793879 
 2.660749999999999  1.477725370370369  3.186670370370370  1.294182407407408 
 1.418180930232559  1.348117325581393  1.380316976744187  3.709427906976754 
 1.105788448275861 -0.212588952701150  2.656843678160929  1.704363218390802 
 1.375489090909092  0.435256725575757  3.169179393939393  1.271506242424242 
 0.708840063604240  0.134678243462897  1.286260141342757  2.580923321554771 
 1.472417187500003 -0.039275490468750  2.204981249999997  2.312567578124996 
-0.056209089495800  0.074001913214286  0.466280581512605  1.029426638655464 
 0.997214603174606  0.512640753968254  1.372312261904768  2.011498809523815 
 0.950606573563218  1.664595402298851  3.452933333333332  2.795959770114941 
 1.721292680412371  1.955743298969072  3.990857731958757  3.012128865979384 
 2.257386842105261  1.470654736842105  2.929673684210529  5.149955263157895 
 0.711890629921256  0.091961555118111  1.316297086614181  0.881315039370079 
 0.462075211220658  0.248359544600939  1.991113615023476  2.513075586854458 
 1.617652820512821  0.207150861538461  2.280995897435897  3.134932307692307 
 1.317203481228670  0.402656945392492  2.480388737201365  1.842364505119453 
 1.259008969072166  0.995378041237115  3.662853608247424  1.772271134020618 
 1.036407430555556  0.363256839097222  2.293618750000006  2.493739236111117 
 1.558898350515465  1.382058247422679  2.840181443298968  1.045918742268041 
 1.471119078947369  2.293082894736840  2.852863157894736  3.921122368421051 
 1.025189557522123  0.316278305309735  2.598893805309736  0.588634953097345 
 1.200694328358208  1.156040208955224  2.641832835820895  4.420125373134331 
 1.579061666666667  1.009791785714285  0.894617786904762  2.411303571428570 
 1.607572727272726  0.430171095693780  1.640834928229665  1.924457416267943 
 2.116913829787235  0.345751117021276  2.915255319148936  3.866008510638299 
-0.350551197969542  0.060555911586295  0.809604784263960  0.509209784263960 
-0.275440895214522  0.062626507937294  0.449880760726073  0.422384099339934 
 1.270540337837837 -0.202217737162162  2.921245270270267  2.725208783783787 
 0.980396891891894  0.457270675225225  2.278412162162163  1.267797252252253 
 1.035924644549762  0.515640151658767  1.625111848341230  1.336450189573459 
 0.919546254416962 -0.011525697632509  1.312498515901058  1.824653710247352 
 0.485620104602510  0.092410706066946  1.651982008368201  1.987158577405855 
 1.601081944444444  1.176219722222222  4.253533333333335  1.032256361111111 
 1.437014285714284  0.829128392857143  3.594741666666668  2.579269047619047 
 0.818417340823970  0.524106254681648  1.960875655430715  2.057670786516856 
 2.319354166666668  1.450922291666666  2.422589583333333  3.894927083333334 
 1.368744923857871  0.540080380710659  2.948009137055835  3.063271065989846 
 1.648883870967744  0.590478294930875  2.471341474654376  2.443749769585254 
 2.517606363636364  0.738852143636364  2.851244545454545  2.327166363636362 
 1.176954074074074  1.240087407407409  2.268195555555555  3.315679259259260 
 0.677655119047620  0.120953368752381  1.615157380952378  1.331945499999999 
 2.084459130434781  1.177902956521739  1.822224347826087  2.326967826086959 
 1.831532167832167  1.422394755244755  3.178600000000001  3.499897902097903 
 1.862758333333333  1.392254375000000  3.967675000000000  4.421481250000001 
 1.436263205128205  0.376208865384615  1.665324358974359  3.322833974358972 
-0.351581228930818  0.059569461970201  0.493583829308178  0.747228289308176 
 0.491446326666667  0.150297167901235  2.065977037037037  1.591845432098765 
 1.079167307692307  0.119644560576923  2.848308653846152  3.675786538461539 
 1.249969999999999  0.353151179674797  0.754909544715447  1.590897073170733 
 1.498209672131148  1.474927868852459  1.600068524590165  1.223650491803279 
 2.174290350877193  0.888413947368422  3.634564912280702  2.039989473684209 
