-0.006974775236415  0.074027230864068  0.925123533037801  0.941178995862937 
-0.352027788169580  0.069974776842253  0.580750195445423  0.580721120939543 
 0.952070143828893  0.218875109397478  1.152092850923169  2.396914868804635 
 1.674624336569568  0.832910399708742  2.829603398058278  1.330843038349406 
 0.344993097319772  0.092077082416820  1.067124826709813  1.599974214417746 
 1.494874455445541  0.504169690127303  3.588724328147110  2.407552192362135 
 1.186057946611916  0.299487636457908  1.472808470225865  1.385150441478425 
 0.338377225954905  0.086216080580762  1.569155319834342  1.020959247215827 
 1.003366036563086  0.104983697449727  2.768246526508183  2.144277422303430 
 2.261036788321146  0.651479068700727  2.659246277372266  2.890870948905102 
 0.604423444851168  0.117899000892428  1.850759112271525  1.901391436031324 
 2.252840765765754  1.558268738738743  2.675173716216211  4.087932207207199 
 1.601011385642746  0.717176590484144  1.574878402337211  3.554154924874819 
 1.293206596368710  0.394983077094977  2.926496787709510  3.520651396648039 
 2.260069182692300  1.906733725961542  3.052805769230773  2.357706874999989 
 1.966413446088796  1.324475993657508  4.103309936575058  3.513453488372104 
 0.824029813426327  0.191347392092415  2.391936355710557  1.227493085440276 
 1.335189921926227  1.691501741803280  2.777346926229509  3.210667827868853 
 1.597571381936882  0.221230004722525  1.995000533188240  2.099231338411333 
 1.906762650103522  1.408578302277431  1.574394971221532  2.284779420289855 
 0.978627338491295  0.198847093288201  2.034972147001930  2.819267021276589 
 1.177711379629630  0.993318584656081  2.490572883597889  2.325148280423280 
 1.887289006849315  1.359790616438356  4.140058219178083  1.966358184931507 
