 0.154698406161710  0.081020846410792  1.320043465981925  0.657091057766594 
 0.164042299257057  0.078339948989592  0.639566231500710  1.322491367013273 
 0.714353290552462  0.098081121390380  1.476047076648738  2.411282352941117 
 1.615298486238496  1.197543990825698  2.760655045871637  1.597571926605194 
 0.270409702954529  0.086487453409090  1.118866454545491  1.516009090909089 
 1.197007453441280  0.205319455060741  3.427778542510151  1.773674089068938 
 0.919089182282812  0.104033982793870  1.490460306643935  1.710085689948881 
 0.420736789473698  0.098539345151875  1.832978195488779  1.078648375939846 
 0.770557713375857  0.260676040127395  2.621388216560339  1.020282691082670 
 2.638384999999944  0.748810822222215  2.422806666666691  2.842029444444416 
 0.569170828458941  0.145626182142379  2.045169514237818  2.130178056951399 
 2.007649166666622  1.455689166666676  2.321383333333313  4.604947499999945 
 1.902116315789524  1.246081052631605  0.944465132456051  3.354554385965094 
 1.560623444444424  0.377950027777798  3.481233888888969  3.759681111111075 
 2.185552482269467  2.113762411347528  3.988553900709230  2.763107801418398 
 1.176791523783780  1.404266108108117  3.629706486486528  3.182836756756779 
 0.920495097402595  0.070371938961039  1.858329545454561  0.731588364285716 
 1.746302614379080  0.982002777777782  2.083900653594767  2.820353267973866 
 1.241981438202240 -0.083528554831459  2.031792134831440  2.086546516853982 
 2.240279411764707  1.207222499999996  1.376569463235290  2.065558088235288 
 0.886520628664509  0.036466688925082  2.030201628664468  3.027886970684019 
 0.933758726287254  0.590625203252020  2.613598102981029  1.821094037940378 
 1.813617428571423  1.199107714285708  4.252412857142862  1.840402071428584 
 0.174099453217010  0.079354447622682  1.424597382769910  1.159536150490730 
 2.465472455089830  0.946187813173657  3.771120958083850  2.907280838323359 
 1.139217092198570  0.346426673049641  2.381769503546095  4.148631205673789 
 0.379534607201890  0.114138333922079  1.595916056670598  1.707367060212502 
 1.633019647887331  1.157555950704227  3.306888028168994  2.496492605633811 
 0.823404549222794  0.061849765440413  2.672934715025903  2.400058290155441 
 2.146755405405398  0.392575871711711  3.170082432432447  2.123755405405412 
 1.565974475524479  0.087636997307691  2.486569230769221  1.431338846153843 
 1.454235837563451  0.424338402030456  3.962581725888345  2.526825888324864 
 1.852412000000004  1.160463232000005  4.642364799999998  3.379170399999999 
 2.120768292682927  1.676544024390240  4.049385365853669  4.464832926829249 
 2.440445679012347  1.659988703703703  2.703277160493828  2.355382716049383 
 0.910685728205129  0.290944030769231  3.316068205128191  2.907393333333361 
 1.676681818181816  0.311338553966943  1.346545454545455  1.539659586776865 
 1.819631249999998  0.236720036500001  1.966724083333335  3.474759583333339 
-0.008555806089508  0.074974901675715  0.994648613352902  1.040861922230376 
 0.709446631762655  0.147223277242583  1.185746457242580  1.158737434554972 
 1.159081551155116  0.792067194719472  1.461573531353130  2.237571287128709 
 0.978050945454543  0.242522456000000  0.692565111272726  1.970772363636362 
 2.312466887417219  2.067070198675498  3.038788741721855  3.563856291390718 
 1.548372852233676  0.102049690515464  1.394339931271477  2.538739175257747 
-0.200908754799017  0.070694640549631  0.583217133716161  0.889938326497133 
 1.391357112299465  0.536042628342247  2.805163368983958  2.379146791443852 
 1.062054629629630  0.549712955026455  1.903023809523815  1.539211428571427 
 1.026012226495728  1.286824957264957  2.448680341880344  2.412641452991456 
 1.842914705882353  0.521202550326795  2.209278104575155  2.079239542483659 
 0.646016528662422  0.094858519378981  2.106905095541402  1.525854299363058 
-0.541837975567189  0.073390913120690  0.510831728010475  0.546076633507853 
 1.742603137254901  0.824455163398694  2.066053594771244  0.971419984967322 
 1.477765953757225  1.870662427745661  2.248423699421968  3.143564739884394 
 1.210863750000000  1.661263888888887  2.981048611111113  3.838365972222219 
-0.196181834004835  0.065890938871878  0.899041740531828  0.611586851732471 
-0.262170519311065  0.067237982682672  0.520492435281837  0.449672691231733 
 1.076963177570095  0.366706263551402  1.151671074766353  3.214588785046730 
 1.095491575342469  0.448484666666667  2.056325799086757  2.505262100456620 
 1.022819293286219  0.681667413427562  2.598672438162546  3.191079858657244 
 1.635051666666667  2.192476984126985  3.217177777777778  2.241259523809523 
 1.861044890510949  0.802311386861314  2.767623357664237  3.413372992700729 
 2.538695070422534  1.053726063380282  3.253757042253522  3.899189436619721 
 2.529338888888891  1.584902619047620  1.957757936507937  3.454620634920634 
 1.703770806451613  1.976389516129034  1.847346612903225  1.850440483870969 
 0.415985488706365  0.081185953716633  0.988503490759754  2.022750924024644 
 1.624707432432433 -0.016333249662162  2.729153040540540  2.874829729729729 
 2.606079487179486  1.530373205128204  3.333300000000000  1.367544102564103 
 1.342148503401361  1.087185646258503  1.700795918367347  3.682094557823133 
 0.792213649819494 -0.093655132093863  2.670269675090255  1.711742238267148 
 1.432023283582090  0.780081559850746  3.369617164179104  1.042887537313433 
