 0.008451334456313  0.074937819218999  1.239244042878898  0.629766065850193 
 0.234198793565683  0.085742993753340  0.736359209115220  1.633301608578911 
 0.767285011185529 -0.020557541968672  1.722387248322016  2.218729082773980 
 1.770746568627411  1.073319068627462  2.687456862745181  1.847447549019277 
 0.217912383714995  0.078535575712467  1.211946170483502  1.456402671755728 
 1.219183212435212  0.101985905181363  3.456985492228018  1.874816580311024 
 0.702919616438381  0.175282116958910  0.996600739726005  1.444032465753404 
 0.418657524242451  0.105331097242415  1.768292121212239  0.654021097575749 
 0.620074582329394  0.148661298393583  2.696794779116254  1.319274377509868 
 2.762965354330631  0.806211354330698  2.430340157480352  2.924454330708623 
 0.576299870833311  0.157742651570076  2.122705492424199  1.834517234848458 
 2.152603030302947  1.471511212121229  1.699807878787843  4.462601515151414 
 1.995459444444508  1.128310444444477  0.973628811110998  3.290561111111338 
 1.410918130841086  0.229496635514053  3.542444859813218  3.785332710280312 
 2.525366666666603  2.246834567901252  3.919634567901249  2.361713580246838 
 1.543867862595413  1.025014198473296  3.890322900763420  3.514335114503847 
 1.086304043715842 -0.033828919672131  1.870824043715872  0.891253114754101 
 1.883686147186141  1.082620129870137  2.282186580086577  2.766493506493518 
 1.045965268065262  0.052343091608393  1.895119114219099  1.647711188811236 
 2.313569105691056  1.284258536585362  1.534240243902435  2.060429268292677 
 0.997184541832685 -0.017468838645417  1.928922709163315  3.072645816733038 
 0.845918638095222  0.693170666666646  2.839095714285712  1.837606190476188 
 1.992859894736835  1.064170526315781  4.430600000000003  1.857221684210544 
 0.165007670701511  0.076196064613479  1.509712929848706  1.082710646492434 
 2.519763571428584  1.018079785714291  3.767882857142878  2.917918571428580 
 1.069869672131134  0.277427322950815  2.229640983606553  4.042031967213148 
 0.379718491880342  0.122286418706553  1.625734472934465  1.700473504273493 
 1.723464853556494  1.136672050209205  3.280003347280311  2.583612552301268 
 0.705017899999997  0.032750494147057  2.660607647058812  2.273133529411766 
 2.169493939393933  0.415208669292929  3.166633838383856  2.098883838383845 
 1.806960389610395  0.030909942857141  2.376220779220761  1.380870844155839 
 1.536815304878048  0.440279306097560  3.998477439024413  2.521102439024379 
 1.868186746987959  1.058477518072296  4.793446987951800  3.344986746987952 
 2.253381081081082  1.741568783783780  4.268318918918929  4.200004054054038 
 2.489370634920636  1.693726746031746  2.747793650793654  2.369653174603173 
 0.894129613496934  0.465336210429448  3.438776687116551  2.825959509202489 
 1.595084313725487  0.160115830457517  1.177024901960784  1.416644640522886 
 2.077777064220178  0.289133424403671  1.787123669724773  3.679261467889911 
 0.012103037773153  0.076924725603537  1.078294131113427  1.089432039542149 
 0.517552593582893  0.098352770053476  1.064091336898390  0.849950433155080 
 1.360659523809525  1.449265317460317  1.581749206349196  2.633876984126969 
 0.806227309417038  0.102569395515694  0.659893280717486  2.143357399103137 
 2.403412598425198  2.006257480314963  3.080855118110236  3.511661417322820 
 1.551123958333332 -0.002352184895833  1.288650208333329  2.529701562500025 
 0.059465148085103  0.075360227943262  0.655605601134751  1.183859205673770 
 1.385827581699348  0.524222163398695  2.801989869281047  2.426459803921571 
 1.097183656387664  0.863966475770924  2.032704405286347  1.975497797356822 
 1.016714579710148  1.232598405797102  2.519983574879230  2.595854106280194 
 2.123228125000001  0.336179122499996  2.116582499999985  2.368911874999991 
 0.466190151277016  0.100405769155207  2.027085461689589  1.235577838899803 
-0.589389442934782  0.091986414940640  0.488391630842398  0.524771008152173 
 1.789196323529409  0.822436985294118  1.949606176470592  1.112723308823529 
 1.479076030534349  1.930746564885490  2.334701526717561  3.114520610687025 
 1.298720249999999  1.311486249999998  3.126345625000002  3.566455624999997 
-0.220136489285715  0.069474668105953  0.848267380952378  0.896419749999996 
 0.017878705604203  0.076883092101576  0.775647880910686  0.650771532049037 
 1.149935408805034  0.382495874213837  1.097421635220123  3.324848427672960 
 1.301523722627739  0.569275839416058  1.736314233576639  2.681259489051097 
 0.932950167968749  0.451383297656250  2.644911328125005  3.159028906250000 
 1.661697368421051  2.163388596491230  3.122260526315790  2.259567543859650 
 1.753800543478260  0.917853586956523  2.687645652173917  3.408900543478265 
 2.560271111111111  1.124358896296297  3.152023703703704  3.881797777777779 
 2.475319642857142  1.707113392857144  1.978939285714285  3.368358928571427 
 1.740563978494624  2.119309677419356  1.935919462365590  1.786503440860216 
 0.372346573696144  0.109094711088436  1.156008662131518  2.006468480725631 
 1.907008235294120  0.256860195294118  3.046426470588238  2.959202941176460 
 2.637345454545454  1.402081818181817  3.258704545454545  1.353038787878788 
 1.331275273972603  1.136198287671232  1.738056575342466  3.580198630136992 
 1.059899082125603 -0.192925922077295  2.583792753623195  1.681013043478260 
 1.408665696969698  0.464071271030302  3.244953939393940  1.229868781818182 
 0.744427400000000  0.190001118148148  1.283842148148148  2.628868518518520 
 1.388633037542664 -0.075121317610921  2.154201365187711  2.332520819112624 
-0.266736778422274  0.065063103549884  0.473059986078886  0.817405290023202 
 0.962985394321768  0.446864164037855  1.422295299684546  2.015192113564673 
 0.922223354444444  1.648251111111112  3.476842222222222  2.903052222222221 
 1.705417549019608  1.928714705882353  4.094778431372546  2.943574509803923 
 2.235083333333332  1.464620952380952  3.023571428571431  5.114966666666667 
 0.604362524850893  0.088443702059642  1.518653081510937  1.233854850894633 
 0.463835822909837  0.257213270901639  1.970654098360657  2.480250819672131 
 1.576009012875537  0.337673477682404  2.250926180257511  3.118652360515021 
 1.372970134680136  0.401032973063973  2.464595622895625  1.901359932659933 
 1.370797089552239  1.203131417910449  3.697743283582089  1.794871716417910 
 0.982776204819277  0.368997212831325  2.211472289156630  2.409977710843378 
 1.552250400000001  1.402695199999999  2.818419999999999  1.023393779999999 
 1.518729090909091  2.297984415584414  2.849699999999999  3.946233766233765 
 1.031943893805308  0.304383792035399  2.578302654867258  0.588407076991150 
 1.369398556701030  1.165444329896907  2.590264948453608  4.305238144329897 
 1.500116629213484  0.850506067415730  0.818905203370787  2.117673033707864 
 1.635342009132420  0.483572538812785  1.659584931506849  1.934231050228310 
 2.048865420560747  0.279124607476635  2.810725233644860  3.825648598130841 
-0.336901386004515  0.063933307031603  0.801431523702033  0.521821686230248 
-0.306089559192201  0.054828423272981  0.462849876044568  0.425333040947075 
 1.259644593023256 -0.197909420930233  2.928094186046510  2.784394767441862 
 1.008634980079683  0.468417335458167  2.280196015936256  1.307857689243029 
 0.960148970588234  0.579674411764706  1.562762254901960  1.295806911764706 
 0.867293965517243 -0.050203052172414  1.346121482758620  1.783635172413793 
