 0.017277128098015  0.076197809193541  0.948902101921448  0.969347871902027 
-0.344453284754594  0.069690993453881  0.589489712119542  0.587904644145857 
 1.012955462271009  0.190850636410260  1.472035836629994  2.627208058608029 
 1.755584491978593  1.146729677361859  2.731749732620348  1.445848295365298 
 0.419492759092886  0.103850962791103  1.075732434191032  1.687543807239423 
 1.616411342465751  0.627740495369867  3.716640821917817  2.101771479452097 
 1.303480319432125  0.313122322014199  1.547303220940545  1.502639396628203 
 0.392003015097544  0.090138131510601  1.615550962680247  1.053108396607290 
 0.967466919598005  0.209333367497489  2.897284824120570  2.542020804020044 
 2.324622122570982  0.690293804275035  2.723713602391632  2.893091180866960 
 0.629773851134265  0.122121935055259  1.927981240911281  1.931467086766837 
 2.177641799999990  1.622582160000003  2.759957799999994  4.050249800000000 
 1.681330781250008  0.897258287109379  1.496726099609357  3.506919726562534 
 1.306644764354065  0.387264607177037  2.573802272727280  3.551495334928227 
 2.250438571428565  1.940861405152227  3.550328571428574  2.450164871194376 
 1.774528007812500  1.128856216796878  4.103646289062495  3.494288671875004 
 0.941520080568718  0.220743516864140  2.587274644549772  1.326244777251183 
 1.307653501920438  1.533939890260632  2.719029492455417  2.863772565157749 
 1.448466399694887  0.354966188893975  2.297951411136535  2.267688024408854 
 1.912272671905699  1.341550943025537  1.578031573870333  2.250869646365425 
