 0.139233074656782  0.082453076825773  1.334841055966124  0.732670817318033 
 0.145782014305364  0.078013003259967  0.667713182668470  1.325337730398807 
 0.714064604799889  0.114564714992006  1.434827743999906  2.382646559999949 
 1.710363737373696  1.219796212121223  3.004678787878872  1.213482267676426 
 0.350518527738244  0.088067637965859  1.006106884779557  1.841738264580367 
 1.255712377118627  0.351077170847470  3.484135593220368  1.516904703389947 
 0.974591190893188  0.055188101926448  1.523999824868634  1.680100175131336 
 0.355032329466368  0.090147572327143  1.729362180974521  1.133369976798142 
 0.755297509859208  0.254268717464795  2.650141126760412  1.053353115492841 
 2.649449450549395  0.773137912087905  2.391383516483541  2.810604945054916 
 0.592924679741230  0.122616050987824  2.082498630136953  2.175719939117176 
 1.941106271186394  1.503696949152552  2.336831355932183  4.623891525423670 
 1.815886526946142  1.186965772455107  1.143678580838263  3.543013772455213 
 1.541098457711426  0.295812850746287  3.380070646766239  3.726811940298475 
 2.180879333333299  2.064314666666675  4.009410000000011  2.768655999999960 
 1.037065962576683  1.329493619631912  3.669546625766918  3.304814110429476 
 0.819701455847254  0.085439982243437  1.831845346062064  0.752726410978522 
 1.753965137614673  1.013367247706426  2.179790214067277  2.841138226299700 
 1.286144239130428 -0.061048385565216  2.042787826086938  2.153922826087004 
 2.058842307692307  1.593782582417579  1.546539022527469  2.042370219780215 
 0.921503235457075  0.096760180332411  1.992463711911336  2.989331024930734 
 1.121830821917802  0.657171050228300  2.769195890410954  1.936863470319633 
 1.943721779141100  1.138002392638032  4.211290797546018  1.848952147239275 
 0.157081330173199  0.077693000738377  1.257054940747499  1.319123336371925 
 2.392795555555564  0.873236065000004  3.599573888888903  2.962888888888893 
 1.095432117647049  0.495410087647056  2.263267058823525  4.094161176470609 
 0.404568408719648  0.125204188445917  1.593033995584984  1.724175165562904 
 1.571725173501585  1.169765772870665  3.267197791798091  2.519111671924296 
 0.895845023474175 -0.028350004906105  2.796305399061030  2.020221596244135 
 2.141465236051493  0.425482032703862  3.188429184549370  2.037454077253225 
 1.526747076023396  0.125898666461988  2.412683040935667  1.350271295321636 
 1.313978488372093  0.389826942635659  3.815262015503888  2.535441472868210 
 1.860809210526319  1.120498381578951  4.579172368421052  3.283385526315787 
 2.098564197530865  1.673298765432095  4.076017283950627  4.465609876543191 
 2.518830898876402  1.722652640449438  2.825197191011234  2.111325393258427 
 0.774244642599278  0.198523810830325  2.928410108303238  2.878550180505433 
 1.775191056910568  0.377423788861789  1.307215191056911  1.538808780487809 
 1.791585714285713  0.193316653233083  2.026418796992479  3.366296240601510 
-0.023968401651652  0.073061121684684  0.952918693693697  0.997978903903908 
 0.681556682098767  0.149496101604938  1.137562037037035  1.223900231481481 
 1.245315150602412  0.812616295180723  1.484809246987948  2.334331325301199 
 0.948555224358974  0.212199593589743  0.720976235897435  2.054832051282049 
 2.421948484848486  2.097890151515152  3.010284090909090  3.551096969696958 
 1.534368100358423  0.089472363799283  1.355527885304660  2.582841935483888 
-0.224461582984295  0.068976761736474  0.562257780104712  0.879646579406636 
 1.585922784810128  0.129370462278481  2.839484810126584  2.751531645569619 
 1.026632311320756  0.576770542452830  1.891815094339625  1.614832900943395 
 1.127893725581397  1.514118511627907  2.451570232558140  2.253883720930233 
 1.837212849162011  0.542006945251395  2.292581843575412  2.139795251396646 
 0.655287820689657  0.092633083820690  2.169371448275865  1.540607448275863 
-0.546525017985611  0.075859061237689  0.524147384262594  0.528161602517985 
 1.636267891566264  0.994491265060242  1.982851807228915  1.063158401807230 
 1.452226417112300  1.848644385026734  2.188279144385028  3.194096791443850 
 1.452329306358381  1.726423121387281  3.082519075144512  3.672687861271677 
-0.192994741224490  0.067152372032653  0.896183053061223  0.590849528979589 
-0.256704106371490  0.066745834589633  0.500535250539957  0.461550300431965 
 1.064018325581397  0.478023424186047  1.226115116279069  3.296401395348838 
 1.040039733606559  0.527987625000001  2.214367008196719  2.454044672131147 
 1.183419044368601  0.791517542662116  2.670115358361775  3.216588737201366 
 1.691453360655738  2.251592622950820  3.256881147540984  2.194267213114754 
 2.001349519230770  0.837910673076923  2.635005769230772  3.636851442307693 
 2.603735483870967  1.047049524193549  3.308061290322581  3.890856451612906 
 2.535135772357724  1.580009674796749  1.949925203252033  3.424754471544714 
