 0.042624860893287  0.078047731669978  1.148568426798969  0.775206819354926 
-0.356649791947292  0.069713680013559  0.582281191595893  0.576776136515357 
 0.955800634194763  0.218734250566605  1.137058904174892  2.399094731610307 
 1.687233054662368  0.816100328006435  2.853155627009672  1.344736780868058 
 0.364737169201149  0.093003545514917  1.125568896053913  1.614072714148218 
 1.481355481012655  0.470466156005630  3.573715893108308  2.395403938115372 
 1.197128508863405  0.306662976339940  1.476944702815425  1.383890709071935 
 0.401559660042739  0.088402786101494  1.653194017094031  1.088921106944442 
 0.978311884801566  0.085699757705713  2.737714036786013  2.190472991287467 
 2.258832944606392  0.650599230408161  2.663520845481053  2.889318075801742 
 0.623514141490843  0.120871916043595  1.865627179763169  1.934588428417644 
 2.251836036036025  1.560055000000005  2.673651869369364  4.087790090090083 
 1.615702538330502  0.753275483304945  1.566654621805774  3.553689097103948 
 1.299212544011539  0.388582131601736  2.924966089466103  3.535561183261179 
 2.238937276995297  1.913301478873242  3.016527230046952  2.384962816901398 
 1.967458371607516  1.313351158663885  4.100080584551152  3.505079331941556 
 0.852376270985399  0.207502478129562  2.445448266423365  1.253745473540144 
 1.303346725933607  1.664765456431536  2.813633817427386  3.223741493775935 
 1.604088470066513  0.221893594057650  1.993734356984472  2.099256762749461 
 1.896543140495871  1.415486962809915  1.589811324586776  2.265260785123967 
 1.005523590312815  0.209323965650858  2.017465792129158  2.858555398587279 
 1.178963237662338  0.971974896103893  2.496159480519486  2.328518961038961 
 1.889370977198697  1.368273192182410  4.120901302931596  1.979516905537460 
-0.004861028633094  0.073614965817266  0.765410908297362  1.113390297362113 
