 0.119770918612053  0.078935770832311  1.093313688282118  1.062917431626894 
-0.306483829110759  0.069771990519969  0.622831590425285  0.629779230202399 
 1.324832397350950  0.373479299676238  1.659034558498853  3.163320750551848 
 1.284045113362886  0.384189671418622  2.892510196326792  1.565284600823262 
 0.621844230158725  0.137502704025974  1.184293492640705  1.858278427128424 
 1.951794649280574  1.420822360611514  3.442337230215831  2.209345593525194 
 1.801757887864825  1.038573388786483  1.880492642933949  2.088202365591386 
 0.664539608428985  0.139556908951936  1.867274293400293  1.210756906097556 
 1.341264941176470  0.393203290542100  2.961033391003454  2.893464417531706 
 1.986855738284700  1.418254934571174  2.416189310344825  3.630711229000882 
 0.888272624148344  0.169311159898994  2.076522064852761  2.185534066343650 
 1.867910469826433  1.271151531375166  3.917331375166887  3.553565687583444 
