 0.055173028558534  0.076512682319826  1.173976945945872  0.697900120720881 
-0.119219883369487  0.070081279608818  0.591367790889355  0.957252017353533 
 0.616896946507852  0.126641040915755  1.495239401709329  2.209450549450506 
 1.730951076923046  1.253759153846163  2.739406923076985  1.254550838461279 
 0.333986400793632  0.084230801216929  0.838673347883636  1.748245105820110 
 1.253594490963844  0.498975935301214  3.391818975903636  1.527785418674781 
 1.043520569105707  0.050814453170735  1.647037577235752  1.596562390243888 
 0.204280126660259  0.078623495942249  1.495228200192528  1.065976092396532 
 0.758390199575411  0.208741385562637  2.596947558386299  1.174114513800336 
 2.455522222222190  1.232960035842290  2.168866666666683  2.993012544802848 
 0.619547731641071  0.123455725099174  2.106279338842944  1.922293388429734 
 2.216465384615350  1.423574320512829  2.157679679487164  4.380139102564057 
 1.654918018433204  1.199313594470060  1.167678815668156  3.422752534562308 
 1.759989342105251  0.471617463815802  3.217255263157938  3.683151644736821 
 2.031571604278048  2.163590374331557  3.878532085561504  2.591896791443817 
 1.158141899227798  1.404157104247111  3.457013513513543  3.423268339768360 
 0.710578334085777  0.115799377178330  1.834591422121907  0.688572813092551 
 1.422988038147134  1.188156839237059  2.245494005449588  3.080142779291553 
 1.347448463035012 -0.040828889416341  1.942309533073913  2.247647470817160 
 1.920909090909090  1.573554136363633  1.579541018636360  1.990137409090906 
 0.819033008264469  0.138048865223141  2.119846776859491  2.716299669421479 
 1.033992606679031  0.705159962894240  2.572796289424859  2.136267161410014 
 1.992995306122445  1.120199846938773  4.147083673469391  1.884058469387764 
 0.056458471920530  0.078129057079470  0.981736695364239  1.185555410596031 
 2.571670161290330  1.076809233870971  3.270339112903238  3.239141532258066 
 1.153400045248862  0.644142777828052  2.321009954751127  4.106765610859747 
 0.348101378079865  0.101964459415464  1.419273152081560  1.601813508920977 
 1.590854780219786  1.157963736263739  3.250399725274712  2.500446428571436 
 0.939033671698110  0.000957304415093  2.777382264150941  1.995214905660382 
 2.229453307392988  0.382994254941634  3.159489494163437  2.147971206225687 
 1.635045454545458  0.235260514876032  2.343428374655643  1.292536968870521 
 1.257360545138889  0.353925094097222  3.785203819444455  2.587702430555550 
 1.901791000000003  1.156282178947371  4.505688947368418  3.256854210526314 
 2.276493233082707  1.521923466165411  3.800415789473689  4.422301503759387 
 2.537417714285713  1.863176571428571  2.843597142857141  2.131010057142854 
 0.936469497311828  0.421109409139785  2.785140860215049  3.113854301075278 
 1.958975423728811  0.443798117203391  1.338860919491526  1.749016949152544 
 1.856383243243242  0.296814942594595  2.079388918918918  3.325497027027030 
-0.238247044892648  0.068428273428757  0.805562264150949  0.591181825504232 
 0.756427736486488  0.153427950608108  1.113823800675675  1.176798581081081 
 1.218508082474228  0.677457505154639  1.630033855670101  2.394865567010304 
 1.016211620947631  0.186227763341646  0.862055255860348  2.109691770573562 
 1.927978691588786  2.112461682242990  2.824089252336447  3.639271028037377 
 1.119283005102041  0.196466257142857  1.311560994897959  3.069928061224495 
-0.450013212500000  0.070740663714617  0.480956074055555  0.521127804111113 
 1.502590578947369  0.062449564210526  2.856680000000001  2.756021842105261 
 1.099147208737865  0.652353737864078  1.873310922330098  1.522031747572814 
 1.274586037209303  1.875875813953489  2.550620000000000  2.465878604651163 
 1.784718778280544  0.593936809954751  2.395191855203619  2.298997511312218 
 0.501908801026958  0.107348998736842  1.932337355584083  1.320062439024390 
