 0.111232344623650  0.078603682720432  1.084781460963046  1.044398606825665 
-0.309610990913286  0.069822052063262  0.618601638168814  0.628016415405892 
 1.295061217391261  0.385134876550254  1.611672598004233  3.066829793300046 
 1.227626065934065  0.390808713555270  2.850967485455718  1.573621638461491 
 0.570556846376807  0.126778670565217  1.179568681739144  1.830364601449272 
 2.001620053134960  1.118121937194476  3.593188522848044  2.090174633368771 
 1.723885619765498  0.609844044857623  1.731529414656618  1.810092118927961 
 0.619925897599089  0.127754077362041  1.863820998475616  1.195648869740845 
 1.328592122324159  0.353991989480123  2.970248562691122  2.907609174311914 
 2.040440668789799  1.139053907707004  2.402175509554137  3.833515605095539 
 0.832554560654358  0.158353206386592  2.089851786431140  2.185809795262954 
 1.872701599385747  1.454724641277640  3.849804299754299  3.478311056511055 
 1.707847227799227  1.624311138996141  2.369677210424704  2.582822548262546 
