-0.059622980385867  0.073394507346199  1.027258242229326  0.694244429260544 
-0.370994379360001  0.070097547309858  0.550284146975992  0.582053392703981 
 0.985853683709788  0.215490928026165  1.090297880618242  2.402967063020178 
 1.716124374999985  0.962884586693553  2.753122983871001  1.328606479233735 
 0.380987004526309  0.093204587621052  1.123357792631596  1.651075210526316 
 1.488395865724380  0.279727682932868  3.416884452296834  1.948214222614890 
 1.217900834326585  0.317582492622172  1.428807794994030  1.386361096543490 
 0.315420101114063  0.087286968790449  1.506035336870041  0.988455486578249 
 0.867931746728991  0.137095029915889  2.611629532710232  2.078775514018651 
 2.174912746585713  0.716474000455232  2.466388315629752  2.729831411229132 
 0.669513899225448  0.130225890804448  1.778596088957031  2.163164877300606 
 2.303398422712919  1.773292334384863  2.517440851735009  4.067631545741302 
 1.641711002132206  0.877785287846488  1.373363140724925  3.324831769722855 
 1.230276979797971  0.266683123088028  3.139518614718634  3.062474891774885 
 2.187253270777475  2.035828418230566  2.989840750670245  2.381488364611249 
 1.766890465116278  1.431574401162792  4.231943313953506  3.581757558139552 
 0.929829045622687  0.213694753181258  2.478848458692984  1.096776267570899 
 1.271840524586286  1.618329243498822  2.691128132387708  3.379406146572101 
 1.593072426470581  0.149947448210785  1.999401703431364  2.055773161764724 
 1.924332493150688  1.463334328767121  1.552300030410957  2.134665013698631 
 1.076867725512528  0.208808061230068  2.037881776765373  2.963009339407737 
 1.160452761636107  0.909851847672776  2.278374330042316  2.248875458392101 
 2.011851682539682  1.268927873015872  4.171588888888886  2.045957968253970 
 0.028733632497679  0.075312766861188  0.805477480872795  1.141683607242343 
 2.441517630853991  0.914132784297521  3.364081542699727  3.434682093663916 
 1.514577963800904  0.518455069366515  2.425768959276018  3.971213574660634 
 0.562340147852349  0.105224175524832  1.896684496644294  1.505460026845634 
 1.432490047131148  1.146996516393444  3.341146106557375  2.553681557377049 
