-0.158509075000017  0.071366969253053  0.906415182926779  0.632418148658643 
-0.133132945032633  0.069796540108046  0.573015761276272  0.945373372008656 
 0.637468674234260  0.142270319918798  1.453862946635661  2.217607308584645 
 1.676988557046952  1.237024026845646  2.766621812080590  1.285899758389034 
 0.337841569579272  0.084408176396978  0.918644124056126  1.738146601941752 
 1.119718697044325  0.350971542980303  3.225923645320217  1.440503078817801 
 1.031087201447537  0.213183236670690  1.688134981905894  1.588334535585031 
 0.141274408578060  0.079302950412672  1.354751298299870  0.847871870170015 
 0.644361957937611  0.164573817557669  2.357470013568448  1.381886635006726 
 2.098685307017526  0.917603708333330  2.270205701754398  2.798133552631570 
 0.593172677802425  0.102966795415095  2.019593562708075  1.971901442841270 
 2.267116981132055  1.759129660377364  2.360868301886784  3.881836981132050 
 1.757906015936275  1.218398087649415  1.235310968127451  3.411482470119604 
 1.758105081967200  0.444241272459029  3.251812459016438  3.683246885245881 
 1.971203700440506  2.188906607929522  3.726530837004410  2.608405286343586 
 1.245848160738253  1.484127281879201  3.279015100671165  3.533420134228206 
 0.599013739554319  0.102765330704735  1.878366155988864  0.856172891643455 
 1.316161957559677  1.598221697612736  2.303444827586206  2.875964456233419 
 1.404054943999992  0.025747494464001  1.937750399999988  2.301814400000031 
 1.857587960199006  1.677290049751241  1.619294697014922  1.936460696517410 
 0.821960001709407  0.194257226769231  2.062025470085461  2.856944444444440 
 1.148652999999998  0.737964528571423  2.236800571428569  2.141145142857138 
 1.953038181818180  1.028311086776856  4.072776446280995  1.852029752066123 
 0.066083316068053  0.077846667227473  0.973173780718338  1.184747870195341 
 2.627021755725196  0.990004273664125  3.261347328244285  3.144933587786261 
 1.269555703422049  0.678706128897337  2.274839087452467  4.155884790874536 
 0.329895276943882  0.093336754903313  1.527716362407031  1.464175591615948 
 1.443514049065425  1.168845654205610  3.203232009345785  2.441029205607480 
 0.937258895863050  0.073756550513551  2.693843366619109  2.136701569186876 
 1.925480371900827  0.333199207685950  2.869894834710748  2.157839669421492 
 1.511674409090912  0.288197149227272  2.264334545454544  1.157848851590908 
 1.286948281159420  0.341410449565218  3.730615072463775  2.597504637681157 
 1.882059424778763  1.212287805309736  4.463453539823005  3.254567256637167 
 2.249574375000000  1.667843624999997  3.640478125000003  4.389702499999991 
 2.487733031674208  1.814220814479638  2.775959728506786  2.205049140271489 
 1.155526864864862  0.322209576936937  2.819414774774774  2.983454414414418 
 1.834659826589595  0.583955745086706  1.413982736994220  1.850444335260118 
 1.818666393442622  0.261653548524590  2.112836885245903  3.363041530054648 
-0.432708021256495  0.069558208685078  0.518166751676903  0.514508414454418 
 0.773178465189874  0.152586295474684  1.135961708860760  1.169317863924052 
 1.181947426636570  0.348959896162528  1.306857042889390  2.971436568848758 
 1.044219739952719  0.227334936643026  0.866579918676122  2.116708983451537 
