 0.018234865310603  0.075935890658056  0.960464224299043  0.963700363936277 
-0.344128125444597  0.069770581046869  0.588623088946641  0.589611970779738 
 1.240097372759799  0.367038779784950  1.395826980286686  2.956213172042979 
 1.640823490683218  0.830372230832301  2.792514534161515  1.468917910186248 
 0.441320128162506  0.102793673028624  1.032055508587278  1.698283905817173 
 1.536484032665963  0.510525017618547  3.601625816649109  2.345253877766098 
 1.476047517605638  0.483942120387326  1.529266268573939  1.684049410211256 
 0.419224328405577  0.094545477729101  1.605873986068115  1.100378439318881 
 1.114021282359370  0.222356715057347  2.494562643364268  2.432072255598003 
 2.295980125786144  0.863340293408802  2.219845031446538  2.766498113207541 
 0.675803264195771  0.129737606695313  1.770341268382331  2.046403400735288 
 2.052680376712322  1.596232003424659  2.558529657534245  4.017113698630133 
 1.349040139447241  1.533713542713571  2.327677751256275  2.676190703517608 
 1.377981964249232  0.425472786721146  2.685484780388157  3.548011133810010 
 2.170158563734287  1.807473411131061  3.430757809694792  2.243316319569116 
 1.877900607596900  1.301360775193799  3.971411472868208  3.464131472868221 
 0.874735004405285  0.163933711560730  2.440880113278792  1.397296560100693 
