 0.061818120837019  0.077569416602855  1.186484336598325  0.696617483526427 
-0.112945316250891  0.069760378103347  0.600156218674254  0.968474262295036 
 0.622420907163600  0.130391816491035  1.517014517937154  2.199853923766778 
 1.722354370370340  1.265770037037047  2.767111111111171  1.273339251851600 
 0.339319077473165  0.086084610989271  0.879251040524468  1.751794040524439 
 1.257035642441849  0.475539175348846  3.386675000000021  1.534745956395428 
 1.073686650485451  0.064422390776702  1.650642896440109  1.597748592232994 
 0.200803185658924  0.078209749596896  1.495910368217088  1.089919990310074 
 0.738703963597469  0.222348342612424  2.599425910064127  1.196825762312544 
 2.098676027397241  1.002350114155249  2.280252054794532  2.826080136986293 
 0.604066281454905  0.113570877017418  2.098394467213087  1.786809836065558 
 2.433155737704887  1.483027377049188  2.201318579234958  4.020418579234937 
 1.784050655021856  1.225229519650669  1.195306388646245  3.411521834061226 
 1.760715738255020  0.455649023489945  3.219416442953065  3.675784228187898 
 2.023991134020591  2.187343814432996  3.861109793814439  2.602931958762855 
 1.182571584230768  1.352921384615392  3.464758076923106  3.457473846153866 
 0.592758645669291  0.090960821976378  1.894406561679796  0.908311897900264 
 1.157828012383896  1.388243343653253  2.174327554179562  2.911870897832815 
 1.415116928982718 -0.031591318925143  1.966511900191920  2.253110172744759 
 1.860634299516908  1.697900483091785  1.663135430434779  1.963636666666663 
 0.787486656250005  0.146045594468750  2.119926562499990  2.660145624999992 
 1.231506868217051  0.672574325581389  2.486264496124027  2.126859379844957 
 2.021557706422015  1.063739087155960  4.096044036697251  1.898620917431200 
 0.064204696542553  0.078605452054521  0.989465817819150  1.192824089095750 
 2.598815600000006  1.060539211200003  3.280201600000012  3.199798800000001 
 1.269133288888882  0.707821661777776  2.304075911111104  4.213308888888904 
 0.375747020259320  0.106873414126419  1.485891329011341  1.574416207455421 
 1.485240297820827  1.335701937046010  3.156002905568998  2.457353268765139 
 0.904739152658659  0.038265008130359  2.754228644939964  2.009677015437397 
 2.147905917159757  0.426670170769230  2.899872189349121  2.152209467455624 
 1.604288524590167  0.234303225846994  2.312807650273218  1.215167389890708 
 1.297353344615384  0.379865397230769  3.754739076923086  2.583688923076918 
 1.917996903553302  1.167658598984774  4.497406091370554  3.268907614213196 
 2.269426206896552  1.583833110344825  3.698370344827590  4.417226206896542 
 2.529020918367346  1.860568877551020  2.775466836734692  2.184850306122446 
 0.944445926014320  0.443808358472554  2.743142720763719  3.120577804295950 
 1.972212145748985  0.516475833198381  1.361729016194332  1.780149838056683 
 1.793876075268816  0.285048641827957  2.068703225806452  3.350551881720433 
-0.235221301096067  0.068415360490006  0.807541463571894  0.592084671695683 
 0.767084389830510  0.147995274305085  1.120851050847457  1.152053796610170 
 1.266412815734991  0.626173561076604  1.630677329192544  2.408018426501031 
 1.028049926650366  0.197363892909535  0.859773412224938  2.108067237163811 
 1.785103179916318  2.066722594142261  2.731088702928869  3.551864853556483 
 1.089676874680306  0.220267183631713  1.304435728900255  3.096685677749365 
-0.446712258724100  0.070960067091772  0.480453038876772  0.524743548200656 
 1.505108701923078  0.083254637980769  2.833391586538462  2.739979567307691 
 1.052877959183674  0.679714081632653  1.872118367346940  1.460724413265306 
