 0.035852370816518  0.078390469059983  1.144615619959638  0.764193412802508 
-0.356433802019316  0.069765768582472  0.579459092566572  0.579184652092463 
 0.956461290909022  0.216507248858590  1.125964603636304  2.380244040404008 
 1.684581435643553  0.806218042937298  2.855469471947222  1.332310491254014 
 0.366660476482015  0.093358704217686  1.127986868804681  1.615185374149659 
 1.481193625869260  0.484367113936027  3.575026008344933  2.403241446453449 
 1.196424973656486  0.302811229726030  1.484295226554259  1.377909462592188 
 0.399213560255732  0.089034684913158  1.650435269046366  1.085129042194990 
 0.986179252417812  0.086978485212767  2.741757253384865  2.217335976789124 
 2.159174264705860  0.671524254941173  2.464755294117653  2.748767352941171 
 0.618888480918470  0.117936468483152  1.866823586956504  1.926333478260861 
 2.163872727272713  1.622999272727279  2.537671298701294  4.154884935064925 
 1.604162263157904  0.729878936315794  1.552217338596473  3.533834035087749 
 1.326699713896453  0.393708245504092  2.895866212534073  3.526655858310621 
 2.223135085995078  1.942519484029487  2.987829975429979  2.362705061425051 
 1.800322827988338  1.468727504373180  4.251981924198263  3.526430903790104 
 0.847152890221400  0.202859412666052  2.455651476014768  1.256457535977858 
 1.309709487396692  1.653211818181819  2.827470041322313  3.204176859504131 
 1.563564843749994  0.211659827946429  1.990742957589278  2.067769866071444 
 1.878325405405409  1.430311013513511  1.541491128603603  2.240494346846847 
 0.980464789738430  0.210007584164990  1.991241549295769  2.849357847082490 
 1.137929033287102  0.990393023578359  2.488782524271851  2.280318307905689 
 1.915466838709677  1.362746129032257  4.091340645161288  1.965051580645162 
 0.001605281539188  0.073360938021246  0.777353094334278  1.118728168083101 
 2.464411204481790  0.945662831092437  3.400859943977592  3.394349019607847 
