 0.102716400213720  0.078672883067682  1.067340866777468  1.037303106150602 
-0.313615247500588  0.069959698480710  0.615480308167091  0.623770208214022 
 1.316015935350715  0.402191733796428  1.610363442228294  3.050329573590070 
 1.234572424870465  0.402337970511660  2.842231670984453  1.558100493976636 
 0.549058929046558  0.119405277368810  1.176306981374737  1.826325129342199 
 1.947719117021274  1.092985572127662  3.646119361702138  2.116016808510650 
 1.589996965134708  0.485417799334391  1.678035444611725  1.733174326465917 
 0.581789935140334  0.118891219184159  1.848629757785473  1.182513385697800 
 1.333468666267942  0.354084205622010  2.949832117224871  2.904860705741616 
 1.990348196544266  1.174321956868249  2.417533628509716  3.867652483801294 
 0.812122698446168  0.156915891504487  2.097554771614992  2.183309257748785 
 1.867690947757574  1.481184521212120  3.818223878787878  3.472545696969695 
 1.828766006974716  1.541949093286838  2.315459598953785  2.480341316477768 
