 0.022860017608374  0.078129260473070  1.187006990801472  0.625692318002861 
 0.170341916808149  0.077883231697786  0.671650994906582  1.391156706281719 
 0.770129923518033 -0.009936860592728  1.590129827915760  2.173844933078332 
 1.764916587677687  1.053559383886266  2.692767772511928  1.848009478672665 
 0.245221887990180  0.090279537499999  1.140307512254942  1.485150245098041 
 1.173978527918762  0.119701171066005  3.431821319796991  1.819953807106740 
 0.784705529661039  0.057467414110174  1.246762415254220  1.443014830508458 
 0.362552513126513  0.086573611942713  1.730114797136132  0.699030926491640 
 0.660661613293109  0.190781313293058  2.543785498489265  1.242199244712864 
 2.671214743589680  0.789679435897428  2.455840384615413  2.857905769230737 
 0.544850007649231  0.163988488953358  2.085586194029809  1.840400373134303 
 1.986589411764642  1.442620470588249  1.832563764705854  4.452681176470509 
 1.930458333333390  1.158041960784343  0.930905853921469  3.248683333333534 
 1.472958617886148  0.193115577235803  3.483260162601741  3.773922764227589 
 2.533396385542106  2.228726506024114  3.926512048192786  2.365725301204745 
 1.576412352941171  1.060321372549032  3.794649019607896  3.460729411764732 
 1.067914243902434 -0.026305725365854  1.881741463414657  0.889208214634148 
 1.837051882845181  1.122381924686199  2.241157322175727  2.837541004184112 
 1.078393844339615  0.004122918867926  1.885433018867907  1.686645283018918 
 2.302343846153846  1.201534846153842  1.447866669230765  2.020339230769225 
 0.994809640000016 -0.032376349999999  1.942945999999967  3.095319599999970 
 0.816058114832520  0.702243205741605  2.825663636363633  1.812729186602868 
 1.992859894736835  1.064170526315781  4.430600000000003  1.857221684210544 
 0.213685513938051  0.082159847643805  1.465492809734523  1.142277876106193 
 2.518256428571441  0.962440177142862  3.719952142857164  2.921417857142865 
 1.147842213740445  0.317979186259538  2.323377862595415  4.139287786259571 
 0.368829068825911  0.106628561446695  1.558264777327928  1.712877192982444 
 1.704891869918707  1.136072560975610  3.266643495934937  2.589432113821151 
 0.791858932330822  0.011728655263156  2.796786466165402  2.402267669172935 
 2.167103061224483  0.414585592959183  3.179309183673487  2.103957142857150 
 1.723275641025645 -0.095269462179489  2.490434615384598  1.466636282051276 
 1.533522814371256  0.446268258682634  3.995564071856310  2.508509580838313 
 1.895774444444450  1.072076377777784  4.768636666666660  3.335412222222222 
 2.236064556962027  1.709381265822782  4.222582278481021  4.208418987341756 
 2.491569230769232  1.700698230769231  2.736120769230772  2.365522307692306 
 0.911154928571430  0.466354996153846  3.422581318681305  2.813336813186845 
 1.650247417840374  0.325999577276996  1.306985399061033  1.526294272300475 
 2.104591869918695  0.260771839512196  1.884308780487807  3.698311382113823 
-0.013669279702537  0.074554186084864  1.048905109361334  1.073664269466320 
 0.540178713592238  0.118767397864078  1.035350412621353  0.883918786407767 
 1.399289551282052  1.188980448717948  1.412761666666659  2.487564102564090 
 0.982595742574254  0.200793368316831  0.599732295049503  1.888891584158413 
 2.396224060150376  1.981560902255641  3.069307518796992  3.510583458646602 
 1.597177731092436  0.057006157983194  1.327551680672266  2.498605042016826 
-0.091858100211643  0.070265874073016  0.626666315132275  0.971508835978843 
 1.424031571428572  0.523833234285716  2.743226571428573  2.367332857142861 
 1.151830505415161  0.809105090252707  2.031388086642602  1.960161371841150 
 1.013515372197312  1.242107399103139  2.514390582959644  2.605963677130045 
 1.939958898305085  0.422423438135591  2.093228813559313  2.176353389830503 
 0.467456383959047  0.062276999600683  1.927931911262802  1.272934914675768 
-0.557451193058569  0.089122910737528  0.526308475054236  0.471623011930586 
 1.758667073170730  0.760215853658537  2.010360365853662  1.099266341463416 
 1.471433115942027  1.922100724637676  2.262317391304351  3.106268840579713 
 1.256780710382514  1.237077759562841  2.926571584699456  3.843985245901636 
-0.269518519654842  0.072166317257910  0.847748619367208  0.722204391179288 
-0.208407014084507  0.060716597042253  0.674393956466070  0.414783708322663 
 1.166570955414014  0.374571394904459  1.125918343949042  3.354357961783442 
 1.147236676300579  0.495046604046242  1.811289306358379  2.587781213872835 
 0.948571351449275  0.418358909057972  2.638421739130439  3.134541666666666 
 1.643368421052630  2.151745614035089  3.118333333333335  2.295066666666668 
 1.874946638655462  0.690359773109244  2.801322689075635  3.415836134453785 
 2.535752413793102  1.048116627586207  3.114135172413793  3.901523448275864 
 2.511621238938054  1.642707433628319  1.973763716814159  3.425048672566371 
 1.751167129629630  2.059237962962965  1.922702870370369  1.826694629629630 
 0.410301583838383  0.090893622202020  0.991598646464646  2.007536767676771 
 1.631703023255815 -0.047908429767442  3.025800930232559  2.848572093023252 
 2.632622388059701  1.412562686567163  3.258391044776119  1.359024776119403 
 1.327492327044026  1.103405220125785  1.766291194968553  3.568652201257867 
 0.819214023437500 -0.162946803085938  2.581203125000005  1.753652343749999 
 1.436053311688312  0.487384004675324  3.261882467532469  1.185837720779221 
 0.768879677165354  0.211905274409449  1.151243779527560  2.645207874015748 
 1.392306202090594 -0.081152965365853  2.180243205574909  2.344317770034842 
-0.328641114118896  0.053944416163811  0.423918699893843  0.689239373673036 
 0.991179011299436  0.452585939830509  1.390319971751415  1.944721468926558 
 0.957807517592593  1.641298518518519  3.455209259259259  3.058079629629628 
 1.714381089108912  1.931761386138614  4.099349504950492  2.933194059405943 
 2.185079999999999  1.438602000000000  3.017926666666669  5.097646666666668 
 0.843574802110817  0.423265108179419  1.699469656992086  1.291319208443271 
 0.495439305230264  0.192263067763158  1.933665131578949  2.484911184210524 
 1.591410227272728  0.363305478409091  2.218078030303032  3.097300757575756 
 1.240695836065573  0.374733735836066  2.444119672131148  1.662446885245904 
 1.366461555555555  1.206803481481482  3.697463703703704  1.805582296296296 
 0.906924728260870  0.265451842961956  2.291407065217393  2.295996467391305 
 1.532604742268042  1.467324536082473  2.806631958762885  1.062840907216494 
 1.545475675675676  2.349441891891892  2.837641891891891  3.926694594594593 
 1.018664852941177  0.422010312500000  2.520327941176471  0.648349703676470 
