 0.031865008751670  0.076195095533961  0.986385933691254  0.979633627919512 
-0.336699120808029  0.069539019573886  0.592703692923151  0.598123964404527 
 1.064680714989398  0.234932879338498  1.444854614356048  2.695313722730444 
 1.087757369003686  0.352241206309965  2.703673948339492  1.359213426346809 
 0.459241323912137  0.107547214828014  1.079760651305445  1.689111065064234 
 1.636556958143766  0.529149109299365  3.444944949954509  2.283676587807119 
 1.607009476021320  0.526506061065721  1.661218162611009  1.640273525754873 
 0.466568494391721  0.099891871441759  1.669786082830032  1.052138906902494 
 1.132396448371068  0.222397442059636  2.492662727774702  2.436145389287661 
 2.069757875165989  0.923570919335987  1.773949207171309  3.311867463479410 
 0.665322353885048  0.128884246503458  1.905133016421759  1.869337640449432 
 2.067498941717783  1.628666871165646  2.901365337423312  3.902284815950920 
 1.490385955080216  1.445777326203211  2.285977069518709  2.537965090909100 
 1.358601494152045  0.446639706335284  2.737888791423005  3.525838206627678 
 2.207099641744550  1.654865856697818  3.242948442367601  2.035696090342680 
 1.803330323557694  1.294842616987179  4.097139743589738  3.256610256410257 
