-0.053263412325845  0.073165667742769  1.036253885316143  0.695126685423460 
-0.369516230757049  0.070252947685558  0.552621703927772  0.583040988976858 
 0.982830439024311  0.213821165470389  1.097527163298421  2.399384552845493 
 1.709845572232632  0.899122354596627  2.806647654784270  1.340081132645277 
 0.382692785396161  0.094280125624028  1.129161851890229  1.652684515794925 
 1.546367905918056  0.509650069226105  3.566527921092577  2.189529590288360 
 1.219377889800709  0.318715244208678  1.436774138335277  1.385569988276657 
 0.322591694642861  0.088221228555671  1.514252851890770  1.000109223844537 
 0.932804872659194  0.114693477162923  2.693356554307069  2.088319569288347 
 2.163668934911221  0.707344217899405  2.476709023668649  2.720466272189344 
 0.670631758156497  0.135183106854026  1.805238299473265  2.165084048156499 
 2.244466379310330  1.782971465517246  2.507948994252867  4.038387931034467 
 1.635949458333343  0.885120958333339  1.383755714583312  3.311992291666706 
 1.238617071005909  0.303969991568052  3.135178994082859  3.083826331360940 
 2.159731157635461  1.959580541871924  2.992253694581285  2.386369852216738 
 1.771063898305085  1.413936536723166  4.228785310734478  3.560043785310751 
 0.938750719649560  0.205132345369212  2.500323529411776  1.095905948685856 
 1.253067189421156  1.564701916167667  2.865253892215570  3.210112375249500 
 1.578011515863683  0.175076738824913  2.001337943595761  2.062680846063473 
 1.908690079575600  1.459397188328911  1.565020639522545  2.121465225464191 
 1.074986360674157  0.210879305011236  2.035759438202244  2.958888089887633 
 1.128768910238429  0.961124277699856  2.392221739130441  2.247346283309959 
 1.985552414965986  1.427329251700678  4.139052721088433  2.018467789115648 
 0.028860543069077  0.075218816095967  0.806437387019008  1.141881043115441 
 2.439219946091641  0.920300972237197  3.364415902964961  3.422724797843669 
 1.505926114790287  0.545386827064017  2.423478101545254  3.968679911699780 
 0.574374858969211  0.110807712337349  1.927838621151271  1.519262289156623 
