 0.085484577239642  0.082328924624713  1.320513099273414  0.599102014528271 
 0.291836764309763  0.086364471481467  0.674430757575680  1.681587205386984 
 0.868015045592497 -0.025951799878409  1.751265045592527  2.243552887537900 
 1.763876219512144  1.047260365853672  2.732781707317175  1.829764024389832 
 0.168684078716193  0.072710855929052  1.261133108108165  1.315079560810813 
 1.168199758064482  0.154796709677444  3.579886290322639  1.841202419355061 
 0.607995417721542  0.131255385797473  1.063411139240482  1.385048860759471 
 0.449002027149362  0.090448276923063  1.830604072398365  0.614009448868766 
 0.645097078048873  0.175419273658548  2.807672195121692  1.395903853658329 
 2.779158878504578  0.902232028037371  2.423784112149575  3.072343925233598 
 0.568195861333294  0.078381584263333  2.267984333333260  2.020794333333286 
 2.172041666666552  1.653328541666690  1.618064999999951  4.520562499999860 
 2.211825000000075  0.886508815789512  1.169789736841971  3.265323684210795 
 1.649949240506280  0.262330481012705  3.759270886076131  3.776949367088521 
 2.718707547169713  2.084007547169838  3.795339622641534  2.619626415094222 
 1.406151619047611  1.093893333333351  4.074259047619122  3.422442857142895 
 1.180127625899272  0.089662686330935  1.852251798561184  0.763906179856117 
 1.872931770833325  1.058288645833342  2.363686458333329  2.897334895833345 
 0.899066391437301 -0.055548862079509  2.016987767584076  1.633620489296695 
 2.514891803278688  1.374958524590156  1.412850311475400  1.775909508196714 
 0.942545081967236 -0.074600553005463  1.934142622950773  3.022986885245860 
 0.794989111111090  0.749599999999970  2.813960784313720  1.788873856209146 
 1.851624852941163  1.222096176470576  4.541520588235298  2.101832352941202 
 0.189675278065627  0.086037551613126  1.498043696027649  1.006804335060450 
 2.439597247706438  1.101045321100924  3.791413761467917  3.047153211009187 
 1.117186979166650  0.370309139583327  2.040419791666659  4.104027083333373 
 0.309702815950921  0.066682563030676  1.597597137014302  1.508084662576671 
 1.778572258064530  1.275744838709677  3.152432258064477  2.627294838709695 
 0.689797744897955  0.187579872448977  2.870858163265283  2.343486224489792 
 2.063039175257718  0.073680418762886  3.172190721649521  1.940341237113417 
 1.727946825396831 -0.031251204761907  2.390371428571409  1.382492619047612 
 1.540230357142855  0.161729966666665  4.075460714285748  2.525077380952360 
 1.940154385964922  1.070130596491239  4.896861403508761  3.358035087719298 
 2.427912500000002  1.981804999999994  4.467892500000021  3.997302499999968 
 2.427319130434783  1.781693913043479  2.806511304347828  2.438092173913042 
 0.778571718446604  0.331206232038835  3.555407766990269  2.883429126213648 
 1.832113333333328  0.181360688444446  1.330342444444444  1.276405111111128 
 2.205601428571418  0.193450032285716  1.828642571428576  3.875400000000002 
-0.038100561769115  0.074262283335831  1.143585667166427  0.982503073463275 
 0.290855741860469  0.083008542604651  0.883671674418600  0.938629651162790 
 1.466044745762714  1.396272542372882  1.667043389830497  2.753822881355917 
 0.426810197952217  0.121271696245733  1.054062627986345  2.132181569965867 
 2.573632926829271  2.145312195121953  3.072952439024387  3.604591463414610 
 1.562572789115645 -0.012970725850340  1.187250680272104  2.583523129251734 
 0.056004876311026  0.078566406582278  0.902781500904155  1.312292043399658 
 1.403274678899083  0.476445908256883  2.952527522935780  2.231390825688079 
 1.250757448275862  0.987594137931034  2.107337931034491  1.945708275862059 
 1.058187719298250  1.075614385964911  2.683090643274857  2.526794736842104 
 2.306671428571428  0.332771107142851  1.991585714285693  2.453975892857128 
 0.350075095384619  0.077934053415386  1.933985230769233  1.131759753846153 
-0.608902413793103  0.115874703103450  0.483285558620699  0.493478331034481 
 1.846876978417264  0.660241654676260  2.146358273381298  1.237990071942447 
 1.600146808510635  2.058268085106372  2.401188297872348  3.122007446808514 
 1.060809357798164  1.131371926605502  3.187172477064223  3.618644036697241 
-0.156027308100930  0.066334756572378  0.811281792828681  0.969308207171311 
-0.053292285040984  0.076854342356557  0.628140635245905  0.640195501639344 
 1.056593861386144  0.376589920792080  0.904083247524748  3.339962376237631 
 1.221785052631582  0.673661999999999  1.651921052631573  2.750309473684213 
 0.768270282894735  0.437013539473685  2.365963815789486  3.153002631578947 
 1.748323466666666  2.055030666666671  3.621847999999999  2.036897333333333 
 1.758679591836735  0.810237755102042  2.521576870748305  3.587201360544219 
 2.732295121951219  1.099289036585366  3.356300000000001  3.903420731707317 
 2.476994366197183  1.851302816901410  1.849681690140844  3.152425352112672 
 2.015719999999999  2.321266000000003  1.990075999999997  1.862170000000001 
 0.274048907692308  0.094587414923077  1.201201340659338  1.704392527472536 
 1.975453237410076  0.263070607194245  3.023619424460438  2.923321582733800 
 2.655107547169810  1.456374905660376  3.176796226415094  1.294306603773585 
 1.437132209302327  1.329324999999998  1.358597906976745  3.725977906976754 
 1.135460580645160 -0.185188677870968  2.782848387096784  1.727574838709674 
 1.438086849315069  0.456545422739725  3.156124657534245  1.293426095890410 
 0.742890904564315  0.129815572199170  1.291551452282159  2.630432780082989 
 1.613269594594601 -0.151661759459459  2.286675675675668  2.325389864864855 
 0.028715845731704  0.072887450914635  0.492928106097561  1.181785335365855 
 1.014840276497699  0.526821797235023  1.322963824884801  2.101941474654385 
 0.936219901219512  1.672708536585366  3.471018292682926  2.797052439024388 
 1.721153020833333  1.967600000000000  3.987004166666661  3.022738541666670 
 2.257386842105261  1.470654736842105  2.929673684210529  5.149955263157895 
 0.701173744075826  0.128805727345972  1.221123317535555  0.788792947867298 
 0.503634292412061  0.274568959798995  1.939456783919600  2.558488944723616 
 1.599840932642488  0.207217487046632  2.285654404145077  3.139627461139896 
 1.201188795986623  0.348950934448161  2.414957859531773  1.831511036789296 
 1.217122150537636  0.981806344086023  3.652702150537636  1.798410752688172 
 1.061892623574147  0.381283467680608  2.321520912547534  2.504977566539929 
 1.577486966292136  1.379172359550560  2.849717977528089  1.009894584269662 
 1.428026575342466  2.286949315068490  2.895321917808218  3.921458904109587 
 1.033512553191488  0.374953567021277  2.711959574468085  0.593220475531915 
 1.200694328358208  1.156040208955224  2.641832835820895  4.420125373134331 
 1.634158714285716  1.082652142857142  0.816471130000001  2.451261428571426 
 1.658619631901841  0.572933815950920  1.614402453987730  1.933846012269939 
 2.111052688172044  0.355970161290322  2.905810752688172  3.866003225806453 
-0.138182439999999  0.070954857572800  0.988754255999998  0.599032926400000 
-0.331877754128443  0.054950321700917  0.674281412844038  0.344685004403671 
 1.269433178807946 -0.188944060264901  2.932881456953640  2.723552980132452 
 0.979084973262034  0.587605187165775  2.224600000000004  1.237171604278076 
 1.088923306772909  0.396055406374502  1.652072908366535  1.466190956175295 
 0.879761283018868 -0.048325639358491  1.263859094339621  1.830116226415097 
 0.451206260240964  0.069468955421687  1.664036867469880  1.994778795180720 
 1.596387142857142  1.152657428571428  4.261020000000002  1.026532257142857 
 1.469471575757574  0.833730424242424  3.612433939393941  2.594138787878787 
 0.821834403292181  0.523362386831276  1.959410699588481  2.084041152263377 
 2.323302105263159  1.445696210526316  2.421781052631579  3.898447368421053 
 1.305789203980103  0.518430124378109  2.955854228855721  3.028012935323383 
 1.627038073394499  0.569907981651376  2.392505504587154  2.357593577981651 
 2.477210810810812  0.762931801801802  2.882641441441441  2.342294594594594 
 1.199573515625000  1.220625703125002  2.271421093750000  3.316130468750000 
 0.678912105263160  0.074371352471178  1.592457644110275  1.204963508771931 
 2.102150909090908  1.205026272727272  1.825020000000000  2.352108181818184 
 1.823239007092198  1.413656241134752  3.181634042553193  3.502019858156030 
 1.862758333333333  1.392254375000000  3.967675000000000  4.421481250000001 
 1.440524929577465  0.358795873239437  1.654572535211267  3.346635915492955 
-0.334565229914531  0.041235619566342  0.377945588547011  0.534989743589744 
 0.476674546796658  0.179691933147633  2.097295543175488  1.572137604456824 
 1.088263269230769  0.133395368269231  2.904026923076921  3.698712500000000 
 1.257073471074380  0.363626528925620  0.823879173553719  1.531618925619836 
 1.491837536231884  1.466358550724637  1.618815652173913  1.261360579710145 
 2.105276415094339  0.954114339622642  3.578175471698113  1.963312264150941 
 2.452609677419354  0.455819059677420  3.957645161290327  2.534348387096773 
 1.331190428571428 -0.008464301904762  1.722117619047618  1.868928571428571 
-0.393065028328613  0.065986856303116  0.738648045325780  0.668130623229460 
 0.883916712328767  0.114781028767123  0.595790969863013  2.147639726027397 
 0.771220584615385  1.641818461538462  2.029036923076922  2.533760000000000 
 0.776157312775331  0.034194571806167  2.309815859030837  1.112147533039648 
 0.891066855670103 -0.119336707938144  2.423514432989695  2.325968041237111 
 1.440746565656566  1.965310101010101  2.669619191919190  2.167927272727272 
 1.349294811320754  0.219536256792453  1.810269811320755  2.483722169811321 
 2.428372000000000  2.508652000000001  4.222188000000001  2.000299999999999 
 0.627939277027027  0.334969780067568  1.516809459459462  1.661337500000000 
-0.293074757692308  0.065598176961538  0.460838511538460  0.871058615384617 
