 0.057269884881733  0.078126745054904  1.170996368243174  0.706810155405556 
-0.112797345548655  0.069472904609383  0.611696559558301  0.969178405797057 
 0.633392488120803  0.123562263967037  1.532357912087848  2.202038351648313 
 1.716120363636334  1.255438945454554  2.741064727272786  1.269321374545207 
 0.343122802132684  0.086750032725117  0.890523321090081  1.765194786729862 
 1.251482190340899  0.477735688409100  3.381856250000021  1.523780110795532 
 1.029361051248368  0.288937530091987  1.707139290407340  1.583139829172130 
 0.204121277986189  0.079061498296147  1.510083020730539  1.064412349457055 
 0.726569662900222  0.239721216195861  2.564857815442466  1.241807177024404 
 2.100610681818161  1.009511613636362  2.266055227272739  2.821091818181809 
 0.611507448493962  0.086432953683735  2.107990261044150  1.812865060240948 
 2.452845641025611  1.474365179487186  2.249129230769217  4.003174358974326 
 1.768588043478283  1.222318278260883  1.199917795652131  3.450326956521829 
 1.758028903654471  0.443123412292371  3.210199335548219  3.679331561461772 
 2.029041224489769  2.184018877551027  3.857588265306128  2.608700510204050 
 1.173537969433961  1.335008452830195  3.465666037735878  3.450184150943416 
 0.614415610889775  0.096707025027889  1.896617928286859  0.908711681540506 
 1.163016220858891  1.370119509202458  2.192307975460116  2.922376073619629 
 1.409074580419572 -0.040732324930069  1.999841783216766  2.237112062937099 
 1.821959859154930  1.697778403755866  1.652362601408447  1.950133333333330 
 0.788953053846159  0.176898569938462  2.140073846153839  2.739191999999993 
 1.187564838709675  0.693547712609965  2.427736070381226  2.072436510263923 
 2.024536396396393  1.066863536036033  4.087276126126130  1.902884504504512 
 0.074432763439404  0.077941902092079  0.992655605958024  1.210880372376444 
 2.597951851851859  0.984828723045271  3.280097119341576  3.136375720164609 
 1.215640602409633  0.680891461445782  2.321740160642566  4.131114457831338 
 0.371593996832938  0.098385478893112  1.491201108471887  1.562051385589857 
 1.486392573849883  1.337872276029061  3.153769975786915  2.448984503631969 
 0.952913072566368  0.024644808035397  2.799370265486724  2.084874690265494 
 2.022647586206896  0.350435970390804  2.860921379310351  2.218599310344831 
 1.556937244897963  0.265477019030612  2.265132653061220  1.165784884438773 
 1.328223132564841  0.365921593948127  3.729220461095109  2.589743804034580 
 1.927256294416247  1.174214842639596  4.499107106598980  3.272856852791876 
 2.273252348993289  1.580766382550333  3.688226845637588  4.406440268456366 
 2.534665196078430  1.834680245098039  2.776382352941175  2.181363039215684 
 1.153556115107912  0.315392099280576  2.836385431654674  2.967827877697847 
 1.930917883211677  0.505329758394161  1.384391302919708  1.745365000000002 
 1.808814099216710  0.253986007206267  2.101879112271543  3.325837859007835 
-0.242100887892377  0.069078316438180  0.799540845611792  0.584545627930817 
 0.790447896494158  0.148844647979967  1.130950884808013  1.164196160267112 
 1.279287209775969  0.623291344195519  1.620773095723012  2.417612627291238 
 1.033950190930787  0.185606430071599  0.876348939379474  2.092191646778039 
 1.782943102040816  2.057373877551022  2.734920816326529  3.550073469387752 
 1.091860868894601  0.217853413624679  1.278467197943445  3.088396143958875 
-0.448092561173184  0.070541878104084  0.474717823072626  0.526287557541901 
