 0.028578495563093  0.078190910494892  1.229070904436722  0.590367667235795 
 0.259413277611940  0.089234435313420  0.672781238805902  1.626773731343087 
 0.947135087719098 -0.030351665672505  1.767628947368251  2.267501169590556 
 1.739361827956944  1.115991935483883  2.825580107526974  1.908446774193186 
 0.163609740697654  0.079501344636626  1.185799781976792  1.387986918604653 
 1.172189161290296  0.068926836774213  3.488383870967791  1.865649677419533 
 0.596729431818202  0.139026828386368  1.092923522727252  1.447907045454526 
 0.398724809701526  0.106742965634317  1.762619776119547  0.615000605223870 
 0.626019306201624  0.131407405038768  2.680567054263361  1.334958488371928 
 2.760479816513669  0.912524651376135  2.434422935779859  3.067909174311881 
 0.641400713559289  0.033919177341808  2.276031920903892  2.010124858757021 
 2.181793617021160  1.631767446808534  1.612613191489312  4.523525531914751 
 2.197176623376698  0.926837012987050  1.125388636363504  3.275689610389875 
 1.499605411764660  0.262222011764750  3.648871764706051  3.790472941176391 
 2.675571830985842  2.173295774647908  3.894295774647905  2.516066197183012 
 1.512295794392515  1.018697943925251  3.972337383177645  3.430536448598168 
 1.108648303030296 -0.023078304848485  1.912110909090937  0.864990181818184 
 1.873887368421044  1.115790421052640  2.318148421052627  2.911546315789487 
 1.052626683417078  0.029627932160806  1.931252010050234  1.655692462311606 
 2.494165625000000  1.367135312499992  1.406347953124991  1.760185624999993 
 0.933751980676349 -0.046254870531399  1.929850241545853  3.005146376811558 
 0.784175258823510  0.720754058823503  2.826375882352936  1.806042941176466 
 2.052624545454537  1.175637818181810  4.269734545454547  2.071381818181833 
 0.181935564153624  0.081417230987197  1.491238549075404  1.054379743954482 
 2.520494827586222  0.977962068965523  3.784918103448300  2.949652586206907 
 1.117186979166650  0.370309139583327  2.040419791666659  4.104027083333373 
 0.316167135678392  0.084987367373535  1.550415410385250  1.546995309882733 
 1.828752795031069  1.225325341614907  3.164611180124187  2.669050931677037 
 0.718940915254233  0.042601430508472  2.757733050847439  2.339080932203387 
 2.003852287581691  0.348854489019607  3.265095424836625  2.003045751633997 
 1.809192052980137  0.056515690066224  2.376754966887399  1.376862317880790 
 1.692758526315788  0.200835514736840  4.102616842105296  2.546494736842087 
 1.850460000000008  1.064398186666675  4.823109333333326  3.351277333333333 
 2.420940000000002  1.929222222222217  4.417660000000019  3.992433333333305 
 2.371738345864662  1.793818045112783  2.756516541353387  2.379782706766915 
 0.791375427272729  0.332909256363637  3.557828181818160  2.868980909090961 
 1.745065979381439  0.095458700618558  1.315080824742269  1.317253711340222 
 2.198621126760553  0.206832707887326  1.812047605633808  3.879209859154932 
-0.034289017255435  0.074901482058423  1.124094701086963  0.991218546195659 
 0.360633333333338  0.086501086568628  0.903065269607839  0.956911078431372 
 1.366371344537817  1.421024873949581  1.652295966386544  2.719487394957967 
 0.746478516746409  0.096966029665071  0.685943720574159  2.173199521531097 
 2.563810714285717  2.143561904761907  3.072122619047616  3.598054761904738 
 1.536829946524063 -0.009101740641711  1.271303636363632  2.535144385026764 
 0.010530502407701  0.072164235553772  0.828732552166931  1.234810401284124 
 1.216027522123894  0.514034362831861  2.935238938053097  2.358357522123899 
 1.272816647058823  0.990348235294117  2.081358235294124  1.909666470588226 
 0.992897698795185  1.247801506024095  2.548831325301205  2.495981325301204 
 2.292089830508473  0.331595457627113  1.988983050847438  2.455352542372868 
 0.427941253807110  0.080017887614214  1.995584010152285  1.107382791878172 
-0.592982161383286  0.092656575504324  0.495841100864561  0.484330420749278 
 1.776668702290074  0.844207557251909  1.992906870229012  1.131141832061069 
 1.497624210526313  2.066388596491221  2.416222807017550  2.945084210526319 
 1.044740377358490  1.163872075471696  3.188787735849059  3.606767924528295 
-0.223950892812106  0.069794953605297  0.823935674653213  0.884239419924334 
-0.024501866725979  0.074594298167260  0.772189590747334  0.633834035587189 
 1.079304955752217  0.394933203539823  0.934721132743359  3.309156637168148 
 1.244989715447157  0.580864308943089  1.683517886178857  2.658634146341467 
 0.792493969135801  0.460330333333334  2.419340123456800  3.101105555555556 
 1.687920879120878  2.239626373626376  3.410199999999999  2.014434065934066 
 1.763554609929078  0.818354397163122  2.510091489361707  3.594926950354611 
 2.710937209302325  1.097856523255814  3.338946511627908  3.890458139534883 
 2.484464285714286  1.861955714285715  1.844087142857142  3.146402857142853 
 1.701739634146341  2.132419512195124  1.897565975609754  1.755232195121952 
 0.336932615555555  0.109138131088889  1.134488977777776  1.924612666666674 
 2.020261068702295  0.188968307633588  3.048211450381685  2.889510687022886 
 2.667055000000000  1.417590833333332  3.263484999999999  1.324237500000000 
 1.418180930232559  1.348117325581393  1.380316976744187  3.709427906976754 
 1.108749491525423 -0.214104574971752  2.645093220338992  1.698014689265535 
 1.371347560975610  0.432950973902438  3.170396341463414  1.272592865853658 
 0.710119642105263  0.134075875438596  1.287176912280703  2.578981052631579 
 1.475376264591443 -0.044315118910506  2.206921400778207  2.309690661478596 
-0.056749316386557  0.073852923718488  0.465929825210084  1.029561029411766 
 1.002146117647062  0.509274078431373  1.374082705882359  2.009368627450986 
 0.945389465555555  1.671015555555556  3.469397777777776  2.828563333333332 
 1.704052692307693  1.938569230769231  4.043078846153841  2.948423076923079 
 2.257386842105261  1.470654736842105  2.929673684210529  5.149955263157895 
 0.711788267716531  0.092003326771654  1.316704566929142  0.881887598425197 
 0.462075211220658  0.248359544600939  1.991113615023476  2.513075586854458 
 1.621258461538462  0.209328451282051  2.279778461538461  3.132748205128205 
 1.317617269624574  0.407926467576792  2.485617747440273  1.855967918088736 
 1.288052075471699  0.986327169811323  3.706207547169813  1.792641509433962 
 1.034231590106008  0.360484239081272  2.284245936395766  2.494726148409899 
 1.554216893203885  1.387976213592232  2.808039805825242  1.044400757281553 
 1.471119078947369  2.293082894736840  2.852863157894736  3.921122368421051 
 1.025042280701753  0.317133407894737  2.595967543859650  0.590933067543859 
 1.197133636363636  1.158154454545455  2.630740909090908  4.419398484848488 
 1.576952705882354  1.024904117647059  0.886978401176471  2.389912941176469 
 1.623386057692307  0.442652913461538  1.646237500000001  1.914844230769231 
 2.116913829787235  0.345751117021276  2.915255319148936  3.866008510638299 
-0.344147481290322  0.062372770490323  0.812813354838710  0.504089935483872 
-0.278214443089432  0.062311694000000  0.446460151219512  0.424952478373984 
 1.270540337837837 -0.202217737162162  2.921245270270267  2.725208783783787 
 0.996293896103898  0.466822099134199  2.265637229437230  1.282850519480520 
 1.005708072916665  0.577636874999999  1.558509739583332  1.317006197916667 
 0.924623824561404 -0.009309131333333  1.313802385964910  1.825601754385967 
 0.485582180293501  0.091995403563941  1.651889727463313  1.987756603773582 
 1.604651388888888  1.175225833333333  4.229227777777780  1.024086916666667 
 1.441863953488371  0.834853139534884  3.588587209302327  2.561722674418604 
 0.819224307116105  0.525059176029962  1.957060299625471  2.064136329588017 
 2.315555208333334  1.450905625000000  2.423321875000000  3.890612500000000 
 1.373090894736845  0.541901605263157  2.946206842105262  3.072672105263155 
 1.666080444444447  0.591171111111111  2.475445333333331  2.442801333333334 
 2.582724742268042  0.705212327835052  2.896671134020618  2.245003092783505 
 1.176954074074074  1.240087407407409  2.268195555555555  3.315679259259260 
 0.684685415676961  0.113995800180523  1.617595486935865  1.328314513064132 
 2.086581355932202  1.173762288135593  1.835581355932204  2.311334745762714 
 1.830351063829787  1.433172482269503  3.177753191489363  3.496295744680852 
 1.837880434782609  1.355663260869565  3.964771739130434  4.462376086956523 
 1.436263205128205  0.376208865384615  1.665324358974359  3.322833974358972 
-0.353692994987469  0.057146793566805  0.493642035463661  0.744844649122807 
 0.491644259902201  0.150114139364303  2.064376772616137  1.591966992665036 
 1.073475865384615  0.106398175961538  2.813711538461536  3.655146153846154 
 1.249409098360655  0.354362418852459  0.751312081967213  1.590028196721313 
