 0.038219954304291  0.078433185492996  1.146834984984946  0.766786957457546 
-0.356189728667447  0.069767152906577  0.579922621069543  0.579264645295133 
 0.955901420895454  0.218983254796024  1.136996873233772  2.398140995024844 
 1.689419447154460  0.824154195154476  2.851542113821165  1.346042142601516 
 0.368159587784773  0.093471080116335  1.127917555016982  1.617145370819194 
 1.481515927966099  0.471778549322038  3.577529237288145  2.391137994350323 
 1.199021863874351  0.306318653727751  1.476797455497374  1.383809518324593 
 0.402182199893565  0.088951701214474  1.654623736029818  1.088759357211280 
 0.983262852884632  0.090901915105770  2.738519423076876  2.205901346153802 
 2.259690510948883  0.651290251182479  2.663368175182485  2.889726861313862 
 0.624070829248516  0.120581424588835  1.867889533011255  1.935876757917328 
 2.251836036036025  1.560055000000005  2.673651869369364  4.087790090090083 
 1.616687482876721  0.755652196404114  1.565372881849297  3.555128424657564 
 1.299348395652169  0.390053459710150  2.925798405797115  3.537829710144923 
 2.238937276995297  1.913301478873242  3.016527230046952  2.384962816901398 
 1.967458371607516  1.313351158663885  4.100080584551152  3.505079331941556 
 0.857750229582575  0.205907420172414  2.453359346642475  1.256635552631577 
 1.303346725933607  1.664765456431536  2.813633817427386  3.223741493775935 
 1.604559558011044  0.222874795403316  1.995741646408832  2.098810165745872 
 1.896543140495871  1.415486962809915  1.589811324586776  2.265260785123967 
 1.010304451417003  0.208775901781377  2.013020850202425  2.862657186234811 
 1.175321267105264  0.978239934210523  2.494643157894742  2.325848947368421 
 1.889370977198697  1.368273192182410  4.120901302931596  1.979516905537460 
 0.001674469201700  0.073279215743505  0.777100157675957  1.118783259329243 
