 0.057269884881733  0.078126745054904  1.170996368243174  0.706810155405556 
-0.112797345548655  0.069472904609383  0.611696559558301  0.969178405797057 
 0.634652037366044  0.126408496404376  1.533108087431631  2.201642185792311 
 1.719208856088531  1.256979778597795  2.748758302583085  1.267289180811557 
 0.343122802132684  0.086750032725117  0.890523321090081  1.765194786729862 
 1.253897825214889  0.476713731575940  3.379254154727815  1.520936100286611 
 1.028364868421063  0.280684286052634  1.706684605263140  1.585962118421041 
 0.204121277986189  0.079061498296147  1.510083020730539  1.064412349457055 
 0.726913259887040  0.236823429001887  2.563299623352070  1.241927516007455 
 2.100610681818161  1.009511613636362  2.266055227272739  2.821091818181809 
 0.608551134584165  0.088357436986816  2.110097363083137  1.814311054766719 
 2.452845641025611  1.474365179487186  2.249129230769217  4.003174358974326 
 1.769475219298268  1.226096859649136  1.197084618421010  3.454283333333425 
 1.756767333333319  0.443144057000013  3.210561666666713  3.681385999999978 
 2.025603434343407  2.177696464646471  3.856260101010107  2.610716666666636 
 1.174362311895909  1.333029628252794  3.467267657992593  3.441613011152436 
 0.615017940397351  0.097175832908609  1.896640794701993  0.909549398940398 
 1.163000359756093  1.369681890243906  2.194217073170726  2.921623475609754 
 1.401963728222989 -0.051589331986062  2.027925609756081  2.225800696864148 
 1.821959859154930  1.697778403755866  1.652362601408447  1.950133333333330 
 0.786858640553001  0.170551191182796  2.144232565284171  2.737330568356367 
 1.179966727549465  0.708511674277011  2.398911111111104  2.067771841704713 
 2.023522331838562  1.065110112107620  4.085915695067269  1.900810134529155 
 0.074432763439404  0.077941902092079  0.992655605958024  1.210880372376444 
 2.582385943775106  0.975943372289160  3.280093574297200  3.125520883534136 
 1.215640602409633  0.680891461445782  2.321740160642566  4.131114457831338 
 0.372049816600791  0.098097051258499  1.491638023715410  1.562113833992087 
 1.479544079518077  1.321185421686752  3.147583373493967  2.437850843373501 
 0.952767541155863  0.057240271348510  2.804867950963220  2.072154991243441 
 2.008819772727271  0.350540107090909  2.846910227272732  2.208274772727277 
 1.555026804123714  0.274254467680412  2.252981443298964  1.148071738917524 
 1.332961172910663  0.357875686167147  3.728921613832861  2.585457925072045 
 1.927256294416247  1.174214842639596  4.499107106598980  3.272856852791876 
 2.280598000000000  1.578140606666664  3.687878666666670  4.403611999999991 
 2.535053658536584  1.830545853658536  2.778427804878048  2.180922243902437 
 1.153593749999998  0.316345441428571  2.831590178571427  2.966988571428576 
 1.924749458483752  0.508281963176896  1.390864321299639  1.741681263537909 
 1.808249476439790  0.252908614554974  2.102460209424086  3.327969633507856 
-0.242100887892377  0.069078316438180  0.799540845611792  0.584545627930817 
 0.788240285234900  0.148914904597316  1.129581845637584  1.164678439597316 
 1.301546640159048  0.598110416103380  1.605608330019878  2.440983101391647 
 1.035783919239904  0.184472812826603  0.878584098812351  2.093098099762466 
 1.782695772357723  2.057475203252034  2.734693495934958  3.546260975609754 
 1.082516564643799  0.215367994459103  1.275875831134564  3.096432981530349 
-0.448092561173184  0.070541878104084  0.474717823072626  0.526287557541901 
