-0.165810548619464  0.070867087439980  0.903061548619398  0.639730824609949 
-0.131730976302275  0.070005396191486  0.574881195744665  0.954182736610372 
 0.852059799434933  0.169133524533904  1.179801605932120  2.337015395480175 
 1.682934950495022  1.226018613861394  2.776501320132065  1.288925999999776 
 0.322535942307678  0.093706710921051  1.054657378542541  1.783186133603243 
 1.046357218556694  0.328934376804130  3.130975876288680  1.458188208247480 
 1.030273995127902  0.229369952314253  1.596969671132750  1.485685103532268 
 0.165756399924077  0.082265970792708  1.323351465451808  0.826161374335611 
 0.640798518162414  0.125488293493592  2.259068376068319  1.484118835470039 
 2.096438611713648  0.902383646420821  2.271351626898060  2.791884815618212 
 0.574752551842804  0.118132366394761  1.792446793134575  2.030840198735310 
 2.267658490566017  1.758684000000005  2.358832452830180  3.881727924528276 
 1.796944181034505  1.248220258620703  1.240224624999958  3.411206465517330 
 1.758171915584402  0.443593682142869  3.251610064935109  3.674089610389589 
 1.969470608695630  2.182752173913050  3.720715652173918  2.605294347826061 
 1.245848160738253  1.484127281879201  3.279015100671165  3.533420134228206 
 0.629628818051578  0.113747370839542  1.875384670487114  0.815444349856733 
 1.320132161879891  1.595105430809403  2.297302088772844  2.874359007832895 
 1.395763633587778  0.021326422503818  1.933389770992354  2.256648854961860 
 1.864783235294119  1.670759803921566  1.608961392647055  1.929138725490193 
 0.839626813204513  0.211547617165862  2.020480515297895  2.837020450885663 
 1.146962168508286  0.723284779005518  2.236770994475135  2.118563674033145 
 1.945880243902437  1.025355012195119  4.065287398373987  1.832038613821146 
 0.086245344667885  0.077426629567337  0.962358421694091  1.202649817184647 
 2.621600000000005  0.988425186842108  3.262315037593995  3.135809398496242 
 1.274177279693482  0.679675754406129  2.286176551724133  4.158598084291198 
 0.333650039533288  0.082357808161977  1.535212285518186  1.376203568977345 
 1.429853611627911  1.156715000000003  3.202147674418594  2.436108372093027 
 0.869854355430181  0.059334867433003  2.628874894217203  2.192585754583920 
 1.900084305835010  0.317064689175050  2.878932394366201  2.145218913480892 
 1.507009057017546  0.291316106710526  2.260986403508770  1.180752115570173 
 1.285622606321839  0.331981347988506  3.734653735632190  2.584116091954020 
 1.880855198237888  1.211346273127755  4.460767400881053  3.252861233480175 
 2.249574375000000  1.667843624999997  3.640478125000003  4.389702499999991 
 2.475897797356828  1.806177092511014  2.777612334801761  2.215427136563873 
 1.153762921146951  0.320504052329749  2.811543369175626  2.984232974910398 
 1.804026183844011  0.570569857660167  1.370890493036212  1.914321281337050 
 1.817244903581267  0.254560448374656  2.117262258953169  3.364477410468323 
-0.430626627354049  0.069593440624440  0.516519968596988  0.514693287853108 
 0.825696679611651  0.175710679611650  0.867704824466020  1.488683456310681 
 1.229242968750000  0.408512318229167  1.279878026041666  3.064183072916666 
