-0.053263412325845  0.073165667742769  1.036253885316143  0.695126685423460 
-0.369516230757049  0.070252947685558  0.552621703927772  0.583040988976858 
 0.982885416278990  0.214194364500005  1.098174904185978  2.400034069767406 
 1.709662168905936  0.906464596928987  2.802448944337842  1.331370909212922 
 0.383809641390035  0.094130760622406  1.127520386929477  1.652618983402490 
 1.546826606875933  0.510102585381171  3.546453961136035  2.176626606875978 
 1.220819388954178  0.319553329388956  1.436790058754396  1.386086039952983 
 0.322060672602744  0.088272333071653  1.513596064278201  0.999356302528977 
 0.923434985307639  0.122533743627182  2.676631129476537  2.065409274563777 
 2.165157652303099  0.709437156463592  2.474144130757811  2.721317236255568 
 0.669944145241315  0.134983176477376  1.802594871794848  2.164812895927593 
 2.244466379310330  1.782971465517246  2.507948994252867  4.038387931034467 
 1.635949458333343  0.885120958333339  1.383755714583312  3.311992291666706 
 1.233729708751785  0.294558327546633  3.133459684361568  3.065834863701572 
 2.159704299754293  1.958055773955776  2.992733169533174  2.384957641277631 
 1.772065793871866  1.407025247910865  4.225555988857954  3.551387465181075 
 0.942086232528588  0.202418411499365  2.497053875476506  1.087031299872934 
 1.253067189421156  1.564701916167667  2.865253892215570  3.210112375249500 
 1.579287485242024  0.175463278323496  2.002468937426202  2.063088902007102 
 1.910793510638301  1.459291329787233  1.564604205053190  2.120476835106384 
 1.075050012331838  0.210843894013453  2.036930493273540  2.958175224215239 
 1.131442618776671  0.966854765291604  2.387832005689908  2.251320625889048 
 1.984286813559321  1.425226033898303  4.139383050847456  2.018876372881357 
 0.028860543069077  0.075218816095967  0.806437387019008  1.141881043115441 
 2.439647837837835  0.920080974864865  3.362527567567569  3.423226216216219 
 1.506145460526316  0.543479891798245  2.428090745614035  3.967521271929825 
 0.571468870497312  0.110019332145161  1.921852486559139  1.515648965053760 
