 0.008451334456313  0.074937819218999  1.239244042878898  0.629766065850193 
 0.233923027027027  0.085311072621610  0.734710283783722  1.637542432432253 
 0.810787346938601 -0.010951164438767  1.730496173469238  2.235316326530534 
 1.770746568627411  1.073319068627462  2.687456862745181  1.847447549019277 
 0.216910713402044  0.078861719213916  1.207107255154682  1.455159664948456 
 1.219183212435212  0.101985905181363  3.456985492228018  1.874816580311024 
 0.703542704918058  0.174065381666673  0.996781065573748  1.444187295081946 
 0.420029888554244  0.105445156897581  1.767085240963972  0.655328169277100 
 0.620074582329394  0.148661298393583  2.696794779116254  1.319274377509868 
 2.762965354330631  0.806211354330698  2.430340157480352  2.924454330708623 
 0.590870824583308  0.176362907143750  2.143023333333285  1.824393749999971 
 2.152603030302947  1.471511212121229  1.699807878787843  4.462601515151414 
 1.995459444444508  1.128310444444477  0.973628811110998  3.290561111111338 
 1.410918130841086  0.229496635514053  3.542444859813218  3.785332710280312 
 2.525366666666603  2.246834567901252  3.919634567901249  2.361713580246838 
 1.543867862595413  1.025014198473296  3.890322900763420  3.514335114503847 
 1.086304043715842 -0.033828919672131  1.870824043715872  0.891253114754101 
 1.883686147186141  1.082620129870137  2.282186580086577  2.766493506493518 
 1.043611647331780  0.050861564501162  1.892156844547548  1.647019025522089 
 2.313569105691056  1.284258536585362  1.534240243902435  2.060429268292677 
 0.995676987951823 -0.017805829317268  1.929714457831293  3.074943373493946 
 0.846476413461523  0.691011682692286  2.843258173076920  1.837137019230766 
 1.992859894736835  1.064170526315781  4.430600000000003  1.857221684210544 
 0.165792066666664  0.076555250718792  1.508947736625527  1.082246831275720 
 2.519763571428584  1.018079785714291  3.767882857142878  2.917918571428580 
 1.069869672131134  0.277427322950815  2.229640983606553  4.042031967213148 
 0.383793371666667  0.137217443553334  1.605004333333325  1.641569499999987 
 1.723464853556494  1.136672050209205  3.280003347280311  2.583612552301268 
 0.705675583333330  0.035676383958332  2.662287797619036  2.268758928571429 
 2.169493939393933  0.415208669292929  3.166633838383856  2.098883838383845 
 1.806960389610395  0.030909942857141  2.376220779220761  1.380870844155839 
 1.536815304878048  0.440279306097560  3.998477439024413  2.521102439024379 
 1.868186746987959  1.058477518072296  4.793446987951800  3.344986746987952 
 2.253381081081082  1.741568783783780  4.268318918918929  4.200004054054038 
 2.489370634920636  1.693726746031746  2.747793650793654  2.369653174603173 
 0.892214981481483  0.467221495679012  3.440012345678999  2.825749382716084 
 1.595084313725487  0.160115830457517  1.177024901960784  1.416644640522886 
 2.077777064220178  0.289133424403671  1.787123669724773  3.679261467889911 
 0.011926412200209  0.076989132747653  1.078443712200212  1.089064953076126 
 0.517552593582893  0.098352770053476  1.064091336898390  0.849950433155080 
 1.360659523809525  1.449265317460317  1.581749206349196  2.633876984126969 
 0.807045227272725  0.104822709999999  0.654474189090906  2.142539545454544 
 2.403412598425198  2.006257480314963  3.080855118110236  3.511661417322820 
 1.551123958333332 -0.002352184895833  1.288650208333329  2.529701562500025 
 0.061322200852269  0.075300595880682  0.656973734090908  1.184993806818193 
 1.385827581699348  0.524222163398695  2.801989869281047  2.426459803921571 
 1.095252114537444  0.865873480176211  2.038334361233484  1.971984581497791 
 1.016134067961168  1.234918640776699  2.520496601941750  2.595761165048544 
 2.123228125000001  0.336179122499996  2.116582499999985  2.368911874999991 
 0.467469061507939  0.100136328373017  2.029102777777779  1.233516111111111 
-0.589154016282224  0.092510727539092  0.488202225644512  0.525321590230663 
 1.789196323529409  0.822436985294118  1.949606176470592  1.112723308823529 
 1.479076030534349  1.930746564885490  2.334701526717561  3.114520610687025 
 1.298720249999999  1.311486249999998  3.126345625000002  3.566455624999997 
-0.219718441666667  0.069230612153572  0.848181011904759  0.896743154761901 
 0.018238791052632  0.076824167701754  0.775772473684214  0.650785868070175 
 1.149935408805034  0.382495874213837  1.097421635220123  3.324848427672960 
 1.312906088560887  0.566476822878229  1.737362730627303  2.687588929889301 
 0.932950167968749  0.451383297656250  2.644911328125005  3.159028906250000 
 1.661697368421051  2.163388596491230  3.122260526315790  2.259567543859650 
 1.753800543478260  0.917853586956523  2.687645652173917  3.408900543478265 
 2.560271111111111  1.124358896296297  3.152023703703704  3.881797777777779 
 2.475319642857142  1.707113392857144  1.978939285714285  3.368358928571427 
 1.740563978494624  2.119309677419356  1.935919462365590  1.786503440860216 
 0.374009530892448  0.113678601121282  1.152575881006864  2.003435011441655 
 1.907008235294120  0.256860195294118  3.046426470588238  2.959202941176460 
 2.637345454545454  1.402081818181817  3.258704545454545  1.353038787878788 
 1.331275273972603  1.136198287671232  1.738056575342466  3.580198630136992 
 1.061601359223300 -0.193566635291262  2.584648543689327  1.681083495145630 
 1.408665696969698  0.464071271030302  3.244953939393940  1.229868781818182 
 0.746547629090909  0.190340872363636  1.288429745454545  2.626981818181820 
 1.389347030716725 -0.073682293720136  2.156133447098974  2.331382252559723 
-0.265851555425905  0.064612013138857  0.472782681446908  0.819876021003501 
 0.964353086816722  0.453447530546624  1.428900514469457  2.019632475884249 
 0.922223354444444  1.648251111111112  3.476842222222222  2.903052222222221 
 1.705417549019608  1.928714705882353  4.094778431372546  2.943574509803923 
 2.235083333333332  1.464620952380952  3.023571428571431  5.114966666666667 
 0.610845318725098  0.084177527960160  1.517431075697214  1.238172709163348 
 0.478403186969698  0.268703233766234  1.983154978354980  2.503976190476190 
 1.575447844827587  0.333869527155173  2.256274137931035  3.119699568965517 
 1.372970134680136  0.401032973063973  2.464595622895625  1.901359932659933 
 1.370797089552239  1.203131417910449  3.697743283582089  1.794871716417910 
 0.985908632218845  0.375151214772036  2.209132826747724  2.411532218844990 
 1.552250400000001  1.402695199999999  2.818419999999999  1.023393779999999 
 1.518729090909091  2.297984415584414  2.849699999999999  3.946233766233765 
 1.031943893805308  0.304383792035399  2.578302654867258  0.588407076991150 
 1.369398556701030  1.165444329896907  2.590264948453608  4.305238144329897 
 1.497658666666667  0.845934555555556  0.820761256666667  2.114643333333333 
 1.635342009132420  0.483572538812785  1.659584931506849  1.934231050228310 
 2.048865420560747  0.279124607476635  2.810725233644860  3.825648598130841 
-0.337166832772166  0.063998812828283  0.800737676767678  0.522602832772166 
-0.305887608725762  0.055141541426593  0.463015458448754  0.426402096121884 
 1.251259137931034 -0.192235157471264  2.931168390804596  2.782512068965519 
 1.010926600000001  0.467273644800000  2.280030800000001  1.306883920000001 
 0.960255784313724  0.580200098039215  1.561584313725490  1.296595637254902 
 0.876957670250898 -0.047724881827957  1.334597956989247  1.807326164874552 
 0.402753874621212  0.006983731818182  1.758484469696969  1.988958333333333 
