-0.066460371321175  0.072768885224493  1.020602937701354  0.689010561224584 
-0.372473191147861  0.070169066687194  0.547051702107645  0.581187786057049 
 1.008770968474063  0.228603871967219  1.066074700630443  2.416019167717489 
 1.728606584821412  1.031630455357148  2.739289508928608  1.301519093080206 
 0.377549838547777  0.093482430421782  1.112821855846253  1.644675387079551 
 1.467880668896319  0.265491348896327  3.300300501672254  1.867339096990015 
 1.216189426523303  0.316084889976108  1.430530370370359  1.385148088410978 
 0.311053421927971  0.088082884592160  1.502025852754251  0.983063714088982 
 0.834272342250941  0.132285399372695  2.571720479704752  2.098869741697375 
 2.182546898638404  0.733506345385775  2.469107564296530  2.723053403933431 
 0.666482598323205  0.127781733276935  1.733644006069780  2.164590591805759 
 2.299948427672941  1.774194245283024  2.516948270440245  4.068782704402493 
 1.646175393013111  0.868787991266382  1.386257233624432  3.358253930131046 
 1.250426117897719  0.253110966335232  3.153015482954565  3.042988352272720 
 2.175877565445021  2.046253664921469  3.051748952879584  2.372006439790565 
 1.764845731343283  1.439422071641793  4.231964776119421  3.599287462686584 
 0.928113917675543  0.215890074854722  2.475662711864420  1.103627098062952 
 1.281497510161660  1.619322193995385  2.705820323325636  3.363992378752885 
 1.588036430317840  0.145010835623473  1.992820770171142  2.051326894865545 
 1.925500972972976  1.471482243243241  1.543541300270268  2.144476837837839 
 1.083715179749715  0.212490528213879  2.039414448236629  2.973854379977241 
 1.161452297520662  0.897152920110190  2.267676446280995  2.246209641873276 
 1.997284939393940  1.139167217878787  4.193423030303030  2.116496242424244 
 0.025842898191933  0.075081513592490  0.805357206212333  1.137729670839132 
 2.438791944444441  0.915470751944445  3.364095277777781  3.439507222222226 
 1.511009679633867  0.526548637665903  2.449710068649885  3.969700686498857 
 0.559048631150794  0.103973782600529  1.883238624338622  1.503581746031743 
 1.415642143137256  1.110226980392158  3.337376274509801  2.506412156862744 
