 0.232467274228236  0.088093857645092  1.136446125273830  1.252185024895476 
-0.263803423757438  0.070285528472521  0.673348857819990  0.660421225714825 
 1.818786968130876  1.174333338725240  1.849048548751025  3.418815848406517 
 1.096101366638438  0.250277253018630  2.722478704487712  1.893962895850942 
 0.909952236749707  0.193651555371922  1.507577908440803  2.258917321219226 
 1.797990638297871  1.140081841717327  3.677330547112467  2.325403365501533 
 1.862508623395149  1.125680038088444  2.196152880884456  1.934640007132661 
 0.716975184140829  0.148602232382429  1.902586217700260  1.270441831363049 
 1.321411724437623  0.335491031595091  2.608884867075673  3.089251942740277 
 1.950160716071427  1.450960663533834  3.435590695488719  3.698524906015037 
