 0.034102174221092  0.078397794530154  1.143138216080363  0.762646744221194 
-0.356886834653757  0.069753599984245  0.578608884771120  0.579123003579796 
 0.956461290909022  0.216507248858590  1.125964603636304  2.380244040404008 
 1.684581435643553  0.806218042937298  2.855469471947222  1.332310491254014 
 0.366832023638126  0.093311879027237  1.127843811284063  1.615564299610894 
 1.481193625869260  0.484367113936027  3.575026008344933  2.403241446453449 
 1.196878902953592  0.302802148744728  1.484763364978895  1.378376993670872 
 0.398914565674818  0.089031643773643  1.648792082890557  1.085352737619552 
 0.986179252417812  0.086978485212767  2.741757253384865  2.217335976789124 
 2.156191336270169  0.673526216387662  2.464410866372987  2.747803524229069 
 0.618719437134304  0.117513459493747  1.866854214246856  1.926381674823265 
 2.163872727272713  1.622999272727279  2.537671298701294  4.154884935064925 
 1.603594203152374  0.729118885639234  1.553004173380017  3.533744133099855 
 1.326699713896453  0.393708245504092  2.895866212534073  3.526655858310621 
 2.223135085995078  1.942519484029487  2.987829975429979  2.362705061425051 
 1.800322827988338  1.468727504373180  4.251981924198263  3.526430903790104 
 0.847627290590404  0.202386423736163  2.454705350553513  1.255500903136530 
 1.309709487396692  1.653211818181819  2.827470041322313  3.204176859504131 
 1.563564843749994  0.211659827946429  1.990742957589278  2.067769866071444 
 1.877814112359554  1.430196606741571  1.542979238426966  2.240610539325842 
 0.980344870221327  0.210288660623743  1.991493360160960  2.848439336016092 
 1.134581144645342  0.989646495132124  2.489347705146042  2.277299443671769 
 1.915466838709677  1.362746129032257  4.091340645161288  1.965051580645162 
 0.001747145561851  0.073383847369688  0.777684671293673  1.119085915958455 
 2.466398882681561  0.943656650000000  3.398721229050280  3.394222067039110 
