 0.020131549240080  0.075004091565360  1.238803282674651  0.625703879939478 
 0.273997856823266  0.096869054519006  0.752110838926123  1.594265324384638 
 0.765822570805951 -0.036922522135069  1.681614814814687  2.194988017429127 
 1.769281553398018  1.073404320388361  2.684944660194257  1.850630097087051 
 0.202569073896578  0.083968378322823  1.210848007566246  1.448142496847417 
 1.219183212435212  0.101985905181363  3.456985492228018  1.874816580311024 
 0.750025361596033  0.078249238628434  1.107510872817935  1.502498254364071 
 0.412905765578661  0.106767310356074  1.774006824925931  0.659418048071208 
 0.620198509578617  0.150585300766292  2.683106513409760  1.311071839080296 
 2.762965354330631  0.806211354330698  2.430340157480352  2.924454330708623 
 0.569450137988805  0.159770383852886  2.113497020484128  1.835636312849136 
 2.152603030302947  1.471511212121229  1.699807878787843  4.462601515151414 
 1.995459444444508  1.128310444444477  0.973628811110998  3.290561111111338 
 1.408488333333298  0.228046407407442  3.536893518518651  3.783606481481420 
 2.525366666666603  2.246834567901252  3.919634567901249  2.361713580246838 
 1.543867862595413  1.025014198473296  3.890322900763420  3.514335114503847 
 1.077046632653056 -0.015468639285714  1.868757142857167  0.897692193877553 
 1.884306550218334  1.085025895196514  2.279520087336241  2.767941048034946 
 1.045154674418599  0.002085705581397  1.872348372093006  1.668955116279117 
 2.313674399999999  1.274881039999996  1.537973999999996  2.056024799999995 
 0.996529212598441 -0.014096734251967  1.927817716535401  3.070038976377923 
 0.830309663265289  0.698730816326508  2.852475510204079  1.835062244897956 
 1.992859894736835  1.064170526315781  4.430600000000003  1.857221684210544 
 0.163849611016947  0.077428561403954  1.497710875706229  1.078253658192090 
 2.519763571428584  1.018079785714291  3.767882857142878  2.917918571428580 
 1.070367741935470  0.282356237096770  2.233156451612899  4.035262903225838 
 0.382309671368124  0.108289865348379  1.602709308885747  1.708974188998577 
 1.723464853556494  1.136672050209205  3.280003347280311  2.583612552301268 
 0.703011887240353  0.031536635044509  2.660167062314528  2.276354896142435 
 2.169493939393933  0.415208669292929  3.166633838383856  2.098883838383845 
 1.810505806451618  0.040572072258063  2.372408387096756  1.380161741935479 
 1.536815304878048  0.440279306097560  3.998477439024413  2.521102439024379 
 1.868186746987959  1.058477518072296  4.793446987951800  3.344986746987952 
 2.253381081081082  1.741568783783780  4.268318918918929  4.200004054054038 
 2.489370634920636  1.693726746031746  2.747793650793654  2.369653174603173 
 0.894129613496934  0.465336210429448  3.438776687116551  2.825959509202489 
 1.605457046979863  0.175884329261746  1.170553422818792  1.416670939597326 
 2.077777064220178  0.289133424403671  1.787123669724773  3.679261467889911 
 0.015608462014691  0.076435566636935  1.074601322140612  1.075388625393499 
 0.554568657534252  0.121013479178083  1.048456986301363  0.886352904109589 
 1.365324409448820  1.440740472440945  1.580925196850384  2.645355118110221 
 0.837854220183484  0.089922216513761  0.654062897247703  2.123052752293577 
 2.403412598425198  2.006257480314963  3.080855118110236  3.511661417322820 
 1.551136597938143 -0.005069172680412  1.292234742268037  2.528189690721674 
 0.040315539687052  0.074938272830725  0.653941932859174  1.178221564722630 
 1.386381157556271  0.526176340836015  2.794737942122188  2.427286816720259 
 1.078166622222221  0.876612399999999  1.995548888888893  1.954371111111104 
 1.019833895238098  1.228143666666667  2.519000476190479  2.591380000000000 
 2.098641463414635  0.332823229268289  2.134377439024375  2.379864634146333 
 0.448331741811178  0.100219540077072  2.006156454720618  1.248877341040461 
-0.589389442934782  0.091986414940640  0.488391630842398  0.524771008152173 
 1.759357246376809  0.838761594202899  1.931754637681164  1.092825144927536 
 1.479076030534349  1.930746564885490  2.334701526717561  3.114520610687025 
 1.298720249999999  1.311486249999998  3.126345625000002  3.566455624999997 
-0.224370705250597  0.069565897862769  0.848802852028637  0.888969164677801 
 0.027983614795009  0.076995008538324  0.775460303030306  0.651612254545455 
 1.149935408805034  0.382495874213837  1.097421635220123  3.324848427672960 
 1.268256610169493  0.557258644067796  1.741546101694912  2.623541694915255 
 0.925481468503936  0.453091504724410  2.641416929133864  3.147522440944882 
 1.661697368421051  2.163388596491230  3.122260526315790  2.259567543859650 
 1.752863440860214  0.913164677419356  2.687651075268821  3.407839784946240 
 2.560271111111111  1.124358896296297  3.152023703703704  3.881797777777779 
 2.475319642857142  1.707113392857144  1.978939285714285  3.368358928571427 
 1.740563978494624  2.119309677419356  1.935919462365590  1.786503440860216 
 0.384377952702702  0.095309971306306  1.130476576576575  2.013308783783792 
 1.904338011695909  0.256904989473684  3.045291228070178  2.961363157894726 
 2.637345454545454  1.402081818181817  3.258704545454545  1.353038787878788 
 1.328702000000000  1.127940999999999  1.736526400000000  3.567996000000006 
 1.050634112149532 -0.187440387242991  2.580644392523372  1.682641588785046 
 1.408449638554218  0.465147287469879  3.241548795180724  1.230287042168675 
 0.745750633962264  0.187463312830189  1.275521509433963  2.636079622641510 
 1.385499344827588 -0.073556527793103  2.160294137931032  2.335171379310342 
-0.268718692757010  0.064887636985981  0.472983572429907  0.815065210280374 
 0.954811424501426  0.359403628774929  1.385563133903137  1.982171509971514 
 0.922223354444444  1.648251111111112  3.476842222222222  2.903052222222221 
 1.705417549019608  1.928714705882353  4.094778431372546  2.943574509803923 
 2.235083333333332  1.464620952380952  3.023571428571431  5.114966666666667 
 0.587923916666665  0.084049820491667  1.526100416666668  1.221631166666667 
 0.471416096835938  0.255309971093750  1.948891406250001  2.480934375000000 
 1.570676859504133  0.348045265702479  2.235222727272728  3.109871900826446 
 1.346926442307693  0.410771612179487  2.475939423076925  1.884367948717949 
 1.370797089552239  1.203131417910449  3.697743283582089  1.794871716417910 
 0.964068579881656  0.363298419112426  2.206954142011837  2.380884319526631 
 1.552250400000001  1.402695199999999  2.818419999999999  1.023393779999999 
 1.518729090909091  2.297984415584414  2.849699999999999  3.946233766233765 
 1.031943893805308  0.304383792035399  2.578302654867258  0.588407076991150 
 1.369398556701030  1.165444329896907  2.590264948453608  4.305238144329897 
 1.471617684210527  0.851884842105263  0.822907401052632  2.094562105263158 
 1.650247488584475  0.491038292237443  1.656984474885845  1.929773059360730 
 2.046894444444444  0.276988314814815  2.806159259259259  3.823479629629629 
-0.335206845197740  0.063797229751412  0.801931514124295  0.519781247457627 
-0.305592394846797  0.054993167005571  0.463183761838440  0.424992469916434 
 1.259644593023256 -0.197909420930233  2.928094186046510  2.784394767441862 
 1.006279250936331  0.466640416479401  2.241653183520600  1.298224644194757 
 0.934820470588235  0.469180188235294  1.554488941176471  1.407131960784314 
