 0.081988681970850  0.078395515041740  1.046405760681631  1.025117458631807 
-0.318281180780348  0.069879913975507  0.610183996411362  0.617293749325613 
 1.264529579958778  0.361671953699386  1.604500703500301  3.011524776938891 
 1.182684567892502  0.380127812553043  2.781906789250355  1.436501600212113 
 0.530402672222217  0.118426722400793  1.126630649444460  1.795202007936505 
 1.867929979487179  1.036525504943593  3.667382461538471  2.115071661538473 
 1.577448699254351  0.500517476188900  1.643953621458158  1.707252452361215 
 0.545422033743552  0.110314647638744  1.781536709011518  1.144836314489868 
 1.260505854105141  0.309130708210279  2.713827643236847  2.512336562315398 
 2.055453193069293  1.248173810717822  2.218209195544550  3.798922896039600 
 0.744869893651263  0.134803094650841  1.992609957983174  2.081060798319327 
 2.007640542375163  1.647134419703104  3.781756950067476  3.458062483130899 
 1.828340309734513  1.523901513274339  2.329926451327426  2.443180433628320 
 1.435596634937239  0.527418882112971  3.148955962343096  3.452103556485354 
