 0.072033235107874  0.079499634273391  1.292288618704921  0.642376207194499 
 0.133133919325153  0.077543716211650  0.643031324846592  1.325517837423210 
 0.707885517241272  0.101522745000005  1.502231818181728  2.161887304075186 
 1.631521774891741  1.192747316017325  2.720748051948125  1.611403376623083 
 0.252033775170828  0.085937200330295  1.133997517084319  1.455779043280182 
 1.195808443999985  0.207111741600012  3.426949200000029  1.774646000000111 
 0.835861677631597  0.125990432319082  1.374051907894723  1.464219572368409 
 0.415889453262802  0.098283393202816  1.821889947090015  0.916297795414458 
 0.771315363636426  0.261722936363643  2.620369155843981  1.014674561688176 
 2.650213609467396  0.754221881656797  2.429650887573990  2.834406508875710 
 0.541929935265060  0.141291391040220  2.056564533820797  2.124642047531966 
 2.069476146788941  1.458928899082580  2.154934403669703  4.616288990825627 
 1.852430992366456  1.268262137404602  0.982472115267098  3.172077862595577 
 1.540453734939737  0.382904000000022  3.521864457831411  3.769618072289118 
 2.188206382978686  2.112366666666676  3.986663829787244  2.756958865248185 
 1.207634983597880  1.433916296296305  3.612596825396866  3.190143915343938 
 1.007359854014595  0.067468063868613  1.872821167883229  0.797231956934309 
 1.752989677419351  0.977002548387101  2.156958064516126  2.816196129032268 
 1.123136673511286 -0.037538534702257  1.935331827515383  1.866700205338854 
 2.296187692307693  1.209932692307688  1.433085899999996  2.034052307692301 
 0.790304137829924  0.092001967448681  1.956698826979448  2.948806451612885 
 0.904049792284857  0.603819525222538  2.637600000000000  1.794678338278930 
 1.812080999999994  1.193469214285708  4.258928571428577  1.826139000000013 
 0.201335742099446  0.081163906302762  1.454864419889510  1.141222530386739 
 2.473966467065878  0.960341405988028  3.768167065868281  2.917384431137731 
 1.142794460431642  0.297823887769780  2.363925179856111  4.128628776978448 
 0.373568517698020  0.103754398430694  1.596608044554449  1.659559158415829 
 1.621541541095898  1.148260205479453  3.291401712328748  2.490386986301379 
 0.820814095717880  0.055975593627203  2.670684382871531  2.390756926952140 
 2.157600930232551  0.428115425674418  3.151970232558155  2.088939069767447 
 1.579884892086334  0.107367799388488  2.500971582733804  1.429290683453234 
 1.482496031746031  0.438188514285714  3.998774603174622  2.533347089947081 
 1.855345161290326  1.161668580645166  4.646160483870966  3.382578225806451 
 2.119145238095238  1.669894166666663  4.039913095238105  4.471955952380934 
 2.443953012048193  1.675425120481927  2.714800602409639  2.385715662650602 
 0.888737839024391  0.435849292682927  3.322801951219498  2.825588780487832 
 1.652045535714284  0.286948428839286  1.325962366071430  1.517415714285720 
 1.905921674876845  0.252976237733991  1.966407290640396  3.542044334975377 
-0.029619613790447  0.073315433038521  1.001414067796614  1.040432896764253 
 0.570489090909095  0.127598882331003  1.041095874125868  0.904330629370630 
 1.240434132841330  0.823661623616236  1.420187232472319  2.236123616236155 
 0.965390784313723  0.239285303529411  0.695714257254900  1.851809019607841 
 2.218246979865772  2.129030872483223  3.036647651006712  3.662788590604016 
 1.557627626459143  0.126991009727627  1.367834046692606  2.502470817120640 
-0.200666105212860  0.069211093492615  0.572244462206777  0.891069131190274 
 1.418173315926895  0.533065467362926  2.700813838120107  2.272967362924284 
 1.036311615384617  0.573606743589744  1.880914102564107  1.582713743589741 
 1.013928284000002  1.239818120000000  2.454987200000001  2.512626000000000 
 1.890473745173746  0.454592847104245  2.121638223938215  2.100664864864861 
 0.568034520737329  0.117972570307220  2.085137634408604  1.466661443932412 
-0.543804769503546  0.073652672993183  0.509192314095748  0.546025515957446 
 1.746453076923076  0.829678653846155  2.048659615384618  0.988487549358976 
 1.476289079754601  1.921251533742327  2.319358282208592  3.134430674846627 
 1.174876875000000  1.443452937499998  2.948188125000005  3.888799374999998 
-0.205638568993506  0.067700751412338  0.875044407467531  0.618236252435063 
-0.264752445205480  0.066645398535300  0.519768559536355  0.446430229926238 
 1.160301557788946  0.380165417085427  1.215437386934672  3.298084422110554 
 1.060454201312912  0.451634212253829  2.003431072210064  2.433022319474838 
 1.106671280487804  0.477412101219513  2.561784146341465  3.177554878048782 
 1.621975271317829  2.181998449612404  3.204810077519380  2.228250387596898 
 1.863566911764706  0.770676455882353  2.772803308823535  3.414526838235294 
 2.539534666666666  1.071516473333334  3.206508666666668  3.895830000000003 
 2.532472440944883  1.593309685039371  1.990890551181103  3.440959055118109 
 1.681871016949153  1.994372881355934  1.870522966101694  1.858373898305086 
 0.370710573556797  0.091512614134078  0.978957318435755  1.922793668528868 
 1.622525585937501  0.009023291406250  2.989605468749999  2.841762890624997 
 2.606079487179486  1.530373205128204  3.333300000000000  1.367544102564103 
 1.322770886075950  1.149546582278480  1.726827594936709  3.629960126582282 
 0.824965213114754 -0.108751868852459  2.615150491803282  1.715580327868851 
 1.422563880597015  0.791921112089552  3.354253731343284  1.048214626865671 
 0.783466632812500  0.128327414453125  1.068774054687502  2.607933593750001 
 1.474745772058825 -0.083811275955882  2.138672794117645  2.605795220588236 
