 0.055477217668137  0.076541499887898  1.175408331838492  0.699598398206438 
-0.119491402821997  0.070117326844425  0.591475553400853  0.956970506512255 
 0.609047223575823  0.129633877001259  1.467781166875710  2.217914930991173 
 1.728310692307661  1.257548153846163  2.739454230769293  1.250495646153586 
 0.333925599184763  0.084198435760868  0.829967148097865  1.739764266304352 
 1.256570153614446  0.484922360000009  3.390938253012071  1.524414786144660 
 1.044634227642292  0.048617088943092  1.647574975609736  1.602074585365839 
 0.209351731931176  0.077461816227531  1.507372084130054  1.065305650095599 
 0.747460546583889  0.206197071635615  2.582120703933637  1.188962300206953 
 2.445779285714254  1.242839285714282  2.156056071428588  3.006354999999981 
 0.621824662847208  0.119647753008102  2.084956944444413  1.951678935185167 
 2.130007784431104  1.320516311377253  2.208623952095794  4.411639520958043 
 1.659657385321125  1.206620871559647  1.163973545871513  3.428503669724866 
 1.753490897009954  0.472667239202670  3.219882724252535  3.706379069767421 
 2.031786719576693  2.160558201058208  3.875219047619055  2.593852910052878 
 1.153655575378786  1.403868257575765  3.438455303030332  3.447545833333353 
 0.724332973214284  0.119768097758929  1.839165401785725  0.688295449107143 
 1.403036032171577  1.167324718498661  2.261624664879354  3.086519302949061 
 1.356803779527552 -0.042264342834644  1.937545078740140  2.257808858267756 
 1.920276018099547  1.574396425339363  1.581067982352938  1.993487466063345 
 0.826044643449426  0.139689319170813  2.124414593698162  2.726851907131003 
 1.035393226691039  0.701846380255933  2.566579159049358  2.130072760511879 
 1.965010846560842  1.133444603174600  4.164393650793655  1.866909841269851 
 0.055847248577101  0.078030178153541  0.982925281270682  1.183809126406357 
 2.557476000000008  1.085571600000003  3.263268800000012  3.252976000000002 
 1.093337420814472  0.497650241628957  2.256686425339363  3.999570588235313 
 0.345941648305086  0.101265358933899  1.410460338983047  1.598973050847449 
 1.580439562841536  1.161657240437161  3.251451366120205  2.503142076502740 
 0.942566033771104 -0.002381044390245  2.773767729831142  1.989575984990623 
 2.265415686274503  0.426927507137254  3.187263529411777  2.150889411764711 
 1.638456473829204  0.232659349586776  2.364680165289252  1.310104489531679 
 1.267610024647887  0.360085520774648  3.794242253521138  2.580695422535205 
 1.894411117021279  1.151952202127662  4.504209042553188  3.250212234042552 
 2.280099230769231  1.529973315384613  3.842391538461543  4.409309230769218 
 2.542453409090908  1.860344886363636  2.842369886363634  2.133727613636360 
 0.928466399449036  0.394122700826446  2.841371074380159  3.066053719008276 
 1.958975423728811  0.443798117203391  1.338860919491526  1.749016949152544 
 1.866005849582172  0.298997613537605  2.079583286908078  3.320956545961006 
-0.238108094866797  0.068380928044184  0.805851851851857  0.591223895906436 
 0.755299462184875  0.154308112201681  1.116074537815125  1.176847109243698 
 1.219385134575571  0.679056004140787  1.629794037267079  2.394379917184259 
 1.021012050632911  0.186016810379746  0.858994196455695  2.101744810126580 
 1.945425636363638  2.093654545454545  2.794655909090907  3.686667272727266 
 1.126556093750000  0.199636084114583  1.303520260416667  3.053596614583339 
-0.450013212500000  0.070740663714617  0.480956074055555  0.521127804111113 
 1.540394798927615  0.074687915817694  2.863361662198392  2.746299731903482 
 1.104511743341406  0.650566828087167  1.869636319612592  1.516811016949151 
 1.288536977168950  1.894426027397260  2.547873972602739  2.486157534246575 
 1.790917233560092  0.599806095238095  2.395623809523808  2.302655555555556 
 0.508739243002545  0.110838792124682  1.934921628498729  1.343399198473282 
