 0.111733665822746  0.081868758818575  1.326728509141941  0.637521777778026 
 0.138360137595129  0.077928643789948  0.641328757686420  1.328191704718315 
 0.697013925686480  0.097752440242332  1.503464781906208  2.173164135702697 
 1.637374043478226  1.184874347826096  2.723580000000073  1.602557086956227 
 0.260738908436430  0.084469353318334  1.135085388076526  1.468029471316085 
 1.197766951807214  0.208286929317281  3.427628915662679  1.776507630522199 
 0.870155830564802  0.112063160215950  1.428634817275733  1.522270764119589 
 0.417097327586221  0.100651173112848  1.831142006269652  1.040394075235106 
 0.766182217948779  0.259366880128212  2.615268910256237  1.014777932692174 
 2.648326900584737  0.755526830409349  2.427574853801195  2.830329824561374 
 0.541849737999978  0.145621021439640  2.052612792792750  2.123023783783758 
 2.069476146788941  1.458928899082580  2.154934403669703  4.616288990825627 
 1.848897424242468  1.266574545454567  0.983304144696893  3.168709090909247 
 1.536623333333311  0.384744130952403  3.516716666666752  3.767083928571390 
 2.188206382978686  2.112366666666676  3.986663829787244  2.756958865248185 
 1.204656325789470  1.431425105263167  3.611268947368462  3.190978947368444 
 0.952170740740738  0.068882388215488  1.872124915824932  0.761852781818184 
 1.745736217948714  0.974042628205132  2.140570192307688  2.823711217948727 
 1.152339780219773 -0.053565032967031  1.979978241758223  1.941534725274775 
 2.251638235294118  1.211730441176466  1.409338433823526  2.046282352941170 
 0.799944331343296  0.081516363880598  1.953791343283557  2.952577910447742 
 0.901735816023729  0.603087062314526  2.634350741839763  1.799247477744805 
 1.812080999999994  1.193469214285708  4.258928571428577  1.826139000000013 
 0.163251820761244  0.079095822726643  1.426579930795856  1.127745294117647 
 2.472089285714296  0.955890504761909  3.766916666666684  2.918301785714292 
 1.140347801418428  0.295374903546095  2.368443262411343  4.121768794326272 
 0.363889837807882  0.107422453364533  1.592313054187187  1.651221921182254 
 1.621962302405505  1.151418281786943  3.292336082474207  2.487934707903789 
 0.826337030612241  0.051089256811223  2.667985714285709  2.391950510204080 
 2.158476388888882  0.426691465370370  3.149122685185201  2.090554166666672 
 1.579315107913672  0.103035238237409  2.501173381294955  1.422654712230212 
 1.482496031746031  0.438188514285714  3.998774603174622  2.533347089947081 
 1.855345161290326  1.161668580645166  4.646160483870966  3.382578225806451 
 2.119145238095238  1.669894166666663  4.039913095238105  4.471955952380934 
 2.440282035928144  1.675678862275448  2.715013772455090  2.387908383233533 
 0.889690631840797  0.424644900497513  3.326994029850732  2.819234825870674 
 1.665410222222221  0.291561182488890  1.323005200000001  1.516571200000005 
 1.891000478468897  0.261376671100479  1.973862583732059  3.537795693779912 
-0.023004854097117  0.073015715314112  0.987528543247348  1.032716699544766 
 0.618274451476797  0.134247503607595  1.088628839662442  0.979877679324895 
 1.183162682926830  0.788087909407665  1.455415191637625  2.215517421602781 
 0.970669606299210  0.237869418897637  0.701108407874014  1.841094881889762 
 2.218246979865772  2.129030872483223  3.036647651006712  3.662788590604016 
 1.554442307692306  0.129081314000000  1.370684423076922  2.498799230769247 
-0.205919092710122  0.069885513387650  0.574250459691252  0.888171200686111 
 1.422700989583335  0.533852893229168  2.704695572916669  2.295647656250001 
 1.056561458333334  0.561353203125000  1.890728645833338  1.559056562499998 
 1.018000935222674  1.249883481781377  2.446398785425103  2.472658299595144 
 1.877772556390978  0.472079539097742  2.124219548872171  2.098275563909771 
 0.612583438538208  0.105480497458472  2.101581727574753  1.512665946843855 
-0.543536118479221  0.073402329209824  0.509877763306812  0.544831257294429 
 1.743690065359476  0.830031241830067  2.048379084967323  0.984730115686276 
 1.471643067484663  1.921386503067480  2.314369938650310  3.139095092024541 
 1.181918205128205  1.456127179487178  2.947467948717953  3.897814102564101 
-0.198105916938111  0.067628215260586  0.886004446254070  0.613558455211724 
-0.264846711820084  0.066454322395397  0.521578203974896  0.448017926987447 
 1.162147929292930  0.378095494949495  1.213402727272725  3.299859090909092 
 1.056094341801387  0.449684858198614  2.018047575057735  2.451073441108547 
 1.055624340836013  0.544072090675242  2.579539871382639  3.174483922829583 
 1.621975271317829  2.181998449612404  3.204810077519380  2.228250387596898 
 1.861398181818182  0.766098494545454  2.770561090909096  3.412729818181818 
 2.539534666666666  1.071516473333334  3.206508666666668  3.895830000000003 
 2.532472440944883  1.593309685039371  1.990890551181103  3.440959055118109 
 1.684476949152543  1.992006779661018  1.866739067796609  1.856520508474577 
 0.376400504892368  0.093991365929550  0.974121487279844  1.940122700587088 
 1.608066992187501  0.006652459375000  2.988100390624999  2.849100390624998 
 2.606079487179486  1.530373205128204  3.333300000000000  1.367544102564103 
 1.326316428571429  1.146676233766233  1.722054285714286  3.637385714285717 
 0.802530732638889 -0.090748898611111  2.653702430555558  1.704934374999999 
 1.422563880597015  0.791921112089552  3.354253731343284  1.048214626865671 
 0.792533952000000  0.127035336400000  1.061838032000001  2.612173600000002 
 1.494233206106871 -0.074714992366412  2.154572900763357  2.670605725190841 
