 0.057269884881733  0.078126745054904  1.170996368243174  0.706810155405556 
-0.112370231897151  0.069652406378732  0.610078272967323  0.969566685198009 
 0.631496129387451  0.123834463485527  1.521599109131338  2.196781625835150 
 1.718518749999970  1.256703750000009  2.745214705882412  1.264978227940927 
 0.342362856294519  0.086540247767219  0.889768400237564  1.764022327790979 
 1.257053402857132  0.475709463771437  3.383519142857164  1.525124282857220 
 1.033326869095827  0.298343652766534  1.700583400809698  1.573250499325224 
 0.204121277986189  0.079061498296147  1.510083020730539  1.064412349457055 
 0.719473086693585  0.260262618145165  2.570180846774091  1.217034034274110 
 2.099432265446204  1.006737643020593  2.270975514874154  2.821355148741410 
 0.611148146059352  0.088875772435006  2.089890378710311  1.793898567041950 
 2.445015736040579  1.472923908629448  2.250700507614200  4.002855329949207 
 1.784325991189450  1.222066977973582  1.198437414096873  3.453233039647668 
 1.750863856209137  0.432904205882365  3.208580065359522  3.674789542483639 
 2.029041224489769  2.184018877551027  3.857588265306128  2.608700510204050 
 1.172430702316601  1.343743745173752  3.470743629343659  3.458094208494229 
 0.616337652116402  0.097980396621693  1.897635449735456  0.909033076984128 
 1.171479249190933  1.402804530744340  2.160648220064719  2.918239158576049 
 1.400606696914693 -0.034515849655171  1.953370598911053  2.215138294010926 
 1.824293160377359  1.697663679245281  1.651991670283015  1.947602830188676 
 0.779484568965523  0.160362659028214  2.124775548589330  2.687374451410651 
 1.206289127819547  0.692664691729317  2.423279699248115  2.062625563909769 
 2.022029374999997  1.055744723214282  4.090704464285718  1.904403392857150 
 0.073708434571235  0.077761260222822  0.992522991222149  1.209980850776508 
 2.596188477366262  0.983461850617287  3.281294650205773  3.138994650205762 
 1.212082995951411  0.671516752631577  2.317164777327931  4.134812550607300 
 0.371168996820351  0.098064932306837  1.490375119236879  1.562153338632742 
 1.491206119804405  1.342119975550128  3.155265281173585  2.448261124694384 
 0.911121161512024  0.045221748694157  2.759705498281785  2.006427319587633 
 2.047842260442258  0.397173726830466  2.865164127764134  2.182811302211306 
 1.562707474226808  0.253645926958762  2.264014948453603  1.170651249226802 
 1.313634850282486  0.378800669774011  3.708206497175150  2.594388700564968 
 1.925894393939397  1.173776888888891  4.495713636363631  3.271847474747473 
 2.273252348993289  1.580766382550333  3.688226845637588  4.406440268456366 
 2.536849748743718  1.854178894472362  2.774465326633165  2.187255577889445 
 1.028925545023696  0.543620980094787  2.755675592417058  3.015508767772519 
 1.938721348314604  0.513177561048690  1.377067104868914  1.747605655430714 
 1.812520899470899  0.277120607830688  2.084266931216932  3.329876190476194 
-0.242062794380587  0.069008116832694  0.799473371647515  0.585330935632187 
 0.788727138047139  0.146664182053872  1.129773417508417  1.162842592592593 
 1.270662689938400  0.627697371663244  1.622102032854208  2.412183367556464 
 1.033030169491525  0.187860044067796  0.868779141888619  2.089784503631957 
 1.783770327868852  2.059644262295083  2.736917622950818  3.548368442622948 
 1.089772367346938  0.216292367091837  1.283008010204082  3.088838010204087 
-0.448092561173184  0.070541878104084  0.474717823072626  0.526287557541901 
 1.368728110465116 -0.048124180232558  2.784950290697676  2.760502034883720 
