 0.006453831627639  0.077240875620581  1.118954142623802  0.717026140990842 
-0.358826955309736  0.069679171459087  0.572046749056040  0.586161597699098 
 0.966668084362070  0.218415662932103  1.129131869958787  2.388766975308610 
 1.685953559602637  0.805603615927157  2.857951655629166  1.333728936589292 
 0.382644077983533  0.095023714804526  1.122921145061744  1.646544444444445 
 1.481193625869260  0.484367113936027  3.575026008344933  2.403241446453449 
 1.195068169456072  0.302624287248956  1.488529884937231  1.371815125522999 
 0.373866332807108  0.087193963286629  1.612491909225469  1.089930065219534 
 0.987214953712650  0.087057149189972  2.742031918997059  2.214430568948847 
 2.156191336270169  0.673526216387662  2.464410866372987  2.747803524229069 
 0.619445458205121  0.117704850086743  1.871229405346410  1.924534860883788 
 2.163544300518121  1.621503678756482  2.536952979274607  4.153319170984446 
 1.602257425569186  0.726351022241686  1.550926415061278  3.533692119089347 
 1.326699713896453  0.393708245504092  2.895866212534073  3.526655858310621 
 2.223135085995078  1.942519484029487  2.987829975429979  2.362705061425051 
 1.800322827988338  1.468727504373180  4.251981924198263  3.526430903790104 
 0.839501670567055  0.201113624959496  2.442306300630072  1.246408054905489 
 1.309709487396692  1.653211818181819  2.827470041322313  3.204176859504131 
 1.563013058035708  0.211087595803572  1.991295636160707  2.067614285714301 
 1.878129168539329  1.430314112359548  1.544399463146067  2.239723348314606 
 0.978555283838383  0.210889806727273  1.994811212121207  2.848319696969693 
 1.134581144645342  0.989646495132124  2.489347705146042  2.277299443671769 
 1.915466838709677  1.362746129032257  4.091340645161288  1.965051580645162 
 0.024207224877615  0.074752745317757  0.810008043524699  1.129945927903875 
 2.466398882681561  0.943656650000000  3.398721229050280  3.394222067039110 
