 0.019038522771177  0.076136736741376  0.954114294231278  0.969206863924973 
-0.343970721493028  0.069717593034265  0.589855602980577  0.588561869619891 
 1.027606073518329  0.206062434133537  1.465141078019461  2.694396624156009 
 1.853958218694871  1.336720634920637  2.477854673721369  1.536429585008699 
 0.422368388835997  0.103196626473388  1.077820995932514  1.689469948074426 
 1.604443037809645  0.653350588448504  3.668657757496751  1.993066921773183 
 1.401598286744820  0.401959060018036  1.483535292155091  1.611233480613153 
 0.416207184437090  0.092697223034767  1.620977665562922  1.060716729801320 
 0.985966718000015  0.177456577700001  2.918775399999966  2.615611099999939 
 2.315740822320098  0.667267270337737  2.761056828193837  2.877225256975030 
 0.646155270850066  0.116741916337693  1.919129705744964  1.932278141055575 
 2.161315181451603  1.616872741935487  2.755488306451607  4.068242741935483 
 1.839750410958912  1.272890197869106  1.543698150837124  3.007598325723009 
 1.378008082352939  0.417958130423533  2.372559270588242  3.622525058823526 
 2.219369204545448  1.948060045454547  3.544431136363637  2.461364999999996 
 1.791786419047619  1.085212422857145  4.095931619047618  3.495592190476193 
 0.968363784866467  0.227687400541544  2.565823367952530  1.324857031157270 
 1.250341051564625  1.457310299319728  2.814864625850340  2.888100272108840 
 1.424531330855016  0.378839183375465  2.321256431226761  2.261371821561339 
