-0.169447765909105  0.070888270240490  0.870202087737801  0.653686476638570 
-0.405661325142162  0.069780083052927  0.504433951787156  0.564284298700218 
 0.942256028799891  0.213371978672007  1.012903205759907  2.443985599999947 
 1.695561864951744  1.251754276527338  2.740117684887510  1.270525224115537 
 0.361763170602797  0.093778568282410  0.959829273327855  1.692545829892653 
 1.035169507168452  0.321555647759862  3.068348566308261  1.425097025089656 
 1.034881265397543  0.237936051231805  1.322661243001108  1.475799361702116 
 0.181017161832530  0.082433988066746  1.306587894417496  0.869412190533980 
 0.675191186602468  0.100139819045536  2.178670753064755  1.635145359019225 
 2.180800668151421  0.788828278396433  2.181148106904247  2.958113808463238 
 0.628654349909378  0.106718628631796  1.688074876441491  2.137980724876436 
 2.264173384030399  1.934789733840310  2.433401634980981  3.789961216730012 
 1.597841941747588  0.989335618122987  1.183225640776669  3.388355663430485 
 1.323573041144893  0.251429361896249  2.984901073345280  3.274719499105535 
 2.064769870129851  2.282090476190483  3.419213852813855  2.462478354978330 
 1.253835283055555  1.443312111111116  3.320746388888911  3.495997777777793 
 0.632315403409091  0.129450797211364  1.967824659090917  0.903275512727272 
 1.359358184019367  1.548296246973369  2.194019370460048  2.886370460048426 
 1.595960561056095  0.088975790330034  1.724756468646852  2.322630363036331 
 1.982725500000003  1.354737899999998  1.478276536999997  1.910912733333331 
 0.984299881962867  0.244984956100796  1.975123209549063  2.943007029177713 
 1.144635210312074  0.683822605156033  2.084936906377207  2.075648982360922 
 1.913744612676055  1.203960528169011  4.051128521126765  1.907723802816907 
 0.012295295939850  0.074173267377945  0.793179500651630  1.124560651629077 
 2.443727544910181  0.873427442215570  3.288426946107793  3.304422155688623 
 1.508936417525771  0.478106094484535  2.147883195876282  3.842832474226810 
 0.323187082345524  0.087696168784363  1.508155233291298  1.423181399747790 
 1.233449141393447  1.019628319672133  2.992409221311474  2.452560245901642 
 0.917543212399539  0.090319979758897  2.606915843857632  2.302150172215841 
 1.871369245647967  0.294811262127659  2.829592069632497  2.168991102514511 
 1.517742104283055  0.272101296387337  2.148779329608937  1.288387361266293 
 1.373094695090440  0.390221303359173  3.784104392764859  2.519186563307493 
 1.996030375939851  1.398059789473685  4.407263157894734  3.413646992481204 
 2.013947638190954  1.183871201005025  3.086644221105528  4.548761306532664 
 2.271555722891570  1.357819939759035  2.822191867469880  2.314777409638553 
