-0.159187913337448  0.071309785617705  0.903780737553729  0.631125755255178 
-0.132578913913044  0.069872699861591  0.573120271594188  0.945515398550679 
 0.623031037988813  0.160319024455560  1.552337777777713  2.110718666666628 
 1.683918437499971  1.244456458333342  2.747862847222277  1.288234472221986 
 0.337486087888516  0.085709031639870  0.920431535905711  1.745230439442662 
 1.229131767506992  0.427295177366955  3.343572829131675  1.446315294117723 
 1.053779448818908  0.239058754461945  1.684052887139090  1.559444645669279 
 0.136589230054652  0.079492101802496  1.348481405152249  0.842405019516002 
 0.697090424390274  0.214975624390247  2.476632357723491  1.301052569105623 
 2.076364108352124  0.978882189616250  2.274171783295725  2.814787584650103 
 0.616022428401713  0.074483350614471  2.090568682505368  1.861847084233246 
 2.473472330097058  1.467450970873792  2.265255339805812  3.942983495145600 
 1.773326913043501  1.235401521739143  1.200049186956479  3.439751739130525 
 1.754459999999986  0.440229108813572  3.219611864406827  3.681129830508452 
 1.988238365384590  2.166079326923084  3.800216826923083  2.583086057692278 
 1.180138185357142  1.337454178571434  3.456424285714312  3.426983214285734 
 0.571788633039093  0.094997547094578  1.877867465321569  0.903119705170241 
 1.156781762318835  1.363843130434786  2.167499130434776  2.893829275362317 
 1.387922763578267  0.011931330255592  1.939563897763566  2.293432587859457 
 1.839195072463768  1.708645893719804  1.660727256521736  1.953020289855069 
 0.771896532362465  0.173219425825243  2.154686731391574  2.755475728155332 
 1.180519657142854  0.697526699999994  2.255058714285711  2.094462571428564 
 2.000517633928569  1.075426763392854  4.089572767857146  1.890098928571436 
 0.064671365277778  0.077841915460859  0.974006900252527  1.185980845959600 
 2.580883268482497  0.949910839299613  3.296570428015575  3.084531128404669 
 1.237902773437494  0.683452390234373  2.299730390624996  4.156858593750014 
 0.327390436224844  0.094587010410826  1.520689243580845  1.460887786259534 
 1.451317262790702  1.242917465116282  3.129716744186040  2.416434883720936 
 0.972466340557272  0.091335762445820  2.783080804953557  2.074126470588241 
 1.972317943107220  0.331962483851203  2.825663457330419  2.184460175054710 
 1.550849752475251  0.277442142227722  2.236674752475244  1.144750853217819 
 1.327707014450867  0.350409534971098  3.730104335260123  2.575191329479767 
 1.937962512315274  1.190441103448278  4.492143842364528  3.270688669950737 
 2.285009333333333  1.586832006666664  3.685578666666670  4.403075333333324 
 2.496691705069124  1.821336405529954  2.770351152073732  2.192509493087555 
 1.160998190127968  0.301476799268738  2.830702193784278  2.975213711151742 
 1.850809756097559  0.591243734146342  1.392755905487805  1.869715670731710 
 1.819659383753500  0.248223994565827  2.132444257703082  3.349875910364148 
-0.432858256616257  0.069560962564419  0.518112884357279  0.514556012948961 
 0.756312813008131  0.142204002504065  1.135192520325204  1.149791658536587 
 1.283673809523811  0.391654625476190  1.438983523809524  3.006386666666666 
 1.066809111111111  0.244647534074074  0.883030117530863  2.033980987654318 
 1.769993223140496  2.063791322314051  2.737765289256197  3.548415702479337 
 0.760194839285714  0.102061750892857  1.194623720238095  2.662905654761906 
