 0.087764662039015  0.079794106274411  1.206515195227676  0.662571259219282 
 0.050140821043000  0.074796742414452  0.691484051967044  1.118277804208538 
 0.614582186688306  0.126301471016954  1.455780104302400  2.236355410690959 
 1.723061538461497  1.243120512820524  3.070411282051365  1.207834080512473 
 0.343192463576140  0.087419230582780  0.864688732450369  1.752030463576162 
 1.262443103343453  0.437974906747729  3.374920060790295  1.562465592705250 
 1.025860291595214  0.050746448885080  1.597942727272706  1.625936775300156 
 0.258578191780832  0.082151199199154  1.582813487882018  1.017965584826131 
 0.734945118942772  0.210148761013220  2.604318942731161  1.196575861233389 
 2.450315302491071  1.254044555160139  2.157444839857668  3.003861921708166 
 0.622720158616490  0.124648407158981  2.080158373786376  2.002761771844640 
 2.105660893854719  1.259781363128499  2.308040670391048  4.397641899441302 
 1.676685185185210  1.233966342592607  1.167175291666620  3.471312500000097 
 1.740216874999986  0.451884857638902  3.235580902777823  3.687863194444422 
 2.037675561497299  2.158214973262039  3.877954010695195  2.605695721925101 
 1.153655575378786  1.403868257575765  3.438455303030332  3.447545833333353 
 0.834451107843136  0.128133275147059  1.881981617647070  0.705643654901962 
 1.417637260638293  1.132226143617022  2.285358510638296  3.105747074468087 
 1.349921359999994 -0.046840547719999  1.930440999999982  2.264406800000041 
 1.958454687499999  1.588836093749996  1.547961583854163  2.107393749999996 
 0.854003849387047  0.144870627775832  2.108312609457078  2.755163922942196 
 1.030544437269369  0.692121051660508  2.571175830258301  2.137646678966787 
 1.972945738636359  1.110964488636360  4.200100568181822  1.902950909090919 
 0.052163531698113  0.076922887750943  1.112934943396228  1.182801207547170 
 2.551734262948215  1.085221713147413  3.265791235059773  3.263768525896417 
 1.094041703056761  0.489159163318775  2.259093013100433  3.983446288209625 
 0.343073125537404  0.098487490319863  1.442364144453994  1.597400257953559 
 1.578631538461544  1.156678983516486  3.252007967032954  2.505849725274732 
 0.909856850894629 -0.008926033777337  2.777066600397614  2.022912524850899 
 2.289984615384608  0.440585896032388  3.184232388663980  2.170004453441302 
 1.577402094240841  0.154731823115183  2.402878795811516  1.367456081151832 
 1.277415924460432  0.360527407194244  3.801211151079148  2.573787050359706 
 1.894411117021279  1.151952202127662  4.504209042553188  3.250212234042552 
 2.296536000000001  1.541355447999997  3.869012000000006  4.403051999999986 
 2.484590322580644  1.855634946236559  2.861480107526880  2.110981505376342 
 0.912408716292135  0.385217643539326  2.860640449438196  3.057651685393271 
 1.954135390946500  0.453319640164610  1.366199617283951  1.724115802469139 
 1.884448305084744  0.289837701299435  2.065868926553672  3.299233050847462 
-0.201290481330749  0.069902455381136  0.851775025839798  0.673979838501294 
 0.754937347611204  0.162721005205931  1.128293558484348  1.197567973640858 
 1.230862568421054  0.692343494736842  1.632980842105262  2.399716210526310 
 1.046406081081082  0.203441103243243  0.834148339459459  2.136815405405402 
 1.949963611111112  2.105200925925925  2.799640277777776  3.696328240740733 
 1.127930945945946  0.212888560270270  1.292565702702703  3.063547837837845 
-0.268801377384198  0.062923989700272  0.486747451680290  0.798573878292466 
 1.542570758807589  0.074465725203252  2.863192682926830  2.746376151761515 
 1.057598638497653  0.580007605633802  1.881369718309861  1.589404389671359 
 1.290904794759826  1.879701746724891  2.528938427947597  2.501913100436681 
 1.793338337182449  0.604028646651270  2.402427251732100  2.295636720554273 
 0.537332856589148  0.104883016421189  1.980306201550390  1.384280232558139 
-0.452421351515151  0.073023644367461  0.528182960606062  0.460734149212121 
 1.624458244680851  1.161807553191489  2.130302659574468  1.298382010638297 
