 0.038913550238467  0.076397768962376  0.998404767620541  0.982365009009057 
-0.333783683298594  0.069600817463863  0.593976965893687  0.601748458363716 
 1.102319902757571  0.250273352206100  1.447459801886750  2.741205079825804 
 1.096617338416845  0.361644197712420  2.698509513435010  1.368016668627398 
 0.460558530692238  0.108744972343619  1.080857461050892  1.695585404503752 
 1.644065397272726  0.518779407381821  3.406846727272733  2.292559972727293 
 1.578616460176996  0.490003971469028  1.639879521238933  1.632603769911494 
 0.478205533333337  0.099622470237418  1.694497307526887  1.068441138150530 
 1.114508555744202  0.224310599643464  2.498550764006782  2.431259309564210 
 2.071817940717609  1.018006719594382  1.796736619344768  3.587227613104515 
 0.666111095210712  0.127874906413082  1.893763213345018  1.906925899912198 
 2.034964673590499  1.635466216617214  3.087756528189907  3.827332640949557 
 1.650716642585553  1.356349001901141  2.173218433555126  2.548539980988600 
 1.365715229066409  0.441509613763236  2.737878055822910  3.492946583253124 
 2.108016965098638  1.686012473444612  3.246269650986342  2.030524112291351 
 1.786780966549914  1.240416327495622  4.169827670753057  3.152866900175132 
