 0.057628306919808  0.078095796746841  1.170989704641281  0.706935269198462 
-0.112797345548655  0.069472904609383  0.611696559558301  0.969178405797057 
 0.631909894015410  0.123047327665933  1.530676991150378  2.201217920353944 
 1.717394202898521  1.255231557971024  2.740609782608754  1.271983978260623 
 0.343122802132684  0.086750032725117  0.890523321090081  1.765194786729862 
 1.255642117142846  0.476924035200009  3.383320000000021  1.522225997142935 
 1.029544691195805  0.291903640473064  1.710284756898799  1.582416176084088 
 0.204121277986189  0.079061498296147  1.510083020730539  1.064412349457055 
 0.722061177264004  0.241299390751449  2.562597495182946  1.232769963391057 
 2.101183524027439  1.010559130434781  2.266062013729989  2.821989016018298 
 0.608438584733593  0.087696304169058  2.099851946721284  1.809239754098345 
 2.452845641025611  1.474365179487186  2.249129230769217  4.003174358974326 
 1.773616026200896  1.220756349344992  1.199786432314368  3.450673362445505 
 1.756395799999986  0.436641277000013  3.212042000000046  3.680968666666645 
 2.029041224489769  2.184018877551027  3.857588265306128  2.608700510204050 
 1.173358633206105  1.338743282442755  3.471182824427510  3.454298854961852 
 0.614415610889775  0.096707025027889  1.896617928286859  0.908711681540506 
 1.163086422360243  1.381092546583854  2.182637577639746  2.917997515527948 
 1.406440444049726 -0.032822923374777  1.985450976909396  2.227207104795773 
 1.824293160377359  1.697663679245281  1.651991670283015  1.947602830188676 
 0.788212806603779  0.173019757012579  2.130827201257852  2.727126415094333 
 1.193149939301971  0.697573216995442  2.424723216995443  2.072692867981785 
 2.024825470852015  1.062391112107620  4.086310313901349  1.903261255605389 
 0.074675752097429  0.077941324350474  0.992682158322058  1.210773010825445 
 2.596581147540990  0.981731187295085  3.282381967213126  3.135572950819672 
 1.212879036144573  0.674129308835340  2.320034538152606  4.132318473895595 
 0.371423809825674  0.098508480857370  1.490914104595874  1.562137163232956 
 1.488819129268297  1.341005048780493  3.152321219512185  2.447255853658544 
 0.919626885714282  0.060548654535713  2.774834642857141  2.031485178571434 
 2.032028674698794  0.385315655710843  2.858606987951813  2.199111566265065 
 1.558548724489799  0.264675080255102  2.264854081632649  1.165902996683671 
 1.319576430267062  0.385365139762611  3.737132937685468  2.592059347181006 
 1.927256294416247  1.174214842639596  4.499107106598980  3.272856852791876 
 2.273252348993289  1.580766382550333  3.688226845637588  4.406440268456366 
 2.536564851485148  1.842065198019802  2.775830198019801  2.184687920792077 
 1.108134086956522  0.470498902826087  2.801215652173910  2.989924565217399 
 1.930917883211677  0.505329758394161  1.384391302919708  1.745365000000002 
 1.812099210526315  0.270596509894737  2.092974210526317  3.328106052631582 
-0.242100887892377  0.069078316438180  0.799540845611792  0.584545627930817 
 0.792082140468229  0.148662128996656  1.131382073578595  1.165495702341138 
 1.274800938775512  0.623877306122449  1.620951204081631  2.414144693877547 
 1.033950190930787  0.185606430071599  0.876348939379474  2.092191646778039 
 1.782943102040816  2.057373877551022  2.734920816326529  3.550073469387752 
 1.091860868894601  0.217853413624679  1.278467197943445  3.088396143958875 
-0.448092561173184  0.070541878104084  0.474717823072626  0.526287557541901 
 1.342410042372882 -0.176854568220339  2.865827542372883  2.739338135593220 
