 0.026958087999950  0.075169236636376  1.236625836363490  0.594190074545774 
 0.264603005681818  0.089024777642033  0.691705156249934  1.623228977272540 
 0.896893531157067 -0.012346103145391  1.774936201780241  2.270483086053322 
 1.752575449101746  1.119416287425163  2.737977844311478  1.859947305388818 
 0.163385944496103  0.079041522806200  1.207565240310129  1.352560620155042 
 1.149709793103419  0.102786025517262  3.500935862069017  1.854792413793293 
 0.603547464454997  0.135701282677730  1.081114526066328  1.427777725118463 
 0.404635364312301  0.108807101561327  1.760079182156278  0.619214097397759 
 0.626840866666741  0.133153017647068  2.684613333333127  1.338467411764539 
 2.776847169811225  0.898878084905648  2.426025471698157  3.078384905660331 
 0.620078020433400  0.017220872380805  2.284933746129962  2.038522600619149 
 2.172041666666552  1.653328541666690  1.618064999999951  4.520562499999860 
 2.207494666666743  0.916268666666705  1.130268066666531  3.283421333333605 
 1.635309999999952  0.261200716049429  3.757995061728572  3.773640740740657 
 2.669601388888817  2.168119444444464  3.901475000000018  2.495029166666581 
 1.406151619047611  1.093893333333351  4.074259047619122  3.422442857142895 
 1.108395254237282  0.015410627683616  1.907497740113020  0.855033276836160 
 1.882684574468077  1.107885000000008  2.320061170212761  2.918653723404268 
 0.990602165242157  0.016197191168093  2.015434757834737  1.630285185185240 
 2.509847619047619  1.395088412698405  1.419824904761895  1.770288571428565 
 0.938127326732694 -0.061902223762375  1.941360891089067  3.007263861386102 
 0.775859522012558  0.727601886792424  2.817448427672951  1.791235849056599 
 1.845606282051270  1.294123589743579  4.492111538461541  2.105305128205150 
 0.172473884969322  0.079989569453987  1.492412423312897  1.037400398773008 
 2.443280733944971  1.102577431192667  3.790235779816541  3.051414678899095 
 1.105831224489779  0.362388146938770  2.044628571428564  4.096194897959222 
 0.323926797853310  0.086322658894455  1.582346332737020  1.514063327370290 
 1.783641104294492  1.245271349693251  3.155920858895669  2.641709202454005 
 0.723553316872424  0.070454405761315  2.785376954732491  2.340650205761314 
 2.031547663551389  0.100163510467289  3.154757943925266  1.949705607476649 
 1.771768965517247 -0.059903618965519  2.394695689655150  1.399405862068958 
 1.536073529411762  0.160698555294116  4.076243529411799  2.519310588235274 
 1.940154385964922  1.070130596491239  4.896861403508761  3.358035087719298 
 2.427912500000002  1.981804999999994  4.467892500000021  3.997302499999968 
 2.397356198347108  1.783638016528926  2.781550413223143  2.420304132231404 
 0.785488531531533  0.338952269369370  3.518823423423402  2.865263963964015 
 1.822266292134826  0.170860022022473  1.329475505617978  1.289921685393275 
 2.198621126760553  0.206832707887326  1.812047605633808  3.879209859154932 
-0.038419824509804  0.074251502359943  1.126079607843145  0.979269663865553 
 0.319523740740745  0.083290122716050  0.881095876543205  0.985493999999999 
 1.356933529411767  1.422767731092438  1.688812773109233  2.713002521008388 
 0.490723294117645  0.076474856250000  0.925670845588232  2.120042279411760 
 2.567778313253015  2.144643373493978  3.066165060240960  3.602975903614434 
 1.544272941176469  0.006571591176471  1.264827764705878  2.596231764705912 
 0.000306284228765  0.073915130935875  0.850666776429806  1.255519757365702 
 1.316382374429224  0.540418155251144  2.961357534246576  2.269705479452059 
 1.263326322580645  1.010506451612902  2.102183225806458  1.905499999999990 
 0.987157430232562  1.232263546511627  2.576745348837211  2.487062209302323 
 2.298937391304347  0.327393339130429  1.987719130434762  2.460313043478247 
 0.420370792452834  0.071080986415095  2.012895956873316  1.108016630727762 
-0.580031697341513  0.164158985869122  0.420708121267904  0.521625439672799 
 1.838620979020977  0.655154055944057  2.111888811188814  1.193190769230770 
 1.495655892857140  2.062365178571421  2.418246428571434  2.954864285714289 
 1.062365636363635  1.131890363636362  3.185303636363639  3.613335454545447 
-0.200981729139923  0.068698799151477  0.807683453145055  0.912369088575093 
-0.007574264497041  0.076548747909270  0.774904792899412  0.622113329388560 
 1.044651000000005  0.403801472727273  0.943723072727269  3.323257272727279 
 1.249199793388432  0.577299834710744  1.704002066115697  2.667795867768599 
 0.783873116129030  0.452958825806452  2.407741290322591  3.116789677419355 
 1.678332954545454  2.248564772727276  3.430079545454544  2.020979545454546 
 1.759508108108108  0.809469797297299  2.524372297297302  3.584722972972974 
 2.732295121951219  1.099289036585366  3.356300000000001  3.903420731707317 
 2.487629411764706  1.876819117647060  1.843747058823528  3.155307352941172 
 1.794347794117646  2.269136764705885  2.060977941176468  1.899211764705883 
 0.293677101123595  0.116260608741573  1.229465528089885  1.791717078651694 
 1.980491044776124  0.225181698507463  3.020104477611946  2.914585074626852 
 2.660749999999999  1.477725370370369  3.186670370370370  1.294182407407408 
 1.418180930232559  1.348117325581393  1.380316976744187  3.709427906976754 
 1.107123139534882 -0.213532213779070  2.660667441860475  1.708431395348835 
 1.380579041916168  0.433178441437125  3.162745508982035  1.271853473053892 
 0.733102567164179  0.119284274253731  1.309252500000001  2.589412313432838 
 1.468676706827312 -0.031236572530120  2.225908032128511  2.327149397590357 
-0.034339038048783  0.073166604609756  0.455723138536585  1.068903853658538 
 0.939734230769233  0.530178247863248  1.351479102564110  2.103527777777785 
 0.950606573563218  1.664595402298851  3.452933333333332  2.795959770114941 
 1.721292680412371  1.955743298969072  3.990857731958757  3.012128865979384 
 2.257386842105261  1.470654736842105  2.929673684210529  5.149955263157895 
 0.680182190082641  0.108182364752066  1.232991900826455  0.816568892561984 
 0.461607131658537  0.259585629268293  1.992420487804879  2.519574634146339 
 1.613703645833334  0.199643984375000  2.280261979166666  3.139183333333333 
 1.293407938144331  0.395587164948454  2.469452233676975  1.844495189003436 
 1.229812886597939  0.984677628865981  3.651019587628868  1.791193814432989 
 1.033890474576272  0.365400236135593  2.306889491525429  2.493268135593225 
 1.563869166666668  1.386952708333332  2.841473958333333  1.046212687500000 
 1.460510657894737  2.283503947368418  2.871030263157893  3.912047368421051 
 1.023834259259258  0.313773782407408  2.621363888888890  0.586993700925926 
 1.200694328358208  1.156040208955224  2.641832835820895  4.420125373134331 
 1.605482839506174  1.066264074074074  0.897978569135803  2.455890123456788 
 1.634131693989071  0.561967540983606  1.630451366120219  1.953546448087432 
 2.111052688172044  0.355970161290322  2.905810752688172  3.866003225806453 
-0.314621904240765  0.078550362257182  0.848847729138167  0.547591961696307 
-0.253265691123190  0.082592560887681  0.464771452898551  0.422887670652174 
 1.273353129251700 -0.211170714965986  2.915432653061221  2.724603401360547 
 0.968917455357144  0.493552352678571  2.243748214285715  1.237406651785716 
 1.019540000000001  0.433712174545454  1.617300727272726  1.484519018181817 
 0.886341728395063 -0.008391578796296  1.374456388888887  1.771963580246916 
 0.474135221238938  0.095217415707965  1.655306858407080  1.992120132743360 
 1.601081944444444  1.176219722222222  4.253533333333335  1.032256361111111 
 1.458368024691356  0.824201172839506  3.616988271604940  2.584756790123457 
 0.823903148148148  0.521582481481481  1.987984444444448  2.035889629629631 
 2.319354166666668  1.450922291666666  2.422589583333333  3.894927083333334 
 1.323681306532667  0.524035050251256  2.956008542713566  3.032375879396984 
 1.645467906976747  0.599355348837209  2.454879999999998  2.445997674418605 
 2.488061261261262  0.765709909909910  2.860407207207207  2.340793693693693 
 1.178094160583941  1.233517153284673  2.268816058394160  3.312243795620438 
 0.655791802884617  0.105461900567308  1.591747596153845  1.232110120192308 
 2.094289285714285  1.205813303571428  1.821167857142857  2.355464285714288 
 1.826734265734265  1.416961748251748  3.177544755244757  3.499533566433568 
 1.862758333333333  1.392254375000000  3.967675000000000  4.421481250000001 
 1.426903439490446  0.382639700636943  1.663607643312102  3.323262420382163 
-0.325654731362468  0.062159246362468  0.498814483290490  0.764652287917737 
 0.485452474045801  0.150441315521629  2.061655725190840  1.594034096692111 
 1.089017115384615  0.133913252884615  2.895834615384613  3.694180769230770 
 1.246210375939849  0.354015566165414  0.849484135338346  1.546285639097746 
 1.497017301587302  1.467965079365079  1.611923492063493  1.226780634920635 
 2.105793518518518  0.967118888888889  3.571178703703703  1.964597222222220 
 2.452609677419354  0.455819059677420  3.957645161290327  2.534348387096773 
 1.400349700598803 -0.038411419760479  1.670462874251497  1.972415568862274 
-0.509241003787879 -0.035990204154716  0.603679299242424  0.456500507575757 
 0.962690629921260  0.141021310236220  0.565340642519685  2.180183464566930 
