 0.087494334133012  0.080162162470018  1.206136652126409  0.661317067611972 
 0.050859073822975  0.074234647230693  0.685057174011279  1.117637740112931 
 0.612787201576067  0.129876289099343  1.456364807946942  2.234452052980087 
 1.721996870228976  1.249876679389323  2.731142748091665  1.235893758396688 
 0.342378176470569  0.087518786617645  0.860739733957257  1.753138636363639 
 1.256211218844973  0.483366466626149  3.388938601823731  1.524269328267559 
 1.038296072013109  0.060752977741411  1.630297561374774  1.634658821603913 
 0.248727667012458  0.081328413983399  1.568136514522859  1.024086172199168 
 0.732681415778291  0.205411389125804  2.592492110874087  1.207458360341063 
 2.443717499999968  1.249205321428568  2.156341071428588  3.007163571428552 
 0.617271389655157  0.132536759214031  2.078246254458946  1.987107491082026 
 2.105660893854719  1.259781363128499  2.308040670391048  4.397641899441302 
 1.677729816513786  1.234523990825702  1.164554371559587  3.464196788990922 
 1.741370795847737  0.453147401384096  3.235303806228419  3.686852941176448 
 2.031786719576693  2.160558201058208  3.875219047619055  2.593852910052878 
 1.153655575378786  1.403868257575765  3.438455303030332  3.447545833333353 
 0.813796843137253  0.120631713039216  1.886706127450991  0.701196252941177 
 1.409119815303425  1.146369920844328  2.275322427440631  3.087798680738788 
 1.346451203155812 -0.042925678816567  1.935189940828385  2.263870808678540 
 1.920550228310502  1.576226621004563  1.579807415981732  1.987239406392691 
 0.845277955326467  0.140204720721650  2.112755841924385  2.746940721649474 
 1.034425684306566  0.701194525547437  2.565962956204377  2.127679014598536 
 1.956934126984123  1.133564708994706  4.165406349206354  1.866817777777787 
 0.047015805180180  0.077399124902402  1.100714872372374  1.179923693693695 
 2.554938095238103  1.084514722222225  3.264716666666678  3.257874603174606 
 1.090071249999992  0.500179925892855  2.261348660714282  3.993350892857161 
 0.344555167530225  0.099675490968913  1.434807944732293  1.600649568221062 
 1.581346539509543  1.161418392370575  3.250728337874646  2.501489373297010 
 0.925205950191568 -0.006725611475097  2.773794444444443  2.010471264367821 
 2.267644140624993  0.433557360624999  3.189653906250012  2.149654687500006 
 1.614889005235605  0.207648249816753  2.383913089005233  1.340889431937171 
 1.271311726950354  0.362785834042553  3.796800000000011  2.571167730496448 
 1.894411117021279  1.151952202127662  4.504209042553188  3.250212234042552 
 2.296536000000001  1.541355447999997  3.869012000000006  4.403051999999986 
 2.539483615819208  1.857849152542372  2.842706214689263  2.132301468926550 
 0.918315356545961  0.383103345682451  2.856508913649019  3.057758217270208 
 1.964635021097044  0.446191867341773  1.350491548523207  1.737524050632913 
 1.873191111111110  0.296107103500000  2.070459444444445  3.310728611111115 
-0.202176937968952  0.069722064184993  0.850092619663653  0.670600610608023 
 0.754842214876035  0.157509711008264  1.131574297520660  1.192173338842976 
 1.228795907172997  0.688980864978903  1.627026097046412  2.397611603375522 
 1.035487112860894  0.191036819422572  0.853357579002624  2.113241994750653 
 1.948918156682029  2.105015207373271  2.796661751152072  3.693771889400914 
 1.127353148148148  0.210831548412698  1.293652989417990  3.060870899470906 
-0.268797093097186  0.063059461998183  0.486403600635785  0.798104150772030 
 1.542608675675677  0.075053871891892  2.863925945945947  2.744702972972970 
 1.102956796116506  0.649618713592233  1.872028155339807  1.523412669902910 
 1.295081687500000  1.892462053571429  2.535905357142857  2.495212053571429 
 1.792578310502284  0.599995063926940  2.396365296803652  2.299339726027398 
 0.537263173248408  0.099440094025478  1.956610063694269  1.371748382165605 
-0.453666302439024  0.072928704942872  0.527257045731709  0.460970544024390 
