 0.154698406161710  0.081020846410792  1.320043465981925  0.657091057766594 
 0.164607969526627  0.077920622292893  0.640535094378665  1.323011227810552 
 0.716910278074744  0.099753148128348  1.474231568627348  2.412026559714735 
 1.544743348017585  1.181489471365648  2.897532158590383  1.423619911893975 
 0.269641181569950  0.086418551763366  1.121414368600719  1.516420364050054 
 1.259990193916335  0.359658113764270  3.449877566539952  1.568398589353717 
 0.921037294117665  0.098110576134457  1.499329075630235  1.706509243697467 
 0.422405237741469  0.097800537928673  1.834446656760830  1.080864918276371 
 0.793907301369928  0.291788533904117  2.654069520547761  0.979345534246432 
 2.638384999999944  0.748810822222215  2.422806666666691  2.842029444444416 
 0.576820694233208  0.139520756771566  2.067903993610187  2.142011341853012 
 2.007649166666622  1.455689166666676  2.321383333333313  4.604947499999945 
 1.912450990991043  1.229743603603630  0.950153990990900  3.376332432432619 
 1.560623444444424  0.377950027777798  3.481233888888969  3.759681111111075 
 2.185552482269467  2.113762411347528  3.988553900709230  2.763107801418398 
 1.175869163492059  1.402083756613766  3.637019576719617  3.179106878306901 
 0.920316699029124  0.071371123624595  1.857944660194190  0.732865424595471 
 1.747165676567652  0.970941287128717  2.077833663366332  2.824822772277237 
 1.243893049327347 -0.081066112556052  2.038538789237647  2.091960762331888 
 2.194244285714286  1.228517285714282  1.318762793571425  2.075053571428566 
 0.884944607717056  0.041807905144696  2.039171061093220  3.036363987138244 
 0.936381192411916  0.578766178861776  2.595717073170730  1.827767750677506 
 1.745663571428565  1.208678428571423  4.290370714285719  1.786524071428585 
 0.173862921046890  0.079243302584514  1.425163685932397  1.159907906215921 
 2.461089714285722  0.947957913142861  3.786974285714303  2.871985714285718 
 1.147207883211667  0.354722875182478  2.384266423357660  4.161955474452586 
 0.382207374767443  0.114479707944187  1.601669651162787  1.711778604651150 
 1.638341602787464  1.158373484320559  3.300122996515659  2.486645296167255 
 0.845720878706195  0.053187495067384  2.729164150943392  2.394015363881403 
 2.143753333333327  0.393425251199999  3.178889333333349  2.129700444444450 
 1.579339084507046  0.076798444471830  2.488753521126751  1.423706971830982 
 1.416619619047618  0.381104739047618  3.887571428571448  2.490750952380943 
 1.848662790697678  1.132538635658920  4.625934883720929  3.361562790697674 
 2.116344578313254  1.684074819277104  4.060756626506034  4.457719277108415 
 2.409313218390805  1.623410689655172  2.686685057471266  2.316475287356322 
 0.897922377659575  0.285794446808511  3.313856914893602  2.919391489361730 
 1.676723360655736  0.311439221557378  1.350245901639345  1.542217704918038 
 1.823127118644066  0.235484066779662  1.963650762711866  3.478945762711870 
-0.008555806089508  0.074974901675715  0.994648613352902  1.040861922230376 
 0.708819547038330  0.147442348188153  1.185677038327523  1.158625522648082 
 1.158199370860928  0.786343807947020  1.462426523178803  2.238758278145692 
 0.972371236363634  0.235827183272727  0.697784122181816  1.967924363636362 
 2.315069934640523  2.069775816993465  3.034023529411765  3.554808496732015 
 1.547485665529009  0.103270498088737  1.394908259385665  2.538998634812302 
-0.200908754799017  0.070694640549631  0.583217133716161  0.889938326497133 
 1.393204769647697  0.538003710027101  2.805783197831980  2.382484552845531 
 1.060727105263158  0.548523571052632  1.902437368421058  1.541385842105261 
 1.040783446721313  1.287883770491803  2.444268442622953  2.395145901639347 
 1.839453726708075  0.548887982608693  2.233926397515520  2.069150931677017 
 0.645865993740220  0.092219137355243  2.131208763693272  1.515505946791863 
-0.541837975567189  0.073390913120690  0.510831728010475  0.546076633507853 
 1.744129548387096  0.826754709677421  2.074030967741937  0.960533275483873 
 1.473916337209302  1.872767441860461  2.226023837209305  3.141993604651164 
 1.223268356164383  1.659466438356163  2.967998630136988  3.829654794520545 
-0.196181834004835  0.065890938871878  0.899041740531828  0.611586851732471 
-0.262170519311065  0.067237982682672  0.520492435281837  0.449672691231733 
 1.077624622641511  0.368265209433962  1.150689198113206  3.218833018867925 
 1.089349840546699  0.446762150341686  2.059819362186787  2.506258086560364 
 1.029235321428571  0.688579064285714  2.603766071428574  3.193242857142858 
 1.640744880000000  2.193684000000001  3.207389600000000  2.259946400000000 
 1.863607664233577  0.800458248175182  2.769430656934310  3.410782846715328 
 2.538695070422534  1.053726063380282  3.253757042253522  3.899189436619721 
 2.525346456692915  1.584190000000001  1.960332283464567  3.452396062992125 
 1.711405396825397  1.959289682539684  1.877938174603174  1.838143809523810 
 0.417141989775051  0.081727606257669  0.989043967280164  2.021777709611456 
 1.624551525423729 -0.014139704745763  2.719587457627119  2.881950169491525 
 2.604701265822784  1.514901518987341  3.349205063291140  1.363867088607595 
 1.340792770270271  1.075797027027027  1.703144594594594  3.682308108108112 
 0.821581130281690 -0.092599405985915  2.739928521126762  1.702421830985916 
