 0.010149568674651  0.075294361703970  1.239452839931014  0.604935870912523 
 0.230564538922155  0.086080164461065  0.686398727544842  1.617553892215372 
 0.961443006134759 -0.040228225950910  1.773919631901662  2.267250920245306 
 1.739361827956944  1.115991935483883  2.825580107526974  1.908446774193186 
 0.189773308079452  0.080853431668873  1.177097576158984  1.391537350993379 
 1.175908249999974  0.066498548125019  3.471356250000047  1.866251250000173 
 0.685056458333357  0.149200923411464  1.012589453124980  1.448225781249979 
 0.416527885017453  0.102479746655041  1.738615679442644  0.613322941463405 
 0.631684328185401  0.131031677606186  2.682409652509449  1.339205752895588 
 2.760479816513669  0.912524651376135  2.434422935779859  3.067909174311881 
 0.629737253185562  0.047309683016620  2.251080886426531  2.021225484764503 
 2.176380851063713  1.561696170212790  1.621645106382929  4.558285106382836 
 2.165021917808298  1.041262191780861  1.041604452054655  3.189797260274251 
 1.461007692307650  0.236971186813228  3.574404395604553  3.823849450549376 
 2.675571830985842  2.173295774647908  3.894295774647905  2.516066197183012 
 1.532076605504579  1.001868807339466  3.933589908256954  3.457912844036734 
 1.103033274853795 -0.027361742105263  1.893000000000027  0.876555789473686 
 1.871547395833325  1.116843958333342  2.309742187499995  2.911993229166680 
 1.046865588235287  0.056669851715688  1.912777941176454  1.626257352941225 
 2.487271875000000  1.361254062499992  1.405387015624991  1.753596562499993 
 0.953382750000021 -0.027702845999998  1.895125999999958  2.990127999999963 
 0.785702153846135  0.722670887573938  2.826631360946740  1.804563313609463 
 2.052779816513753  1.171325321100909  4.265783486238534  2.066607339449556 
 0.168796553823527  0.078499233638235  1.498449117647072  1.066893882352942 
 2.523698260869580  0.973872173913050  3.786119130434807  2.948006956521750 
 1.137086804123695  0.373298839175252  2.110605154639167  4.123861855670143 
 0.311138270072993  0.156149792759125  1.544947627737215  1.584833394160570 
 1.824113043478274  1.221343975155280  3.161637888198721  2.669144099378900 
 0.723916159663861  0.036541377352939  2.756264285714267  2.303192857142855 
 2.003852287581691  0.348854489019607  3.265095424836625  2.003045751633997 
 1.813958666666672  0.055871601333332  2.371579333333315  1.371822066666662 
 1.685214020618555  0.204161895876287  4.104082474226836  2.557501030927818 
 1.847577027027035  1.026897756756765  4.822047297297289  3.364737837837838 
 2.420940000000002  1.929222222222217  4.417660000000019  3.992433333333305 
 2.377627067669174  1.791180451127820  2.756541353383462  2.373839097744359 
 0.817913544642859  0.326455558928572  3.553187499999979  2.876525000000052 
 1.601827586206893  0.146612945241380  1.163776137931035  1.401487793103459 
 2.196751282051273  0.276901849487181  1.724254871794876  3.782584615384618 
-0.023546504129032  0.075596402058064  1.116040980645167  1.005306787096781 
 0.483571183098597  0.107759403098592  1.001814816901402  0.841645690140845 
 1.370653500000002  1.445600333333333  1.574198416666656  2.683317499999984 
 0.806022046511625  0.109831214883720  0.650602053953485  2.118538604651161 
 2.588497435897438  2.169139743589745  3.050865384615381  3.588099999999974 
 1.544337368421052 -0.002319765789473  1.273444736842101  2.547557368421078 
 0.052915070422532  0.073215595422535  0.819823422535209  1.196854056338041 
 1.221607327586207  0.516308431034485  2.937772413793104  2.380263362068971 
 1.273834093567251  0.991170935672514  2.078498830409363  1.914048538011687 
 0.994517684848489  1.249948424242423  2.556513939393940  2.495780606060606 
 2.294447826086955  0.329914295652168  1.983085217391284  2.446871304347812 
 0.438697631067964  0.084423387038836  1.996935922330097  1.117335218446600 
-0.592427960057062  0.092936354350928  0.497072373751790  0.483701358059913 
 1.783378676470586  0.816404411764706  1.977881617647063  1.115801250000000 
 1.494842764227640  2.041395121951213  2.404690243902444  2.964852032520328 
 1.057781037735848  1.171677924528299  3.186254716981134  3.611898113207540 
-0.237499301020408  0.068163559705358  0.828521224489793  0.876793660714281 
-0.013819227604167  0.073456376024305  0.770419305555559  0.647386576388889 
 1.086572695652179  0.408722017391305  0.933215460869561  3.327950434782615 
 1.274108928571432  0.576197023809523  1.686826984126979  2.672765873015877 
 0.763885517241377  0.458559482758621  2.439689655172424  3.039967586206897 
 1.685329787234042  2.237490425531917  3.414806382978723  2.035272340425532 
 1.792615000000000  0.859139285714287  2.561187142857148  3.592767142857144 
 2.700375000000000  1.097907965909091  3.332407954545455  3.895451136363636 
 2.491464788732395  1.865319718309860  1.844390140845069  3.173670422535207 
 1.706196913580247  2.139186419753088  1.903051975308640  1.753478271604939 
 0.343459422222221  0.097549245533333  1.111946755555554  1.940385555555563 
 1.976449664429534  0.201576364429530  3.058077181208058  2.893473154362403 
 2.666998360655737  1.413417213114753  3.262286885245901  1.334143442622951 
 1.410902888888890  1.373313999999998  1.423129888888889  3.689884444444453 
 1.101520855614972 -0.217852181122995  2.586046524064179  1.697443850267378 
 1.371720000000000  0.430622937696969  3.168156363636363  1.273448666666667 
 0.718174372413793  0.129710032758620  1.277052793103449  2.578028965517242 
 1.480088281250003 -0.046242101015625  2.207725390624997  2.306888671874996 
-0.060827940084390  0.075178457151899  0.464550162025317  1.034802447257385 
 0.970691778656128  0.491079169960475  1.357726719367595  2.004676679841902 
 0.958429590322581  1.669288172043011  3.479740860215052  2.830032258064514 
 1.702637938144330  1.911126804123711  4.139548453608242  2.951931958762890 
 2.257386842105261  1.470654736842105  2.929673684210529  5.149955263157895 
 0.646622423398326  0.132965920991644  1.479246518105854  1.100009108635100 
 0.473369704708995  0.236735867724868  2.015442328042331  2.555221693121692 
 1.626442639593909  0.207745752791878  2.243920812182740  3.142407106598982 
 1.317107744107745  0.405786582491583  2.489067676767676  1.855731986531986 
 1.278686111111112  0.977444259259261  3.710333333333335  1.793500925925926 
 1.036929607142858  0.358895820214285  2.285520000000005  2.491766428571434 
 1.554557115384616  1.387695673076922  2.802530769230768  1.047735365384615 
 1.466683108108109  2.304504054054052  2.851162162162161  3.925464864864864 
 1.025115826086955  0.316717291304348  2.592649565217392  0.592880345217391 
 1.223551176470588  1.203710735294117  2.599889705882352  4.379804411764708 
 1.488596363636364  0.859216477272727  0.817488796590909  2.168697727272727 
 1.616493488372093  0.446512539534883  1.640901395348837  1.920852558139535 
 2.092506930693070  0.307843792079207  2.877693069306932  3.865519801980199 
-0.336239879106438  0.062869672049934  0.816699789750329  0.496553745072274 
-0.276244506441225  0.064331928518519  0.449019618357488  0.426967639613527 
 1.246691088435373 -0.203839606122449  2.918597959183669  2.737791836734698 
 0.997028942731279  0.475500559471365  2.266145374449340  1.280869030837005 
 0.974908965517240  0.579354236453201  1.553340738916255  1.327679014778326 
 0.925620559701493  0.003564520783582  1.344999626865670  1.847151865671643 
 0.485448255033557  0.099814905816555  1.658718568232662  2.042346756152124 
 1.604651388888888  1.175225833333333  4.229227777777780  1.024086916666667 
 1.443807954545453  0.829588409090909  3.581090340909092  2.567776704545454 
 0.840625846153846  0.547039346153846  1.958648461538465  2.081348846153849 
 2.332294623655915  1.456467096774193  2.422461290322580  3.886408602150539 
 1.322751573604062  0.489999957868020  2.871840609137055  3.180137055837562 
 1.666496929824564  0.586510657894736  2.483115350877191  2.450472368421054 
 2.574476041666667  0.690693706250000  2.888392708333332  2.253484374999999 
 1.157341250000000  1.161250808823531  2.279500735294119  3.277085294117647 
 0.591863786127168 -0.051151779190751  1.579730635838150  1.477835838150288 
 2.085247058823528  1.174709663865546  1.829880672268908  2.311244537815128 
 1.853429166666666  1.523806319444444  3.216115972222223  3.464249305555557 
 1.837880434782609  1.355663260869565  3.964771739130434  4.462376086956523 
 1.393131736111111  0.399158164583333  1.676756944444444  3.386620138888887 
-0.354358921250000  0.054898151082888  0.494460692875001  0.743118612499999 
 0.494255128186274  0.155092487745098  2.065224754901961  1.597512990196078 
 0.841538884615385  0.021644156410256  2.664325641025640  3.592856410256410 
