 0.014914343073889  0.075979098880024  0.946189659454880  0.967830873279061 
-0.344746453159342  0.069615044540194  0.589041272005487  0.587588103626357 
 1.008165720793481  0.195799161866278  1.474002848640664  2.622404114621573 
 1.692935714285702  0.972616091614912  2.803542080745365  1.421968612888093 
 0.416705132679442  0.102953237218011  1.066580384128416  1.687412193490858 
 1.579781760104301  0.581223298461543  3.695947457627125  2.221115801825330 
 1.299301896551729  0.306858929137933  1.531441034482755  1.499687586206883 
 0.384126367471414  0.090526151885640  1.602900834392216  1.051111774332904 
 0.913373211856186  0.190770065471333  2.782637414965953  2.473428474246791 
 2.331009341500747  0.694787107289431  2.700678866768764  2.904902143950989 
 0.625893544721387  0.126630382541791  1.896787014925359  1.915466766169147 
 2.185161553398048  1.621473572815537  2.736470679611644  4.039399417475729 
 1.634894093357279  0.816135614362661  1.517537007181311  3.509701615798953 
 1.290245098341229  0.394296739099529  2.690878909952615  3.533707345971559 
 2.236417588495569  1.897266814159294  3.506200221238939  2.335176681415924 
 1.818405089820360  1.209947001996011  4.125420958083828  3.485976846307391 
 0.903307432956379  0.198164215226172  2.548008562197100  1.317346821486265 
 1.308346477823691  1.547162933884300  2.693271763085398  2.856337190082644 
 1.465885755905508  0.347997065858269  2.286732125984251  2.269693228346464 
 1.913588827977318  1.353571209829865  1.607191382041587  2.216946559546315 
