-0.158605785845044  0.071364752638808  0.906307443563098  0.632299379987904 
-0.133132945032633  0.069796540108046  0.573015761276272  0.945373372008656 
 0.633844499645637  0.144330943737147  1.460829782857074  2.215717142857101 
 1.694532482517453  1.248244160839169  2.752260139860195  1.284792195803958 
 0.338212889370917  0.083563668676788  0.916361640997862  1.737893600867683 
 1.175846370843980  0.415594993145788  3.294505626598487  1.465924475703394 
 1.033172512019241  0.215133330769233  1.691526442307675  1.585425564903835 
 0.141260762151710  0.079250058075849  1.353209969040272  0.847277469040247 
 0.667060290882805  0.186677363154851  2.414554703328433  1.348133458755366 
 2.089268640350860  0.929040232456137  2.263919298245626  2.803006140350868 
 0.596255575212751  0.090093600286171  2.032945957446784  1.936811170212749 
 2.267556439393918  1.761394924242429  2.359029166666658  3.882716666666641 
 1.757906015936275  1.218398087649415  1.235310968127451  3.411482470119604 
 1.756649669966983  0.445469003630375  3.254079207920837  3.686942244224401 
 1.969842780269035  2.200900448430500  3.723612107623324  2.612356502242126 
 1.245848160738253  1.484127281879201  3.279015100671165  3.533420134228206 
 0.584248065789475  0.097789213481579  1.876254736842111  0.880928337105264 
 1.307396016129027  1.602484354838714  2.302105107526880  2.874898655913976 
 1.403837527559048  0.032328129196851  1.946188188976366  2.300879842519715 
 1.857587960199006  1.677290049751241  1.619294697014922  1.936460696517410 
 0.804373223856215  0.188508586045752  2.093502614379075  2.818396895424832 
 1.144698841201714  0.737898383404858  2.239926895565090  2.138684120171668 
 1.993901890756300  1.065574697478989  4.081059243697481  1.887478403361352 
 0.066083316068053  0.077846667227473  0.973173780718338  1.184747870195341 
 2.622154474708177  1.000110349027240  3.250835797665379  3.161508560311285 
 1.269555703422049  0.678706128897337  2.274839087452467  4.155884790874536 
 0.329898239863946  0.094655733266667  1.522970952380951  1.468757687074821 
 1.445676403341294  1.175682004773273  3.202171360381853  2.445135799522677 
 0.960582203730270  0.068731215265422  2.725682352941173  2.104925251076041 
 1.960047222222222  0.338965825042735  2.865039743589747  2.176597863247869 
 1.522475534883724  0.294360782930232  2.268404186046509  1.157930127209301 
 1.296646657894737  0.351882444736842  3.734511988304101  2.610484210526313 
 1.882741390134532  1.211301991031392  4.461912107623315  3.265079820627801 
 2.249574375000000  1.667843624999997  3.640478125000003  4.389702499999991 
 2.489992727272727  1.815169545454546  2.773066363636362  2.206205272727269 
 1.162256726618703  0.321640545323741  2.823343884892086  2.981280215827342 
 1.834659826589595  0.583955745086706  1.413982736994220  1.850444335260118 
 1.812640270270270  0.260837834486487  2.113216486486488  3.361391891891895 
-0.432708021256495  0.069558208685078  0.518166751676903  0.514508414454418 
 0.776366385350319  0.152741297356688  1.136318582802548  1.165385175159238 
 1.171750000000002  0.342417978401728  1.322317213822894  2.977020518358530 
 1.043995680751174  0.226133897183098  0.869359402816901  2.117186150234742 
