 0.049010223188369  0.078441728313579  1.234989380764058  0.622491744400760 
 0.159510688372093  0.076565539318930  0.666037282059763  1.378139202657695 
 0.756702938855880 -0.017376209447725  1.537406706114283  2.191495069033471 
 1.629175991379276  1.193338491379319  2.718882758620763  1.612266724137639 
 0.267518728587815  0.086824251423650  1.154744959816340  1.456872675086108 
 1.195808443999985  0.207111741600012  3.426949200000029  1.774646000000111 
 0.825199444444463  0.113677374958337  1.379163124999985  1.433069618055543 
 0.435328921649503  0.104404070762880  1.813085979381523  0.801420841649479 
 0.770266644951202  0.264197836807825  2.621597394136633  1.019879885993349 
 2.650213609467396  0.754221881656797  2.429650887573990  2.834406508875710 
 0.541769619611089  0.147616822035185  2.067433518518473  2.120237407407379 
 2.069476146788941  1.458928899082580  2.154934403669703  4.616288990825627 
 1.880251311475457  1.271011639344287  0.969862435245818  3.207544262295250 
 1.540453734939737  0.382904000000022  3.521864457831411  3.769618072289118 
 2.188206382978686  2.112366666666676  3.986663829787244  2.756958865248185 
 1.207634983597880  1.433916296296305  3.612596825396866  3.190143915343938 
 1.061259407407403  0.063467320000000  1.917823333333350  0.904534066666668 
 1.759704620462042  0.976850825082512  2.164631353135310  2.816877227722782 
 1.083475059055111  0.015821023818899  1.947359251968487  1.786916732283507 
 2.300538759689923  1.211437596899220  1.432582689922477  2.035661240310071 
 0.813305600583102  0.081876554810497  1.966574344023300  2.957397084548087 
 0.903059969879508  0.608116807228902  2.636203915662650  1.796146987951805 
 1.812080999999994  1.193469214285708  4.258928571428577  1.826139000000013 
 0.218833795512819  0.078825698294872  1.497871581196590  1.134989786324785 
 2.473966467065878  0.960341405988028  3.768167065868281  2.917384431137731 
 1.143378478260857  0.300996814492750  2.369750724637677  4.129480434782639 
 0.374263178116711  0.098222871527852  1.591812201591505  1.693816710875319 
 1.621541541095898  1.148260205479453  3.291401712328748  2.490386986301379 
 0.810773765306119  0.059317272117346  2.678295663265299  2.387278826530612 
 2.157450697674412  0.429532123348837  3.150951627906992  2.092784186046517 
 1.591726119402989  0.111273601604477  2.514645895522378  1.431238097014922 
 1.482496031746031  0.438188514285714  3.998774603174622  2.533347089947081 
 1.855345161290326  1.161668580645166  4.646160483870966  3.382578225806451 
 2.119145238095238  1.669894166666663  4.039913095238105  4.471955952380934 
 2.443953012048193  1.675425120481927  2.714800602409639  2.385715662650602 
 0.889163612745099  0.438619681372549  3.322472549019594  2.827897549019635 
 1.647920779220778  0.289660169090910  1.330629307359309  1.528981904761910 
 1.897994174757279  0.248950845922331  1.974695533980584  3.531575728155347 
-0.010030433787234  0.074423878293617  1.049297727659578  1.067173574468087 
 0.583285683453242  0.128633714916068  1.050325035971217  0.900178729016787 
 1.339796680851065  0.915590382978723  1.429376255319142  2.296347659574458 
 0.963808385826769  0.227546879527559  0.682749581102361  1.863282283464564 
 2.218246979865772  2.129030872483223  3.036647651006712  3.662788590604016 
 1.543037226277371  0.078627611824818  1.371389489051093  2.535217883211695 
-0.095631046979169  0.069836944373958  0.631323343750000  0.960901072916673 
 1.418654588859418  0.537392058355439  2.702582228116714  2.272422281167111 
 1.029686636363638  0.615753212121212  1.894066363636368  1.557185363636360 
 1.011619881632655  1.238998367346938  2.474581224489797  2.527495918367346 
 1.881980544747083  0.470452690272371  2.106376653696488  2.095512451361864 
 0.520573345146381  0.115260868674885  2.056830200308168  1.429068258859786 
-0.557095382955772  0.089023494498383  0.527147738942832  0.472644872707659 
 1.746788258064515  0.833947096774195  2.049563870967745  0.988653533548389 
 1.479176521739130  1.926067080745337  2.316167701863357  3.137057763975156 
 1.174876875000000  1.443452937499998  2.948188125000005  3.888799374999998 
-0.258602956033677  0.072050551824135  0.861077296538819  0.713739232927968 
-0.208050926640927  0.060934335379665  0.675097554697555  0.413352556241956 
 1.200021966292136  0.362482365168539  1.195423146067414  3.346740449438204 
 1.075313809523811  0.446553813852814  2.001241558441558  2.453712554112557 
 1.103894831804280  0.477882535779817  2.561330886850154  3.179303363914375 
 1.621975271317829  2.181998449612404  3.204810077519380  2.228250387596898 
 1.863566911764706  0.770676455882353  2.772803308823535  3.414526838235294 
 2.539534666666666  1.071516473333334  3.206508666666668  3.895830000000003 
 2.532472440944883  1.593309685039371  1.990890551181103  3.440959055118109 
 1.691023304347826  2.004943478260871  1.877425304347825  1.847318434782609 
 0.367556610136452  0.085143137797271  0.990010350877193  1.942967836257314 
 1.621071062992126  0.011725746456693  2.990763385826771  2.853100787401572 
 2.606079487179486  1.530373205128204  3.333300000000000  1.367544102564103 
 1.320465155279503  1.144469875776396  1.725237639751553  3.619100621118016 
 0.815370067961165 -0.096727416828479  2.613155987055021  1.704064077669902 
 1.422563880597015  0.791921112089552  3.354253731343284  1.048214626865671 
 0.757701107569721  0.181413010756972  1.112069322709165  2.652286055776894 
 1.467165292096221 -0.099495166323024  2.212399999999997  2.469196219931271 
-0.329654957188160  0.054362165989757  0.425620988689218  0.688297103594080 
 0.768084119873817  0.454783817034700  1.445767539432176  2.046337223974766 
