 0.111361369032893  0.080196930164616  1.269753209876458  0.701914788066026 
 0.127186948806365  0.078074283647209  0.664962127055673  1.284130543766488 
 0.659891369942096  0.121914614985554  1.451079566473904  2.266523988439259 
 1.699774887892340  1.243402556053821  3.035126905829670  1.267278874439158 
 0.360749657859954  0.087974808969615  0.957280250990790  1.813540158520475 
 1.272600410658295  0.429923915423207  3.395598746081527  1.587675360501653 
 1.056827688073413  0.048751182660554  1.523173669724749  1.581614678899068 
 0.321502095505628  0.090549972337075  1.695027528089929  1.072563325842693 
 0.768376541114109  0.271150506366053  2.653185676392431  1.073088636604665 
 2.514219028340044  1.195323684210523  2.155816194332002  3.003424696356253 
 0.633583924816808  0.128114885398915  2.062920081411094  2.109700678426031 
 2.083206432748506  1.316937894736850  2.327015789473670  4.431660818713411 
 1.702673131313160  1.151006535353551  1.137727843434292  3.507172727272832 
 1.728547822878215  0.421269848708501  3.253125461254662  3.708382656826545 
 2.055066363636337  2.162302673796799  3.877334759358297  2.628046524064139 
 1.024758628301883  1.339395660377369  3.703222012578663  3.354602515723299 
 0.829419326923075  0.086866349326923  1.845997596153858  0.754666264903848 
 1.512938535353531  0.987874141414142  2.343851515151514  2.968846464646469 
 1.363127681451606 -0.050504751129031  1.927800604838692  2.254949798387139 
 1.965046391752576  1.595410876288656  1.553901670618553  2.095176288659790 
 0.881961283088243  0.159148844044118  2.101645955882337  2.806913602941166 
 1.033798527204499  0.694521332082543  2.572309568480300  2.134399437148213 
 1.982086416184967  1.110661040462424  4.208005780346824  1.905546011560704 
 0.134400422126929  0.076410922401372  1.217802821612354  1.278071981132076 
 2.542290222222232  0.998499022222225  3.277885777777791  3.236219111111115 
 1.097980084033606  0.501294026890754  2.239343277310921  3.954294957983210 
 0.396884328051182  0.117608000326772  1.559087893700782  1.647605905511802 
 1.586177314285720  1.160051685714289  3.271803999999984  2.513324857142864 
 0.888995726530609 -0.004139588551022  2.784257755102039  2.026278571428576 
 2.292724999999992  0.433930609666666  3.191331250000013  2.173267916666674 
 1.555673474801064  0.139858840397877  2.435191511936337  1.409322209549072 
 1.285572396296296  0.353486661111111  3.803800740740753  2.574948888888882 
 1.909451912568309  1.151197508196724  4.504296174863385  3.243532786885245 
 2.307873451327434  1.507919477876103  3.930169026548680  4.425586725663702 
 2.477112290502792  1.848918994413408  2.867829050279328  2.098303128491619 
 0.895093576023391  0.371814886257310  2.887769590643267  3.050955263157908 
 1.969923788546253  0.455680184140970  1.356876770925110  1.777955418502206 
 1.899959821428570  0.279039997797619  2.061341666666666  3.321422321428577 
-0.078686906602374  0.071583871419881  0.915967114243327  0.960727129080123 
 0.698877061769618  0.159944353572621  1.117239749582636  1.193546944908181 
 1.231167097457628  0.704184576271187  1.626124385593219  2.407181355932196 
 1.037519342857143  0.211309680857142  0.798170238857142  2.111011714285712 
 2.368252702702705  2.141289189189187  2.935252702702699  3.669497297297287 
 1.142449631728045  0.219725427762040  1.268414560906515  3.060546458923521 
-0.236126625753663  0.067193212721791  0.513806819982773  0.826706373815681 
 1.543179893333335  0.074824118933333  2.857040800000000  2.741238399999998 
 1.053418367346940  0.577063718820861  1.872160090702950  1.626124739229022 
 1.243062819512196  1.820030243902439  2.571802439024389  2.363462439024389 
 1.816807231920201  0.603486468827929  2.414576309226928  2.217557107231920 
 0.634522235772359  0.093668939119242  2.148410569105694  1.510348644986451 
-0.473564177323665  0.073322686319255  0.492071095121954  0.484335812788398 
 1.657298176795579  0.997116243093924  1.969843093922652  1.080272898895028 
 1.560670817610063  1.896670440251570  2.068329056603774  3.289277358490565 
 1.452764311111111  1.555241155555556  3.013588888888891  3.602206666666668 
-0.218331452830189  0.067679679849057  0.822577788679244  0.544263702037735 
