 0.028271516040908  0.078118072610933  1.228026467576654  0.589701267918389 
 0.262114582352941  0.089106523029399  0.675866867646992  1.626409999999806 
 0.897372017803951 -0.009248531632037  1.772364094955315  2.281923442136408 
 1.746905882352892  1.118493176470601  2.744818823529511  1.868095882352544 
 0.165296894460621  0.079194648848395  1.187058731778474  1.388133527696795 
 1.136411111111082  0.091260164583354  3.499528472222274  1.857189583333525 
 0.601236995412864  0.150836429105509  1.096941926605484  1.441188990825669 
 0.398724809701526  0.106742965634317  1.762619776119547  0.615000605223870 
 0.623231292968824  0.130687041015634  2.676954687499793  1.338485117187334 
 2.776847169811225  0.898878084905648  2.426025471698157  3.078384905660331 
 0.625108419701457  0.024356300832836  2.283051940298441  2.035791940298463 
 2.181793617021160  1.631767446808534  1.612613191489312  4.523525531914751 
 2.197176623376698  0.926837012987050  1.125388636363504  3.275689610389875 
 1.583942159090865  0.286958386363678  3.705113636363799  3.762236363636287 
 2.669601388888817  2.168119444444464  3.901475000000018  2.495029166666581 
 1.411728349514555  1.092341747572834  4.080363106796193  3.415420388349553 
 1.105624670658676 -0.021410001796407  1.911126347305417  0.865254371257487 
 1.879095811518317  1.106337801047129  2.316695811518320  2.915341361256557 
 0.992193036211691  0.024579972423400  2.005425069637863  1.632451532033479 
 2.509847619047619  1.395088412698405  1.419824904761895  1.770288571428565 
 0.936768823529432 -0.058300094117645  1.938643137254860  3.005860294117610 
 0.783438266666647  0.727858787878760  2.813364848484844  1.798004848484844 
 1.845606282051270  1.294123589743579  4.492111538461541  2.105305128205150 
 0.181038096159314  0.080905861143670  1.490316500711251  1.053012916073970 
 2.443280733944971  1.102577431192667  3.790235779816541  3.051414678899095 
 1.110906288659777  0.366700035051540  2.042622680412364  4.100387628866018 
 0.312035440414508  0.081102090366149  1.548803972366138  1.547537823834183 
 1.783641104294492  1.245271349693251  3.155920858895669  2.641709202454005 
 0.721335422594138  0.066745818410040  2.777546025104583  2.338258158995814 
 2.001266101694905  0.131520725593219  3.155133898305114  1.945396610169504 
 1.773027678571435 -0.074939998214288  2.386325892857120  1.393520357142850 
 1.531874404761902  0.159570204761903  4.081707142857177  2.516964285714265 
 1.944981034482768  1.053921620689666  4.892946551724127  3.368477586206896 
 2.427912500000002  1.981804999999994  4.467892500000021  3.997302499999968 
 2.397356198347108  1.783638016528926  2.781550413223143  2.420304132231404 
 0.783094790909093  0.340752108181818  3.520978181818160  2.869037272727324 
 1.812497802197798  0.170862219340661  1.328005714285714  1.292434395604412 
 2.198621126760553  0.206832707887326  1.812047605633808  3.879209859154932 
-0.034601965294924  0.074677330308641  1.125830699588484  0.991532949245549 
 0.355807586538466  0.085851278173077  0.900977235576918  0.960382499999999 
 1.366889173553721  1.423621983471075  1.666281983471064  2.710721487603290 
 0.749106499999997  0.091533473636363  0.701954579999997  2.165547727272724 
 2.567778313253015  2.144643373493978  3.066165060240960  3.602975903614434 
 1.539154022988504  0.010801772988506  1.249979597701145  2.593529310344856 
 0.009733582524268  0.072192999595469  0.830084142394819  1.237672734627847 
 1.269735305164320  0.521889746478876  2.954005164319248  2.306059154929583 
 1.264290897435897  1.008896089743589  2.103060897435904  1.907387820512811 
 0.989961567251466  1.237628070175438  2.565101169590644  2.495077777777776 
 2.298937391304347  0.327393339130429  1.987719130434762  2.460313043478247 
 0.424195772609822  0.076415105219639  1.997785271317830  1.108165710594315 
-0.591082292263610  0.092485225214901  0.489645710601726  0.484650088825213 
 1.838620979020977  0.655154055944057  2.111888811188814  1.193190769230770 
 1.495655892857140  2.062365178571421  2.418246428571434  2.954864285714289 
 1.053475045871558  1.153785504587154  3.194147706422021  3.615672477064213 
-0.215503413878563  0.069310616120199  0.825584014869886  0.886007261462201 
-0.026800575774135  0.073923565701275  0.772419289617490  0.622704732240437 
 1.057652385321106  0.395853688073395  0.930639614678895  3.322877064220190 
 1.238091048387099  0.577555362903225  1.691995967741930  2.661381048387101 
 0.791657285714284  0.459423751552796  2.416477639751563  3.105317391304348 
 1.678332954545454  2.248564772727276  3.430079545454544  2.020979545454546 
 1.760671232876712  0.810512123287673  2.518921917808224  3.588021917808220 
 2.732295121951219  1.099289036585366  3.356300000000001  3.903420731707317 
 2.484464285714286  1.861955714285715  1.844087142857142  3.146402857142853 
 1.794347794117646  2.269136764705885  2.060977941176468  1.899211764705883 
 0.336172643652561  0.108658819576838  1.135547416481067  1.923651447661477 
 1.983410447761198  0.225998489552239  3.030883582089559  2.900099999999986 
 2.660749999999999  1.477725370370369  3.186670370370370  1.294182407407408 
 1.418180930232559  1.348117325581393  1.380316976744187  3.709427906976754 
 1.106043352601155 -0.212949021791908  2.658927167630067  1.707668208092483 
 1.375489090909092  0.435256725575757  3.169179393939393  1.271506242424242 
 0.708679057553957  0.128407226258992  1.283586043165468  2.580967266187050 
 1.469389919354842 -0.031488877258064  2.227465322580642  2.326332258064512 
-0.056209089495800  0.074001913214286  0.466280581512605  1.029426638655464 
 0.952863984063748  0.508689832669323  1.362161752988054  2.046135458167336 
 0.950606573563218  1.664595402298851  3.452933333333332  2.795959770114941 
 1.721292680412371  1.955743298969072  3.990857731958757  3.012128865979384 
 2.257386842105261  1.470654736842105  2.929673684210529  5.149955263157895 
 0.716442430278881  0.097061828685259  1.312651633466144  0.879455617529881 
 0.462034937149759  0.260628231884058  1.990043478260871  2.517546376811592 
 1.613283505154640  0.204327345360825  2.278462371134020  3.136417010309278 
 1.314790443686008  0.400955068259386  2.478326279863481  1.842274402730375 
 1.229812886597939  0.984677628865981  3.651019587628868  1.791193814432989 
 1.034909342560555  0.364677784290657  2.297750173010386  2.492491349480974 
 1.563869166666668  1.386952708333332  2.841473958333333  1.046212687500000 
 1.471119078947369  2.293082894736840  2.852863157894736  3.921122368421051 
 1.025189557522123  0.316278305309735  2.598893805309736  0.588634953097345 
 1.200694328358208  1.156040208955224  2.641832835820895  4.420125373134331 
 1.596011518987343  1.027645949367088  0.876818786075950  2.431705063291138 
 1.620895054945054  0.552630549450549  1.631890109890110  1.949525274725275 
 2.116913829787235  0.345751117021276  2.915255319148936  3.866008510638299 
-0.350551197969542  0.060555911586295  0.809604784263960  0.509209784263960 
-0.275440895214522  0.062626507937294  0.449880760726073  0.422384099339934 
 1.274496643835615 -0.210953870547945  2.917238356164380  2.723469863013702 
 0.971445581395350  0.485659195348837  2.278406046511630  1.250972139534885 
 1.048085732217573  0.475580510460251  1.624717991631798  1.417123472803347 
 0.901682211221123 -0.029532694488449  1.364114587458743  1.767058745874589 
 0.476113733624454  0.092888267467249  1.651933187772926  1.982926637554582 
 1.601081944444444  1.176219722222222  4.253533333333335  1.032256361111111 
 1.454627901234566  0.825171975308642  3.616970987654323  2.583701851851852 
 0.825162061068702  0.524408587786259  1.976605343511454  2.048768702290079 
 2.319354166666668  1.450922291666666  2.422589583333333  3.894927083333334 
 1.346854591836738  0.533778239795918  2.956873979591835  3.048540816326529 
 1.646736320754719  0.594667641509434  2.466815094339621  2.443404716981133 
 2.488061261261262  0.765709909909910  2.860407207207207  2.340793693693693 
 1.178328676470588  1.236755735294119  2.269761764705882  3.314780882352942 
 0.658330292682928  0.132421216770732  1.623732926829266  1.306385902439023 
 2.089979646017698  1.181889823008849  1.825545132743363  2.331751327433631 
 1.828083802816901  1.421008098591549  3.175563380281691  3.501121126760565 
 1.862758333333333  1.392254375000000  3.967675000000000  4.421481250000001 
 1.426903439490446  0.382639700636943  1.663607643312102  3.323262420382163 
-0.351581228930818  0.059569461970201  0.493583829308178  0.747228289308176 
 0.477345069820972  0.154096907928389  2.063982097186701  1.599274168797953 
 1.071577156862745  0.118534091176471  2.862818627450978  3.686213725490196 
 1.249941985294117  0.334122993382353  0.784013191176471  1.593528970588237 
 1.497017301587302  1.467965079365079  1.611923492063493  1.226780634920635 
 2.105793518518518  0.967118888888889  3.571178703703703  1.964597222222220 
 2.452609677419354  0.455819059677420  3.957645161290327  2.534348387096773 
 1.397262500000000 -0.043519387500000  1.673311309523810  1.971719642857142 
