-0.160167091737562  0.071133563183479  0.901552320777593  0.632511399635586 
-0.131689672169467  0.070277817391524  0.571837622205974  0.946821234477675 
 0.619667142756741  0.123490864685538  1.534954297693860  2.177341090146714 
 1.721623247232442  1.261113173431744  2.754112915129211  1.278344346863218 
 0.338520273835904  0.086726489933480  0.909199526607571  1.757743237250559 
 1.256145423188395  0.464455513971023  3.371193333333355  1.516060866666745 
 1.019752316602327  0.265658159459462  1.696472844272827  1.577804195624183 
 0.136569905778127  0.079105407634050  1.347901140215742  0.845591648690292 
 0.728914727788314  0.236484200945183  2.562429300567011  1.230797015122794 
 2.102951945080071  1.011864851258579  2.264966132723124  2.823176659038893 
 0.612664030947567  0.085936070432460  2.108204032258038  1.812117641129018 
 2.462624747474718  1.467957676767683  2.255210101010087  3.986619696969665 
 1.769475219298268  1.226096859649136  1.197084618421010  3.454283333333425 
 1.756767333333319  0.443144057000013  3.210561666666713  3.681385999999978 
 2.024402885572113  2.170594029850752  3.848831343283589  2.611948756218875 
 1.177412774538744  1.333233468634693  3.466447232472353  3.438334686346883 
 0.547056730631705  0.091030731163290  1.873024195470803  0.938244727294399 
 1.162440239263798  1.373433773006139  2.194297239263797  2.921199079754599 
 1.396353555166367 -0.049912899404552  2.028099999999982  2.226807355516674 
 1.823725707547170  1.700588679245280  1.651293557075468  1.951047641509431 
 0.784543832565290  0.168707083655914  2.142802304147459  2.737308755760361 
 1.174948538812783  0.711070852359203  2.382357077625565  2.054421917808213 
 2.002476696832576  1.071133325791852  4.090176923076926  1.886090769230777 
 0.066570334547739  0.077541902820352  0.973663731155781  1.188221030150757 
 2.570042187500006  0.954045975390628  3.301124609375011  3.093516796875000 
 1.215640602409633  0.680891461445782  2.321740160642566  4.131114457831338 
 0.329930416970547  0.095412566340814  1.503395231416548  1.480719915848520 
 1.475359507142861  1.308253142857148  3.140954999999992  2.429117380952388 
 0.951845148788924  0.061406581211072  2.804578027681658  2.071708650519040 
 1.992170403587444  0.343374350044843  2.827132286995521  2.196936547085207 
 1.529921695760602  0.277539350773067  2.240135162094758  1.112588714962591 
 1.332826590778098  0.357956406628242  3.729991066282428  2.584983573487030 
 1.927256294416247  1.174214842639596  4.499107106598980  3.272856852791876 
 2.281743046357616  1.581510536423838  3.681414569536428  4.407362251655620 
 2.537344607843136  1.833645588235294  2.779226470588234  2.181788529411762 
 1.152236642857141  0.316676673571429  2.830453392857141  2.968302678571433 
 1.925839068100356  0.507553526164875  1.396035544802867  1.740865627240146 
 1.807521932114882  0.252179641671019  2.101300522193214  3.327319060052222 
-0.433266908961593  0.069485719671081  0.517491675343766  0.514206492840209 
 0.775059968503937  0.143822645889764  1.138276000000000  1.157347259842520 
 1.299799571984438  0.588573488910506  1.614806984435795  2.445759922178985 
 1.028334654377880  0.191671588018433  0.883659298617511  2.099658986175111 
 1.784536680161943  2.055096761133605  2.735216599190282  3.545341295546556 
 1.077773777777777  0.214716574074074  1.271930264550264  3.096088624338631 
