 0.112537052775180  0.078417098035916  1.086145186567144  1.045725254197807 
-0.309223369843464  0.069871383758358  0.619101315170345  0.628324962523008 
 1.288314868876036  0.380640337536028  1.613717143371714  3.071346613832827 
 1.233520740932642  0.388159946159328  2.856951619170982  1.573231686981818 
 0.574443758471517  0.127861858961788  1.181558724441253  1.831623828406630 
 2.008617938689215  1.145606921670193  3.583176004228340  2.090478572938702 
 1.760128313559325  0.643947575050849  1.740933017881358  1.847860101694902 
 0.628806263330819  0.131501486404077  1.864721601208465  1.197695560498481 
 1.331790544009780  0.353285265158925  2.973278117359403  2.905659413202921 
 2.049800910052901  1.135373376783067  2.398211037037034  3.826420634920632 
 0.839247891201753  0.159737548909272  2.090455153203331  2.183746876243543 
 1.877308441822719  1.445479223470661  3.858615855181023  3.486232833957552 
 1.668364354124747  1.648348028169015  2.385745764587521  2.612295533199192 
