 0.006049895447366  0.074534779827326  1.239541224489671  0.625721885400590 
 0.234659060941828  0.083100478864254  0.729351454293565  1.633970360110620 
 0.952921303115953 -0.054743082039650  1.821729178470090  2.247257223795948 
 1.737423936170168  1.113789946808522  2.826109574468176  1.912056914893259 
 0.202775183896086  0.080210820012985  1.191870103896148  1.417354025974028 
 1.177605030674821  0.059639360122718  3.467450306748512  1.873621472392808 
 0.694136269841294  0.170812848386249  1.008826111111090  1.443463359788339 
 0.412811311111139  0.096404597746022  1.765347301587424  0.641969118095229 
 0.628331007722081  0.137157198069507  2.692399227799024  1.337069652509487 
 2.763057009345701  0.905701747663539  2.432371028037426  3.064317757009299 
 0.543691156784943  0.115723334298539  2.131579123173230  1.793184968684731 
 2.170039583333219  1.555419166666690  1.605424791666618  4.550597916666527 
 2.059688961039035  1.101574935064972  0.952296012986881  3.213357142857407 
 1.406127157894696  0.227991210526355  3.557321052631730  3.822389473684140 
 2.676943835616367  2.167878082191800  3.899173972602757  2.540413698630053 
 1.565888536585359  1.006402032520340  3.919782926829334  3.529161788617919 
 1.100774186046505 -0.030974737790698  1.891987790697701  0.879557790697677 
 1.852961827956981  1.113472956989256  2.285231720430103  2.875113978494637 
 1.047404520202013  0.057231330303032  1.907055808080791  1.618872474747525 
 2.498825000000001  1.364774374999992  1.400869828124991  1.773523124999993 
 0.965768056872057 -0.018894773459714  1.874680568720340  3.053993364928875 
 0.787939847058804  0.727080882352914  2.820058823529406  1.806290588235290 
 2.052624545454537  1.175637818181810  4.269734545454547  2.071381818181833 
 0.166160299147725  0.076372605644886  1.503480113636376  1.068980411931819 
 2.527998245614050  0.975112894736848  3.789156140350902  2.947238596491239 
 1.070262268907549  0.284931675630247  2.201805042016801  4.063857983193309 
 0.334263994727593  0.168977629933217  1.597527240773277  1.598832688927929 
 1.850276190476204  1.220140357142857  3.136378571428536  2.711524404761922 
 0.705447676567653  0.026679937326731  2.645214521452130  2.218727722772277 
 2.001570322580636  0.350370689161290  3.259653548387120  2.005318064516139 
 1.813958666666672  0.055871601333332  2.371579333333315  1.371822066666662 
 1.666033168316830  0.209250635643563  4.099553465346566  2.563025742574240 
 1.833119753086427  1.064339555555563  4.801871604938264  3.352264197530864 
 2.223152941176472  1.772867058823526  4.282069117647071  4.236426470588218 
 2.380981746031747  1.790004761904763  2.746871428571431  2.343740476190474 
 0.797636109243699  0.354483447899160  3.506432773109224  2.884200000000049 
 1.609762237762234  0.156737433986015  1.165030419580420  1.401405104895115 
 2.046612844036692  0.364728800550460  1.733046605504590  3.725975229357800 
 0.003790096784566  0.076030241806002  1.072489131832802  1.072349260450166 
 0.508488453038679  0.098355310497238  1.049733756906071  0.836771469613260 
 1.353245916666669  1.466421166666666  1.592719999999990  2.669269999999984 
 0.813483504672894  0.112203748598130  0.648750895327100  2.137758411214952 
 2.556783529411768  2.111295294117649  3.056918823529410  3.592739999999976 
 1.545934594594594 -0.010050067567567  1.277149891891888  2.535771351351378 
 0.060829499142854  0.075647506714285  0.655799626857142  1.185307057142868 
 1.205506311475410  0.499415114754101  2.934629098360656  2.388660655737711 
 1.274124593023256  0.982687848837208  2.077671511627913  1.911632558139526 
 0.988366169696974  1.255338484848484  2.546782424242425  2.491480000000000 
 2.305873275862067  0.322651931034477  1.980365517241359  2.461653448275848 
 0.464631312087915  0.104865128351649  2.040490109890110  1.201553714285714 
-0.589154016282224  0.092510727539092  0.488202225644512  0.525321590230663 
 1.783971532846713  0.819724087591241  1.973384671532851  1.117230437956205 
 1.494906280991733  2.032965289256192  2.409390082644634  2.983340495867771 
 1.322625241379309  1.287783034482756  3.189271034482762  3.633911724137927 
-0.224740892121213  0.069627511768486  0.843279551515148  0.895226569696966 
 0.011474047192983  0.075983270684210  0.773676438596494  0.649539797894737 
 1.137015666666670  0.387564853333334  1.081585133333330  3.329929333333338 
 1.301667586206900  0.571854367816091  1.686301532567045  2.704134865900385 
 0.703729361842103  0.369209126315790  2.503955263157906  3.090694736842105 
 1.687920879120878  2.239626373626376  3.410199999999999  2.014434065934066 
 1.812807299270073  0.898553430656936  2.543119708029202  3.536863503649635 
 2.594041747572816  1.064464864077670  3.348802912621359  3.873489320388350 
 2.493256164383562  1.851608219178083  1.839383561643835  3.174894520547941 
 1.706196913580247  2.139186419753088  1.903051975308640  1.753478271604939 
 0.354116955916473  0.097189402296984  1.122864570765661  1.948533178654300 
 1.958796951219515  0.202328221341463  3.034101829268296  2.904349390243890 
 2.666998360655737  1.413417213114753  3.262286885245901  1.334143442622951 
 1.397628796296297  1.267951666666665  1.526523518518520  3.648538888888896 
 1.102790851063829 -0.219996914202128  2.575536170212774  1.695301063829786 
 1.374438963414635  0.431915516585365  3.168693902439023  1.273565426829268 
 0.727910928057554  0.139185922661870  1.275726115107914  2.595225899280578 
 1.485472440944885 -0.046835826220472  2.214120078740155  2.308455118110233 
-0.264835279670976  0.064331120164512  0.471350643948296  0.819566580493537 
 0.973965038461540  0.483915192307693  1.381109192307698  2.022709615384620 
 0.937809381914894  1.638652127659574  3.452903191489361  2.859331914893616 
 1.674100967741936  1.930836559139785  4.124176344086019  2.932605376344089 
 2.236802325581394  1.482755348837209  3.024334883720933  5.100606976744186 
 0.641597279792744  0.127363873668394  1.517828497409331  1.139376139896375 
 0.479734598153154  0.201309905405405  2.041476126126128  2.509149099099099 
 1.571645000000001  0.224571336363636  2.176250454545454  3.164347272727272 
 1.324670468227426  0.402480016722408  2.491709364548495  1.861271571906354 
 1.274899449541285  0.979666788990827  3.710899082568809  1.798635779816514 
 1.045045018050543  0.355567460866425  2.277442599277984  2.524165342960293 
 1.554557115384616  1.387695673076922  2.802530769230768  1.047735365384615 
 1.493933552631579  2.300164473684209  2.832911842105262  3.935243421052630 
 1.034718053097344  0.311556446902655  2.586665486725665  0.588782209734513 
 1.254178684210526  1.193455526315789  2.588863157894737  4.369347368421054 
 1.481897528089888  0.846654719101124  0.837444877528090  2.138564044943819 
 1.615133023255814  0.446304353488372  1.642928372093023  1.923280930232558 
 2.066310576923077  0.286676423076923  2.811540384615385  3.850445192307693 
-0.338238217687075  0.063479271575964  0.801151315192745  0.521407555555555 
-0.305887608725762  0.055141541426593  0.463015458448754  0.426402096121884 
 1.191926415094338 -0.213359377987421  2.899254088050311  2.783774842767299 
 0.990343896103898  0.474834662337662  2.266472727272728  1.289547922077923 
 0.977501188118810  0.581084752475247  1.564408910891088  1.326658019801980 
 0.931126250000001 -0.002236420698529  1.340701433823528  1.828657720588236 
 0.496218832116788  0.104298763503650  1.621490997566909  2.084806812652067 
 1.604651388888888  1.175225833333333  4.229227777777780  1.024086916666667 
 1.455894395604394  0.842753681318682  3.575982417582418  2.571621428571427 
 0.844480928571428  0.520941071428571  1.984793214285717  2.089067857142858 
 2.394583695652175  1.416637391304348  2.428298913043478  3.865168478260870 
 1.290039850746269  0.480045834328358  2.870885074626866  3.226684577114426 
 1.659837053571431  0.593474732142857  2.481955357142855  2.461406696428573 
 2.574476041666667  0.690693706250000  2.888392708333332  2.253484374999999 
 1.119860347222221  1.103862777777778  2.306675000000000  3.285290277777777 
 0.572570233333333 -0.086825128000000  1.587034333333333  1.511817000000000 
 2.098585344827586  1.162108275862069  1.817344827586207  2.297258620689658 
 1.944616216216216  1.778278378378378  3.264490540540541  3.246204054054055 
