-0.161297465574728  0.070644140133912  0.880618913793056  0.680046889080560 
-0.288300137841833  0.066076214826309  0.471752756910553  0.774886075387980 
 0.896439357827367  0.176036916246013  1.057237159105340  2.420697444089403 
 1.676369046052605  1.231973421052639  2.774818750000052  1.290010322368197 
 0.394220518026552  0.096366190692598  0.945069098671757  1.740786148007594 
 1.036629531548750  0.319310720363295  3.095656022944569  1.452324437858562 
 0.948568682505408  0.192053736447087  1.385494114470830  1.457051177105821 
 0.151511370568342  0.081907489451284  1.287444424898534  0.838749576454669 
 0.656611279439269  0.126733117168226  2.202714392523315  1.506248663551361 
 2.117606423982850  0.859462905781582  2.238625267665964  2.790560171306201 
 0.582360061892549  0.126426371313224  1.735222644628078  2.061289834710739 
 2.239209293680278  1.756659702602236  2.234084089219322  3.866311524163543 
 1.570425820433450  0.940913037151712  1.176875804953531  3.292795046439691 
 1.756462575757564  0.449460957878799  3.233566666666709  3.639625757575739 
 1.966448658008636  2.185389610389616  3.716544588744593  2.605288744588719 
 1.242723706333331  1.486617266666673  3.280704333333358  3.531813000000018 
 0.585624260325408  0.112980987917397  1.868942177722162  0.849406753692114 
 1.340505897560972  1.574531902439028  2.272068780487803  2.876864878048778 
 1.370121695906424  0.022590646842106  1.894345467836248  2.252822660818740 
 1.916129132420092  1.615477534246573  1.586340475342462  1.949465936073056 
 0.902102401225119  0.240435364165391  1.857239264931077  2.896503675344559 
 1.146450310810810  0.716629175675670  2.225931351351348  2.114741621621618 
 1.934979279999998  1.026374171999997  4.070906400000004  1.838549596000007 
 0.053330696448391  0.075994580870699  0.834147179800224  1.169294012208660 
 2.620411231884063  1.004759998913046  3.232689492753633  3.140650000000002 
 1.279153218390801  0.678737126053638  2.266262375478923  4.155938314176256 
 0.288525036180905  0.087876362494975  1.468027324120600  1.398203957286430 
 1.429144719540234  1.157605287356325  3.197252643678151  2.435085287356326 
 0.851407871391074  0.059526407900262  2.590491732283458  2.219114566929133 
 1.899165183752417  0.313773198297872  2.835635589941977  2.122207156673121 
 1.471004828244277  0.296299944007633  2.179574045801525  1.189615371564884 
 1.309743176315790  0.321145100263158  3.694135789473690  2.578407368421049 
 1.891530262008736  1.217182681222709  4.479271615720521  3.287216593886462 
 2.240156571428571  1.663378171428569  3.522487428571432  4.361727428571421 
 2.474400438596491  1.805371491228071  2.777019736842104  2.218619999999996 
 1.108873837979091  0.308447315679442  2.767238675958187  2.990551219512197 
 1.690115867346939  0.533225678316327  1.298349099489796  1.894084719387756 
 1.781377868852458  0.232682444699453  2.070393442622951  3.370163387978146 
-0.449311504251144  0.072654076777835  0.560343364944407  0.440448225114454 
