 0.138736739180643  0.082453211401267  1.331832783613361  0.733654447479178 
 0.148256245730027  0.077351700371895  0.667275087878757  1.325113126721670 
 0.709295416148961  0.120470794052800  1.437243229813574  2.349846739130385 
 1.719752560386434  1.257734154589382  3.049308212560466  1.234326033816099 
 0.353048023909966  0.085711424317860  1.005718987341812  1.837396343178620 
 1.275502494163408  0.374568985680945  3.467940856031155  1.537376809338628 
 1.062310307414123  0.055923924231468  1.511420470162729  1.619480904159118 
 0.353571733256361  0.091800018136255  1.731435103926140  1.128702829099305 
 0.752785351955360  0.247628596927380  2.656803910614375  1.052839681564130 
 2.530720168067188  1.064968873949575  2.226835714285732  2.986615126050397 
 0.602424101016182  0.116897481736377  2.076472754050041  2.165295876288637 
 2.083072674418572  1.303297639534891  2.308992906976731  4.441830232558100 
 1.879439757575792  1.261867515151532  1.146114381818122  3.445787878788004 
 1.723495181159407  0.419496771739144  3.253289492753672  3.695654710144904 
 2.053880372340399  2.161788297872348  3.874711702127667  2.624423936170181 
 1.018003824374996  1.322856562500010  3.708868750000047  3.343032500000029 
 0.840226476190474  0.090613139190476  1.826561666666678  0.753252062380954 
 1.536994611398959  0.991906839378239  2.340163730569946  2.986129533678760 
 1.302698791666661 -0.039140746999999  2.043824999999983  2.169303958333378 
 2.022130459770114  1.646933275862064  1.593904839655168  2.083355057471260 
 0.933651193877562  0.096568874489797  1.995801785714267  2.978427551020396 
 1.121091941304343  0.702643804347816  2.753486086956519  1.947708913043476 
 1.975995142857138  1.110887771428567  4.216591428571432  1.911444914285725 
 0.155189872579185  0.077350115574660  1.257104271493219  1.319601538461540 
 2.536688837209312  1.011402604651166  3.302882325581410  3.247931162790702 
 1.100851310679605  0.523775647572813  2.308499999999996  4.005401456310699 
 0.421796126898735  0.122652395181435  1.591201582278477  1.719112552742605 
 1.591556458333340  1.167435238095241  3.289763392857127  2.529952976190484 
 0.863093814479635 -0.013728073506789  2.798824208144794  2.073127375565615 
 2.263527004219402  0.431499938059071  3.218560337552757  2.160478059071737 
 1.540050000000003  0.124169461830600  2.451569398907102  1.382054188524589 
 1.280252313653136  0.355466727675276  3.800599630996322  2.574649446494458 
 1.922242777777781  1.149380633333337  4.505186111111108  3.260369444444443 
 2.299373043478262  1.516345486956519  3.915826086956529  4.413588695652159 
 2.496035555555554  1.853346111111111  2.854662222222220  2.111456444444443 
 0.892733557746478  0.362186492676057  2.868611830985908  3.024723380281703 
 1.963703196347030  0.482558455251142  1.343381036529681  1.732702557077630 
 1.875212662337661  0.280550351493507  2.081812662337662  3.375083766233771 
-0.024553506777108  0.072618784701807  0.950218426204823  0.997694698795185 
 0.685556200941917  0.156015363171115  1.138069010989009  1.218939795918367 
 1.286576856368566  0.790772981029811  1.542771463414631  2.351257723577231 
 0.955570658307210  0.232582220062695  0.729387447021943  2.035392163009402 
 2.387041496598642  2.155974149659862  2.899899999999997  3.661291836734684 
 1.459067857142857  0.054002574829932  1.325342176870749  2.659071768707498 
-0.225648233071555  0.069032837652705  0.560951602094240  0.879305497382204 
 1.560501305483030  0.095037821409922  2.852683028720628  2.723486161879894 
 1.028935397196263  0.585438434579439  1.884387616822432  1.614816004672895 
 1.237688588235295  1.791572850678733  2.570813574660631  2.363397737556560 
 1.873444444444445  0.597391529100527  2.365714814814809  2.210757407407407 
 0.663634575342467  0.092546381054795  2.171941232876715  1.538326027397261 
-0.546687054054054  0.075843726212892  0.524283739909914  0.527711190990990 
 1.646424550561797  0.993948595505619  1.979605617977528  1.080146206179776 
 1.609714418604651  1.864190116279067  2.082436627906977  3.284329069767442 
 1.453131866666666  1.559857155555556  3.022343555555557  3.605472000000001 
-0.192923841373671  0.067253293327882  0.896204668847095  0.590419364677021 
-0.256724678030303  0.066925955443723  0.501058854978355  0.461011329220779 
 1.085584225352115  0.527938874178404  1.226959295774647  3.350902347417842 
 1.005794647577094  0.568917114537445  2.219633039647575  2.448355726872245 
