-0.164260475566102  0.071275556500793  0.874495144813018  0.655085272143325 
-0.405011853948430  0.069722117637512  0.506333988436735  0.563845126269113 
 0.947642183835074  0.211416175388280  1.014510655467420  2.445684627575225 
 1.746102985074604  1.269869880597021  2.753082686567210  1.347610680596812 
 0.360939459640512  0.093998509142156  0.962644403594797  1.691061192810460 
 1.039239656690134  0.337337485651414  3.069498943661988  1.432650211267656 
 1.034415798882688  0.239131613463690  1.322871608938536  1.476234782122894 
 0.188203711867475  0.082599298273492  1.315413915662669  0.875251959036143 
 0.680685017647075  0.099108156584725  2.186887884108824  1.641602019315149 
 2.243841263157870  0.879625061052628  2.223880631578961  2.907803368421040 
 0.630274161833869  0.104133339768915  1.692478536184186  2.141714062499995 
 2.241661960784294  1.952881176470594  2.453821294117639  3.828730588235267 
 1.602134487179502  0.985433192307701  1.186976996794842  3.387676923076987 
 1.324085144404324  0.251329184657046  2.986244404332151  3.279429963898906 
 2.255378229813655  2.073767080745347  3.170177950310559  2.409324409937872 
 1.249020863988919  1.442208310249312  3.321313296398914  3.497146814404447 
 0.646563987253766  0.127939286264195  1.983812282734654  0.904101832213209 
 1.374918827930171  1.569372244389031  2.204977057356608  2.893627431421446 
 1.593857345971554  0.097972613491312  1.747133965244853  2.311554344391813 
 2.004621262458474  1.352299235880397  1.492772296013286  1.907728936877074 
 0.994643378272254  0.249610261649215  1.977319371727740  2.945456020942402 
 1.129181253481891  0.716689693593309  2.082515738161562  2.090851253481893 
 1.920191495016611  1.260067840531560  4.044291362126249  1.935795880398677 
 0.012115554590818  0.074034333043413  0.795066893113774  1.124739905189625 
 2.442433832335330  0.876516304491019  3.287224850299410  3.301664371257486 
 1.524504597989948  0.475075722763818  2.142473065326627  3.823861055276388 
 0.327611456708862  0.087251558032911  1.520044556962024  1.426752974683541 
 1.344855745353164  1.072194423791822  2.979988847583642  2.464894981412640 
 0.937151975555554  0.105790004855555  2.617732999999998  2.312048555555553 
 1.932122916666664  0.350081655530303  2.862673295454545  2.168831818181822 
 1.521162677595630  0.292052135081967  2.153338797814206  1.301272695264115 
 1.362308079081633  0.394996414285714  3.786923979591838  2.512394897959184 
 1.993196605166053  1.416624738007381  4.398962730627304  3.417525830258303 
 2.009275151515150  1.160298277777777  3.074702525252526  4.547161111111111 
