 0.230869118846072  0.087510176409664  1.133318807147117  1.252409596725931 
-0.264200998000001  0.070305006513520  0.672975778480763  0.659598176384606 
 1.807042779690143  1.136374446006888  1.828723816781359  3.426310585197907 
 1.093074335148719  0.251862765198996  2.705740552995382  1.886169757017145 
 0.913500681610640  0.195865667240280  1.510448694416842  2.262316924875767 
 1.795084215838508  1.093932753571431  3.696573602484478  2.313671847049702 
 1.866603269230769  1.167256927635327  2.221009479344734  1.955280754985748 
 0.714502055962715  0.149411109468338  1.894221128254582  1.269234937287045 
 1.326804709560720  0.334371706873384  2.633089457364350  3.087339793281644 
 1.951217963007378  1.482705309963100  3.421322416974167  3.679415498154981 
