 0.023923253944903  0.074461240642214  1.235362568807191  0.592441616514084 
 0.273813307909604  0.086054648954790  0.684046511299370  1.634835593220153 
 0.860686069182174 -0.030839585408794  1.755045283018684  2.247742767295501 
 1.766011515151465  1.047533333333347  2.733490909091011  1.831952121211712 
 0.157677019488796  0.076467545543129  1.206023450479286  1.339561341853039 
 1.161979047619014  0.154711357142881  3.562312698412756  1.852188888889108 
 0.610960101781193  0.143251223893135  1.078429389312953  1.395347582697180 
 0.404988289377322  0.097343070769219  1.774163369963512  0.625196257142847 
 0.645840296116597  0.173506073300982  2.807241747572558  1.400556359223095 
 2.779158878504578  0.902232028037371  2.423784112149575  3.072343925233598 
 0.570884177777740  0.077784601565359  2.263409803921496  2.017252287581653 
 2.172041666666552  1.653328541666690  1.618064999999951  4.520562499999860 
 2.211828378378456  0.910035810810850  1.125256824324186  3.284078378378654 
 1.649949240506280  0.262330481012705  3.759270886076131  3.776949367088521 
 2.718707547169713  2.084007547169838  3.795339622641534  2.619626415094222 
 1.406151619047611  1.093893333333351  4.074259047619122  3.422442857142895 
 1.182960072463759  0.088983950724638  1.844602173913076  0.768123398550727 
 1.872931770833325  1.058288645833342  2.363686458333329  2.897334895833345 
 0.958039999999991 -0.041611664374998  2.040892499999978  1.619598125000060 
 2.514891803278688  1.374958524590156  1.412850311475400  1.775909508196714 
 0.931893222222246 -0.073490073333332  1.933952222222175  3.030057222222180 
 0.789814132450309  0.750319735099307  2.816001324503305  1.789743046357611 
 1.851624852941163  1.222096176470576  4.541520588235298  2.101832352941202 
 0.173227039936099  0.080951547578274  1.474228594249215  1.029559137380194 
 2.439597247706438  1.101045321100924  3.791413761467917  3.047153211009187 
 1.117186979166650  0.370309139583327  2.040419791666659  4.104027083333373 
 0.318530033519554  0.085494836540038  1.585772439478573  1.505833705772797 
 1.778572258064530  1.275744838709677  3.152432258064477  2.627294838709695 
 0.688205917525769  0.186548582474224  2.868318556701007  2.343381443298966 
 2.063039175257718  0.073680418762886  3.172190721649521  1.940341237113417 
 1.726899206349212 -0.031479061904764  2.388542857142838  1.385223730158723 
 1.536073529411762  0.160698555294116  4.076243529411799  2.519310588235274 
 1.940154385964922  1.070130596491239  4.896861403508761  3.358035087719298 
 2.427912500000002  1.981804999999994  4.467892500000021  3.997302499999968 
 2.427319130434783  1.781693913043479  2.806511304347828  2.438092173913042 
 0.779949971428573  0.328678208571429  3.545942857142835  2.882942857142911 
 1.826486021505372  0.184022300645163  1.339391612903226  1.285638279569908 
 2.204918309859145  0.201664398028171  1.828533521126765  3.869283098591551 
-0.042444822334294  0.074028919286743  1.125613314121046  0.976234971181563 
 0.312097813106800  0.083152683737864  0.885807864077665  0.982157548543688 
 1.457804173913046  1.403293217391306  1.680265391304337  2.746919130434768 
 0.407273011111109  0.111884575185185  1.016330888888886  2.129368518518515 
 2.573632926829271  2.145312195121953  3.072952439024387  3.604591463414610 
 1.566644055944055 -0.006285446153846  1.181157132867128  2.607038461538496 
-0.001400859402465  0.073115674077328  0.850956291739891  1.259803339191581 
 1.400983943661972  0.481168338028171  2.955989671361503  2.236743192488269 
 1.256379798657718  0.977412684563757  2.105640268456383  1.924575838926164 
 1.056900813953493  1.078375232558139  2.681176744186049  2.522063372093022 
 2.303198245614035  0.327600649122801  1.977971929824540  2.449523684210512 
 0.343022012461063  0.080103305171341  1.914989408099691  1.122472242990653 
-0.580031697341513  0.164158985869122  0.420708121267904  0.521625439672799 
 1.847997826086954  0.659692826086958  2.146160869565220  1.234316811594204 
 1.600146808510635  2.058268085106372  2.401188297872348  3.122007446808514 
 1.060809357798164  1.131371926605502  3.187172477064223  3.618644036697241 
-0.200403821106821  0.068922685893180  0.807259601029598  0.913607310167307 
-0.007452968389662  0.075839922047713  0.770661033797221  0.625263713717694 
 1.051463800000006  0.381738020000000  0.903046079999995  3.340265000000007 
 1.219581562500003  0.666864010416666  1.659330208333327  2.749322916666670 
 0.768270282894735  0.437013539473685  2.365963815789486  3.153002631578947 
 1.748323466666666  2.055030666666671  3.621847999999999  2.036897333333333 
 1.758679591836735  0.810237755102042  2.521576870748305  3.587201360544219 
 2.732295121951219  1.099289036585366  3.356300000000001  3.903420731707317 
 2.476994366197183  1.851302816901410  1.849681690140844  3.152425352112672 
 2.015719999999999  2.321266000000003  1.990075999999997  1.862170000000001 
 0.300739497854077  0.113486566287554  1.225912875536478  1.724503862660953 
 1.972473571428575  0.262434317142857  3.023174285714291  2.921862142857130 
 2.655107547169810  1.456374905660376  3.176796226415094  1.294306603773585 
 1.437027558139536  1.331016860465114  1.371157674418606  3.717545348837219 
 1.136448954248365 -0.190036327254902  2.780042483660140  1.722436601307186 
 1.431326357615894  0.454632647152317  3.156649006622515  1.283056158940397 
 0.738691333333333  0.122679731300813  1.289134146341465  2.619358536585368 
 1.612005442176877 -0.143701499319728  2.292252380952374  2.329106802721078 
-0.027647038329241  0.073500582039312  0.457434021621622  1.073622972972975 
 0.962820043478263  0.520046826086957  1.353139608695660  2.092953043478269 
 0.936219901219512  1.672708536585366  3.471018292682926  2.797052439024388 
 1.721153020833333  1.967600000000000  3.987004166666661  3.022738541666670 
 2.257386842105261  1.470654736842105  2.929673684210529  5.149955263157895 
 0.686936772727269  0.122911501227273  1.223743045454555  0.784901009090909 
 0.505093473045686  0.272856192893401  1.943762436548225  2.556517258883247 
 1.599840932642488  0.207217487046632  2.285654404145077  3.139627461139896 
 1.212614212328768  0.356563076712329  2.422575684931508  1.832183561643834 
 1.217122150537636  0.981806344086023  3.652702150537636  1.798410752688172 
 1.058599589552241  0.388816499999999  2.314968283582095  2.504424253731348 
 1.577486966292136  1.379172359550560  2.849717977528089  1.009894584269662 
 1.428026575342466  2.286949315068490  2.895321917808218  3.921458904109587 
 1.026059696969696  0.348989257575758  2.680607070707071  0.601796714141414 
 1.200694328358208  1.156040208955224  2.641832835820895  4.420125373134331 
 1.603446962025318  1.058307721518987  0.875005748101266  2.444540506329111 
 1.625735260115607  0.576448439306358  1.615426011560694  1.932590751445087 
 2.111052688172044  0.355970161290322  2.905810752688172  3.866003225806453 
-0.313031913279132  0.078920846626017  0.849363319783198  0.548035113821139 
-0.253265691123190  0.082592560887681  0.464771452898551  0.422887670652174 
 1.270900335570469 -0.202839618120805  2.921689261744964  2.719061073825505 
 0.975137329842934  0.579599214659686  2.215514659685867  1.240588429319373 
 1.029034663865547  0.442430886554622  1.584073529411764  1.439545294117644 
 0.870871541353384 -0.043801434699248  1.255743082706765  1.826651503759402 
 0.425269781914894  0.081619573138298  1.651656382978724  2.019638829787231 
 1.596387142857142  1.152657428571428  4.261020000000002  1.026532257142857 
 1.469471575757574  0.833730424242424  3.612433939393941  2.594138787878787 
 0.820791581196581  0.537622222222222  1.964553846153849  2.070034188034191 
 2.323302105263159  1.445696210526316  2.421781052631579  3.898447368421053 
 1.305286782178221  0.516655321782178  2.957253960396039  3.027181188118812 
 1.627176818181822  0.565626090909090  2.392914545454544  2.355647727272727 
 2.478186486486487  0.758460450450451  2.878765765765765  2.342936036036035 
 1.199573515625000  1.220625703125002  2.271421093750000  3.316130468750000 
 0.678132725000002  0.062894709090000  1.589290249999999  1.208855200000001 
 2.102150909090908  1.205026272727272  1.825020000000000  2.352108181818184 
 1.823239007092198  1.413656241134752  3.181634042553193  3.502019858156030 
 1.862758333333333  1.392254375000000  3.967675000000000  4.421481250000001 
 1.443560419580420  0.362031006993007  1.654804195804196  3.345753846153844 
-0.325054274234694  0.062543787844388  0.498021885204083  0.766224974489796 
 0.462498159943182  0.168125992329546  2.103767329545455  1.564051420454544 
 1.088263269230769  0.133395368269231  2.904026923076921  3.698712500000000 
 1.257748719999999  0.357019952800000  0.829090080000000  1.550225920000001 
 1.496966029411765  1.473072647058823  1.620935000000000  1.258386470588235 
 2.105276415094339  0.954114339622642  3.578175471698113  1.963312264150941 
 2.452609677419354  0.455819059677420  3.957645161290327  2.534348387096773 
 1.355008680203046 -0.032045834517766  1.688542131979695  1.899159898477157 
-0.509241003787879 -0.035990204154716  0.603679299242424  0.456500507575757 
 0.886668333333334  0.120285334666667  0.602143277333333  2.146490666666667 
 0.766467781250000  1.647470312500001  2.032340624999999  2.535596875000000 
 0.744688418803419  0.039211639743590  2.295798290598291  1.107758333333333 
 0.892666852791878 -0.111040702233503  2.423407106598989  2.321581725888322 
 1.440746565656566  1.965310101010101  2.669619191919190  2.167927272727272 
 1.345780476190475  0.198261097333333  1.806906190476191  2.496140000000000 
 2.428372000000000  2.508652000000001  4.222188000000001  2.000299999999999 
 0.723201925675675  0.193195327364865  1.675619932432433  1.726126689189190 
