 0.087764662039015  0.079794106274411  1.206515195227676  0.662571259219282 
 0.050525964619615  0.074876334059575  0.691073445279541  1.118373547204338 
 0.613000730262032  0.126604624207082  1.455136356487472  2.236826736566141 
 1.731249278350474  1.230823814433001  3.033237628866064  1.169985586082126 
 0.343192463576140  0.087419230582780  0.864688732450369  1.752030463576162 
 1.256827578787867  0.442921043393948  3.373696060606083  1.557562969697052 
 1.028553040540557  0.058631460135138  1.605922820945925  1.633823547297282 
 0.258298202318240  0.081841114899891  1.582406006322482  1.017626111696521 
 0.733320761061988  0.208152649336288  2.602951327433511  1.197687037610528 
 2.443717499999968  1.249205321428568  2.156341071428588  3.007163571428552 
 0.622251659443084  0.125258241524213  2.081952905568976  2.001636803874072 
 2.105660893854719  1.259781363128499  2.308040670391048  4.397641899441302 
 1.676685185185210  1.233966342592607  1.167175291666620  3.471312500000097 
 1.741370795847737  0.453147401384096  3.235303806228419  3.686852941176448 
 2.037570372340399  2.158972340425539  3.876132978723412  2.600187234042521 
 1.153655575378786  1.403868257575765  3.438455303030332  3.447545833333353 
 0.834617425061423  0.126172152972973  1.882037592137603  0.705187644226045 
 1.412290159999995  1.138697466666667  2.281219733333331  3.098394133333335 
 1.351354959999993 -0.047374062319999  1.931466399999982  2.264779600000042 
 1.958454687499999  1.588836093749996  1.547961583854163  2.107393749999996 
 0.853376283712792  0.143660750367776  2.108259719789828  2.754219089316977 
 1.030544437269369  0.692121051660508  2.571175830258301  2.137646678966787 
 1.967091388888884  1.119571388888885  4.187316111111115  1.896724777777788 
 0.051164460000000  0.076655869109434  1.112307901886794  1.182903079245284 
 2.554938095238103  1.084514722222225  3.264716666666678  3.257874603174606 
 1.089215446428564  0.495301033035712  2.260376339285711  3.992158035714304 
 0.343189772141015  0.098519734171970  1.442180223559755  1.597711607910567 
 1.580860108401090  1.161814498644989  3.249073441734404  2.497916260162609 
 0.911945379721667 -0.008479320059643  2.777065208747514  2.022954075546724 
 2.278544979919671  0.433453479196786  3.187079518072302  2.161401204819283 
 1.578333678756480  0.168568521839378  2.396961658031085  1.359716613989637 
 1.271570025000000  0.363421497142857  3.798843571428583  2.574042142857137 
 1.894411117021279  1.151952202127662  4.504209042553188  3.250212234042552 
 2.296536000000001  1.541355447999997  3.869012000000006  4.403051999999986 
 2.511540983606556  1.849108196721311  2.850178688524588  2.121350054644806 
 0.917791075842696  0.383260508707865  2.856212078651679  3.062162921348328 
 1.956426249999998  0.449921552333334  1.361114612500000  1.725596416666669 
 1.875679494382021  0.292681627134832  2.068615168539326  3.309948876404499 
-0.201287495216548  0.069943260265029  0.851722501616035  0.673756683904333 
 0.751938327868854  0.156507364196721  1.130469016393441  1.197262360655738 
 1.230976252631580  0.691143031578948  1.632986736842104  2.398506105263152 
 1.046142352941177  0.204570388235294  0.836691111229946  2.132353475935826 
 1.949963611111112  2.105200925925925  2.799640277777776  3.696328240740733 
 1.127446344086021  0.213223245430107  1.295297607526882  3.064816129032265 
-0.268801377384198  0.062923989700272  0.486747451680290  0.798573878292466 
 1.542570758807589  0.074465725203252  2.863192682926830  2.746376151761515 
 1.061884784688996  0.590238779904306  1.878042105263159  1.576088373205739 
 1.293522359649123  1.886805263157895  2.534712719298245  2.498434210526316 
 1.795748847926268  0.600053267281105  2.401055069124423  2.300294009216590 
 0.537133872258065  0.104268612529032  1.978816516129035  1.383470064516129 
-0.452421351515151  0.073023644367461  0.528182960606062  0.460734149212121 
 1.621032215909091  1.183931874999999  2.114972727272728  1.338628636363636 
