 0.019397045077426  0.076141882138829  0.954625433628296  0.969959172566421 
-0.343545669167804  0.069753627428733  0.590067088703949  0.589128544938592 
 1.026923824925767  0.204753526483683  1.464803462166129  2.688549777448042 
 1.866941017543845  1.359936842105266  2.485283157894765  1.543688166140232 
 0.423257473333328  0.103187167085470  1.082921663076939  1.685986987179487 
 1.608772862694298  0.663666219352335  3.671845077720217  1.988554700777243 
 1.408116382592933  0.408850254360836  1.481534468721665  1.615851885766080 
 0.416044594460768  0.092522668590850  1.622900898027704  1.054193130172047 
 0.987869361167017  0.178815542957748  2.921429175050268  2.614432193158893 
 2.320971940298487  0.671128449402984  2.755077313432839  2.864057910447754 
 0.645486263812380  0.117952438945933  1.923582855822537  1.924128558225501 
 2.147794305555546  1.598570257936511  2.755618452380946  4.068883928571427 
 1.831155030120490  1.273781521084341  1.552702567921673  3.021963102409664 
 1.371645790532543  0.410192303976334  2.377717964497048  3.620148165680470 
 2.227806426914146  1.954339025522045  3.560070533642692  2.523710672853824 
 1.794537779922779  1.062811741312744  4.098531853281854  3.501341891891894 
 0.976927368342083  0.228196669864967  2.570000075018762  1.321381866466617 
 1.252105973907103  1.456368975409837  2.822472540983607  2.875799590163931 
 1.422120207561154  0.379024018265382  2.325146404744250  2.262028020756118 
