 0.016633293725700  0.075895446200446  0.951320549139345  0.968523630760738 
-0.344446697231361  0.069689032929360  0.589395784018633  0.588133063925423 
 1.041643295617476  0.219949934262952  1.446026824701148  2.741151394422278 
 1.727008006134957  1.061453202453990  2.604726840490823  1.448997678987626 
 0.420102413738436  0.101856463839718  1.071800198855147  1.689746961690886 
 1.584574028871389  0.580458192440948  3.684672572178490  2.084062125984293 
 1.382468930530170  0.382438693382086  1.458315474405847  1.617778930530152 
 0.408740993623193  0.093238201429398  1.610125233954459  1.058767063850927 
 0.948197459770129  0.185845091254791  2.842048850574681  2.605338314176187 
 2.341891238670674  0.694193241842899  2.751643504531725  2.877914199395762 
 0.644193417400939  0.119098912834434  1.887372405660360  1.947530707547163 
 2.156136132264518  1.632086913827658  2.700454008016026  4.075563527054110 
 1.859738157503722  1.337807786032694  1.582179341901917  2.833789747399726 
 1.410021443181816  0.436885919159094  2.387872136363645  3.626188636363633 
 2.225840108695646  1.937008739130436  3.464401739130435  2.306879304347820 
 1.824272138939671  1.143624881170020  4.091982449725772  3.488688848263255 
 0.920478985590776  0.199777026894813  2.525607925072051  1.345988260086455 
 1.257235916757492  1.464802547683924  2.826464713896458  2.885786376021796 
 1.436720648648646  0.367045121729731  2.295064633204630  2.277703552123552 
