 0.014188782141840  0.075924298054255  0.943976283695936  0.968089140435202 
-0.344814393102502  0.069626511988542  0.588967342704032  0.587576528496824 
 1.001012533724287  0.195377882184754  1.480347981671512  2.619416568914927 
 1.689838685015278  0.968881243119271  2.815690214067301  1.420054505657388 
 0.415754504757625  0.102882148913824  1.064556526750465  1.687508191202870 
 1.567422702349868  0.571339203550918  3.690227806788518  2.235185548302909 
 1.305402669683263  0.308638790868780  1.527405004524883  1.505768769230755 
 0.381755788374056  0.089655728602357  1.598431326874482  1.048675277674805 
 0.910862280114737  0.195447461156789  2.767388240917751  2.464126386233220 
 2.334443932411656  0.703281325437786  2.696445161290328  2.905419508448534 
 0.623932786724647  0.127289878334493  1.892679025844916  1.908141650099396 
 2.181139652509643  1.619824884169887  2.733424517374511  4.038785521235522 
 1.624754859154937  0.780226449295778  1.521238860915475  3.515907394366228 
 1.290408177750904  0.395965419347040  2.712553808948013  3.531478718258761 
 2.236772417582412  1.890023912087914  3.511815164835165  2.330155076923072 
 1.820018500000000  1.211217816000003  4.128261199999996  3.483167600000006 
 0.902240090468496  0.195778355775445  2.542028756058167  1.315328057350562 
 1.305628064511691  1.548013713892712  2.691346079779915  2.858009766162311 
 1.473039529880475  0.343364535330678  2.286547888446214  2.273101912350605 
 1.911695869158881  1.359284523364483  1.609209646915887  2.229774822429908 
