 0.023923253944903  0.074461240642214  1.235362568807191  0.592441616514084 
 0.273580171830985  0.085972748535199  0.684166887323879  1.635897183098406 
 0.878701636904557 -0.015024183511895  1.754475892856968  2.260117261904671 
 1.766809937888147  1.055336956521753  2.738227950310664  1.832766459626910 
 0.158564591798086  0.075843903012617  1.208258801261882  1.339545268138805 
 1.160496377952722  0.153575047244118  3.556562992126041  1.858803937008091 
 0.614142688442233  0.142945195954779  1.077994698492438  1.402100251256260 
 0.404988289377322  0.097343070769219  1.774163369963512  0.625196257142847 
 0.643017610328727  0.167946394835691  2.800444600938718  1.403579389671162 
 2.772878504672803  0.900575485981296  2.424083177570136  3.077778504672851 
 0.556642504761865  0.064839066935374  2.271352040816252  2.021161564625801 
 2.172041666666552  1.653328541666690  1.618064999999951  4.520562499999860 
 2.211828378378456  0.910035810810850  1.125256824324186  3.284078378378654 
 1.649949240506280  0.262330481012705  3.759270886076131  3.776949367088521 
 2.696666176470512  2.183169117647080  3.904308823529431  2.511901470588144 
 1.406151619047611  1.093893333333351  4.074259047619122  3.422442857142895 
 1.182960072463759  0.088983950724638  1.844602173913076  0.768123398550727 
 1.870568717948710  1.054836769230777  2.360138974358970  2.894050256410268 
 0.981941960784306 -0.009038397478990  2.017294957983173  1.637862184874003 
 2.514891803278688  1.374958524590156  1.412850311475400  1.775909508196714 
 0.945731761658053 -0.064600705699480  1.931536787564723  3.012620207253847 
 0.785141218543025  0.749000662251625  2.815907284768206  1.795425827814565 
 1.850501304347813  1.238688985507235  4.545546376811598  2.102773913043503 
 0.173155931199997  0.081061460454399  1.474347520000014  1.029227712000002 
 2.441133636363653  1.106174909090916  3.792226363636391  3.046290000000012 
 1.117186979166650  0.370309139583327  2.040419791666659  4.104027083333373 
 0.329959034671533  0.091428854419709  1.587729379562033  1.508498175182467 
 1.781798750000014  1.260630500000000  3.154504999999962  2.634208750000016 
 0.680369169230765  0.148283220512818  2.865386666666642  2.351864102564099 
 2.042796078431359  0.088668584509803  3.163288235294151  1.939230392156877 
 1.735231007751943 -0.047114579844963  2.387290697674400  1.408670387596892 
 1.536073529411762  0.160698555294116  4.076243529411799  2.519310588235274 
 1.940154385964922  1.070130596491239  4.896861403508761  3.358035087719298 
 2.427912500000002  1.981804999999994  4.467892500000021  3.997302499999968 
 2.427319130434783  1.781693913043479  2.806511304347828  2.438092173913042 
 0.779949971428573  0.328678208571429  3.545942857142835  2.882942857142911 
 1.813737894736837  0.188385494315791  1.345324421052632  1.283461684210542 
 2.204918309859145  0.201664398028171  1.828533521126765  3.869283098591551 
-0.042444822334294  0.074028919286743  1.125613314121046  0.976234971181563 
 0.312257382566590  0.083518875786925  0.886051380145273  0.982767094430992 
 1.455045593220341  1.393143983050849  1.685311186440667  2.747866949152527 
 0.422942564748199  0.100131939208633  1.016620827338127  2.127153956834528 
 2.573632926829271  2.145312195121953  3.072952439024387  3.604591463414610 
 1.542069461077843  0.006270649700599  1.244289820359277  2.595295808383264 
-0.001400859402465  0.073115674077328  0.850956291739891  1.259803339191581 
 1.355959073170732  0.497474078048783  2.957370731707319  2.248383902439030 
 1.275508322580645  0.970169290322579  2.109256774193555  1.920492903225797 
 1.052175892857148  1.085912976190475  2.676039285714289  2.527230357142856 
 2.292001694915253  0.323351305084740  1.981888983050827  2.449061864406766 
 0.336724785046733  0.076186015451715  1.918881308411218  1.127026853582554 
-0.580031697341513  0.164158985869122  0.420708121267904  0.521625439672799 
 1.846372661870501  0.656826834532375  2.147811510791370  1.231708848920864 
 1.600146808510635  2.058268085106372  2.401188297872348  3.122007446808514 
 1.060809357798164  1.131371926605502  3.187172477064223  3.618644036697241 
-0.200403821106821  0.068922685893180  0.807259601029598  0.913607310167307 
-0.007452968389662  0.075839922047713  0.770661033797221  0.625263713717694 
 1.062116603773590  0.396252188679246  0.920603849056599  3.331094339622648 
 1.259140978723406  0.572461617021276  1.692379574468080  2.677811489361705 
 0.766687966887415  0.435800450331126  2.368527814569549  3.150570860927152 
 1.772664938271604  2.108153086419756  3.665488888888888  2.004654320987654 
 1.758679591836735  0.810237755102042  2.521576870748305  3.587201360544219 
 2.732295121951219  1.099289036585366  3.356300000000001  3.903420731707317 
 2.476994366197183  1.851302816901410  1.849681690140844  3.152425352112672 
 2.015719999999999  2.321266000000003  1.990075999999997  1.862170000000001 
 0.300697539445629  0.112398622366738  1.226324307036245  1.724667377398730 
 1.975775362318845  0.237975562318841  3.023168115942035  2.916828260869552 
 2.660749999999999  1.477725370370369  3.186670370370370  1.294182407407408 
 1.437027558139536  1.331016860465114  1.371157674418606  3.717545348837219 
 1.151791975308641 -0.215809827592593  2.747714814814824  1.728828395061725 
 1.428829281045752  0.450763606013071  3.159977777777777  1.283987450980391 
 0.739958677290837  0.124738979681274  1.293134661354584  2.615887250996018 
 1.510240196078436 -0.029420794901961  2.145779411764702  2.360211274509797 
-0.027647038329241  0.073500582039312  0.457434021621622  1.073622972972975 
 0.945854210526318  0.543840657894737  1.360576798245622  2.111398684210534 
 0.936219901219512  1.672708536585366  3.471018292682926  2.797052439024388 
 1.721153020833333  1.967600000000000  3.987004166666661  3.022738541666670 
 2.257386842105261  1.470654736842105  2.929673684210529  5.149955263157895 
 0.688414590909087  0.124810364863637  1.221995318181828  0.785736736363636 
 0.485904493417086  0.269879291457287  1.960358793969851  2.546739195979898 
 1.604620000000001  0.196871026315789  2.283344210526316  3.139462631578947 
 1.222243369565218  0.383670311594203  2.443988405797104  1.818732246376810 
 1.221444255319150  0.986664787234044  3.651488297872342  1.800790425531914 
 1.066701954887220  0.408400921052631  2.303823308270684  2.518262406015042 
 1.577486966292136  1.379172359550560  2.849717977528089  1.009894584269662 
 1.428026575342466  2.286949315068490  2.895321917808218  3.921458904109587 
 1.023265049504950  0.334696995049506  2.680380198019803  0.603347868316831 
 1.200694328358208  1.156040208955224  2.641832835820895  4.420125373134331 
 1.603446962025318  1.058307721518987  0.875005748101266  2.444540506329111 
 1.620368181818182  0.580331079545454  1.620116477272727  1.933683522727273 
 2.111052688172044  0.355970161290322  2.905810752688172  3.866003225806453 
-0.313031913279132  0.078920846626017  0.849363319783198  0.548035113821139 
-0.253265691123190  0.082592560887681  0.464771452898551  0.422887670652174 
 1.273146470588234 -0.208937536601307  2.912716993464049  2.713386274509806 
 0.973090952380954  0.579142486772487  2.210152910052913  1.236389894179896 
 0.965323016393444  0.398981731147541  1.596245573770491  1.488499442622950 
 0.883356476190477 -0.015244427079365  1.345801650793649  1.790423809523813 
 0.464778527472527  0.092053515384615  1.649689450549451  1.981125934065931 
 1.596387142857142  1.152657428571428  4.261020000000002  1.026532257142857 
 1.466382269938648  0.830689693251534  3.613743558282210  2.591178527607362 
 0.825225551181102  0.518792401574803  1.965130708661420  2.056104330708664 
 2.323302105263159  1.445696210526316  2.421781052631579  3.898447368421053 
 1.307270591133008  0.516735246305419  2.956427586206896  3.026575369458128 
 1.657580660377361  0.535458051886792  2.445269339622641  2.365490566037735 
 2.490807339449542  0.757937155963303  2.868170642201834  2.340328440366972 
 1.199159767441860  1.217311317829459  2.270403875968992  3.313425581395349 
 0.672710306122451  0.063268927642857  1.593244897959183  1.201415790816327 
 2.102150909090908  1.205026272727272  1.825020000000000  2.352108181818184 
 1.823239007092198  1.413656241134752  3.181634042553193  3.502019858156030 
 1.862758333333333  1.392254375000000  3.967675000000000  4.421481250000001 
 1.428840649350649  0.379412162337662  1.662611038961039  3.328542857142855 
-0.325054274234694  0.062543787844388  0.498021885204083  0.766224974489796 
 0.483367840979382  0.161733846134021  2.073534793814435  1.579596649484535 
 1.089725523809523  0.135098840952381  2.901014285714284  3.695341904761905 
 1.258338682170542  0.354599101550388  0.836546279069768  1.551180542635660 
 1.491837536231884  1.466358550724637  1.618815652173913  1.261360579710145 
 2.106140740740740  0.955679444444445  3.573239814814814  1.968239814814813 
 2.452609677419354  0.455819059677420  3.957645161290327  2.534348387096773 
 1.396454022988506 -0.005776759195402  1.663406896551724  1.963355172413792 
-0.509241003787879 -0.035990204154716  0.603679299242424  0.456500507575757 
 0.887631698113208  0.118009498113208  0.620042400000000  2.141159119496855 
 0.766467781250000  1.647470312500001  2.032340624999999  2.535596875000000 
 0.739815527426161  0.049195150632911  2.284575105485234  1.113905443037974 
 0.943905277777778 -0.058433432129630  2.390332407407411  2.285255092592591 
 1.440746565656566  1.965310101010101  2.669619191919190  2.167927272727272 
