 0.139233074656782  0.082453076825773  1.334841055966124  0.732670817318033 
 0.146140102197802  0.079756391991752  0.667089895329640  1.325803749999908 
 0.709532212071665  0.113629700929859  1.430811761826984  2.393305872756881 
 1.699953789473641  1.229840210526327  3.016123684210615  1.205907626315434 
 0.350737720170434  0.088138564616476  1.006518096590950  1.842062499999998 
 1.251306584415567  0.349441435584429  3.489720779220808  1.510284891775010 
 0.956604372822318  0.056685502787460  1.526331515679424  1.681675435540057 
 0.354961178240751  0.090174024706015  1.728395486111155  1.134025486111109 
 0.750389329512948  0.262755721203445  2.651085386819330  1.051535289398162 
 2.646204395604340  0.774472692307685  2.420901648351673  2.832050549450521 
 0.585530889458186  0.124020517800310  2.077005882352907  2.172012383900905 
 1.942098769230727  1.468790000000009  2.340832307692289  4.574270769230718 
 1.803466826347339  1.197753017964089  1.150659838323293  3.541732335329464 
 1.528630999999981  0.296245247368441  3.418551578947443  3.719656315789440 
 2.178392052980098  2.060064900662260  4.009803311258288  2.769201324503272 
 1.049202701169587  1.308952923976618  3.659288888888934  3.269884210526342 
 0.819701455847254  0.085439982243437  1.831845346062064  0.752726410978522 
 1.751233757961778  1.018445445859876  2.186605732484075  2.832280254777075 
 1.278718473804093 -0.072994440774486  2.038609794988590  2.142079271070664 
 2.228793333333333  1.306535999999996  1.483173747333330  2.113224666666660 
 0.930386495726508  0.058286749572650  1.983802279202256  2.978384045584030 
 1.137644074074068  0.641713124999989  2.774242361111108  1.919114583333331 
 1.942681329113920  1.154943227848096  4.213817088607599  1.826560126582290 
 0.156731853796888  0.077170967804208  1.256265937785916  1.318851692589205 
 2.403546022727280  0.891419498295459  3.650591477272743  2.933388068181823 
 1.175651823529403  0.424528202352938  2.286963529411761  4.139452352941198 
 0.401184157877096  0.124509638806705  1.592770502793291  1.724999553072615 
 1.603726161290330  1.159541903225809  3.265381612903208  2.506746129032265 
 0.895382380952378 -0.031134770452382  2.790223333333331  2.007209285714289 
 2.141606578947359  0.420755673771929  3.172172807017558  2.030139912280707 
 1.510491437308872  0.084216109877675  2.415738532110086  1.354109938837919 
 1.355162291666667  0.399253841250000  3.863940000000015  2.508497499999992 
 1.863924827586210  1.121034855172418  4.599844137931032  3.304371034482757 
 2.105919512195122  1.668978048780484  4.075865853658546  4.459741463414615 
 2.516590857142855  1.715314114285714  2.833491999999999  2.118305828571428 
 0.805289483870968  0.225691041577061  3.023681003584219  2.821936917562742 
 1.718673895582328  0.338798534377511  1.302768060240965  1.547338514056229 
 1.816216153846152  0.213619151000000  2.021932692307690  3.383154615384623 
-0.023968401651652  0.073061121684684  0.952918693693697  0.997978903903908 
 0.680140355486864  0.152434945347759  1.137508995363213  1.223108160741885 
 1.198671927710845  0.827057138554217  1.496197198795176  2.333028614457825 
 0.948239546925566  0.206340948867313  0.718362154045307  2.065168284789642 
 2.395310791366907  2.089790647482015  3.013015107913669  3.546172661870493 
 1.551979401993355  0.125256789501661  1.410521495016612  2.545174086378752 
-0.224461582984295  0.068976761736474  0.562257780104712  0.879646579406636 
 1.576173521850902  0.115971178920308  2.841739588688947  2.758374550128533 
 1.026208454332553  0.573410491803279  1.898990632318504  1.614583723653394 
 1.058399599099100  1.367705225225226  2.515986936936937  2.318692792792795 
 1.832485142857143  0.538150069714284  2.301395714285706  2.132120285714283 
 0.649121834733895  0.094623054299720  2.168273529411767  1.539609523809524 
-0.546525017985611  0.075859061237689  0.524147384262594  0.528161602517985 
 1.670729494382021  0.873457022471911  2.032267977528091  1.064837683707866 
 1.466774918918919  1.853881081081078  2.192907567567568  3.193050810810810 
 1.397018819875775  1.722067080745340  3.089731055900624  3.700977018633541 
-0.192994741224490  0.067152372032653  0.896183053061223  0.590849528979589 
-0.256704106371490  0.066745834589633  0.500535250539957  0.461550300431965 
 1.091021588785049  0.437646033644860  1.194626214953270  3.282642990654206 
 1.054131497005990  0.470465669660679  2.236387624750497  2.447928343313376 
 1.040800034013605  0.759905782312926  2.510903401360546  3.217899319727893 
 1.680602500000000  2.229799193548387  3.251114516129033  2.223508064516129 
 1.854440637450199  0.801521434262948  2.739531872509963  3.465847410358566 
 2.547112765957446  1.041893765957447  3.255214893617022  3.901719858156031 
 2.530429365079366  1.566025952380953  1.961930158730159  3.438887301587301 
 1.624108301886792  2.004233018867926  1.852984433962264  1.820260566037736 
