 0.079808200720132  0.078226101168117  1.042182812267177  1.025049950335284 
-0.318687428164253  0.069904177011185  0.609714218140091  0.616357477584528 
 1.265500790443644  0.366228181938570  1.603531546075043  3.008046006825915 
 1.170323489316237  0.379128107870372  2.767347293447297  1.421285194230718 
 0.529127064168987  0.116840574113192  1.125223219051431  1.794861163810280 
 1.848039220647772  1.020032325222675  3.674204048583005  2.123211042510132 
 1.575125497512440  0.503249955854065  1.640820622802651  1.703872230514085 
 0.538596515822788  0.109303134652689  1.772631396360765  1.142605401977841 
 1.260684771713616  0.301945710974179  2.715965023474167  2.495148532863833 
 2.072160730478576  1.260217971108312  2.208399219143573  3.793071914357679 
 0.743582643772080  0.135885570760724  1.988314171572731  2.080391253153910 
 2.010212656702407  1.635268183646113  3.788622922252011  3.464039276139405 
 1.835161047535211  1.522075176056341  2.345361980633795  2.434166065140846 
 1.429164910860656  0.530598146823771  3.108560553278687  3.459330737704915 
