-0.170944871329802  0.070875344425536  0.866343132978681  0.649503002021369 
-0.406796857931318  0.069912767651801  0.503396528740792  0.564488725838078 
 0.933472090177024  0.215380615410635  1.016837525925832  2.427527697262426 
 1.680086048632195  1.237218115501526  2.749225227963573  1.307424553191283 
 0.358883734526843  0.089727670153451  0.942536653878970  1.692668712702475 
 1.007792019572947  0.308599137811394  3.044209074733114  1.428720873665531 
 1.025183905191881  0.231626860778784  1.321440665914209  1.469021602708792 
 0.175147427609229  0.082223039811285  1.303962251213613  0.868425066747572 
 0.677473446754402  0.101856567149124  2.159951403508726  1.625647807017504 
 2.106105367793220  0.722332155188864  2.144805765407567  2.942165208747504 
 0.616222702564302  0.114401117891287  1.684829543568439  2.136810207468874 
 2.253839473684192  1.823816766917298  2.267138796992472  3.827028195488696 
 1.563765755627024  0.951202607717051  1.180922356913152  3.343910289389132 
 1.329869618874765  0.247940677495469  2.971774228675157  3.275393647912876 
 1.966736809338502  2.163038132295725  3.699202334630354  2.609607782101144 
 1.229314135398229  1.405958112094401  3.274671091445451  3.577822123893820 
 0.620003289623717  0.127264113849487  1.955594640820989  0.903065389053591 
 1.369917529976016  1.588065395683457  2.244470023980814  2.844776738609111 
 1.534811650485428  0.059930707022655  1.728772184466006  2.284738025889995 
 1.919400894568693  1.253572619808305  1.434818789456866  1.913420511182106 
 1.004919061357705  0.254690669582245  1.958570757180148  2.979343211488245 
 1.138872467191599  0.678032230971124  2.134460236220473  2.083568897637795 
 1.934335072463767  1.088745833333331  3.988198913043482  1.855198909420296 
 0.010509020835430  0.073820481438853  0.794491992350278  1.119877186713644 
 2.460969688385272  0.868015679036828  3.206545892351283  3.229821246458925 
 1.505393388429750  0.552592051239669  2.230365509641869  3.997841873278244 
 0.319087115302936  0.090860941156777  1.494319550281072  1.425344284821984 
 1.314555363992176  1.066430469667320  3.055509784735808  2.484355381604698 
 0.902137171396139  0.084336269432462  2.602667082860382  2.311143019296253 
 1.888318198198197  0.339947292828829  2.828140540540543  2.166902882882887 
 1.515941054613937  0.268082347382297  2.151794726930317  1.261935564406778 
 1.324495168021682  0.335737778861789  3.756869647696480  2.507627371273711 
 1.918016375000002  1.199116141666668  4.446424583333330  3.324139583333332 
 2.195248756218907  1.497677965174127  3.442539303482588  4.398816417910443 
 2.459476425855515  1.722698365019012  2.702094296577946  2.253183878326995 
