 0.056529408356265  0.076527053604230  1.177116198347033  0.693428240587859 
-0.115445909005084  0.070116609643425  0.597722174872897  0.963542570806054 
 0.613151372041228  0.126693315722969  1.510096804374168  2.207114945321950 
 1.730951076923046  1.253759153846163  2.739406923076985  1.254550838461279 
 0.330052286264423  0.084123512991012  0.853435829268330  1.745173170731712 
 1.253065876506013  0.498916537710852  3.393094277108456  1.530145960843455 
 1.041237811993533  0.050310990923828  1.646632917341957  1.589443711507279 
 0.198104705052440  0.080234354512867  1.474584938036259  1.073210543374640 
 0.772787507658684  0.215270498030639  2.603921663019577  1.163924280087437 
 2.463337867647025  1.223748713235291  2.174930147058840  2.980326102941157 
 0.619290928720915  0.117000500882559  2.115744534883689  1.893965232558122 
 2.242851298701264  1.472505090909100  2.140076818181803  4.333082467532422 
 1.654918018433204  1.199313594470060  1.167678815668156  3.422752534562308 
 1.759475765472300  0.472598237785028  3.214178501628707  3.678846905537438 
 2.031571604278048  2.163590374331557  3.878532085561504  2.591896791443817 
 1.158141899227798  1.404157104247111  3.457013513513543  3.423268339768360 
 0.707741494600431  0.111246892259179  1.823990064794827  0.705042561987041 
 1.421978270270265  1.187155351351353  2.244525675675672  3.082562702702702 
 1.344268974854925 -0.041539394313345  1.942909671179866  2.244659187620929 
 1.920909090909090  1.573554136363633  1.579541018636360  1.990137409090906 
 0.816560689655179  0.139662192873564  2.119529556650233  2.701137931034475 
 1.031158143656713  0.708355820895514  2.575351679104476  2.137429477611936 
 1.992995306122445  1.120199846938773  4.147083673469391  1.884058469387764 
 0.059642171983914  0.077480064001340  0.981735268096516  1.188102117962471 
 2.571670161290330  1.076809233870971  3.270339112903238  3.239141532258066 
 1.194123532110086  0.655331458256879  2.310377064220178  4.148512844036715 
 0.362389539777589  0.103493211319077  1.438119760479038  1.599065611633866 
 1.589104273972609  1.157173068493154  3.250343835616425  2.501139452054802 
 0.939796652751420  0.000959311840606  2.778221631878556  1.998355977229606 
 2.229453307392988  0.382994254941634  3.159489494163437  2.147971206225687 
 1.632687087912091  0.233010623351648  2.337383241758237  1.288846977197800 
 1.254128058620689  0.355362955517241  3.781898965517252  2.588478620689649 
 1.915436546391756  1.164787340206189  4.506091752577316  3.269599999999999 
 2.266734615384616  1.521600699999997  3.771303846153851  4.443372307692296 
 2.537417714285713  1.863176571428571  2.843597142857141  2.131010057142854 
 0.931312704188482  0.415683704712042  2.763626178010466  3.137049476439801 
 1.959287288135591  0.443728371440679  1.336511173728814  1.751045762711867 
 1.857479619565216  0.296092749347826  2.076887499999999  3.324885054347829 
-0.236841353896104  0.068319620857142  0.806704214285720  0.591747049220782 
 0.763592668977471  0.157216805615251  1.104111785095319  1.178477902946274 
 1.221558161157027  0.675360805785124  1.631307871900824  2.395125619834706 
 0.998389785714285  0.190897448976190  0.876098470476190  2.119178809523806 
 1.923236338028170  2.107332394366197  2.827008920187792  3.633383568075111 
 1.119370580152672  0.195179829007634  1.312850916030535  3.069851653944026 
-0.446840547216157  0.070945762579864  0.480366213591703  0.524626832641923 
 1.500834435695539  0.060836701837270  2.853918635170605  2.755731233595799 
 1.090133014354068  0.649438779904306  1.873492105263159  1.525161244019137 
 1.274586037209303  1.875875813953489  2.550620000000000  2.465878604651163 
 1.782805156950674  0.592496255605381  2.394189910313900  2.296808968609866 
 0.472374638772664  0.105070378535565  1.948094560669457  1.290211785216178 
