 0.023923253944903  0.074461240642214  1.235362568807191  0.592441616514084 
 0.273813307909604  0.086054648954790  0.684046511299370  1.634835593220153 
 0.860806888888671 -0.030523810031735  1.756341269841084  2.249670158730061 
 1.763876219512144  1.047260365853672  2.732781707317175  1.829764024389832 
 0.157677019488796  0.076467545543129  1.206023450479286  1.339561341853039 
 1.163324032258030  0.156998419354863  3.569204838709736  1.850500806451835 
 0.612901929824584  0.146978117769429  1.081350501253109  1.396499248120280 
 0.404988289377322  0.097343070769219  1.774163369963512  0.625196257142847 
 0.645287858536678  0.174912688292694  2.806675121950960  1.399317609755891 
 2.779158878504578  0.902232028037371  2.423784112149575  3.072343925233598 
 0.571630157142819  0.079891227529221  2.263253246753175  2.016962337662291 
 2.172041666666552  1.653328541666690  1.618064999999951  4.520562499999860 
 2.211828378378456  0.910035810810850  1.125256824324186  3.284078378378654 
 1.649949240506280  0.262330481012705  3.759270886076131  3.776949367088521 
 2.718707547169713  2.084007547169838  3.795339622641534  2.619626415094222 
 1.406151619047611  1.093893333333351  4.074259047619122  3.422442857142895 
 1.181764890510940  0.086825220437956  1.846752554744559  0.766199481751827 
 1.872931770833325  1.058288645833342  2.363686458333329  2.897334895833345 
 0.952982515527941 -0.042161526708072  2.041016149068302  1.619203416149128 
 2.514891803278688  1.374958524590156  1.412850311475400  1.775909508196714 
 0.931893222222246 -0.073490073333332  1.933952222222175  3.030057222222180 
 0.789814132450309  0.750319735099307  2.816001324503305  1.789743046357611 
 1.851624852941163  1.222096176470576  4.541520588235298  2.101832352941202 
 0.173227039936099  0.080951547578274  1.474228594249215  1.029559137380194 
 2.439597247706438  1.101045321100924  3.791413761467917  3.047153211009187 
 1.117186979166650  0.370309139583327  2.040419791666659  4.104027083333373 
 0.317633591760300  0.084476586558053  1.585747565543060  1.504995318352045 
 1.778572258064530  1.275744838709677  3.152432258064477  2.627294838709695 
 0.688205917525769  0.186548582474224  2.868318556701007  2.343381443298966 
 2.063039175257718  0.073680418762886  3.172190721649521  1.940341237113417 
 1.726899206349212 -0.031479061904764  2.388542857142838  1.385223730158723 
 1.536073529411762  0.160698555294116  4.076243529411799  2.519310588235274 
 1.940154385964922  1.070130596491239  4.896861403508761  3.358035087719298 
 2.427912500000002  1.981804999999994  4.467892500000021  3.997302499999968 
 2.427319130434783  1.781693913043479  2.806511304347828  2.438092173913042 
 0.779949971428573  0.328678208571429  3.545942857142835  2.882942857142911 
 1.826486021505372  0.184022300645163  1.339391612903226  1.285638279569908 
 2.204918309859145  0.201664398028171  1.828533521126765  3.869283098591551 
-0.042444822334294  0.074028919286743  1.125613314121046  0.976234971181563 
 0.312097813106800  0.083152683737864  0.885807864077665  0.982157548543688 
 1.457804173913046  1.403293217391306  1.680265391304337  2.746919130434768 
 0.406236529629628  0.112062019629629  1.016788111111108  2.127307407407404 
 2.573632926829271  2.145312195121953  3.072952439024387  3.604591463414610 
 1.566644055944055 -0.006285446153846  1.181157132867128  2.607038461538496 
-0.001400859402465  0.073115674077328  0.850956291739891  1.259803339191581 
 1.399953177570094  0.479363962616824  2.956616822429907  2.235781775700940 
 1.252983533333333  0.981750733333332  2.110287333333340  1.930251999999990 
 1.058027647058828  1.077076705882352  2.685288823529415  2.525952941176469 
 2.305555752212389  0.328380212389374  1.979794690265466  2.453396460176977 
 0.342942588235298  0.079475324953562  1.914805882352944  1.122999040247677 
-0.580031697341513  0.164158985869122  0.420708121267904  0.521625439672799 
 1.847997826086954  0.659692826086958  2.146160869565220  1.234316811594204 
 1.600146808510635  2.058268085106372  2.401188297872348  3.122007446808514 
 1.060809357798164  1.131371926605502  3.187172477064223  3.618644036697241 
-0.200403821106821  0.068922685893180  0.807259601029598  0.913607310167307 
-0.007452968389662  0.075839922047713  0.770661033797221  0.625263713717694 
 1.051463800000006  0.381738020000000  0.903046079999995  3.340265000000007 
 1.219581562500003  0.666864010416666  1.659330208333327  2.749322916666670 
 0.768270282894735  0.437013539473685  2.365963815789486  3.153002631578947 
 1.748323466666666  2.055030666666671  3.621847999999999  2.036897333333333 
 1.758679591836735  0.810237755102042  2.521576870748305  3.587201360544219 
 2.732295121951219  1.099289036585366  3.356300000000001  3.903420731707317 
 2.476994366197183  1.851302816901410  1.849681690140844  3.152425352112672 
 2.015719999999999  2.321266000000003  1.990075999999997  1.862170000000001 
 0.300162793103448  0.111849316573276  1.225839439655170  1.723585991379319 
 1.972473571428575  0.262434317142857  3.023174285714291  2.921862142857130 
 2.655107547169810  1.456374905660376  3.176796226415094  1.294306603773585 
 1.437027558139536  1.331016860465114  1.371157674418606  3.717545348837219 
 1.134524025974025 -0.187691643311688  2.786179870129879  1.722427272727269 
 1.432681200000000  0.456115998133333  3.160118666666665  1.283225199999999 
 0.738548048582996  0.122737222267206  1.287601417004050  2.618555870445347 
 1.612005442176877 -0.143701499319728  2.292252380952374  2.329106802721078 
-0.027647038329241  0.073500582039312  0.457434021621622  1.073622972972975 
 0.965994449339210  0.520940308370045  1.350206211453752  2.094735242290757 
 0.936219901219512  1.672708536585366  3.471018292682926  2.797052439024388 
 1.721153020833333  1.967600000000000  3.987004166666661  3.022738541666670 
 2.257386842105261  1.470654736842105  2.929673684210529  5.149955263157895 
 0.686936772727269  0.122911501227273  1.223743045454555  0.784901009090909 
 0.505093473045686  0.272856192893401  1.943762436548225  2.556517258883247 
 1.599840932642488  0.207217487046632  2.285654404145077  3.139627461139896 
 1.212614212328768  0.356563076712329  2.422575684931508  1.832183561643834 
 1.217122150537636  0.981806344086023  3.652702150537636  1.798410752688172 
 1.058599589552241  0.388816499999999  2.314968283582095  2.504424253731348 
 1.577486966292136  1.379172359550560  2.849717977528089  1.009894584269662 
 1.428026575342466  2.286949315068490  2.895321917808218  3.921458904109587 
 1.026059696969696  0.348989257575758  2.680607070707071  0.601796714141414 
 1.200694328358208  1.156040208955224  2.641832835820895  4.420125373134331 
 1.603446962025318  1.058307721518987  0.875005748101266  2.444540506329111 
 1.629148000000000  0.571876742857142  1.616149142857143  1.933953714285715 
 2.111052688172044  0.355970161290322  2.905810752688172  3.866003225806453 
-0.313031913279132  0.078920846626017  0.849363319783198  0.548035113821139 
-0.253265691123190  0.082592560887681  0.464771452898551  0.422887670652174 
 1.270900335570469 -0.202839618120805  2.921689261744964  2.719061073825505 
 0.976454843750002  0.577789479166667  2.217705729166670  1.240677552083335 
 1.039611379310345  0.445042034482758  1.593357327586206  1.437681379310342 
 0.872707878787879 -0.043684820568182  1.255255909090908  1.828600000000003 
 0.423051365591398  0.078788584677419  1.652449193548388  2.020794623655911 
 1.596387142857142  1.152657428571428  4.261020000000002  1.026532257142857 
 1.469471575757574  0.833730424242424  3.612433939393941  2.594138787878787 
 0.825177641921397  0.539732445414847  1.963492576419217  2.074229257641924 
 2.323302105263159  1.445696210526316  2.421781052631579  3.898447368421053 
 1.305286782178221  0.516655321782178  2.957253960396039  3.027181188118812 
 1.627176818181822  0.565626090909090  2.392914545454544  2.355647727272727 
 2.474954464285715  0.761441160714286  2.878507142857142  2.341577678571428 
 1.199573515625000  1.220625703125002  2.271421093750000  3.316130468750000 
 0.679707281795513  0.063358642483790  1.589971072319201  1.210301197007482 
 2.102150909090908  1.205026272727272  1.825020000000000  2.352108181818184 
 1.823239007092198  1.413656241134752  3.181634042553193  3.502019858156030 
 1.862758333333333  1.392254375000000  3.967675000000000  4.421481250000001 
 1.443560419580420  0.362031006993007  1.654804195804196  3.345753846153844 
-0.325054274234694  0.062543787844388  0.498021885204083  0.766224974489796 
 0.465888509322034  0.171627769209040  2.102514406779662  1.565615536723163 
 1.088263269230769  0.133395368269231  2.904026923076921  3.698712500000000 
 1.257748719999999  0.357019952800000  0.829090080000000  1.550225920000001 
 1.496966029411765  1.473072647058823  1.620935000000000  1.258386470588235 
 2.105276415094339  0.954114339622642  3.578175471698113  1.963312264150941 
 2.452609677419354  0.455819059677420  3.957645161290327  2.534348387096773 
 1.349566550000001 -0.034222932000000  1.690692499999999  1.895610999999999 
-0.509241003787879 -0.035990204154716  0.603679299242424  0.456500507575757 
 0.886668333333334  0.120285334666667  0.602143277333333  2.146490666666667 
 0.766467781250000  1.647470312500001  2.032340624999999  2.535596875000000 
 0.744688418803419  0.039211639743590  2.295798290598291  1.107758333333333 
 0.892666852791878 -0.111040702233503  2.423407106598989  2.321581725888322 
 1.440746565656566  1.965310101010101  2.669619191919190  2.167927272727272 
 1.345780476190475  0.198261097333333  1.806906190476191  2.496140000000000 
 2.428372000000000  2.508652000000001  4.222188000000001  2.000299999999999 
 0.715626710097719  0.201929993159609  1.665246254071662  1.735397068403909 
