-0.000267346890494  0.076558970619156  1.112213863511242  0.710992768849849 
-0.359770473301692  0.069804988770782  0.570253761287445  0.586450476475806 
 0.946552566768534  0.203601198848119  1.147204278899022  2.371314576962252 
 1.661023587140429  0.779335847749581  2.838591201353666  1.296396459729157 
 0.380076281220403  0.094979496307206  1.118425779063667  1.650415044713310 
 1.541455775729646  0.538184561628269  3.595350844854084  2.258822734255037 
 1.188992390608330  0.293821793927430  1.475028922091774  1.368874290288140 
 0.362134014123461  0.086604119793579  1.591172444444458  1.092120707259257 
 0.969820925855532  0.107671519115971  2.725120247148242  2.114732794676764 
 2.140076604850192  0.676641698002850  2.474489871611991  2.714110128388012 
 0.612927859893131  0.118398311366142  1.866060742407183  1.926856467941499 
 2.237598285714271  1.780329942857148  2.512064142857137  4.041121428571413 
 1.623937897959194  0.864267653061230  1.366032965306103  3.289848775510241 
 1.228735362095523  0.308107488906015  3.120338058551638  3.146508628659469 
 2.177377966903066  1.928820638297875  2.979407565011824  2.350065626477531 
 1.787546715116279  1.432802744186048  4.240117441860479  3.562366569767458 
 0.812186217749312  0.182937476422690  2.383194876486744  1.210931225068615 
 1.275114656177604  1.564113069498071  2.860884362934364  3.217819691119690 
 1.561394431554517  0.186641812923435  1.975917041763333  2.074535846867768 
 1.904928062015507  1.455044987080102  1.575411062273900  2.099910465116280 
 0.991448429006085  0.201063159188641  2.013220689655165  2.861265212981741 
 1.128004279887483  0.973789789029532  2.401098452883270  2.235321940928272 
 1.976648477508650  1.433639169550171  4.136265397923873  2.003924671280278 
 0.024967911165480  0.074786512334964  0.810101278380783  1.129324008007121 
 2.437671122994649  0.916226793315508  3.366306417112301  3.426770588235298 
 1.508042860169492  0.514565361567796  2.344945932203390  3.933646398305086 
