 0.012117502875028  0.075419136781670  0.938846338741793  0.969241078280723 
-0.345517425399891  0.069638385032075  0.588662846138988  0.586649872366227 
 0.983264322962910  0.191578706000003  1.471083353333291  2.593849111111083 
 1.691152735562298  0.967645186930096  2.818245136778137  1.425222958510535 
 0.412265486293953  0.102424736149684  1.064729721190279  1.682538210099186 
 1.523793089330022  0.561250878312659  3.668199255583133  2.252559342431799 
 1.310191556776561  0.311950032884618  1.524240787545783  1.505251456043943 
 0.374715424307040  0.089568598806822  1.589324452025597  1.035241536972277 
 0.887709849137945  0.186171791094829  2.662095431034452  2.391643534482713 
 2.336708422664604  0.703158350474730  2.700821745788672  2.915369525267987 
 0.621616911458013  0.128579699753142  1.877154550025123  1.875700754147804 
 2.174956254826245  1.615488841698844  2.716229787644781  4.041802123552126 
 1.593299549839236  0.718142980225083  1.549991596463006  3.518531993569161 
 1.269529457888490  0.384568874495851  2.767239620403331  3.480274258600229 
 2.235063566739600  1.884765601750549  3.512938074398250  2.326476498905903 
 1.836395268389662  1.221918564612329  4.130029423459241  3.482788270377740 
 0.901613073455757  0.201072230425710  2.532028380634400  1.290389557595990 
 1.302511960191517  1.547527975376199  2.681376060191517  2.857246648426813 
 1.513314919286317  0.337459206830927  2.281415972812233  2.279270858113857 
 1.908335405904062  1.357306254612543  1.605028507564575  2.241696734317344 
