 0.220617165255641  0.086392956073724  1.066673006896532  1.326613146254505 
-0.258112801241303  0.070357792189262  0.688162494846714  0.659277019973660 
 1.540461621621573  0.654774784594601  1.890093845439139  3.535279476351321 
 1.274558046216060  0.369418746603122  2.719163200462161  1.483556217619832 
 1.090255191085818  0.238541728786154  1.299402455523955  2.251085860597438 
 1.846531496786043  1.198421096235080  3.700260697887972  2.231598181818191 
 1.860481586655820  1.239717004882017  2.091259015459727  2.173171960943846 
 0.570359299264708  0.127087229133088  1.728475606617650  1.087342227279410 
 1.249908777668951  0.310105839813907  2.738964103819785  2.708557198824673 
 2.098000750816100  1.714217551686613  2.760369314472252  3.445607616974975 
 0.706710816239734  0.140059547363331  1.995074570575053  2.002248581030612 
 1.732833999871465  0.963123835218509  3.727492673521851  3.675358997429308 
