 0.103911003858157  0.079699623660069  1.230607028154242  0.678001078206651 
 0.113484097303921  0.075559740894603  0.672071438480365  1.238689828431290 
 0.641614176803296  0.127276054554461  1.434137793493552  2.239319801980152 
 1.700568749999964  1.242168973214295  3.033833928571502  1.269575397321126 
 0.354620665792904  0.087515098807338  0.926741543905673  1.783364613368285 
 1.272600410658295  0.429923915423207  3.395598746081527  1.587675360501653 
 1.054815137111536  0.049630948171850  1.521714533820820  1.580575868372929 
 0.300706979166677  0.091473714817979  1.667658223684251  1.048270986842103 
 0.765490428940617  0.274257987338507  2.647756589147148  1.081699033591624 
 2.514219028340044  1.195323684210523  2.155816194332002  3.003424696356253 
 0.630588733409074  0.126601454463904  2.052312700534728  2.106439171122976 
 2.083206432748506  1.316937894736850  2.327015789473670  4.431660818713411 
 1.702673131313160  1.151006535353551  1.137727843434292  3.507172727272832 
 1.728547822878215  0.421269848708501  3.253125461254662  3.708382656826545 
 2.055066363636337  2.162302673796799  3.877334759358297  2.628046524064139 
 1.024758628301883  1.339395660377369  3.703222012578663  3.354602515723299 
 0.814858951048949  0.085961576983683  1.857051282051293  0.765913744055945 
 1.512474710327451  0.986508438287155  2.343955919395464  2.968338790931994 
 1.352799381237519 -0.054186289341316  1.920384630738505  2.253806586826390 
 1.962338775510203  1.589733877551017  1.555666449489792  2.093472448979588 
 0.876228812386164  0.157948147832423  2.097490528233135  2.805524408014561 
 1.031260065913367  0.694603333333325  2.571617890772127  2.136110734463272 
 1.982086416184967  1.110661040462424  4.208005780346824  1.905546011560704 
 0.115064591267842  0.074973139168766  1.200011469353488  1.253534794290512 
 2.542290222222232  0.998499022222225  3.277885777777791  3.236219111111115 
 1.097980084033606  0.501294026890754  2.239343277310921  3.954294957983210 
 0.384775146558318  0.114263982248567  1.528523804971316  1.629279254302094 
 1.586177314285720  1.160051685714289  3.271803999999984  2.513324857142864 
 0.888203465069857 -0.000767479820360  2.777159880239520  2.023199800399206 
 2.293701652892555  0.436626431074379  3.186638429752080  2.173610743801660 
 1.553185751978895  0.139009242295514  2.434251451187332  1.408565364116095 
 1.285572396296296  0.353486661111111  3.803800740740753  2.574948888888882 
 1.909451912568309  1.151197508196724  4.504296174863385  3.243532786885245 
 2.307873451327434  1.507919477876103  3.930169026548680  4.425586725663702 
 2.477112290502792  1.848918994413408  2.867829050279328  2.098303128491619 
 0.895093576023391  0.371814886257310  2.887769590643267  3.050955263157908 
 1.965927947598251  0.453056875807861  1.356814091703057  1.769563624454151 
 1.899959821428570  0.279039997797619  2.061341666666666  3.321422321428577 
-0.111447849531981  0.070910790088923  0.913081170046807  0.930037340093608 
 0.704911358234297  0.160520279779287  1.120509320882850  1.186930628183363 
 1.232282923728815  0.703257309322034  1.626082203389829  2.405625847457620 
 1.039740397727273  0.213952543181818  0.812396294318181  2.123512215909089 
 2.368252702702705  2.141289189189187  2.935252702702699  3.669497297297287 
 1.133846000000000  0.216519530555556  1.271396500000000  3.055198055555563 
-0.237538122458004  0.066366133041556  0.506574958443854  0.819276242263489 
 1.543006327077749  0.072902559249330  2.859411528150134  2.741376675603215 
 1.043804687500001  0.564036071428571  1.880710491071431  1.625407611607140 
 1.243062819512196  1.820030243902439  2.571802439024389  2.363462439024389 
 1.806611002444989  0.595312454767725  2.408732029339849  2.226783618581907 
 0.609729466145834  0.088909833945313  2.125552604166670  1.504830598958335 
-0.484978963203462  0.073975064571653  0.479042684920638  0.484052935064934 
 1.655735549450549  0.997254065934067  1.970259890109890  1.083049970879121 
 1.560670817610063  1.896670440251570  2.068329056603774  3.289277358490565 
 1.452764311111111  1.555241155555556  3.013588888888891  3.602206666666668 
-0.241537511179645  0.068327368257517  0.791353261372397  0.525550243022359 
