 0.017921946944437  0.076190742170557  0.950353246666644  0.969211610555605 
-0.344305929178083  0.069694773733234  0.589563189068485  0.588133070465737 
 1.028942689100167  0.192217554820779  1.473150720555918  2.648461814191631 
 1.801150967117971  1.264897176015478  2.662942940038716  1.461035289554995 
 0.420036922936572  0.105274541172893  1.077245178801058  1.688694591659426 
 1.622112605156035  0.653600517421985  3.704779511533252  2.016899496607911 
 1.317877571684593  0.307308115510755  1.544554014336912  1.504122876344072 
 0.393873767331357  0.090277438524394  1.617493368689021  1.055583406533724 
 0.978012716615714  0.208508931090725  2.932188990825654  2.580339857288423 
 2.329144901065428  0.683180601308978  2.728234246575346  2.858381430745808 
 0.634467427085518  0.124256457945055  1.925152460582881  1.939949976110838 
 2.185779554655860  1.610931396761136  2.784882388663962  4.057653441295547 
 1.726443885480583  0.994611969325158  1.517607613496913  3.516529652351774 
 1.325665110714283  0.386057790357146  2.519908333333341  3.558762499999996 
 2.234864704491719  1.955106430260050  3.565108747044919  2.507134278959807 
 1.784513379721669  1.078041087475152  4.108923856858844  3.498739761431415 
 0.938928816745653  0.227604243467615  2.582441232227496  1.318870345971563 
 1.304625396883468  1.517441924119243  2.774035636856367  2.876557317073168 
 1.430507286245350  0.347641954052046  2.335399405204460  2.239610037174729 
 1.851580741444868  1.278679391634978  1.573654397528517  2.285607414448673 
