-0.145302600375551  0.071804465877150  0.910899597639444  0.657096905472195 
-0.395546093346009  0.069699375504299  0.515325950304174  0.569137807376402 
 0.942355799100348  0.216992766521746  1.031316062368729  2.451916941529185 
 1.736483534482736  1.258871867816097  2.858375000000045  1.311236361206700 
 0.364470956040747  0.092751338704511  0.993077416302789  1.677355385735082 
 1.148574124561397  0.313639179912287  3.238625263157909  1.570760087719347 
 1.095995237068972  0.266071126519399  1.357259827586194  1.483844073275850 
 0.221457115380318  0.081093256003354  1.352377421700242  0.914359844519014 
 0.720483448068685  0.128844801012877  2.274624892703816  1.667052188841164 
 2.196022061482799  0.944886428571426  2.268050271247748  2.956030741410480 
 0.663348480266553  0.129231993571211  1.742876237623739  2.188939527798932 
 2.267379779411747  1.844718014705889  2.473300183823522  4.109155882352911 
 1.592589247311840  0.999707446236567  1.268358663978469  3.342119892473171 
 1.276590143884883  0.345022239928063  3.294552158273403  3.227855575539556 
 2.196253676880217  2.057214206128136  3.162440111420615  2.400092367688009 
 1.788446677852348  1.460339677852351  4.309301677852369  3.568487583892633 
 0.701187547732696  0.159510100501193  2.072749761336523  0.912599978758949 
 1.250125463659790  1.665451314432993  2.710828608247426  3.362460051546389 
 1.571359174964430  0.131792306600286  1.768466714082493  2.307726173541988 
 1.982515127388538  1.490398343949043  1.581457869745220  1.987913121019106 
 1.092131856767413  0.236589347568988  2.055504520367931  3.092819185282515 
 1.184199228650135  0.905641336088151  2.224449724517910  2.301018595041322 
 1.992954732142856  1.015451562202380  4.169480357142858  2.161104940476194 
 0.012016797634303  0.073904981970922  0.794511165007394  1.123382557910303 
 2.402119726027394  1.058583030136987  3.347751232876719  3.577779178082193 
 1.537606734693876  0.530781847346938  2.385340765306116  4.012127040816328 
 0.373360400320103  0.091602297245839  1.586822663252240  1.469191805377718 
 1.371661497983871  1.125298004032257  3.298032258064516  2.510962903225805 
 0.968238220620843  0.124555225798225  2.670202660753879  2.377066740576492 
 2.000356596558316  0.368227955678776  2.942508413001911  2.341996940726578 
 1.563373891625616  0.349963741050904  2.218845320197045  1.432172747126436 
