 0.139233074656782  0.082453076825773  1.334841055966124  0.732670817318033 
 0.146140102197802  0.079756391991752  0.667089895329640  1.325803749999908 
 0.715782029032146  0.113585494951619  1.429542274193454  2.387228709677368 
 1.708514974358933  1.224733692307703  3.004646666666752  1.205577379486833 
 0.350737720170434  0.088138564616476  1.006518096590950  1.842062499999998 
 1.251320349137914  0.349549015603461  3.487769827586236  1.510977198275980 
 0.973274014084525  0.055155833098595  1.522515316901390  1.680306866197171 
 0.355032329466368  0.090147572327143  1.729362180974521  1.133369976798142 
 0.754536475920734  0.256562914164312  2.649764022662737  1.051114606232177 
 2.648208152173858  0.772790108695645  2.398207065217416  2.824795652173884 
 0.587728083984597  0.123716811536923  2.077092615384581  2.172111230769207 
 1.945876093749958  1.475953515625009  2.343517187499981  4.581159374999947 
 1.803466826347339  1.197753017964089  1.150659838323293  3.541732335329464 
 1.528449162303646  0.296478727748711  3.415424083769707  3.719032460732951 
 2.178392052980098  2.060064900662260  4.009803311258288  2.769201324503272 
 1.052727466863901  1.314302189349122  3.662985798816613  3.277253846153873 
 0.819701455847254  0.085439982243437  1.831845346062064  0.752726410978522 
 1.757735220125780  1.015533710691827  2.175987421383647  2.833478616352207 
 1.279104741573027 -0.069086365168538  2.039345393258408  2.147222696629262 
 2.062315300546448  1.591028032786882  1.548182525136608  2.043274754098356 
 0.917144506963800  0.077177309470753  1.985955988857917  2.977892479108621 
 1.125482183908040  0.659653057471254  2.777283448275859  1.933009195402297 
 1.943392038216556  1.147286815286619  4.213128025477712  1.828035668789820 
 0.157081330173199  0.077693000738377  1.257054940747499  1.319123336371925 
 2.400539444444452  0.888454842777782  3.636489444444460  2.932918333333338 
 1.171261485714277  0.440571396571426  2.284497142857139  4.131402285714307 
 0.404428593252213  0.125240957668142  1.592540707964596  1.723603429203529 
 1.590366297468362  1.163837310126584  3.260134810126565  2.504785759493676 
 0.899651498829037 -0.031884593887589  2.787294847775173  2.003385714285718 
 2.139346288209598  0.420731500524017  3.171291703056783  2.029346724890835 
 1.527347214076250  0.126692885425219  2.411526099706740  1.349456255131963 
 1.352184439834025  0.396970132365145  3.861031535269725  2.512150207468872 
 1.863290410958907  1.120011397260278  4.595472602739724  3.302362328767122 
 2.105919512195122  1.668978048780484  4.075865853658546  4.459741463414615 
 2.524136363636361  1.728805511363636  2.824793749999998  2.110881363636364 
 0.797182568265683  0.208663507749078  3.022107380073790  2.825469003690055 
 1.775191056910568  0.377423788861789  1.307215191056911  1.538808780487809 
 1.802915589353610  0.202158521901141  2.023710266159694  3.376746768060844 
-0.023968401651652  0.073061121684684  0.952918693693697  0.997978903903908 
 0.681816902927583  0.149838511309707  1.137375963020029  1.224573882896764 
 1.211808996960488  0.830371094224924  1.496827872340421  2.328089665653489 
 0.953878658146964  0.206152885623003  0.722100113738018  2.062103194888177 
 2.405148905109490  2.086199270072993  3.009797080291971  3.550166423357653 
 1.559409060402684  0.125836512214765  1.406517919463088  2.552990268456391 
-0.224461582984295  0.068976761736474  0.562257780104712  0.879646579406636 
 1.578596614583335  0.115590202083333  2.844239583333334  2.752820312499999 
 1.027698177570094  0.574114345794393  1.892992990654208  1.613935163551401 
 1.125173679069770  1.512727348837210  2.453072558139536  2.256302325581396 
 1.834897727272728  0.542910523863634  2.295077840909083  2.136899431818180 
 0.652853087621698  0.092375814700974  2.168018636995830  1.539856189151600 
-0.546525017985611  0.075859061237689  0.524147384262594  0.528161602517985 
 1.636267891566264  0.994491265060242  1.982851807228915  1.063158401807230 
 1.470968967391304  1.856073369565214  2.191161956521740  3.191795108695652 
 1.410099575757575  1.732052727272726  3.087684848484852  3.689190303030303 
-0.192994741224490  0.067152372032653  0.896183053061223  0.590849528979589 
-0.256704106371490  0.066745834589633  0.500535250539957  0.461550300431965 
 1.083932777777780  0.446707598148148  1.202364999999999  3.280822685185186 
 1.046356385068764  0.496874515717093  2.243073870333986  2.447829862475444 
 1.051029023569023  0.767417811447812  2.556795286195289  3.196889225589226 
 1.691903333333333  2.250414634146342  3.257231707317074  2.201022764227643 
 1.860417131474103  0.803052470119522  2.728760557768927  3.472418725099601 
 2.556017985611510  1.039852597122302  3.257053237410073  3.902240287769787 
 2.529471653543307  1.562939133858268  1.957177165354331  3.433983464566928 
