 0.048417145454509  0.078703298801063  1.235251330698182  0.622731441370457 
 0.165506898671096  0.077025780016604  0.677270275747470  1.390391860465005 
 0.738290557620690  0.003036388308557  1.565355018587252  2.219336802973919 
 1.627963491379276  1.193522543103457  2.715706465517314  1.612031810344535 
 0.269541271040709  0.089936925339365  1.151154185520399  1.480042081447964 
 1.195250646586331  0.205773877108446  3.426139759036173  1.773151004016176 
 0.815403452991471  0.101388318745303  1.367903162393148  1.420410085470073 
 0.434300596707837  0.103044573292175  1.812601646090615  0.801489955144028 
 0.771576818181880  0.264907486688319  2.622666233766060  1.020493912337527 
 2.657950909090848  0.755115987878780  2.424605454545481  2.839441818181788 
 0.539889785083777  0.162891659216015  2.070777094972021  2.118534078212264 
 2.074730275229308  1.468903211009185  2.146176605504565  4.619689908256820 
 1.938736915887904  1.163207757009374  0.926863243925138  3.285557943925425 
 1.547871891891867  0.316396716216241  3.577031081081177  3.750018243243199 
 2.345034999999947  2.142262000000014  4.012371000000011  2.550119999999940 
 1.333535599999996  1.282282285714296  3.749231428571473  3.208115428571452 
 1.061872075471694  0.060150684528302  1.915116226415112  0.899193577358492 
 1.785672937293724  0.972800792079212  2.212858415841580  2.821987458745884 
 1.081452601941740  0.032284912815535  1.970290873786391  1.773127572815575 
 2.312028225806453  1.225028064516124  1.436646508064512  2.015280645161284 
 0.821410568452393  0.084792057440477  1.978279166666643  2.973115178571410 
 0.905398249258151  0.607302255192865  2.630537982195845  1.800251632047476 
 1.811084233576636  1.178648832116782  4.255899270072998  1.821746423357677 
 0.218067688192266  0.080008083180773  1.497334691745046  1.143572789968651 
 2.486928395061739  0.956279288888893  3.772905555555573  2.909421604938278 
 1.142058613138674  0.291093141605835  2.371138686131382  4.127509489051126 
 0.383427117958657  0.110279141255815  1.587474806201544  1.712636821705414 
 1.618022245614042  1.144239438596493  3.283273684210506  2.482261052631588 
 0.810071852040812  0.060516812933672  2.675859693877544  2.386740051020408 
 2.157370506912436  0.429634454009216  3.149604147465453  2.098291244239637 
 1.595202641509437  0.114182442377358  2.519922264150933  1.419759698113205 
 1.483465469613259  0.429452205524861  3.995623756906098  2.509143646408831 
 1.916321100917436  1.197200311926611  4.723743119266051  3.391015596330274 
 2.115780263157895  1.577839342105259  3.979813157894746  4.558581578947348 
 2.444501923076923  1.695136987179487  2.742883974358975  2.417085897435897 
 0.888911441747574  0.451618907766990  3.326387378640764  2.826494660194201 
 1.681487053571427  0.293471357410715  1.325585133928572  1.536204553571434 
 1.893083009708735  0.246861574077671  1.976587766990293  3.527490291262143 
-0.009810201962457  0.074260282589590  1.051666109215021  1.070262124573381 
 0.570360714285719  0.126941845523810  1.050841761904756  0.896009428571429 
 1.378631127450981  1.098856176470588  1.464940784313719  2.454309313725478 
 0.975426515837101  0.210770893212669  0.633434405429862  1.862488687782802 
 2.334875968992248  2.097196124031010  2.989299224806202  3.673179844961227 
 1.540865934065933  0.074705896117216  1.373723516483515  2.540789010989028 
-0.089852444016652  0.070214299374610  0.628492339021852  0.968487190426645 
 1.413165891891894  0.532637783783785  2.706866216216219  2.264203243243246 
 1.023498491803280  0.660031967213115  1.885594098360660  1.518077639344257 
 1.018408351239671  1.249233471074380  2.508797107438018  2.553242561983470 
 1.866974906367042  0.484999892883893  2.096870786516844  2.101494756554303 
 0.519965639016899  0.113422526528418  2.053267434715824  1.426981413210447 
-0.557095382955772  0.089023494498383  0.527147738942832  0.472644872707659 
 1.754859346405227  0.835356470588236  2.049884313725493  0.988028220261440 
 1.493424183006535  1.913345751633982  2.238841830065362  3.133871241830067 
 1.274597485380118  1.212023333333332  2.905114035087723  3.883207017543858 
-0.257218025830259  0.072083906088561  0.859918321033209  0.715624049815497 
-0.207695956521739  0.061157463670077  0.673979718670077  0.414178588491048 
 1.189753815028903  0.356571855491330  1.198909595375721  3.346570520231215 
 1.071781459227469  0.477448555793992  1.993742918454935  2.448247854077257 
 1.113261646341462  0.455917104268293  2.566704268292684  3.165250914634148 
 1.555688549618320  2.118525954198475  3.217838931297710  2.250486259541984 
 1.889442412451362  0.735874186770428  2.780112840466931  3.404352140077823 
 2.578010144927535  1.055765079710145  3.180096376811595  3.887603623188409 
 2.506503200000001  1.601098240000001  1.970399200000000  3.427628799999999 
 1.764547168141593  2.062730088495578  1.952287699115043  1.818043539823010 
 0.397083187499999  0.090002223568548  0.991122076612904  1.990662500000004 
 1.622557346938776  0.000803096326531  3.006328163265306  2.845695510204080 
 2.636952500000000  1.492057624999999  3.302413750000001  1.398663000000000 
 1.320320779220780  1.142629480519479  1.718354675324675  3.637076623376627 
 0.813316713815789 -0.099836417105263  2.617570394736846  1.702750328947368 
 1.423321068702290  0.799730068854962  3.365543511450381  1.048560687022901 
 0.774081852713178  0.216720006589147  1.127420503875970  2.652841085271318 
 1.461531543624161 -0.104013694630872  2.204171140939595  2.452345302013421 
-0.329186171924290  0.054309563644911  0.426521225341746  0.690303648790746 
 0.997939972067040  0.444555775698324  1.410934720670393  1.968471229050282 
 1.083234962650602  2.043625301204820  3.172608433734940  3.574774698795181 
 1.868065822784810  2.011907594936709  3.843236708860760  3.279235443037975 
