-0.165175709211335  0.071028434482243  0.904777092113135  0.641295536303537 
-0.132530756754773  0.069759026438323  0.575246203964742  0.954634273127707 
 0.852419154069670  0.161081977281983  1.197636109011543  2.353873255813902 
 1.683183465346508  1.224408415841592  2.780608580858138  1.291025009900766 
 0.324642585858571  0.094199104030302  1.059000777777809  1.783041111111115 
 1.046684366803271  0.326610728995908  3.127648975409856  1.458437870901696 
 1.008362100238673  0.225165196599048  1.579230668257741  1.498061587112162 
 0.170861598567126  0.082724981247358  1.321960912518878  0.826684962292609 
 0.639959566560190  0.125207876155487  2.257798402555854  1.484247529286429 
 2.095058836206879  0.898771963362066  2.274934913793115  2.790705387931025 
 0.573091167950123  0.113809995012927  1.796813111726661  2.035131117266840 
 2.267658490566017  1.758684000000005  2.358832452830180  3.881727924528276 
 1.804604285714308  1.249976190476204  1.244643086580044  3.407578787878877 
 1.757234235668777  0.442374223248419  3.246826433121063  3.663703503184693 
 1.969470608695630  2.182752173913050  3.720715652173918  2.605294347826061 
 1.245848160738253  1.484127281879201  3.279015100671165  3.533420134228206 
 0.633115570613411  0.114238904630528  1.875240085592019  0.816980379743223 
 1.320132161879891  1.595105430809403  2.297302088772844  2.874359007832895 
 1.395584316109414  0.020437716930092  1.934149696048620  2.255543768996988 
 1.864783235294119  1.670759803921566  1.608961392647055  1.929138725490193 
 0.842634953376210  0.212320183697749  2.016706270096452  2.837406270096459 
 1.145818137931034  0.722834193103442  2.237051586206894  2.118367310344823 
 1.945841862348176  1.022936975708499  4.066671659919032  1.834703234817821 
 0.090907458217101  0.078117291158278  0.960483274711949  1.202903565797456 
 2.621600000000005  0.988425186842108  3.262315037593995  3.135809398496242 
 1.274177279693482  0.679675754406129  2.286176551724133  4.158598084291198 
 0.332989741553134  0.082878609258856  1.530706539509535  1.375511171662119 
 1.429853611627911  1.156715000000003  3.202147674418594  2.436108372093027 
 0.869518695898159  0.057972451216407  2.628558132956148  2.193126732673266 
 1.898542741935484  0.317013888145161  2.879599596774198  2.141019354838717 
 1.495409000000002  0.304875239702127  2.240529148936168  1.178664903617019 
 1.284984100574712  0.329773043390805  3.731466379310350  2.585594252873561 
 1.880855198237888  1.211346273127755  4.460767400881053  3.252861233480175 
 2.249574375000000  1.667843624999997  3.640478125000003  4.389702499999991 
 2.475897797356828  1.806177092511014  2.777612334801761  2.215427136563873 
 1.142987313974589  0.320053087477314  2.808672595281305  2.982126860254087 
 1.802621487603306  0.566841886776860  1.379132498622590  1.906695702479341 
 1.816041095890411  0.254584963726028  2.117458904109590  3.362487123287675 
-0.429644046135831  0.069555857089606  0.517402048384076  0.514687288711944 
 0.844943546391753  0.188400620000000  0.825377151752578  1.552729051546392 
 1.233032573726542  0.417053871849866  1.272282900804289  3.076610723860589 
