 0.041175215304593  0.078217718481925  1.146956934125766  0.772642808816333 
-0.356640206467662  0.069647704198509  0.581329426192560  0.577838327831415 
 0.955901420895454  0.218983254796024  1.136996873233772  2.398140995024844 
 1.688922824675313  0.823055227305199  2.851833279220806  1.345643859902487 
 0.366478797013481  0.093355264007706  1.127916809248571  1.614820183044315 
 1.481515927966099  0.471778549322038  3.577529237288145  2.391137994350323 
 1.199021863874351  0.306318653727751  1.476797455497374  1.383809518324593 
 0.402821840768414  0.088873563811098  1.654975186766290  1.088257914727852 
 0.980986740634022  0.090330657742556  2.737262247838570  2.203941594620513 
 2.259690510948883  0.651290251182479  2.663368175182485  2.889726861313862 
 0.623837933847386  0.120531857608275  1.867140300913470  1.935560397635670 
 2.251836036036025  1.560055000000005  2.673651869369364  4.087790090090083 
 1.616687482876721  0.755652196404114  1.565372881849297  3.555128424657564 
 1.299348395652169  0.390053459710150  2.925798405797115  3.537829710144923 
 2.238937276995297  1.913301478873242  3.016527230046952  2.384962816901398 
 1.967458371607516  1.313351158663885  4.100080584551152  3.505079331941556 
 0.856768785649407  0.205916881952771  2.452347229791106  1.256511788374203 
 1.303346725933607  1.664765456431536  2.813633817427386  3.223741493775935 
 1.604335437430781  0.221780044119602  1.994101317829450  2.098562126245863 
 1.896543140495871  1.415486962809915  1.589811324586776  2.265260785123967 
 1.010304451417003  0.208775901781377  2.013020850202425  2.862657186234811 
 1.178137899346406  0.975054300653591  2.495670588235300  2.326778562091504 
 1.889370977198697  1.368273192182410  4.120901302931596  1.979516905537460 
-0.002366291104735  0.073725071702056  0.769147567575323  1.116769258727884 
