 0.083206437578918  0.079640332615796  1.206857421052544  0.667984380000187 
-0.023489972523365  0.070567450017753  0.626634998878485  1.050017738317695 
 0.606325323735469  0.130689287894742  1.458070693196330  2.222063029524987 
 1.721996870228976  1.249876679389323  2.731142748091665  1.235893758396688 
 0.343610020408144  0.082986166965985  0.836431729251740  1.744866802721092 
 1.253089942598176  0.482585475891248  3.388325075528723  1.521147126888299 
 1.038215114006530  0.057961472964172  1.638269071661217  1.631065048859920 
 0.230066017322844  0.080187142001966  1.542672933070901  1.041104192913383 
 0.731512200417575  0.200550387265140  2.582605219206570  1.212379250521834 
 2.443717499999968  1.249205321428568  2.156341071428588  3.007163571428552 
 0.616295480487790  0.127970536003485  2.080251684088237  1.971922764227624 
 2.105660893854719  1.259781363128499  2.308040670391048  4.397641899441302 
 1.677729816513786  1.234523990825702  1.164554371559587  3.464196788990922 
 1.741370795847737  0.453147401384096  3.235303806228419  3.686852941176448 
 2.031786719576693  2.160558201058208  3.875219047619055  2.593852910052878 
 1.153655575378786  1.403868257575765  3.438455303030332  3.447545833333353 
 0.797335204705880  0.117530799811765  1.879572470588245  0.704539932235295 
 1.409119815303425  1.146369920844328  2.275322427440631  3.087798680738788 
 1.345676889763773 -0.043661681417321  1.935494488188959  2.263356299212638 
 1.920909090909090  1.573554136363633  1.579541018636360  1.990137409090906 
 0.842776166950603  0.140475436899489  2.112254684838147  2.744851959114130 
 1.034609680073123  0.701283711151729  2.566957586837292  2.127661608775133 
 1.956934126984123  1.133564708994706  4.165406349206354  1.866817777777787 
 0.057088436965517  0.077927379151724  1.037300475862071  1.179544931034487 
 2.554938095238103  1.084514722222225  3.264716666666678  3.257874603174606 
 1.090071249999992  0.500179925892855  2.261348660714282  3.993350892857161 
 0.337130060996564  0.097561521084193  1.412270876288656  1.596778436426107 
 1.581346539509543  1.161418392370575  3.250728337874646  2.501489373297010 
 0.925585769673701 -0.006833754683302  2.774409596928981  2.010926295585418 
 2.267644140624993  0.433557360624999  3.189653906250012  2.149654687500006 
 1.617248947368424  0.208935314289473  2.384087631578945  1.340078849999998 
 1.271311726950354  0.362785834042553  3.796800000000011  2.571167730496448 
 1.894411117021279  1.151952202127662  4.504209042553188  3.250212234042552 
 2.296536000000001  1.541355447999997  3.869012000000006  4.403051999999986 
 2.539483615819208  1.857849152542372  2.842706214689263  2.132301468926550 
 0.918315356545961  0.383103345682451  2.856508913649019  3.057758217270208 
 1.964635021097044  0.446191867341773  1.350491548523207  1.737524050632913 
 1.873191111111110  0.296107103500000  2.070459444444445  3.310728611111115 
-0.207708130104031  0.069931928433029  0.842114219765934  0.671470811313398 
 0.755240381426204  0.160387235091211  1.125509253731343  1.190165605306800 
 1.222199666666668  0.685306729166667  1.628703895833331  2.396353541666661 
 1.036912973684212  0.191521455789473  0.856097546315789  2.114069210526313 
 1.948918156682029  2.105015207373271  2.796661751152072  3.693771889400914 
 1.125351000000000  0.210823816578947  1.293779815789474  3.058979473684217 
-0.333436562500001  0.066484294947966  0.445577287009803  0.694816519607848 
 1.542608675675677  0.075053871891892  2.863925945945947  2.744702972972970 
 1.103244600484263  0.650077869249395  1.871856416464892  1.520046053268763 
 1.295081687500000  1.892462053571429  2.535905357142857  2.495212053571429 
 1.792578310502284  0.599995063926940  2.396365296803652  2.299339726027398 
 0.521525124840764  0.105854608810191  1.933508789808918  1.359363668789809 
-0.471249394012945  0.072369497783172  0.567580736245956  0.421125823948220 
