-0.038323938199796  0.073925851200882  1.054780400658575  0.698254309001194 
-0.366928988671634  0.070051908151243  0.558451030198627  0.583751730664166 
 0.975184572758942  0.208445148393486  1.095706283585496  2.392066472642572 
 1.705732677595615  0.874249695810569  2.834327868852489  1.344380990345961 
 0.381323287648572  0.094629064279069  1.130560483720946  1.651642945736435 
 1.546091962905717  0.537201881947455  3.600606182380230  2.254075425038685 
 1.208691422018354  0.308502982694957  1.446273417431182  1.383823623853198 
 0.329687662598637  0.088838297844291  1.526309631772765  1.011574972225145 
 0.959109215213376  0.119373473293137  2.720820593691978  2.092364285714244 
 2.148353400868285  0.694225580752529  2.481623733719256  2.712172937771340 
 0.670558914555626  0.134621696720687  1.812236221060470  2.157662733383111 
 2.242439655172399  1.782473218390810  2.514109626436775  4.040262356321823 
 1.637267359667370  0.879205135135141  1.364409964656944  3.291772557172595 
 1.232186651162781  0.295606943100781  3.131019844961260  3.124927286821700 
 2.171759656019649  1.954512530712533  2.989674447174452  2.384920049140039 
 1.784998750000000  1.428709720930234  4.239068604651178  3.562917441860482 
 0.940963919949172  0.200482970711563  2.502487293519706  1.092254006353238 
 1.260737078853753  1.564996976284587  2.859616007905139  3.212683003952568 
 1.576229799764421  0.185461196160189  1.990942979976435  2.067225323910502 
 1.913104137931038  1.459686100795754  1.571843185941643  2.105420053050398 
 1.067147285871965  0.215145405253863  2.035415121412799  2.947367991169971 
 1.120858123931624  0.974106467236463  2.392747435897443  2.227338461538463 
 1.983953181818181  1.441199055944054  4.140514685314683  2.009472832167833 
 0.026279527197802  0.075198173222985  0.805397474267400  1.137751868131871 
 2.435785483870964  0.922355915860215  3.361307526881722  3.427424462365595 
 1.506551525054466  0.552796670283224  2.388017821350762  3.958842919389980 
 0.574178694556874  0.108604403838102  1.948352616887647  1.530357334263780 
