-0.180976724282693  0.070959335770461  0.847185164718341  0.651458912752483 
-0.410817629324896  0.069648053407724  0.499172868902944  0.560165769367062 
 0.900316673684109  0.199578458000007  1.050610664060062  2.383706616541303 
 1.680015248447180  1.288449409937895  2.708619565217440  1.313933906832087 
 0.377057346770014  0.094628862351420  0.945867407407435  1.696293281653749 
 1.037279990384609  0.329700455288468  3.103402692307710  1.458644040384670 
 0.872043119747906  0.172256849632355  1.488147815126038  1.553969453781500 
 0.150019274016246  0.081177411560898  1.267682560899460  0.849855184259838 
 0.642538121928184  0.125067595434784  2.210900756143615  1.505425604914892 
 2.106053174603157  0.624253686626981  2.220718849206361  2.994037301587291 
 0.576344083236829  0.116098556393860  1.758590526315765  2.122040263157888 
 2.230826136363617  1.757427537878793  2.234740606060597  3.898329545454520 
 1.601915501618137  0.945284029126224  1.162692702265341  3.308979611650551 
 1.764494672897183  0.444854941121507  3.254617757009389  3.646457943925214 
 2.001714390243882  2.159939024390250  3.706147154471549  2.589332520325180 
 1.216893002931595  1.468174918566781  3.235514006514683  3.554122475570049 
 0.596084547677263  0.112282518515892  1.852945721271402  0.845655056479217 
 1.370465843230400  1.516707743467936  2.195981472684082  2.906130403800473 
 1.441596461769107  0.055668031994004  1.823781049475252  2.242447376311872 
 1.957934444444446  1.209874476190475  1.527509441587299  2.075459301587301 
 1.014968747023813  0.217605410416667  1.808798749999988  2.980292410714281 
 1.129820172185430  0.698156953642378  2.202495761589402  2.124239072847681 
 1.941871345454544  1.069622963636361  3.996172363636368  1.836488723636370 
 0.009307885521536  0.073759824555786  0.780766810482618  1.125789792423460 
 2.599150171821310  1.045349655326462  3.227265979381452  3.104138487972509 
 1.424929207317071  0.530768556707316  2.205134695121949  4.035970426829277 
 0.278403029587302  0.085869556756826  1.465634730158728  1.394383809523806 
 1.380511475103739  1.134729709543570  3.095212655601651  2.480910995850626 
 0.858155580928479  0.064822465395231  2.576173525721452  2.230557340025095 
 1.903259809523809  0.338607473371428  2.834614095238098  2.113852571428577 
 1.451542829827917  0.282288177629062  2.226952581261948  1.209185821606117 
 1.312400272264632  0.331279175826972  3.702790330788810  2.566013740458013 
 1.878080041841006  1.230674368200838  4.462060251046022  3.283580753138075 
 2.228948022598869  1.648886327683614  3.501110169491528  4.379388700564965 
 2.353314341085272  1.854769224806202  2.586769379844961  2.283229302325579 
 1.148237112396693  0.251187937520661  2.717495371900827  3.017744793388430 
 1.506838690476190  0.411842577559524  1.170596836309524  1.469752946428573 
