-0.180010452167352  0.070556207389116  0.836171068548346  0.673990080544442 
-0.410861662937950  0.069334153708867  0.500129290544524  0.555468160996174 
 0.889094219780113  0.178466098226067  1.052666360439471  2.403900470957562 
 1.677050786885219  1.235115114754106  2.767284262295134  1.291207337704695 
 0.388249660238738  0.094938884471991  0.944423755739239  1.721837281910013 
 1.041045603448269  0.321827698754795  3.099063409961704  1.456942894636069 
 0.943653634408610  0.191557803172045  1.395628731182784  1.456799365591387 
 0.143877301899942  0.081440314951866  1.270359221025989  0.840988210259658 
 0.652367281162154  0.125111397722588  2.206081162136782  1.504389372071187 
 2.110582127659555  0.850523972340422  2.249218936170224  2.783797021276587 
 0.582121862006593  0.126477408744014  1.735273410404603  2.065039223781993 
 2.245040601503739  1.755632932330832  2.236460977443600  3.871450751879673 
 1.578223470031560  0.947950047318621  1.172064621451074  3.295726813880189 
 1.758453343465033  0.447462936474175  3.238411550152018  3.641432826747701 
 1.963366978723383  2.174988085106389  3.713581276595749  2.603471063829762 
 1.242372615050165  1.488538394648835  3.278256187290995  3.532758528428111 
 0.584334992537315  0.112780955281095  1.865280845771153  0.846524385820895 
 1.343375955665020  1.563590812807885  2.243185221674875  2.897283251231525 
 1.365132507331370  0.023483589061585  1.895175513196471  2.252097800586537 
 1.941251945701358  1.607688733031672  1.588068163348413  1.951860814479635 
 0.925299118644072  0.236181922650231  1.831006379044674  2.920668258859779 
 1.144350174731182  0.714646276881715  2.219262096774191  2.116879973118277 
 1.924184062499998  1.033854464843747  4.053818750000003  1.837791011718757 
 0.026328369116869  0.075214706091486  0.791753032152302  1.146755610787946 
 2.615439492753628  1.009441774275364  3.232650000000010  3.133795289855074 
 1.280846846153842  0.672864853461537  2.267987615384611  4.159750769230779 
 0.282261482681564  0.087248791490999  1.463154872749842  1.395710924891369 
 1.400426990929709  1.152624557823132  3.161798866213143  2.444716780045356 
 0.848892971428569  0.059992254311688  2.585661818181813  2.222424025974025 
 1.903307198443579  0.309488479610895  2.835794941634245  2.116258754863820 
 1.465487461832063  0.292593169198473  2.179641030534349  1.190263654007632 
 1.312701068241470  0.322257475328084  3.696076640419953  2.579669816272963 
 1.888900129310347  1.218872129310346  4.473976724137929  3.281054310344827 
 2.240156571428571  1.663378171428569  3.522487428571432  4.361727428571421 
 2.449317596566523  1.812164806866953  2.790089699570815  2.230066781115876 
 1.102378116117849  0.300802232582322  2.757731715771230  2.993205025996534 
 1.688793721518987  0.524691040253165  1.296943334177215  1.889166354430381 
 1.810309714285713  0.237369082171429  2.083060857142858  3.375100857142860 
