-0.159493765865148  0.071111942077892  0.880537788813341  0.656795526293870 
-0.403911938274073  0.069789244497126  0.507826036476220  0.564312869916076 
 0.946869228840019  0.213466013589348  1.018192247021852  2.443015047021892 
 1.742461183431930  1.251307218934917  2.818060650887619  1.311362969526426 
 0.363926122390428  0.092868711227090  0.967079657370543  1.688347808764942 
 1.067350636672320  0.325328103310702  3.073006960950778  1.439414602716517 
 1.062371629213490  0.245617042528092  1.331119932584257  1.482299595505606 
 0.197502994927119  0.082502298270552  1.323046612244916  0.890163033236150 
 0.683609855223896  0.102125393634769  2.201093415276515  1.648272256365193 
 2.251271249999974  0.925916683333330  2.206822500000012  2.952759999999987 
 0.643472118389194  0.107605214520851  1.710015208503655  2.170958462796398 
 2.249994568690081  1.778878594249207  2.696898083067088  4.128240575079849 
 1.625977444089472  1.000093514377006  1.191700041533516  3.386215335463322 
 1.321577121495318  0.267077226728978  2.993721121495350  3.308572336448587 
 2.238702921686738  2.080935843373499  3.129588855421688  2.408386927710828 
 1.256156956980058  1.454067920227925  3.438191737891759  3.483263532763546 
 0.657846698725376  0.130454215812283  1.991478563151804  0.901564404634993 
 1.378025210526312  1.602185447368426  2.223704210526317  3.066885789473685 
 1.594161212121202  0.121906855666668  1.753813636363624  2.297217878787907 
 1.967978052805283  1.426699306930691  1.539800366666664  1.937540957095708 
 1.067788133774837  0.245384511788079  1.967221774834429  3.035738807947012 
 1.109836374999998  0.758378374999995  2.112900972222228  2.152190694444443 
 1.949690632911391  1.265006265822783  4.084331329113929  2.057583544303803 
 0.011244730700000  0.073922077209500  0.795380371900002  1.126178250000004 
 2.425791591591593  0.876038765165166  3.269856456456467  3.372190990990992 
 1.539455917808218  0.557907645643834  2.268918027397254  4.028692876712333 
 0.343313322601011  0.091947974679293  1.533998989898990  1.449459848484846 
 1.371899025782692  1.106717163904236  2.963825598526703  2.478448250460405 
 0.948716886975241  0.107424655941872  2.626048116254034  2.340121743810547 
 1.985383300589390  0.358186045225933  2.871444793713162  2.223087622789788 
 1.530394578947369  0.322544446771930  2.148938421052631  1.353467847368420 
 1.352927549618321  0.386996993384224  3.781551908396946  2.502491603053436 
 2.069636653386456  1.374749179282869  4.389545418326692  3.580232669322708 
