 0.024356140208841  0.078126590365544  1.187911644908512  0.626523164491093 
 0.172174502555366  0.080162798074950  0.671381441226537  1.394956558773309 
 0.768706353166855 -0.018278172917460  1.594121305182230  2.184957581573834 
 1.762063207547131  1.062723396226426  2.689338207547249  1.847640566037417 
 0.234585361868670  0.085923586616160  1.145617916666708  1.474327398989901 
 1.195709381443278  0.099513214948469  3.455581443299006  1.860744329897050 
 0.753303936381730  0.084015999483106  1.238694811133184  1.448098807157043 
 0.369705800498775  0.090202471995005  1.735390773067429  0.690178249875305 
 0.645053780415486  0.196713189020778  2.528481305637823  1.237755845697204 
 2.728557246376740  0.784900507246368  2.435878260869598  2.867484782608659 
 0.537896224906344  0.159800438350187  2.087199625468124  1.833937640449413 
 2.101517187499914  1.491272500000018  1.688334687499963  4.475198437499897 
 1.972240526315850  1.126941789473715  0.976267189473577  3.287913684210741 
 1.461148809523779  0.199459920634950  3.472800793650907  3.788819841269789 
 2.533396385542106  2.228726506024114  3.926512048192786  2.365725301204745 
 1.542688248175176  1.043155620437969  3.874944525547504  3.504901459854043 
 1.064826146341459 -0.025797920487805  1.883819512195144  0.890997287804880 
 1.874353361344531  1.097099243697486  2.301641596638651  2.833971008403373 
 1.040433634311505  0.008123384424381  1.890569977426620  1.679262528216751 
 2.325546031746031  1.241013571428567  1.534235634920631  2.055534920634915 
 0.995212429149814 -0.030798791497974  1.941291902833975  3.077440080971630 
 0.805909880596999  0.699584228855699  2.839838308457708  1.818801492537310 
 1.992859894736835  1.064170526315781  4.430600000000003  1.857221684210544 
 0.213855610363835  0.079645964061742  1.463759426681377  1.132200882028665 
 2.515964539007105  0.965316204255324  3.722471631205694  2.928414893617029 
 1.117586074074062  0.276652099259255  2.274476296296292  4.023105925925955 
 0.368161067031464  0.106776373915186  1.564606839945273  1.705633242134051 
 1.716023333333342  1.123141083333334  3.282397083333310  2.588123333333346 
 0.791826187969920  0.010424544360900  2.791593609022545  2.408190977443613 
 2.167716836734687  0.423823501122448  3.177561224489813  2.105832653061231 
 1.727980864197535 -0.077992148765434  2.474515432098748  1.479008518518513 
 1.537557116564416  0.452805786503067  3.999536196319041  2.517812269938640 
 1.901020454545461  1.070087204545461  4.777752272727266  3.328214772727272 
 2.247515384615386  1.711618205128202  4.224844871794881  4.208383333333317 
 2.484965891472869  1.693187364341085  2.740055813953491  2.368338759689921 
 0.906476005847954  0.460022685964913  3.429909941520454  2.823945029239800 
 1.589090566037733  0.188604371446542  1.195690691823899  1.406129056603782 
 2.104790833333329  0.260023235500001  1.892788166666669  3.704660833333335 
-0.014353771541850  0.074510580348017  1.046581709251105  1.072023462555069 
 0.545254851485153  0.119819518861387  1.026759702970291  0.886059133663367 
 1.372653623188407  1.369454202898550  1.609958043478252  2.631724637681145 
 0.850443451327431  0.107772425221238  0.637595980530971  1.980414601769908 
 2.399747727272727  1.985850757575759  3.068898484848485  3.511437878787864 
 1.587333177570092  0.031336712616823  1.318837102803735  2.530920560747686 
-0.091095089724579  0.070090690676906  0.625952010381356  0.972203802966108 
 1.402230847953218  0.526351292397663  2.763532748538015  2.357857602339185 
 1.107358259109311  0.853860890688258  2.058986234817818  1.956471659919022 
 1.020252349056606  1.231276320754717  2.523451415094342  2.602032075471699 
 1.984210362694301  0.397664790673572  2.211577202072527  2.306959067357505 
 0.469249611864409  0.066942993705085  1.910162711864409  1.259597762711864 
-0.557451193058569  0.089122910737528  0.526308475054236  0.471623011930586 
 1.765954037267079  0.770165652173914  1.986660248447208  1.113166086956522 
 1.489603484848482  1.931824999999994  2.289071212121215  3.114044696969699 
 1.288006306818182  1.250822102272725  3.069111363636365  3.561082954545452 
-0.269685685823755  0.072277690517242  0.847411082375477  0.722309703065132 
-0.208407014084507  0.060716597042253  0.674393956466070  0.414783708322663 
 1.170016898734179  0.373845101265823  1.122787848101263  3.349110759493673 
 1.151280906432749  0.507690134502923  1.801909649122805  2.594985087719301 
 0.943674505617977  0.420060816104869  2.639292883895135  3.118270786516853 
 1.661697368421051  2.163388596491230  3.122260526315790  2.259567543859650 
 1.891723076923077  0.661265592760181  2.802908597285074  3.410136651583714 
 2.545738028169013  1.054978880281690  3.128321126760563  3.888126760563382 
 2.505586725663717  1.639053451327434  1.974161061946903  3.418310619469025 
 1.752076804123712  2.102894845360827  1.928573298969070  1.781190927835052 
 0.371755120430107  0.103142870516129  1.030856537634409  1.992964516129039 
 1.629869905213271 -0.046006685308057  3.021606161137442  2.860712796208527 
 2.637345454545454  1.402081818181817  3.258704545454545  1.353038787878788 
 1.331607662337663  1.105448636363636  1.754308181818182  3.565420779220784 
 0.826647984496124 -0.158874141821706  2.601872868217059  1.750969379844961 
 1.386449523809525  0.455912617380952  3.248148809523810  1.214728744047619 
 0.763830440816326  0.210958251836735  1.168663551020409  2.651369387755103 
 1.386675121107268 -0.081584335847751  2.175649826989616  2.348347750865051 
-0.328641114118896  0.053944416163811  0.423918699893843  0.689239373673036 
 0.956543314447593  0.430282673371105  1.398920254957510  1.952715297450429 
 0.953509297938144  1.659950515463918  3.458044329896906  2.925302061855668 
 1.714381089108912  1.931761386138614  4.099349504950492  2.933194059405943 
 2.235083333333332  1.464620952380952  3.023571428571431  5.114966666666667 
 0.871969518072288  0.453957213855422  1.705581325301206  1.277729397590361 
 0.487188397244898  0.198735427210884  1.941084693877553  2.479916666666665 
 1.585802734375001  0.368243903515625  2.214969140625002  3.100004296874999 
 1.232129183006536  0.379348975261438  2.439173856209150  1.669598692810459 
 1.370797089552239  1.203131417910449  3.697743283582089  1.794871716417910 
 0.909311989247312  0.269921222338710  2.284537903225809  2.295196774193549 
 1.557003434343435  1.407649797979797  2.819453535353534  1.023451292929292 
 1.535555500000000  2.316359999999999  2.839608750000000  3.930539999999999 
 1.046849629629630  0.397038285185185  2.512280740740741  0.649122664444444 
 1.407328190476190  1.135241809523809  2.591950476190476  4.293807619047620 
 1.519205051546392  0.884489587628866  0.862332093814433  2.109580412371134 
 1.647886036036036  0.462373963963964  1.685078828828829  1.911130630630629 
