-0.183708191631593  0.070875719505267  0.843374042105220  0.651388075684302 
-0.411363065430521  0.069685987398255  0.496955127578848  0.559618343307731 
 0.889367104615280  0.190548527030776  1.049719387076834  2.397534153846103 
 1.663423496732000  1.298483823529419  2.708550326797437  1.281976725489974 
 0.383750307074224  0.095269115449780  0.945099921397408  1.702242794759828 
 1.037097127659568  0.326685873791109  3.104200386847213  1.464897835589996 
 0.895847230929997  0.180543983019856  1.458350417972820  1.503107533960282 
 0.149311113420730  0.081416433151684  1.267124968789036  0.847041317103621 
 0.644956722902939  0.124473749264846  2.209109990574877  1.505358143261033 
 2.106000988142275  0.629381142411064  2.222177470355743  2.995370355731215 
 0.584864170067045  0.119005327652138  1.747063788767791  2.104001005867556 
 2.231405681818162  1.759940416666672  2.235041742424234  3.895948106060580 
 1.594562675159249  0.925880015923577  1.163998933120989  3.300733757961848 
 1.767202031249987  0.445238456562511  3.253890312500043  3.647043124999980 
 1.994164362139897  2.163409053497948  3.709569135802473  2.594460493827136 
 1.216893002931595  1.468174918566781  3.235514006514683  3.554122475570049 
 0.593250519159457  0.111885186707046  1.858055871446238  0.843592034857848 
 1.371541418439713  1.514399361702131  2.210000945626474  2.914043735224585 
 1.424197751124429  0.037847338440781  1.862142818590695  2.271354872563745 
 1.984441206896553  1.364636551724136  1.590150421034480  2.101446827586206 
 1.006274541033438  0.225991925227964  1.819373191489351  2.986345592705164 
 1.131520120000000  0.706675853333327  2.195841333333331  2.123984799999997 
 1.934699706959706  1.064841813186810  3.999331135531140  1.837396333333340 
 0.009870296024781  0.073836687103252  0.782375288487354  1.127691677852353 
 2.600599653979243  1.042741694463669  3.229397231833919  3.105470242214534 
 1.425700550458713  0.530795218960243  2.205156513761466  4.037867278287470 
 0.276303472670025  0.085967185196474  1.463290176322416  1.395754596977327 
 1.382792799582468  1.133240459290190  3.099245720250513  2.474354697286016 
 0.852042818639796  0.068190062871536  2.579558186397981  2.229826574307305 
 1.903792293233082  0.352551190827067  2.834696052631582  2.105044924812035 
 1.454250760456275  0.285225248859315  2.227330038022811  1.204065674334599 
 1.313787581218275  0.330758213451777  3.702142639593915  2.565371319796952 
 1.878080041841006  1.230674368200838  4.462060251046022  3.283580753138075 
 2.228948022598869  1.648886327683614  3.501110169491528  4.379388700564965 
 2.379230578512395  1.840476280991736  2.674415702479338  2.275216363636361 
 1.145814553511704  0.250984925083612  2.723722240802676  3.020825418060201 
 1.613007486772486  0.457495431375662  1.226202484126984  1.662928201058203 
