 0.021168534539928  0.075491965806948  1.241454841628839  0.627883775264218 
 0.285634234762979  0.097152565530464  0.753709582392725  1.595375620767344 
 0.769516361701982 -0.033192945021269  1.682256808510513  2.196754893616955 
 1.767719230769191  1.070275817307703  2.682885576923158  1.851878365384291 
 0.190306636315069  0.087361796008009  1.203518771695638  1.449292523364489 
 1.218850051813450  0.101248288601052  3.457276165803147  1.872038860103770 
 0.698388771551745  0.058655320344832  1.186981056034466  1.479916163793086 
 0.403426952941203  0.090444995852932  1.770413235294232  0.664818565294110 
 0.593652522648150  0.151403050174224  2.599682926829085  1.273433275261176 
 2.762965354330631  0.806211354330698  2.430340157480352  2.924454330708623 
 0.563860063382878  0.167858984440520  2.114417843866129  1.830063568773208 
 2.152603030302947  1.471511212121229  1.699807878787843  4.462601515151414 
 1.995459444444508  1.128310444444477  0.973628811110998  3.290561111111338 
 1.408488333333298  0.228046407407442  3.536893518518651  3.783606481481420 
 2.525366666666603  2.246834567901252  3.919634567901249  2.361713580246838 
 1.543867862595413  1.025014198473296  3.890322900763420  3.514335114503847 
 1.066752599999995 -0.029770938500000  1.853183000000024  0.912535600000002 
 1.885684374999993  1.091528794642865  2.280481249999996  2.776316964285726 
 1.049378426966286  0.023882679550563  1.865257528089871  1.663409887640495 
 2.321364799999999  1.247285679999995  1.535869199999996  2.064874399999994 
 0.994845429687516 -0.012639568359374  1.922089062499968  3.072959765624971 
 0.815744028985491  0.674569951690800  2.857843478260866  1.828353623188403 
 1.992859894736835  1.064170526315781  4.430600000000003  1.857221684210544 
 0.204319895619522  0.072173047051314  1.493021902377985  1.099443642052564 
 2.519763571428584  1.018079785714291  3.767882857142878  2.917918571428580 
 1.070367741935470  0.282356237096770  2.233156451612899  4.035262903225838 
 0.374405146762590  0.099719574290648  1.595746618705029  1.709957122302145 
 1.723464853556494  1.136672050209205  3.280003347280311  2.583612552301268 
 0.704290951807225  0.029800623524095  2.658431927710831  2.280232228915664 
 2.169493939393933  0.415208669292929  3.166633838383856  2.098883838383845 
 1.815799358974364  0.041226526923075  2.369663461538444  1.383304935897431 
 1.536815304878048  0.440279306097560  3.998477439024413  2.521102439024379 
 1.868186746987959  1.058477518072296  4.793446987951800  3.344986746987952 
 2.253381081081082  1.741568783783780  4.268318918918929  4.200004054054038 
 2.489370634920636  1.693726746031746  2.747793650793654  2.369653174603173 
 0.894129613496934  0.465336210429448  3.438776687116551  2.825959509202489 
 1.528154597701147  0.192606879655173  1.167689942528736  1.401296896551732 
 2.076887962962958  0.290961983888890  1.788842407407410  3.686156481481484 
 0.016134328808290  0.076447511922279  1.078222362694304  1.071968559585497 
 0.570438449197866  0.110776550267380  1.054839224598924  0.896099491978610 
 1.366114062500001  1.437425312500000  1.583180468749990  2.645446093749985 
 0.846525215517239  0.092862923275862  0.676275481034480  2.080754310344826 
 2.403412598425198  2.006257480314963  3.080855118110236  3.511661417322820 
 1.556282653061223 -0.003922196428571  1.295869591836730  2.530685204081657 
 0.042316304602507  0.075067350962343  0.656388924407251  1.181883458856358 
 1.385965512820514  0.528038435897438  2.795582051282053  2.426744871794873 
 1.073306143497757  0.894301345291479  1.978508520179376  1.922732286995509 
 1.020548535211271  1.224053943661972  2.515035680751176  2.587840845070423 
 2.075316766467067  0.345085147305385  2.150097604790405  2.388224550898195 
 0.459943577132489  0.067370414990926  1.938257531760437  1.267249782214155 
-0.589389442934782  0.091986414940640  0.488391630842398  0.524771008152173 
 1.757714285714284  0.841250642857144  1.920238142857147  1.094009785714286 
 1.479076030534349  1.930746564885490  2.334701526717561  3.114520610687025 
 1.298720249999999  1.311486249999998  3.126345625000002  3.566455624999997 
-0.224370705250597  0.069565897862769  0.848802852028637  0.888969164677801 
 0.028453056761566  0.076889581476868  0.775528985765128  0.652064848398577 
 1.148884716981135  0.380819270440252  1.082017295597482  3.319752830188683 
 1.262559393939396  0.557194208754208  1.741203030303027  2.618940067340068 
 0.925481468503936  0.453091504724410  2.641416929133864  3.147522440944882 
 1.661697368421051  2.163388596491230  3.122260526315790  2.259567543859650 
 1.752863440860214  0.913164677419356  2.687651075268821  3.407839784946240 
 2.560271111111111  1.124358896296297  3.152023703703704  3.881797777777779 
 2.475319642857142  1.707113392857144  1.978939285714285  3.368358928571427 
 1.758934895833334  2.108470833333335  1.934200104166665  1.787139791666667 
 0.385855092342342  0.096538934369369  1.126594864864864  2.014510810810819 
 1.902658235294120  0.255724254117647  3.048509411764709  2.961607058823519 
 2.637345454545454  1.402081818181817  3.258704545454545  1.353038787878788 
 1.328702000000000  1.127940999999999  1.736526400000000  3.567996000000006 
 1.034977111111110 -0.186098181644445  2.593149777777784  1.678397777777777 
 1.391136918604652  0.461443114651162  3.234208139534885  1.230292145348837 
 0.747279434944238  0.192380784014870  1.266645687732343  2.628550557620819 
 1.386041271477665 -0.074623000206185  2.159122336769757  2.333604123711337 
-0.268405135355893  0.064899436709452  0.473006473745624  0.815206009334889 
 0.962471417112301  0.375060504545455  1.398595748663104  1.939905614973265 
 0.922223354444444  1.648251111111112  3.476842222222222  2.903052222222221 
 1.705417549019608  1.928714705882353  4.094778431372546  2.943574509803923 
 2.235083333333332  1.464620952380952  3.023571428571431  5.114966666666667 
 0.733906733668342  0.332528001321608  1.563770603015077  1.260379246231154 
 0.468846917148438  0.251697779687500  1.952297265625001  2.479501562499999 
 1.569365020576133  0.347019766666667  2.235230041152264  3.109113580246914 
 1.341634340836014  0.411910459807074  2.475155305466240  1.885834405144695 
 1.370797089552239  1.203131417910449  3.697743283582089  1.794871716417910 
 0.964116970588235  0.362473340176470  2.204520588235298  2.379064705882357 
 1.552250400000001  1.402695199999999  2.818419999999999  1.023393779999999 
 1.518729090909091  2.297984415584414  2.849699999999999  3.946233766233765 
 1.034087068965516  0.309605323275862  2.558440517241380  0.579490600862069 
 1.369398556701030  1.165444329896907  2.590264948453608  4.305238144329897 
 1.468862421052632  0.851742210526316  0.825915190526316  2.105532631578947 
 1.658442465753425  0.484077456621005  1.653831506849315  1.928178082191780 
 2.046894444444444  0.276988314814815  2.806159259259259  3.823479629629629 
-0.335070088036117  0.063835889762980  0.802306083521446  0.519530230248307 
-0.305592394846797  0.054993167005571  0.463183761838440  0.424992469916434 
 1.259644593023256 -0.197909420930233  2.928094186046510  2.784394767441862 
 1.023920631970261  0.466878480297398  2.226333828996283  1.303699814126395 
