 0.121985634927465  0.079082977089304  1.092869603354468  1.068014374886718 
-0.305608657285295  0.069771663019784  0.624202461613410  0.629918385497382 
 1.326052140193842  0.376347366338558  1.679095348993244  3.185179940342998 
 1.277212208596712  0.380279942522126  2.874790771175729  1.559732474525872 
 0.636487045288527  0.139533438772827  1.181424895398113  1.873102958363765 
 1.948222630630629  1.408543052252255  3.460180990990995  2.203084828828842 
 1.802065224334603  1.046355013079848  1.889509149125477  2.093067665399227 
 0.659891987394071  0.137975385225281  1.861492524717520  1.218024623658187 
 1.352757911576496  0.394167585107622  2.975280628272245  2.881038743455484 
 1.993068627450977  1.418199724598928  2.414204197860960  3.628565953654186 
 0.887125452245130  0.171521349628561  2.078878560719625  2.196233958020994 
 1.861335930440585  1.282771197596795  3.906037650200265  3.568395060080106 
