 0.006922501395306  0.074548696046522  1.239462418604528  0.628309970542909 
 0.232406089136490  0.084661902144835  0.729845835654532  1.633885515320150 
 0.900802307692126 -0.024743961697604  1.770804774535654  2.253815119363316 
 1.772672906403901  1.074251576354691  2.685512807881857  1.848244334975037 
 0.213908410432553  0.079431916424935  1.194964020356277  1.438183842239188 
 1.219939528795790  0.098039736649230  3.460030366492186  1.874306806282867 
 0.700819243243268  0.178887428891898  1.004957621621600  1.445998243243222 
 0.412367486322216  0.102860462279626  1.772254711246318  0.654289672340417 
 0.621075415686349  0.151393910980401  2.696163921568421  1.326191450980224 
 2.762965354330631  0.806211354330698  2.430340157480352  2.924454330708623 
 0.578469659767869  0.167148927135397  2.140128626692412  1.823190328820089 
 2.152603030302947  1.471511212121229  1.699807878787843  4.462601515151414 
 1.995459444444508  1.128310444444477  0.973628811110998  3.290561111111338 
 1.410918130841086  0.229496635514053  3.542444859813218  3.785332710280312 
 2.525366666666603  2.246834567901252  3.919634567901249  2.361713580246838 
 1.543867862595413  1.025014198473296  3.890322900763420  3.514335114503847 
 1.105027964071850 -0.027489496407186  1.893770658682662  0.870075628742517 
 1.883686147186141  1.082620129870137  2.282186580086577  2.766493506493518 
 1.038222629107975  0.051560460328640  1.890934272300454  1.638919483568123 
 2.313569105691056  1.284258536585362  1.534240243902435  2.060429268292677 
 1.001296270491820 -0.019711579918031  1.928721311475377  3.080777868852429 
 0.883860394366182  0.698698873239416  2.874403286384974  1.845161502347415 
 1.992859894736835  1.064170526315781  4.430600000000003  1.857221684210544 
 0.168803433149169  0.077569703555248  1.501874171270731  1.075295828729282 
 2.519763571428584  1.018079785714291  3.767882857142878  2.917918571428580 
 1.069869672131134  0.277427322950815  2.229640983606553  4.042031967213148 
 0.374525736280488  0.123917147304879  1.594393140243894  1.581050457317061 
 1.723464853556494  1.136672050209205  3.280003347280311  2.583612552301268 
 0.710282616314196  0.032841785528699  2.668123262839867  2.264439577039275 
 2.171012182741110  0.416209779289339  3.168721319796972  2.097814213197976 
 1.809141830065364  0.029850530718953  2.375308496732008  1.379821633986923 
 1.536815304878048  0.440279306097560  3.998477439024413  2.521102439024379 
 1.868186746987959  1.058477518072296  4.793446987951800  3.344986746987952 
 2.253381081081082  1.741568783783780  4.268318918918929  4.200004054054038 
 2.489370634920636  1.693726746031746  2.747793650793654  2.369653174603173 
 0.892214981481483  0.467221495679012  3.440012345678999  2.825749382716084 
 1.595084313725487  0.160115830457517  1.177024901960784  1.416644640522886 
 2.077777064220178  0.289133424403671  1.787123669724773  3.679261467889911 
 0.007720819275825  0.076229445479233  1.075665569755063  1.081571437699685 
 0.514635313351504  0.103471546049047  1.055137411444136  0.837583901907357 
 1.360659523809525  1.449265317460317  1.581749206349196  2.633876984126969 
 0.813461238532107  0.104138611009174  0.651454456880731  2.139344954128438 
 2.403412598425198  2.006257480314963  3.080855118110236  3.511661417322820 
 1.552857591623035 -0.000453452879581  1.284282303664917  2.531146596858664 
 0.060748574643871  0.075539208974359  0.656275938461538  1.184680398860410 
 1.390624133333335  0.517892973333335  2.792051666666669  2.435061666666669 
 1.095252114537444  0.865873480176211  2.038334361233484  1.971984581497791 
 1.016134067961168  1.234918640776699  2.520496601941750  2.595761165048544 
 2.131941666666667  0.340994279487175  2.110519230769215  2.369844871794862 
 0.468476451417006  0.098126760121458  2.033551214574900  1.229159757085020 
-0.589154016282224  0.092510727539092  0.488202225644512  0.525321590230663 
 1.789196323529409  0.822436985294118  1.949606176470592  1.112723308823529 
 1.479076030534349  1.930746564885490  2.334701526717561  3.114520610687025 
 1.298720249999999  1.311486249999998  3.126345625000002  3.566455624999997 
-0.221788969879519  0.069346318324097  0.846845783132527  0.896801409638550 
 0.013546835201401  0.076206743590192  0.774626252189145  0.651348257092820 
 1.149935408805034  0.382495874213837  1.097421635220123  3.324848427672960 
 1.315787310606062  0.573614731060606  1.736684848484845  2.694419696969699 
 0.933740090551180  0.451149189763780  2.647196850393706  3.161462204724410 
 1.661697368421051  2.163388596491230  3.122260526315790  2.259567543859650 
 1.753800543478260  0.917853586956523  2.687645652173917  3.408900543478265 
 2.560271111111111  1.124358896296297  3.152023703703704  3.881797777777779 
 2.475319642857142  1.707113392857144  1.978939285714285  3.368358928571427 
 1.740563978494624  2.119309677419356  1.935919462365590  1.786503440860216 
 0.364851974537036  0.110430562708333  1.128346157407406  1.988250231481490 
 1.907008235294120  0.256860195294118  3.046426470588238  2.959202941176460 
 2.637345454545454  1.402081818181817  3.258704545454545  1.353038787878788 
 1.331275273972603  1.136198287671232  1.738056575342466  3.580198630136992 
 1.074717980295566 -0.204291329408867  2.579509359605918  1.690644827586206 
 1.409935828220860  0.462033065766871  3.247976073619633  1.224878214723926 
 0.739043693950178  0.188793675800712  1.294349822064057  2.620484341637012 
 1.437472900763361 -0.054866412061069  2.190086641221372  2.337998473282438 
-0.265851555425905  0.064612013138857  0.472782681446908  0.819876021003501 
 0.963658609271525  0.459208966887417  1.422542913907289  2.015734768211924 
 0.922223354444444  1.648251111111112  3.476842222222222  2.903052222222221 
 1.705417549019608  1.928714705882353  4.094778431372546  2.943574509803923 
 2.235083333333332  1.464620952380952  3.023571428571431  5.114966666666667 
 0.651531283783782  0.065684084315316  1.520491891891896  1.193013243243244 
 0.496732616153847  0.253868902834008  2.011574493927127  2.513486234817814 
 1.575447844827587  0.333869527155173  2.256274137931035  3.119699568965517 
 1.372693896551726  0.400426941379311  2.468745172413794  1.892403103448276 
 1.373485789473684  1.206292706766918  3.699585714285714  1.793710601503759 
 0.999454631901840  0.380614633926380  2.215225153374238  2.408041717791416 
 1.552250400000001  1.402695199999999  2.818419999999999  1.023393779999999 
 1.518729090909091  2.297984415584414  2.849699999999999  3.946233766233765 
 1.033073571428570  0.309153915178572  2.580840178571429  0.589310890178571 
 1.369398556701030  1.165444329896907  2.590264948453608  4.305238144329897 
 1.497658666666667  0.845934555555556  0.820761256666667  2.114643333333333 
 1.635632110091743  0.483840394495413  1.657788990825688  1.932643577981651 
 2.048865420560747  0.279124607476635  2.810725233644860  3.825648598130841 
-0.337466908680947  0.063587895411500  0.801140135287487  0.521857208568207 
-0.305887608725762  0.055141541426593  0.463015458448754  0.426402096121884 
 1.248247341040462 -0.191862470520231  2.932502312138726  2.784420231213875 
 1.010613705179284  0.466446259760956  2.280892031872511  1.308363665338646 
 0.963983980099501  0.581217960199005  1.564550248756218  1.297242537313433 
 0.878157446808512 -0.045098308971631  1.338879539007092  1.804215248226951 
 0.453321321410579  0.073904323677582  1.670228463476070  2.024258690176322 
