 0.019733912990895  0.075659429350463  1.239884380664532  0.629113524169451 
 0.290384427927927  0.097080868310801  0.753604087837786  1.594393018017868 
 0.769213034187888 -0.031837765299138  1.680428632478507  2.196703632478566 
 1.756669014084469  1.055763943661983  2.681068544601018  1.845963380281373 
 0.187908086648483  0.088800928079017  1.201710844686694  1.452418119891012 
 1.216043367875626  0.099402330051829  3.457167357512992  1.872296891191853 
 0.690020058593769  0.075745994609379  1.215785937499985  1.465802148437485 
 0.394166957865194  0.094290574971901  1.756149157303480  0.673047393820217 
 0.588021873684277  0.141939780350885  2.594377894736656  1.272352912280553 
 2.740924087591169  0.788932116788312  2.425859854014633  2.901383941605804 
 0.554989727289697  0.160311910895327  2.106548971962575  1.820801682242965 
 2.152603030302947  1.471511212121229  1.699807878787843  4.462601515151414 
 1.988989444444508  1.124051555555588  0.973601033333220  3.286825555555783 
 1.408488333333298  0.228046407407442  3.536893518518651  3.783606481481420 
 2.525366666666603  2.246834567901252  3.919634567901249  2.361713580246838 
 1.543867862595413  1.025014198473296  3.890322900763420  3.514335114503847 
 1.054874132653056 -0.047391932142857  1.863716836734717  0.899170051020410 
 1.877565596330268  1.099394174311934  2.274889908256877  2.781970642201847 
 1.052689452054789  0.011803233789956  1.868354337899526  1.671671461187261 
 2.321299999999999  1.242287380952376  1.536687698412694  2.062728571428566 
 0.996244196078447 -0.013462154901960  1.923495686274478  3.072928235294088 
 0.807711989637289  0.690039740932619  2.868262694300515  1.816787046632121 
 1.992859894736835  1.064170526315781  4.430600000000003  1.857221684210544 
 0.216319991030301  0.077571870295757  1.487528484848496  1.108366109090907 
 2.519763571428584  1.018079785714291  3.767882857142878  2.917918571428580 
 1.070367741935470  0.282356237096770  2.233156451612899  4.035262903225838 
 0.376659709585122  0.101885041676682  1.593531187410579  1.707089127324736 
 1.720980252100849  1.137717184873950  3.281112605041993  2.582544537815139 
 0.702184475903611  0.029837460873492  2.661215060240952  2.277956325301207 
 2.170613131313124  0.418040891515151  3.167440404040422  2.098229797979804 
 1.812137500000005  0.041316644999999  2.379101249999982  1.390415437499995 
 1.536815304878048  0.440279306097560  3.998477439024413  2.521102439024379 
 1.868186746987959  1.058477518072296  4.793446987951800  3.344986746987952 
 2.253381081081082  1.741568783783780  4.268318918918929  4.200004054054038 
 2.489192187500001  1.694986484375000  2.739486718750003  2.366989062499998 
 0.894129613496934  0.465336210429448  3.438776687116551  2.825959509202489 
 1.536145930232556  0.176722407325582  1.164909534883721  1.408822790697683 
 2.076887962962958  0.290961983888890  1.788842407407410  3.686156481481484 
 0.015452981619938  0.076265439257528  1.077985337487024  1.072593624091386 
 0.578761916010504  0.117506637270342  1.063989606299206  0.898005354330709 
 1.366114062500001  1.437425312500000  1.583180468749990  2.645446093749985 
 0.847329658119655  0.091543953846153  0.677243639316237  2.076766666666665 
 2.403817968750001  2.008335937500002  3.075930468750000  3.507847656249985 
 1.564088888888888 -0.004919295454545  1.298554747474743  2.528967171717196 
 0.042517847777774  0.075035609222222  0.656759512222221  1.182851027777790 
 1.375189254658386  0.532534074534164  2.788271428571430  2.400360559006213 
 1.075588705357142  0.888682321428571  1.998454910714289  1.941431249999993 
 1.017618927536235  1.233137101449276  2.518902898550727  2.595296135265701 
 2.017266477272727  0.374163776136360  2.208244886363623  2.366316477272719 
 0.469715977547498  0.071174173550950  1.919456994818655  1.258268100172711 
-0.589389442934782  0.091986414940640  0.488391630842398  0.524771008152173 
 1.763850704225350  0.831539507042254  1.924938309859159  1.102730070422535 
 1.479076030534349  1.930746564885490  2.334701526717561  3.114520610687025 
 1.298720249999999  1.311486249999998  3.126345625000002  3.566455624999997 
-0.224299000000001  0.069481178199047  0.848871179976159  0.888704815256254 
 0.029963732918150  0.076934268131672  0.775936672597868  0.652492037010676 
 1.148884716981135  0.380819270440252  1.082017295597482  3.319752830188683 
 1.258483864406781  0.556101966101694  1.744367118644065  2.619424745762713 
 0.926612521568627  0.452614675294118  2.641944313725496  3.146207450980392 
 1.661697368421051  2.163388596491230  3.122260526315790  2.259567543859650 
 1.755648936170212  0.912013882978724  2.691224468085110  3.405358510638301 
 2.560271111111111  1.124358896296297  3.152023703703704  3.881797777777779 
 2.477461607142857  1.687809821428572  1.970599999999999  3.378023214285713 
 1.758934895833334  2.108470833333335  1.934200104166665  1.787139791666667 
 0.386260925675675  0.096526693378378  1.125535382882882  2.013723648648656 
 1.883346857142859  0.251084589714286  3.039539428571432  2.949173714285704 
 2.637345454545454  1.402081818181817  3.258704545454545  1.353038787878788 
 1.325157718120806  1.127119798657717  1.734323892617450  3.569192617449670 
 1.036933944954128 -0.194059577385321  2.595641284403676  1.681556880733944 
 1.389116117647059  0.458739857176470  3.239876470588236  1.226850876470588 
 0.745809397769517  0.191378590706320  1.267508884758365  2.631112267657994 
 1.381548498293517 -0.068382430238908  2.162558020477814  2.336831058020475 
-0.268405135355893  0.064899436709452  0.473006473745624  0.815206009334889 
 0.960438497267761  0.372085051092896  1.396335819672134  1.945910382513665 
 0.922223354444444  1.648251111111112  3.476842222222222  2.903052222222221 
 1.705417549019608  1.928714705882353  4.094778431372546  2.943574509803923 
 2.235083333333332  1.464620952380952  3.023571428571431  5.114966666666667 
 0.837945580645161  0.416556167741936  1.611778064516131  1.279469290322579 
 0.463933204703558  0.247747314624506  1.949293280632413  2.481078260869564 
 1.567737448559672  0.350034046502058  2.230583539094651  3.108080246913580 
 1.276499009900991  0.390562914191420  2.467221452145216  1.870959735973598 
 1.370797089552239  1.203131417910449  3.697743283582089  1.794871716417910 
 0.945668436578170  0.363578435575221  2.199463716814164  2.377935103244841 
 1.552250400000001  1.402695199999999  2.818419999999999  1.023393779999999 
 1.518729090909091  2.297984415584414  2.849699999999999  3.946233766233765 
 1.030523565217390  0.318037500000000  2.556884347826088  0.578266258260869 
 1.369398556701030  1.165444329896907  2.590264948453608  4.305238144329897 
 1.468862421052632  0.851742210526316  0.825915190526316  2.105532631578947 
 1.657115625000000  0.489510258928571  1.650423660714286  1.944107142857142 
 2.048246788990825  0.279216862385321  2.810521100917431  3.819943119266055 
-0.334857585118376  0.063903504317926  0.802401510710261  0.519602157835400 
-0.305592394846797  0.054993167005571  0.463183761838440  0.424992469916434 
 1.257063567251462 -0.198588247953216  2.927805263157893  2.785005847953218 
 1.022641789883270  0.464286432684825  2.253785214007782  1.302044513618677 
