-0.158993132884279  0.071339941564609  0.905405633802766  0.631853988854976 
-0.133132945032633  0.069796540108046  0.573015761276272  0.945373372008656 
 0.632696916506620  0.145605345725451  1.469851529017790  2.210148883928531 
 1.692066982456111  1.249492280701763  2.755136491228126  1.289938308771691 
 0.338435416485884  0.083518260867677  0.915768322125845  1.741430911062911 
 1.194562946949592  0.424658167957568  3.327369496021241  1.477189973474873 
 1.040873085365864  0.221956840487807  1.686161097560959  1.581312524390233 
 0.139703506723345  0.079346272746520  1.350846970633718  0.846584188562596 
 0.680202043219103  0.199779363189273  2.442141430700369  1.337676408345691 
 2.089433407079629  0.930850013274333  2.261495353982313  2.806811504424770 
 0.611598319896358  0.079514737522280  2.051028082901526  1.914993782383404 
 2.267556439393918  1.761394924242429  2.359029166666658  3.882716666666641 
 1.756430198412719  1.217711984126997  1.234743464285675  3.408767857142939 
 1.756649669966983  0.445469003630375  3.254079207920837  3.686942244224401 
 1.969842780269035  2.200900448430500  3.723612107623324  2.612356502242126 
 1.245848160738253  1.484127281879201  3.279015100671165  3.533420134228206 
 0.581275032175033  0.097068225670528  1.876211711711717  0.886404628314029 
 1.307396016129027  1.602484354838714  2.302105107526880  2.874898655913976 
 1.404718228840118  0.033713758683387  1.941012695924753  2.306675391849560 
 1.857587960199006  1.677290049751241  1.619294697014922  1.936460696517410 
 0.777364011437914  0.185945929183007  2.137518627450970  2.781375326797380 
 1.146819373219370  0.737651823361818  2.237715811965808  2.134187891737885 
 1.999604893617019  1.069960076595742  4.084578723404257  1.891313872340433 
 0.066237487460617  0.077803122173913  0.973144165091369  1.185060982986771 
 2.622154474708177  1.000110349027240  3.250835797665379  3.161508560311285 
 1.270739239543722  0.678412060456272  2.276518174904938  4.154615209125486 
 0.330053276454669  0.095365697497971  1.524574154262515  1.471435926928273 
 1.447265581339718  1.177176602870817  3.200818181818173  2.445400478468903 
 0.978088620895520  0.073972243343283  2.752315820895519  2.094824626865674 
 1.968393750000000  0.339884819224138  2.858595905172418  2.181784913793109 
 1.532584372093027  0.302670135953488  2.260345813953484  1.154638848139532 
 1.297967719764012  0.350092997345133  3.734054867256644  2.616248967551620 
 1.882741390134532  1.211301991031392  4.461912107623315  3.265079820627801 
 2.249574375000000  1.667843624999997  3.640478125000003  4.389702499999991 
 2.489992727272727  1.815169545454546  2.773066363636362  2.206205272727269 
 1.170563684210524  0.319615751724138  2.820195099818512  2.986481851179678 
 1.842061242603549  0.585491088165681  1.394131440828402  1.873977928994085 
 1.812266307277628  0.255573751374663  2.110622371967656  3.359076280323453 
-0.432708021256495  0.069558208685078  0.518166751676903  0.514508414454418 
 0.773626608280255  0.150841773471338  1.135045222929937  1.165634697452231 
 1.151066782077395  0.339580993890020  1.355580285132383  2.983926272912423 
 1.041280023529412  0.223177558117647  0.868810013176470  2.118066117647059 
