 0.019707226363594  0.075633204893949  1.239991303030182  0.628432640909358 
 0.290384427927927  0.097080868310801  0.753604087837786  1.594393018017868 
 0.769213034187888 -0.031837765299138  1.680428632478507  2.196703632478566 
 1.759574038461499  1.065251009615396  2.681909134615466  1.847566346153521 
 0.186400300544941  0.087756413092641  1.201099400545004  1.451512261580385 
 1.217813854166645  0.098353852604182  3.458737500000038  1.871900520833477 
 0.689558886597958  0.062343176783509  1.203322164948438  1.478271958762870 
 0.392742605113662  0.092333615596582  1.759924147727383  0.668909949431810 
 0.587899101754453  0.142857534736850  2.594205964912095  1.274824385964763 
 2.760317293233008  0.789981729323299  2.416045112781990  2.905823308270640 
 0.561185660634306  0.164087637367537  2.111747761193989  1.824811940298482 
 2.152603030302947  1.471511212121229  1.699807878787843  4.462601515151414 
 1.989696067415795  1.128833033707898  0.967401044943706  3.290779775281128 
 1.408488333333298  0.228046407407442  3.536893518518651  3.783606481481420 
 2.525366666666603  2.246834567901252  3.919634567901249  2.361713580246838 
 1.543867862595413  1.025014198473296  3.890322900763420  3.514335114503847 
 1.062313969849241 -0.034102495979900  1.863702010050275  0.903008542713570 
 1.884012669683250  1.095609864253401  2.278116742081444  2.777660633484175 
 1.052826258503396  0.015203234467122  1.868411564625833  1.670293424036327 
 2.321364799999999  1.247285679999995  1.535869199999996  2.064874399999994 
 0.996244196078447 -0.013462154901960  1.923495686274478  3.072928235294088 
 0.812272225490180  0.678925931372527  2.862512254901957  1.825459313725487 
 1.992859894736835  1.064170526315781  4.430600000000003  1.857221684210544 
 0.210948747044333  0.073700733120689  1.487897660098534  1.106500221674875 
 2.519763571428584  1.018079785714291  3.767882857142878  2.917918571428580 
 1.070367741935470  0.282356237096770  2.233156451612899  4.035262903225838 
 0.372240315406977  0.101342774901164  1.597182122093016  1.710446656976730 
 1.723464853556494  1.136672050209205  3.280003347280311  2.583612552301268 
 0.702212457317070  0.026247521371950  2.659085975609744  2.281082317073172 
 2.169432160804013  0.417768977487436  3.165271356783937  2.099341708542720 
 1.812608125000005  0.041869269999999  2.374082499999982  1.389752312499995 
 1.536815304878048  0.440279306097560  3.998477439024413  2.521102439024379 
 1.868186746987959  1.058477518072296  4.793446987951800  3.344986746987952 
 2.253381081081082  1.741568783783780  4.268318918918929  4.200004054054038 
 2.489192187500001  1.694986484375000  2.739486718750003  2.366989062499998 
 0.894129613496934  0.465336210429448  3.438776687116551  2.825959509202489 
 1.528499999999998  0.184663811771429  1.169588228571429  1.402829828571436 
 2.076887962962958  0.290961983888890  1.788842407407410  3.686156481481484 
 0.015699726923077  0.076260585244282  1.077967650727655  1.071691787941793 
 0.576600474934042  0.115893558839051  1.060099155672817  0.897677915567282 
 1.366114062500001  1.437425312500000  1.583180468749990  2.645446093749985 
 0.847329658119655  0.091543953846153  0.677243639316237  2.076766666666665 
 2.403817968750001  2.008335937500002  3.075930468750000  3.507847656249985 
 1.564088888888888 -0.004919295454545  1.298554747474743  2.528967171717196 
 0.042517847777774  0.075035609222222  0.656759512222221  1.182851027777790 
 1.381585980707396  0.528862160771706  2.796704501607719  2.420700643086819 
 1.071858571428570  0.892076607142856  1.981193303571432  1.923291964285707 
 1.020548535211271  1.224053943661972  2.515035680751176  2.587840845070423 
 2.034880606060606  0.365365524848481  2.195226060606046  2.386235757575749 
 0.462331987477641  0.067254772737031  1.929747942754921  1.262480017889086 
-0.589389442934782  0.091986414940640  0.488391630842398  0.524771008152173 
 1.757714285714284  0.841250642857144  1.920238142857147  1.094009785714286 
 1.479076030534349  1.930746564885490  2.334701526717561  3.114520610687025 
 1.298720249999999  1.311486249999998  3.126345625000002  3.566455624999997 
-0.224299000000001  0.069481178199047  0.848871179976159  0.888704815256254 
 0.029548160249554  0.077111762370766  0.775516060606064  0.652267762566845 
 1.148884716981135  0.380819270440252  1.082017295597482  3.319752830188683 
 1.262559393939396  0.557194208754208  1.741203030303027  2.618940067340068 
 0.925481468503936  0.453091504724410  2.641416929133864  3.147522440944882 
 1.661697368421051  2.163388596491230  3.122260526315790  2.259567543859650 
 1.753748663101604  0.912993315508022  2.687714438502678  3.405300534759362 
 2.560271111111111  1.124358896296297  3.152023703703704  3.881797777777779 
 2.473009909909910  1.693362162162163  1.971806306306306  3.378512612612611 
 1.758934895833334  2.108470833333335  1.934200104166665  1.787139791666667 
 0.385556232505643  0.096527645282167  1.125871151241534  2.014213995485335 
 1.889637572254337  0.249963660115607  3.040929479768789  2.956405780346810 
 2.637345454545454  1.402081818181817  3.258704545454545  1.353038787878788 
 1.328702000000000  1.127940999999999  1.736526400000000  3.567996000000006 
 1.036574611872146 -0.192038940045662  2.595952054794527  1.681560273972602 
 1.389832397660819  0.460477694269005  3.238702339181287  1.229309643274854 
 0.745809397769517  0.191378590706320  1.267508884758365  2.631112267657994 
 1.382826996587032 -0.069610747645051  2.163587372013650  2.336163481228666 
-0.268405135355893  0.064899436709452  0.473006473745624  0.815206009334889 
 0.963526166219840  0.374740747184987  1.398196273458447  1.942863270777483 
 0.922223354444444  1.648251111111112  3.476842222222222  2.903052222222221 
 1.705417549019608  1.928714705882353  4.094778431372546  2.943574509803923 
 2.235083333333332  1.464620952380952  3.023571428571431  5.114966666666667 
 0.760857065217391  0.354382142461957  1.579870652173915  1.271520054347824 
 0.464951742252965  0.247725654545454  1.948537549407116  2.481329644268774 
 1.569910788381744  0.348288187966805  2.228828215767636  3.110191701244814 
 1.309728942307693  0.403029016025641  2.478280128205129  1.885215705128205 
 1.370797089552239  1.203131417910449  3.697743283582089  1.794871716417910 
 0.953704327485379  0.364786937602339  2.200316666666671  2.379595906432752 
 1.552250400000001  1.402695199999999  2.818419999999999  1.023393779999999 
 1.518729090909091  2.297984415584414  2.849699999999999  3.946233766233765 
 1.031016521739129  0.312496543478261  2.562189565217392  0.581395649565217 
 1.369398556701030  1.165444329896907  2.590264948453608  4.305238144329897 
 1.468862421052632  0.851742210526316  0.825915190526316  2.105532631578947 
 1.669045777777778  0.487421755555555  1.658378666666667  1.931107999999999 
 2.048246788990825  0.279216862385321  2.810521100917431  3.819943119266055 
-0.334857585118376  0.063903504317926  0.802401510710261  0.519602157835400 
-0.305592394846797  0.054993167005571  0.463183761838440  0.424992469916434 
 1.257063567251462 -0.198588247953216  2.927805263157893  2.785005847953218 
 1.024662140221403  0.464720676014760  2.238783394833948  1.304370627306273 
