 0.143716780238062  0.080348986016675  1.323012369047525  0.687348469047830 
 0.147976192682926  0.076797679832311  0.628834700914600  1.295484374999899 
 0.737638157618093  0.109087512259200  1.499480525393944  2.418085288966667 
 1.699013862433819  1.231230476190487  3.017555555555644  1.202861105819748 
 0.290331619424444  0.089704578645082  1.052599136690684  1.584707553956834 
 1.250355743478244  0.351035124434796  3.491332608695682  1.512989956521858 
 0.939336732348128  0.093146230870282  1.517109359605894  1.695781609195391 
 0.397717929729742  0.096991268237834  1.785707972973025  1.109567040540540 
 0.748597890804652  0.267950522126443  2.654469540229730  1.056258235632064 
 2.646212154696077  0.775911491712700  2.427182320442013  2.831868508287264 
 0.579892645481813  0.132399245654029  2.078934597156362  2.153986571879912 
 1.945204961240268  1.472182170542645  2.342894573643392  4.576876744185994 
 1.777602111801277  1.204444062111819  1.159518155279440  3.566950931677146 
 1.535532978723385  0.298210430851084  3.415352127659650  3.723959042553157 
 2.178694078947335  2.072705921052640  4.002040789473694  2.766638157894698 
 1.053915040828398  1.315441005917170  3.661085207100637  3.272932544378725 
 0.840348296089383  0.075074370391061  1.853044972067052  0.722220827374304 
 1.744191509433957  1.019192578616356  2.190620440251571  2.829816352201263 
 1.271045619266048 -0.088266822247705  2.040176146788969  2.132292201834912 
 2.195352348993288  1.223649731543621  1.324580262416104  2.168038926174491 
 0.893337732307705  0.030501197538462  2.050022769230743  3.011042461538444 
 1.143905704225346  0.644432136150224  2.772798122065725  1.919890140845068 
 1.944618152866237  1.164421082802543  4.222308280254781  1.822768789808928 
 0.161156470189430  0.080684698504486  1.360407676969099  1.223996450648056 
 2.403991525423737  0.894070235593224  3.653516949152558  2.930930508474581 
 1.189705240963846  0.443020044578310  2.279572891566261  4.154539759036166 
 0.388917004925545  0.113577742648340  1.597399541809847  1.721763115693000 
 1.606494600638985  1.156842907348245  3.265876038338641  2.502591693290741 
 0.895534845605697 -0.031047645106890  2.793706175771969  2.011244655581951 
 2.141233777777768  0.415488682755555  3.176522666666681  2.027048444444450 
 1.511770287539940  0.069758086038338  2.427284345047918  1.340475623003193 
 1.365772627118644  0.400177084322034  3.865188135593236  2.501477542372872 
 1.863924827586210  1.121034855172418  4.599844137931032  3.304371034482757 
 2.105919512195122  1.668978048780484  4.075865853658546  4.459741463414615 
 2.533268181818180  1.722578238636363  2.829710795454544  2.117114886363636 
 0.817262365942029  0.248134166304348  3.073286956521729  2.811995652173931 
 1.711681451612902  0.334429713548388  1.372687459677421  1.539889475806456 
 1.814748863636362  0.217027690378788  2.012078787878786  3.377790151515158 
-0.015656113750000  0.073980112194117  0.974548205882356  1.024596926470590 
 0.703545521885524  0.150467812895623  1.180915134680132  1.168422676767675 
 1.184538165680475  0.814819852071006  1.507686775147924  2.326258579881651 
 1.038514722222220  0.259960490079365  0.698896768253967  1.955467460317458 
 2.395310791366907  2.089790647482015  3.013015107913669  3.546172661870493 
 1.539286774193547  0.119709476258065  1.408061612903226  2.551434838709691 
-0.219984846893619  0.069946164263830  0.576579298723404  0.881168195744686 
 1.584831151832463  0.113697611518325  2.838281151832462  2.764235340314134 
 1.034242883720931  0.557943372093023  1.947731627906981  1.619874279069766 
 1.028705048672567  1.338823318584072  2.488528318584072  2.334540707964604 
 1.837259490084986  0.542184375070819  2.306762039660049  2.132503399433425 
 0.645328479532165  0.093065520131579  2.170313888888890  1.541435818713450 
-0.545487996438112  0.075051793442841  0.521836528317012  0.530754097951914 
 1.678915921787708  0.879921284916202  2.037239664804471  1.068846411731845 
 1.465838913043478  1.852283152173909  2.190689673913044  3.196067934782608 
 1.397018819875775  1.722067080745340  3.089731055900624  3.700977018633541 
-0.196686749593496  0.066079055967480  0.893824715447153  0.597660360162599 
-0.256487365446717  0.067111512411195  0.500185545748116  0.461785972228202 
 1.086226548672568  0.417296581415929  1.197466061946902  3.266050442477877 
 1.066200422535213  0.443889031187123  2.244169215291750  2.460149094567406 
 1.032578517241379  0.750152758620690  2.513791379310347  3.224983448275864 
 1.626943070866142  2.180116535433071  3.218259055118111  2.241627559055118 
 1.852940873015873  0.801827896825397  2.739722222222226  3.464288095238096 
 2.547112765957446  1.041893765957447  3.255214893617022  3.901719858156031 
 2.532432283464567  1.569781653543308  1.961033858267717  3.431407086614173 
 1.714458306451613  1.963262903225808  1.893403306451613  1.854734032258065 
 0.467528274944567  0.090000506807095  0.983632128603104  2.100852993348116 
