 0.138736739180643  0.082453211401267  1.331832783613361  0.733654447479178 
 0.148256245730027  0.077351700371895  0.667275087878757  1.325113126721670 
 0.709535486780608  0.120628855940907  1.437285754276737  2.350369206842874 
 1.719752560386434  1.257734154589382  3.049308212560466  1.234326033816099 
 0.353048023909966  0.085711424317860  1.005718987341812  1.837396343178620 
 1.275502494163408  0.374568985680945  3.467940856031155  1.537376809338628 
 1.064199404332148  0.059177364801447  1.511469530685901  1.619459999999987 
 0.353427232987323  0.091907988126871  1.731647981545603  1.129130161476353 
 0.752785351955360  0.247628596927380  2.656803910614375  1.052839681564130 
 2.530720168067188  1.064968873949575  2.226835714285732  2.986615126050397 
 0.602066599690248  0.117629321679941  2.076965929203507  2.165500147492602 
 2.083072674418572  1.303297639534891  2.308992906976731  4.441830232558100 
 1.879439757575792  1.261867515151532  1.146114381818122  3.445787878788004 
 1.723495181159407  0.419496771739144  3.253289492753672  3.695654710144904 
 2.053880372340399  2.161788297872348  3.874711702127667  2.624423936170181 
 1.018003824374996  1.322856562500010  3.708868750000047  3.343032500000029 
 0.840226476190474  0.090613139190476  1.826561666666678  0.753252062380954 
 1.536994611398959  0.991906839378239  2.340163730569946  2.986129533678760 
 1.302685178197059 -0.042229430943395  2.041711740041912  2.167641090146796 
 2.022130459770114  1.646933275862064  1.593904839655168  2.083355057471260 
 0.932393764102575  0.096160832820514  1.994549487179468  2.980069743589731 
 1.121091941304343  0.702643804347816  2.753486086956519  1.947708913043476 
 1.975995142857138  1.110887771428567  4.216591428571432  1.911444914285725 
 0.155189872579185  0.077350115574660  1.257104271493219  1.319601538461540 
 2.536688837209312  1.011402604651166  3.302882325581410  3.247931162790702 
 1.100851310679605  0.523775647572813  2.308499999999996  4.005401456310699 
 0.422733226054853  0.121073067122364  1.590182067510544  1.720073312236276 
 1.591556458333340  1.167435238095241  3.289763392857127  2.529952976190484 
 0.863093814479635 -0.013728073506789  2.798824208144794  2.073127375565615 
 2.263527004219402  0.431499938059071  3.218560337552757  2.160478059071737 
 1.540050000000003  0.124169461830600  2.451569398907102  1.382054188524589 
 1.280252313653136  0.355466727675276  3.800599630996322  2.574649446494458 
 1.922242777777781  1.149380633333337  4.505186111111108  3.260369444444443 
 2.299373043478262  1.516345486956519  3.915826086956529  4.413588695652159 
 2.496035555555554  1.853346111111111  2.854662222222220  2.111456444444443 
 0.892733557746478  0.362186492676057  2.868611830985908  3.024723380281703 
 1.963703196347030  0.482558455251142  1.343381036529681  1.732702557077630 
 1.875212662337661  0.280550351493507  2.081812662337662  3.375083766233771 
-0.024553506777108  0.072618784701807  0.950218426204823  0.997694698795185 
 0.685556200941917  0.156015363171115  1.138069010989009  1.218939795918367 
 1.286576856368566  0.790772981029811  1.542771463414631  2.351257723577231 
 0.955570658307210  0.232582220062695  0.729387447021943  2.035392163009402 
 2.387041496598642  2.155974149659862  2.899899999999997  3.661291836734684 
 1.459067857142857  0.054002574829932  1.325342176870749  2.659071768707498 
-0.225648233071555  0.069032837652705  0.560951602094240  0.879305497382204 
 1.560501305483030  0.095037821409922  2.852683028720628  2.723486161879894 
 1.024825647058825  0.586600305882353  1.886049176470591  1.613927882352939 
 1.236504315315316  1.789104054054054  2.569450900900899  2.363659909909909 
 1.875657180851065  0.597291989361700  2.365795212765952  2.209567819148935 
 0.663807373461014  0.092026645923393  2.171464021887828  1.538454445964433 
-0.546687054054054  0.075843726212892  0.524283739909914  0.527711190990990 
 1.644896480446927  0.994106424581007  1.979974860335195  1.082970529050280 
 1.609714418604651  1.864190116279067  2.082436627906977  3.284329069767442 
 1.453131866666666  1.559857155555556  3.022343555555557  3.605472000000001 
-0.192923841373671  0.067253293327882  0.896204668847095  0.590419364677021 
-0.256724678030303  0.066925955443723  0.501058854978355  0.461011329220779 
 1.085584225352115  0.527938874178404  1.226959295774647  3.350902347417842 
 1.010169175704990  0.563136537960955  2.220190672451191  2.448253796095443 
 1.723125181159407  0.424896771739144  3.244419492753672  3.703034710144904 
