 0.023848968971911  0.074961455794405  1.236580373831625  0.589062786916217 
 0.273147191428571  0.086008644942845  0.683047814285648  1.633738285714097 
 0.869652923076712 -0.027733705107682  1.758882461538281  2.243813846153752 
 1.763876219512144  1.047260365853672  2.732781707317175  1.829764024389832 
 0.157827944674064  0.076251438330682  1.206874372019131  1.334860254372023 
 1.168199758064482  0.154796709677444  3.579886290322639  1.841202419355061 
 0.614185790816349  0.137503668341842  1.074503443877526  1.396970408163244 
 0.404988289377322  0.097343070769219  1.774163369963512  0.625196257142847 
 0.645097078048873  0.175419273658548  2.807672195121692  1.395903853658329 
 2.779158878504578  0.902232028037371  2.423784112149575  3.072343925233598 
 0.570433732458978  0.080662935340983  2.265140327868780  2.018426557377003 
 2.172041666666552  1.653328541666690  1.618064999999951  4.520562499999860 
 2.216960273972681  0.896685616438396  1.151512602739587  3.269293150685211 
 1.649949240506280  0.262330481012705  3.759270886076131  3.776949367088521 
 2.718707547169713  2.084007547169838  3.795339622641534  2.619626415094222 
 1.406151619047611  1.093893333333351  4.074259047619122  3.422442857142895 
 1.181764890510940  0.086825220437956  1.846752554744559  0.766199481751827 
 1.872931770833325  1.058288645833342  2.363686458333329  2.897334895833345 
 0.906142685185177 -0.054660021296294  2.025184259259237  1.628753086419813 
 2.514891803278688  1.374958524590156  1.412850311475400  1.775909508196714 
 0.938919891891915 -0.072316206486485  1.931650810810765  3.022656216216175 
 0.792194960526294  0.750479210526286  2.814336842105257  1.790266447368416 
 1.851624852941163  1.222096176470576  4.541520588235298  2.101832352941202 
 0.172797602254425  0.081707669539452  1.473207568438017  1.025761433172305 
 2.439597247706438  1.101045321100924  3.791413761467917  3.047153211009187 
 1.117186979166650  0.370309139583327  2.040419791666659  4.104027083333373 
 0.306069702544032  0.069416908457926  1.589687866927581  1.498554011741667 
 1.778572258064530  1.275744838709677  3.152432258064477  2.627294838709695 
 0.689797744897955  0.187579872448977  2.870858163265283  2.343486224489792 
 2.063039175257718  0.073680418762886  3.172190721649521  1.940341237113417 
 1.726899206349212 -0.031479061904764  2.388542857142838  1.385223730158723 
 1.540230357142855  0.161729966666665  4.075460714285748  2.525077380952360 
 1.940154385964922  1.070130596491239  4.896861403508761  3.358035087719298 
 2.427912500000002  1.981804999999994  4.467892500000021  3.997302499999968 
 2.427319130434783  1.781693913043479  2.806511304347828  2.438092173913042 
 0.778571718446604  0.331206232038835  3.555407766990269  2.883429126213648 
 1.832113333333328  0.181360688444446  1.330342444444444  1.276405111111128 
 2.204918309859145  0.201664398028171  1.828533521126765  3.869283098591551 
-0.043583720600858  0.073864518705293  1.123496337625187  0.972252703862668 
 0.312032733656179  0.082681805569007  0.886354818401932  0.981595665859563 
 1.466044745762714  1.396272542372882  1.667043389830497  2.753822881355917 
 0.406496091575090  0.114658590842490  1.020475054945051  2.126808791208788 
 2.573632926829271  2.145312195121953  3.072952439024387  3.604591463414610 
 1.562572789115645 -0.012970725850340  1.187250680272104  2.583523129251734 
-0.001181761904766  0.073040685273368  0.850725149911813  1.260518694885378 
 1.403274678899083  0.476445908256883  2.952527522935780  2.231390825688079 
 1.250757448275862  0.987594137931034  2.107337931034491  1.945708275862059 
 1.058187719298250  1.075614385964911  2.683090643274857  2.526794736842104 
 2.306710714285714  0.330293874999994  1.981901785714264  2.459177678571415 
 0.343235658536589  0.079769393170733  1.918182621951222  1.125693567073169 
-0.580031697341513  0.164158985869122  0.420708121267904  0.521625439672799 
 1.846876978417264  0.660241654676260  2.146358273381298  1.237990071942447 
 1.600146808510635  2.058268085106372  2.401188297872348  3.122007446808514 
 1.060809357798164  1.131371926605502  3.187172477064223  3.618644036697241 
-0.201011645077720  0.069059205503887  0.806218445595852  0.914298523316059 
-0.007334841468254  0.075889525376984  0.771134126984131  0.625456682539683 
 1.056593861386144  0.376589920792080  0.904083247524748  3.339962376237631 
 1.221785052631582  0.673661999999999  1.651921052631573  2.750309473684213 
 0.768270282894735  0.437013539473685  2.365963815789486  3.153002631578947 
 1.748323466666666  2.055030666666671  3.621847999999999  2.036897333333333 
 1.758679591836735  0.810237755102042  2.521576870748305  3.587201360544219 
 2.732295121951219  1.099289036585366  3.356300000000001  3.903420731707317 
 2.476994366197183  1.851302816901410  1.849681690140844  3.152425352112672 
 2.015719999999999  2.321266000000003  1.990075999999997  1.862170000000001 
 0.290364556291391  0.098461963995585  1.217699801324501  1.720847682119214 
 1.975453237410076  0.263070607194245  3.023619424460438  2.923321582733800 
 2.655107547169810  1.456374905660376  3.176796226415094  1.294306603773585 
 1.437132209302327  1.329324999999998  1.358597906976745  3.725977906976754 
 1.134459025974025 -0.184509253701299  2.785993506493516  1.728288311688308 
 1.432157583892618  0.459057461208053  3.156012751677851  1.283632751677852 
 0.738346417670683  0.122929734538152  1.289143975903616  2.616487550200806 
 1.613269594594601 -0.151661759459459  2.286675675675668  2.325389864864855 
-0.027647038329241  0.073500582039312  0.457434021621622  1.073622972972975 
 0.997838475336326  0.520648744394619  1.327823094170411  2.107244394618841 
 0.936219901219512  1.672708536585366  3.471018292682926  2.797052439024388 
 1.721153020833333  1.967600000000000  3.987004166666661  3.022738541666670 
 2.257386842105261  1.470654736842105  2.929673684210529  5.149955263157895 
 0.688414590909087  0.124810364863637  1.221995318181828  0.785736736363636 
 0.505083036130654  0.275866834170854  1.943653266331660  2.554720100502510 
 1.599840932642488  0.207217487046632  2.285654404145077  3.139627461139896 
 1.204832181208055  0.353206863758390  2.416387248322148  1.830820469798656 
 1.217122150537636  0.981806344086023  3.652702150537636  1.798410752688172 
 1.061892623574147  0.381283467680608  2.321520912547534  2.504977566539929 
 1.577486966292136  1.379172359550560  2.849717977528089  1.009894584269662 
 1.428026575342466  2.286949315068490  2.895321917808218  3.921458904109587 
 1.029234536082473  0.353544180412372  2.679623711340207  0.594641079381443 
 1.200694328358208  1.156040208955224  2.641832835820895  4.420125373134331 
 1.634158714285716  1.082652142857142  0.816471130000001  2.451261428571426 
 1.655687272727273  0.573713224242424  1.610744848484849  1.936181212121213 
 2.111052688172044  0.355970161290322  2.905810752688172  3.866003225806453 
-0.312900922868741  0.078828546427605  0.849520121786198  0.548285255751015 
-0.253265691123190  0.082592560887681  0.464771452898551  0.422887670652174 
 1.269433178807946 -0.188944060264901  2.932881456953640  2.723552980132452 
 0.979006276595746  0.585792819148936  2.225600000000004  1.238002074468086 
 1.093692967479675  0.399855922764228  1.650869918699188  1.462403373983736 
 0.882461923076924 -0.052790225500000  1.263350615384614  1.837299615384618 
 0.447759024271845  0.069066884708738  1.663967961165049  2.002556796116503 
 1.596387142857142  1.152657428571428  4.261020000000002  1.026532257142857 
 1.469471575757574  0.833730424242424  3.612433939393941  2.594138787878787 
 0.824928565400844  0.528905907172996  1.959991139240510  2.083187763713082 
 2.323302105263159  1.445696210526316  2.421781052631579  3.898447368421053 
 1.305789203980103  0.518430124378109  2.955854228855721  3.028012935323383 
 1.626925345622123  0.569799308755760  2.392849769585251  2.359939631336406 
 2.474954464285715  0.761441160714286  2.878507142857142  2.341577678571428 
 1.199573515625000  1.220625703125002  2.271421093750000  3.316130468750000 
 0.679986125000002  0.071942366590000  1.588797999999999  1.205356050000001 
 2.102150909090908  1.205026272727272  1.825020000000000  2.352108181818184 
 1.823239007092198  1.413656241134752  3.181634042553193  3.502019858156030 
 1.862758333333333  1.392254375000000  3.967675000000000  4.421481250000001 
 1.443560419580420  0.362031006993007  1.654804195804196  3.345753846153844 
-0.325054274234694  0.062543787844388  0.498021885204083  0.766224974489796 
 0.473182471745153  0.174621649030471  2.095036842105264  1.569420498614958 
 1.088263269230769  0.133395368269231  2.904026923076921  3.698712500000000 
 1.255785284552845  0.363940000000000  0.827510406504065  1.537353577235774 
 1.496966029411765  1.473072647058823  1.620935000000000  1.258386470588235 
 2.105276415094339  0.954114339622642  3.578175471698113  1.963312264150941 
 2.452609677419354  0.455819059677420  3.957645161290327  2.534348387096773 
 1.330060616113744 -0.008472527962085  1.721453554502368  1.867400473933648 
-0.509241003787879 -0.035990204154716  0.603679299242424  0.456500507575757 
 0.881942027027027  0.115931825675676  0.592762645945946  2.140958783783784 
 0.771220584615385  1.641818461538462  2.029036923076922  2.533760000000000 
 0.753463106382979  0.035199288510638  2.301608510638299  1.107617276595745 
 0.891066855670103 -0.119336707938144  2.423514432989695  2.325968041237111 
 1.440746565656566  1.965310101010101  2.669619191919190  2.167927272727272 
 1.349294811320754  0.219536256792453  1.810269811320755  2.483722169811321 
 2.428372000000000  2.508652000000001  4.222188000000001  2.000299999999999 
 0.643751891156462  0.332617935034014  1.536782653061227  1.674323469387756 
