 0.205683273413117  0.084107731316309  1.090933267792246  1.228177343449495 
-0.272444091694749  0.070260706936632  0.667581622021798  0.650352447413270 
 1.805222439024344  1.015260913591257  1.870112365853605  3.511572834314525 
 1.163478430026570  0.269905268095662  2.668345527015049  1.748412340123970 
 1.076293576797385  0.229075600821077  1.398715631413405  2.315907107843147 
 1.789004611650486  1.030735894110036  3.723706957928807  2.270611504045320 
 1.876299165467626  1.279707711366904  2.241251272661873  2.079146640287761 
 0.703793279457367  0.156265331076744  1.817539426356590  1.144565777480620 
 1.266873014940236  0.331019273057768  2.684233864541838  2.992990737051782 
 1.943242039407538  1.494593622980251  3.429302782764810  3.647775314183121 
 0.542732257005842  0.122469716226388  1.821223442064267  1.956853310613437 
