 0.017277128098015  0.076197809193541  0.948902101921448  0.969347871902027 
-0.344453284754594  0.069690993453881  0.589489712119542  0.587904644145857 
 1.012974261887291  0.190697209729338  1.472224226042386  2.627378931967783 
 1.751756838365880  1.131518175843699  2.735800177619920  1.439197679751212 
 0.418005702185310  0.104345968828671  1.075877015559456  1.687743902972027 
 1.609407482806050  0.624626150784048  3.713154607978000  2.104852242090826 
 1.296498893766466  0.309393250140476  1.543953283582085  1.504734503950821 
 0.391626578777593  0.090067031876909  1.615495997453320  1.052873853650250 
 0.968096312877279  0.207756539899398  2.894959054325922  2.542309456740386 
 2.324037611940279  0.689566768746267  2.722924179104480  2.893473731343278 
 0.628556168967360  0.121710434495373  1.929780613735982  1.932365416463704 
 2.177641799999990  1.622582160000003  2.759957799999994  4.050249800000000 
 1.681175750487338  0.896443183235872  1.497637939571132  3.508426510721281 
 1.304374853892213  0.389667870179644  2.578580838323361  3.551153892215565 
 2.250149584295606  1.928005935334875  3.550924711316399  2.438859815242491 
 1.776425808966861  1.131460395711504  4.105042105263153  3.494298050682265 
 0.939811300079174  0.219316022446556  2.586133254156778  1.327006878859856 
 1.308284749518569  1.537627496561211  2.716192159559834  2.862319394773039 
 1.448473432721710  0.355667677094802  2.296895489296634  2.267674464831809 
 1.913457762645916  1.341083210116728  1.582552472957197  2.246677723735412 
