 0.006049895447366  0.074534779827326  1.239541224489671  0.625721885400590 
 0.234659060941828  0.083100478864254  0.729351454293565  1.633970360110620 
 0.952921303115953 -0.054743082039650  1.821729178470090  2.247257223795948 
 1.737686096256639  1.114520160427819  2.825069518716669  1.909815508021030 
 0.202775183896086  0.080210820012985  1.191870103896148  1.417354025974028 
 1.177605030674821  0.059639360122718  3.467450306748512  1.873621472392808 
 0.694136269841294  0.170812848386249  1.008826111111090  1.443463359788339 
 0.412811311111139  0.096404597746022  1.765347301587424  0.641969118095229 
 0.628331007722081  0.137157198069507  2.692399227799024  1.337069652509487 
 2.761753636363545  0.913692609090897  2.436367272727314  3.074164545454500 
 0.543691156784943  0.115723334298539  2.131579123173230  1.793184968684731 
 2.170039583333219  1.555419166666690  1.605424791666618  4.550597916666527 
 2.059688961039035  1.101574935064972  0.952296012986881  3.213357142857407 
 1.421373191489321  0.221309202127699  3.565422340425684  3.823034042553120 
 2.676943835616367  2.167878082191800  3.899173972602757  2.540413698630053 
 1.563528389830501  0.996857627118659  3.939566101694983  3.538622881355966 
 1.100774186046505 -0.030974737790698  1.891987790697701  0.879557790697677 
 1.867973404255311  1.120274521276604  2.297511170212761  2.901209042553205 
 1.047404520202013  0.057231330303032  1.907055808080791  1.618872474747525 
 2.498825000000001  1.364774374999992  1.400869828124991  1.773523124999993 
 0.965768056872057 -0.018894773459714  1.874680568720340  3.053993364928875 
 0.787939847058804  0.727080882352914  2.820058823529406  1.806290588235290 
 2.052779816513753  1.171325321100909  4.265783486238534  2.066607339449556 
 0.166160299147725  0.076372605644886  1.503480113636376  1.068980411931819 
 2.523698260869580  0.973872173913050  3.786119130434807  2.948006956521750 
 1.068591818181804  0.291323300826441  2.203809090909086  4.056915702479371 
 0.334263994727593  0.168977629933217  1.597527240773277  1.598832688927929 
 1.824528834355841  1.218507546012270  3.159342944785239  2.674222085889588 
 0.705447676567653  0.026679937326731  2.645214521452130  2.218727722772277 
 2.001570322580636  0.350370689161290  3.259653548387120  2.005318064516139 
 1.813958666666672  0.055871601333332  2.371579333333315  1.371822066666662 
 1.669161499999998  0.206056241999998  4.101346000000031  2.566183999999983 
 1.844956578947376  1.033064526315797  4.818285526315781  3.362909210526316 
 2.223152941176472  1.772867058823526  4.282069117647071  4.236426470588218 
 2.377627067669174  1.791180451127820  2.756541353383462  2.373839097744359 
 0.799162495652176  0.335284959130435  3.512850434782588  2.869558260869616 
 1.609762237762234  0.156737433986015  1.165030419580420  1.401405104895115 
 2.046262727272722  0.368741175090910  1.736069818181821  3.725885454545457 
 0.003790096784566  0.076030241806002  1.072489131832802  1.072349260450166 
 0.508488453038679  0.098355310497238  1.049733756906071  0.836771469613260 
 1.350806779661019  1.454205423728813  1.584266949152532  2.669127966101679 
 0.813483504672894  0.112203748598130  0.648750895327100  2.137758411214952 
 2.590396103896107  2.171577922077924  3.044881818181815  3.578440259740233 
 1.546695652173912 -0.010657839673913  1.274966467391300  2.534760326086984 
 0.060829499142854  0.075647506714285  0.655799626857142  1.185307057142868 
 1.205255583333333  0.505208691666669  2.935292916666666  2.385339583333339 
 1.274124593023256  0.982687848837208  2.077671511627913  1.911632558139526 
 0.992931844311381  1.247798443113771  2.549719760479043  2.496806586826347 
 2.310405217391303  0.323448382608690  1.978359999999979  2.451896521739116 
 0.464631312087915  0.104865128351649  2.040490109890110  1.201553714285714 
-0.589154016282224  0.092510727539092  0.488202225644512  0.525321590230663 
 1.783971532846713  0.819724087591241  1.973384671532851  1.117230437956205 
 1.492091612903223  2.038524193548381  2.403548387096780  2.966482258064519 
 1.061801792452829  1.185083584905657  3.193312264150946  3.628207547169805 
-0.224740892121213  0.069627511768486  0.843279551515148  0.895226569696966 
 0.011474047192983  0.075983270684210  0.773676438596494  0.649539797894737 
 1.137015666666670  0.387564853333334  1.081585133333330  3.329929333333338 
 1.311834092664096  0.564465096525096  1.691440540540535  2.702256756756759 
 0.702290019867548  0.369590577483444  2.499211258278156  3.086755629139073 
 1.685329787234042  2.237490425531917  3.414806382978723  2.035272340425532 
 1.780913194444445  0.864938055555557  2.587261805555561  3.558895833333335 
 2.648429166666667  1.064869802083333  3.328200000000000  3.898361458333333 
 2.498888888888890  1.856752777777779  1.836279166666666  3.174261111111107 
 1.706196913580247  2.139186419753088  1.903051975308640  1.753478271604939 
 0.354116955916473  0.097189402296984  1.122864570765661  1.948533178654300 
 1.961710429447855  0.202269744171779  3.034702453987734  2.904560122699374 
 2.666998360655737  1.413417213114753  3.262286885245901  1.334143442622951 
 1.401164907407408  1.266568333333332  1.528250370370371  3.655127777777785 
 1.102790851063829 -0.219996914202128  2.575536170212774  1.695301063829786 
 1.374438963414635  0.431915516585365  3.168693902439023  1.273565426829268 
 0.729071921428571  0.142561523214285  1.276145571428571  2.597019285714288 
 1.485818181818185 -0.047644505375494  2.214362450592883  2.306883003952565 
-0.264835279670976  0.064331120164512  0.471350643948296  0.819566580493537 
 0.973230000000002  0.485301609195403  1.381149770114948  2.024790421455943 
 0.964236722340425  1.666541489361702  3.481940425531913  2.832428723404254 
 1.708417142857143  1.916747959183673  4.140425510204077  2.957526530612248 
 2.235083333333332  1.464620952380952  3.023571428571431  5.114966666666667 
 0.641597279792744  0.127363873668394  1.517828497409331  1.139376139896375 
 0.479734598153154  0.201309905405405  2.041476126126128  2.509149099099099 
 1.573025791855204  0.226210742081448  2.176117647058823  3.163119909502262 
 1.324670468227426  0.402480016722408  2.491709364548495  1.861271571906354 
 1.278686111111112  0.977444259259261  3.710333333333335  1.793500925925926 
 1.047520935251799  0.353968657050359  2.279063309352524  2.525735971223026 
 1.554557115384616  1.387695673076922  2.802530769230768  1.047735365384615 
 1.466683108108109  2.304504054054052  2.851162162162161  3.925464864864864 
 1.034718053097344  0.311556446902655  2.586665486725665  0.588782209734513 
 1.233789999999999  1.188845694444444  2.594418055555555  4.384498611111113 
 1.481897528089888  0.846654719101124  0.837444877528090  2.138564044943819 
 1.615133023255814  0.446304353488372  1.642928372093023  1.923280930232558 
 2.079369306930694  0.279671069306930  2.826745544554456  3.852047524752475 
-0.338238217687075  0.063479271575964  0.801151315192745  0.521407555555555 
-0.305887608725762  0.055141541426593  0.463015458448754  0.426402096121884 
 1.191150310559005 -0.207855466459627  2.900612422360245  2.776837267080749 
 0.990343896103898  0.474834662337662  2.266472727272728  1.289547922077923 
 0.977501188118810  0.581084752475247  1.564408910891088  1.326658019801980 
 0.931126250000001 -0.002236420698529  1.340701433823528  1.828657720588236 
 0.496218832116788  0.104298763503650  1.621490997566909  2.084806812652067 
 1.604651388888888  1.175225833333333  4.229227777777780  1.024086916666667 
 1.447659209039547  0.831958813559322  3.581766101694916  2.567722033898305 
 0.844354128113878  0.520715622775800  1.985249822064059  2.090137010676158 
 2.332294623655915  1.456467096774193  2.422461290322580  3.886408602150539 
 1.283286717948719  0.463757403589743  2.868607692307692  3.213178974358973 
 1.664009777777780  0.593831199999999  2.482668444444443  2.462122222222224 
 2.574476041666667  0.690693706250000  2.888392708333332  2.253484374999999 
 1.140753999999999  1.112453928571429  2.282369285714287  3.256857142857142 
 0.572570233333333 -0.086825128000000  1.587034333333333  1.511817000000000 
 2.090481355932202  1.172106271186441  1.822340677966102  2.307255932203392 
 1.851007692307692  1.526290979020979  3.217466433566435  3.462509790209792 
