 0.139233074656782  0.082453076825773  1.334841055966124  0.732670817318033 
 0.145782014305364  0.078013003259967  0.667713182668470  1.325337730398807 
 0.714393405144583  0.114790961205793  1.432191543408266  2.384272668810238 
 1.708831758793929  1.219212814070362  3.004003015075460  1.215873311557449 
 0.350518527738244  0.088067637965859  1.006106884779557  1.841738264580367 
 1.253610773504257  0.351909024017107  3.484911111111140  1.513300897436014 
 0.973894333333351  0.054803589824565  1.523757017543842  1.680686842105251 
 0.355032329466368  0.090147572327143  1.729362180974521  1.133369976798142 
 0.754536475920734  0.256562914164312  2.649764022662737  1.051114606232177 
 2.648975543478206  0.772449347826080  2.393854347826111  2.818134782608667 
 0.589202940998445  0.122184804145930  2.077424423963100  2.171135483870944 
 1.950138225806408  1.484055241935493  2.341054032258045  4.600434677419300 
 1.803466826347339  1.197753017964089  1.150659838323293  3.541732335329464 
 1.536189067357495  0.297345735751315  3.413737823834269  3.713332642487013 
 2.180879333333299  2.064314666666675  4.009410000000011  2.768655999999960 
 1.046690729940116  1.325772275449112  3.660202994012022  3.290846706586854 
 0.819701455847254  0.085439982243437  1.831845346062064  0.752726410978522 
 1.750763999999994  1.016497261538465  2.176668923076922  2.839770461538467 
 1.286446923076916 -0.061738506285713  2.040306373626355  2.155786813186861 
 2.058842307692307  1.593782582417579  1.546539022527469  2.042370219780215 
 0.918630105555568  0.083101794722223  1.985697499999978  2.980271666666652 
 1.121816400911156  0.655962004555798  2.769631890660588  1.938931435079724 
 1.954255590062107  1.145894782608691  4.207533540372676  1.841521739130446 
 0.157081330173199  0.077693000738377  1.257054940747499  1.319123336371925 
 2.393535714285722  0.868913415934070  3.597018131868146  2.955843406593411 
 1.163582905027925  0.448048460335193  2.278366480446924  4.114897765363149 
 0.404428593252213  0.125240957668142  1.592540707964596  1.723603429203529 
 1.585142358490573  1.163011823899373  3.263670754716964  2.506480503144660 
 0.900093093023253 -0.030941507186048  2.785527674418602  2.006299069767445 
 2.141162555066070  0.416023936651982  3.172620704845829  2.031682819383266 
 1.527347214076250  0.126692885425219  2.411526099706740  1.349456255131963 
 1.348791836734694  0.391689966938775  3.847875102040831  2.518664897959176 
 1.860809210526319  1.120498381578951  4.579172368421052  3.283385526315787 
 2.105919512195122  1.668978048780484  4.075865853658546  4.459741463414615 
 2.524136363636361  1.728805511363636  2.824793749999998  2.110881363636364 
 0.791873093632959  0.186911878651686  3.008054307116094  2.830174157303389 
 1.775191056910568  0.377423788861789  1.307215191056911  1.538808780487809 
 1.801606390977442  0.198633331804512  2.021454135338344  3.363964285714293 
-0.023968401651652  0.073061121684684  0.952918693693697  0.997978903903908 
 0.681556682098767  0.149496101604938  1.137562037037035  1.223900231481481 
 1.225814191616769  0.820285598802395  1.492420269461074  2.335182634730533 
 0.948555224358974  0.212199593589743  0.720976235897435  2.054832051282049 
 2.415458955223882  2.093208208955224  3.013535820895522  3.550779104477601 
 1.546697857142857  0.102384308928572  1.370360428571430  2.562496071428588 
-0.224461582984295  0.068976761736474  0.562257780104712  0.879646579406636 
 1.579747532467534  0.120287757402597  2.834280519480521  2.743111688311688 
 1.026951074766356  0.575186355140187  1.892119392523367  1.614416705607475 
 1.127893725581397  1.514118511627907  2.451570232558140  2.253883720930233 
 1.834908474576271  0.542154842937851  2.293111299435020  2.138292937853105 
 0.652853087621698  0.092375814700974  2.168018636995830  1.539856189151600 
-0.546525017985611  0.075859061237689  0.524147384262594  0.528161602517985 
 1.636267891566264  0.994491265060242  1.982851807228915  1.063158401807230 
 1.460474756756757  1.853631891891888  2.188820000000001  3.193445945945946 
 1.438831775147928  1.733194082840235  3.081585207100595  3.683256804733729 
-0.192994741224490  0.067152372032653  0.896183053061223  0.590849528979589 
-0.256704106371490  0.066745834589633  0.500535250539957  0.461550300431965 
 1.081976542056077  0.452430314018692  1.203392710280373  3.282811214953272 
 1.036012093495936  0.511039268292683  2.227321951219510  2.455823373983741 
 1.062912101694915  0.761242101694916  2.614040000000002  3.192676271186441 
 1.691453360655738  2.251592622950820  3.256881147540984  2.194267213114754 
 1.869288750000000  0.822852750000000  2.693355000000004  3.509255833333333 
 2.571255555555555  1.033655637037037  3.258374074074075  3.909132592592595 
 2.529471653543307  1.562939133858268  1.957177165354331  3.433983464566928 
