 0.028587565306075  0.078358385289127  1.228379778911427  0.590526076530911 
 0.263564598240469  0.089072286891483  0.675877111436883  1.626549853372240 
 0.946758895348638 -0.030264529244176  1.764327906976575  2.267119767441773 
 1.736515217391258  1.115922445652186  2.819478804347919  1.905703260869199 
 0.165621830813934  0.079415274869184  1.187657107558187  1.388099854651164 
 1.158864133333306  0.068596198000020  3.495398666666717  1.862883333333517 
 0.601218548752855  0.148613095442182  1.099313106575943  1.442323809523791 
 0.400479884758398  0.107654107026011  1.762727137546612  0.614958223791811 
 0.624104808593824  0.129509142578134  2.681117968749793  1.335973398437333 
 2.761569158878410  0.908677915887838  2.430548598130884  3.073692523364440 
 0.638942856410223  0.034691050652422  2.276507407407344  2.011711680911639 
 2.181793617021160  1.631767446808534  1.612613191489312  4.523525531914751 
 2.197176623376698  0.926837012987050  1.125388636363504  3.275689610389875 
 1.499605411764660  0.262222011764750  3.648871764706051  3.790472941176391 
 2.678005882352865  2.198397058823550  3.904472058823548  2.533404411764615 
 1.497188942307684  1.018828076923094  3.977239423077000  3.434857692307730 
 1.102407374999993 -0.037994095625000  1.912315000000029  0.863221312500002 
 1.873887368421044  1.115790421052640  2.318148421052627  2.911546315789487 
 1.047833820512813  0.017817525641027  1.942570769230752  1.660161794871844 
 2.502289062500000  1.387583749999992  1.415421390624991  1.763152812499993 
 0.933751980676349 -0.046254870531399  1.929850241545853  3.005146376811558 
 0.784175258823510  0.720754058823503  2.826375882352936  1.806042941176466 
 1.948962025316445  1.227309367088597  4.483840506329114  2.108621518987362 
 0.181982363584634  0.081394812779516  1.491494310099587  1.054396813655762 
 2.497841880341895  0.989595897435904  3.788074358974383  2.981682905982917 
 1.117186979166650  0.370309139583327  2.040419791666659  4.104027083333373 
 0.313597955706985  0.080970981809200  1.552831345826225  1.548361499148197 
 1.828752795031069  1.225325341614907  3.164611180124187  2.669050931677037 
 0.717819599999996  0.041915223829785  2.758568936170194  2.340215744680849 
 1.958040287769775  0.268579854820143  3.211112949640313  2.012733812949651 
 1.794939200000005 -0.039732014400002  2.404679199999979  1.371894079999993 
 1.692758526315788  0.200835514736840  4.102616842105296  2.546494736842087 
 1.861860273972610  1.062094027397269  4.819457534246568  3.374794520547945 
 2.420940000000002  1.929222222222217  4.417660000000019  3.992433333333305 
 2.382721875000001  1.771382031250000  2.773486718750003  2.402967968749998 
 0.791375427272729  0.332909256363637  3.557828181818160  2.868980909090961 
 1.754942391304344  0.085678956086958  1.298936304347827  1.316832391304364 
 2.198621126760553  0.206832707887326  1.812047605633808  3.879209859154932 
-0.034601965294924  0.074677330308641  1.125830699588484  0.991532949245549 
 0.355807586538466  0.085851278173077  0.900977235576918  0.960382499999999 
 1.368162416666669  1.423110500000001  1.653557666666656  2.714522499999984 
 0.746478516746409  0.096966029665071  0.685943720574159  2.173199521531097 
 2.563810714285717  2.143561904761907  3.072122619047616  3.598054761904738 
 1.535787634408601 -0.009413970430107  1.269641827956985  2.536928494623682 
 0.009733582524268  0.072192999595469  0.830084142394819  1.237672734627847 
 1.217214185022027  0.512408925110134  2.936846255506607  2.358167400881063 
 1.275485680473373  0.998183964497040  2.089000000000006  1.908840236686381 
 0.992897698795185  1.247801506024095  2.548831325301205  2.495981325301204 
 2.287610344827585  0.325622706896546  1.982788793103428  2.455071551724124 
 0.426908229007637  0.078048607430026  1.994279643765903  1.107650941475827 
-0.591082292263610  0.092485225214901  0.489645710601726  0.484650088825213 
 1.843322377622375  0.682074545454546  2.073756643356646  1.212387762237763 
 1.495655892857140  2.062365178571421  2.418246428571434  2.954864285714289 
 1.044740377358490  1.163872075471696  3.188787735849059  3.606767924528295 
-0.215503413878563  0.069310616120199  0.825584014869886  0.886007261462201 
-0.026800575774135  0.073923565701275  0.772419289617490  0.622704732240437 
 1.079304955752217  0.394933203539823  0.934721132743359  3.309156637168148 
 1.243165325203254  0.579259756097560  1.686043495934954  2.658139837398378 
 0.792493969135801  0.460330333333334  2.419340123456800  3.101105555555556 
 1.682637362637362  2.229245054945058  3.439641758241757  2.018537362637363 
 1.763554609929078  0.818354397163122  2.510091489361707  3.594926950354611 
 2.722315476190476  1.100986916666667  3.329289285714286  3.892979761904762 
 2.484464285714286  1.861955714285715  1.844087142857142  3.146402857142853 
 1.788672388059701  2.273895522388062  2.053195522388057  1.901511940298508 
 0.336818108647450  0.108853902416852  1.134897871396894  1.924070066518854 
 2.020906923076927  0.190094671538462  3.049634615384621  2.893699999999985 
 2.655986274509803  1.485844509803920  3.140356862745098  1.284536274509804 
 1.418180930232559  1.348117325581393  1.380316976744187  3.709427906976754 
 1.106530578034681 -0.210853802138729  2.649120231213882  1.702227167630056 
 1.376659036144579  0.433435721204819  3.169146385542168  1.273475481927711 
 0.708840063604240  0.134678243462897  1.286260141342757  2.580923321554771 
 1.472417187500003 -0.039275490468750  2.204981249999997  2.312567578124996 
-0.056209089495800  0.074001913214286  0.466280581512605  1.029426638655464 
 0.997214603174606  0.512640753968254  1.372312261904768  2.011498809523815 
 0.945389465555555  1.671015555555556  3.469397777777776  2.828563333333332 
 1.705271515151515  1.951156565656565  4.020088888888884  2.968710101010104 
 2.257386842105261  1.470654736842105  2.929673684210529  5.149955263157895 
 0.711890629921256  0.091961555118111  1.316297086614181  0.881315039370079 
 0.462075211220658  0.248359544600939  1.991113615023476  2.513075586854458 
 1.621258461538462  0.209328451282051  2.279778461538461  3.132748205128205 
 1.314290404040404  0.405475875420876  2.483395622895622  1.854476430976430 
 1.271774705882354  0.984825784313727  3.703376470588237  1.787127450980392 
 1.033891985815604  0.360407800212765  2.285496453900715  2.494659929078020 
 1.560492323232324  1.378215656565655  2.836820202020201  1.054142606060606 
 1.471119078947369  2.293082894736840  2.852863157894736  3.921122368421051 
 1.025189557522123  0.316278305309735  2.598893805309736  0.588634953097345 
 1.197133636363636  1.158154454545455  2.630740909090908  4.419398484848488 
 1.579061666666667  1.009791785714285  0.894617786904762  2.411303571428570 
 1.607572727272726  0.430171095693780  1.640834928229665  1.924457416267943 
 2.116913829787235  0.345751117021276  2.915255319148936  3.866008510638299 
-0.350551197969542  0.060555911586295  0.809604784263960  0.509209784263960 
-0.275440895214522  0.062626507937294  0.449880760726073  0.422384099339934 
 1.270540337837837 -0.202217737162162  2.921245270270267  2.725208783783787 
 0.982883973214287  0.457075178125000  2.278601785714287  1.270111562500001 
 1.035924644549762  0.515640151658767  1.625111848341230  1.336450189573459 
 0.919546254416962 -0.011525697632509  1.312498515901058  1.824653710247352 
 0.485620104602510  0.092410706066946  1.651982008368201  1.987158577405855 
 1.589261428571428  1.188620571428571  4.245351428571430  1.020032257142857 
 1.438292397660817  0.835924444444444  3.590156140350878  2.563809941520467 
 0.819230929368030  0.524553531598513  1.956728996282531  2.061641263940523 
 2.318203157894738  1.454622526315789  2.418073684210526  3.889943157894737 
 1.373090894736845  0.541901605263157  2.946206842105262  3.072672105263155 
 1.665521524663680  0.593774080717488  2.472595515695065  2.445503139013454 
 2.583806451612904  0.682492858064517  2.848323655913978  2.268372043010752 
 1.176954074074074  1.240087407407409  2.268195555555555  3.315679259259260 
 0.677655119047620  0.120953368752381  1.615157380952378  1.331945499999999 
 2.083948717948717  1.180840512820513  1.829793162393162  2.319014529914532 
 1.833199300699300  1.427122937062937  3.178139860139861  3.502278321678323 
 1.837880434782609  1.355663260869565  3.964771739130434  4.462376086956523 
 1.436263205128205  0.376208865384615  1.665324358974359  3.322833974358972 
-0.351581228930818  0.059569461970201  0.493583829308178  0.747228289308176 
 0.491446326666667  0.150297167901235  2.065977037037037  1.591845432098765 
 1.073475865384615  0.106398175961538  2.813711538461536  3.655146153846154 
 1.249969999999999  0.353151179674797  0.754909544715447  1.590897073170733 
 1.498209672131148  1.474927868852459  1.600068524590165  1.223650491803279 
 2.293914772727272  0.985732045454546  3.713289772727273  1.979415909090909 
