 0.096091565106344  0.082270883432634  1.306216127659461  0.636179977305216 
 0.134739558536585  0.078170687454262  0.643736911280454  1.330882835365751 
 0.702779795275482  0.101143518913391  1.504194015747941  2.164696062992077 
 1.637258571428537  1.185611255411264  2.722844588744662  1.605221774891481 
 0.257720677514109  0.084546750395479  1.133224847457664  1.468101807909604 
 1.197699083999985  0.210079381600012  3.426846000000029  1.777979600000111 
 0.853075542372900  0.117290901440681  1.405602779661002  1.491575084745750 
 0.416386218798165  0.095333127343601  1.823670724191121  0.990093513097069 
 0.771421830618955  0.259092985667760  2.619575570032397  1.013807052117128 
 2.651549999999941  0.753991105882345  2.425915294117673  2.830949999999970 
 0.541249107702184  0.146494396505515  2.055221507352897  2.127484558823503 
 2.069476146788941  1.458928899082580  2.154934403669703  4.616288990825627 
 1.848897424242468  1.266574545454567  0.983304144696893  3.168709090909247 
 1.538568982035906  0.385818586826370  3.519756886227630  3.768496407185590 
 2.188206382978686  2.112366666666676  3.986663829787244  2.756958865248185 
 1.204656325789470  1.431425105263167  3.611268947368462  3.190978947368444 
 0.988648375451260  0.072060806137184  1.871120216606515  0.771642874368233 
 1.747789423076919  0.972543301282055  2.147109294871790  2.822759615384625 
 1.128440714285707 -0.052681434453780  1.962231722689057  1.899751890756349 
 2.261957037037038  1.207994962962959  1.416119459259256  2.043054074074067 
 0.799115806547631  0.082622297321430  1.955160119047594  2.952222916666647 
 0.899200090634432  0.607303685800590  2.640158308157099  1.798745317220542 
 1.812080999999994  1.193469214285708  4.258928571428577  1.826139000000013 
 0.170503152780929  0.080325092399546  1.429207832009089  1.132461532349602 
 2.472089285714296  0.955890504761909  3.766916666666684  2.918301785714292 
 1.141350999999988  0.295863367142853  2.364542142857139  4.124713571428602 
 0.366037001583435  0.104705371658953  1.594775517661384  1.652392448233849 
 1.621748225255980  1.148678088737203  3.290257337883939  2.489003754266220 
 0.824170919597986  0.051846360979898  2.668426633165824  2.391034924623114 
 2.157600930232551  0.428115425674418  3.151970232558155  2.088939069767447 
 1.582616666666670  0.103898037065216  2.503452536231875  1.426226123188402 
 1.482496031746031  0.438188514285714  3.998774603174622  2.533347089947081 
 1.855345161290326  1.161668580645166  4.646160483870966  3.382578225806451 
 2.119145238095238  1.669894166666663  4.039913095238105  4.471955952380934 
 2.440282035928144  1.675678862275448  2.715013772455090  2.387908383233533 
 0.889800331683169  0.426802648514852  3.325031188118797  2.819465346534681 
 1.652692035398229  0.289531044513275  1.325605619469028  1.513739911504430 
 1.892997607655500  0.259558422296651  1.973047272727275  3.537127272727281 
-0.025689301830664  0.072807073366895  0.987922974828379  1.031411876430207 
 0.597452625820573  0.133762704398250  1.065365076586428  0.959357571115974 
 1.201992596491229  0.792878070175439  1.450228701754380  2.219142105263151 
 0.968534101562498  0.236384540625000  0.701082248437498  1.840162890624998 
 2.218246979865772  2.129030872483223  3.036647651006712  3.662788590604016 
 1.555029118773945  0.126946328122606  1.371391379310344  2.496836015325687 
-0.205471761785097  0.069494031897747  0.572300065857886  0.889064393414216 
 1.419389818181820  0.532264496103898  2.697624935064937  2.288429870129872 
 1.053506319796955  0.562651802030457  1.894284010152288  1.572058680203043 
 1.014006670682733  1.245554136546185  2.447118072289158  2.486513253012050 
 1.889158015267176  0.467820295419845  2.125487404580143  2.099938167938928 
 0.593010534846031  0.116970219886548  2.098952025931931  1.496251053484604 
-0.543893285968028  0.073851270103295  0.509079085523983  0.545226698046180 
 1.743690065359476  0.830031241830067  2.048379084967323  0.984730115686276 
 1.474100123456790  1.922507407407403  2.316697530864201  3.136791975308643 
 1.181918205128205  1.456127179487178  2.947467948717953  3.897814102564101 
-0.204062067977068  0.067682170139230  0.879568443898442  0.613565743652742 
-0.264920523182297  0.066354232044257  0.519694302423604  0.447228712539515 
 1.160301557788946  0.380165417085427  1.215437386934672  3.298084422110554 
 1.060070000000002  0.444059003652968  2.017243378995432  2.446683561643837 
 1.069624239482200  0.528580744983819  2.580046278317153  3.183231067961166 
 1.621975271317829  2.181998449612404  3.204810077519380  2.228250387596898 
 1.862355474452555  0.767697503649635  2.771679197080297  3.413027372262774 
 2.539534666666666  1.071516473333334  3.206508666666668  3.895830000000003 
 2.532472440944883  1.593309685039371  1.990890551181103  3.440959055118109 
 1.684476949152543  1.992006779661018  1.866739067796609  1.856520508474577 
 0.376273956862745  0.093675276450980  0.974629274509804  1.941416078431377 
 1.609098638132296  0.008053578210117  2.987099610894941  2.848135797665368 
 2.606079487179486  1.530373205128204  3.333300000000000  1.367544102564103 
 1.321424203821656  1.152624458598725  1.726158343949044  3.631208917197455 
 0.812881549828178 -0.095221789690722  2.643751202749144  1.701414776632301 
 1.422563880597015  0.791921112089552  3.354253731343284  1.048214626865671 
 0.791350626984127  0.129859778174603  1.062041222222224  2.609665873015874 
 1.484475185185186 -0.082017141481481  2.147211851851850  2.648828888888890 
