 0.063302217355346  0.077535911069795  1.186772874196435  0.696715109274727 
-0.120293389407408  0.069793932369626  0.583781588740725  0.961572970370323 
 0.606723746415728  0.130470358762760  1.457348941326455  2.220457270408119 
 1.721996870228976  1.249876679389323  2.731142748091665  1.235893758396688 
 0.340524857723558  0.082449644607044  0.824866478319822  1.738181165311657 
 1.253089942598176  0.482585475891248  3.388325075528723  1.521147126888299 
 1.037186185064951  0.057737494155847  1.639110568181798  1.625510454545440 
 0.224987838851684  0.081390394999040  1.528306028708168  1.049263846889948 
 0.733243958419997  0.198786830561335  2.581167983367873  1.211991602910516 
 2.443717499999968  1.249205321428568  2.156341071428588  3.007163571428552 
 0.617018839745061  0.128692516221321  2.080164194669724  1.971618771726517 
 2.105660893854719  1.259781363128499  2.308040670391048  4.397641899441302 
 1.677729816513786  1.234523990825702  1.164554371559587  3.464196788990922 
 1.741370795847737  0.453147401384096  3.235303806228419  3.686852941176448 
 2.031786719576693  2.160558201058208  3.875219047619055  2.593852910052878 
 1.153655575378786  1.403868257575765  3.438455303030332  3.447545833333353 
 0.771237620370369  0.114795132453704  1.878233101851862  0.699857664814815 
 1.409119815303425  1.146369920844328  2.275322427440631  3.087798680738788 
 1.345863913894318 -0.042231456281799  1.935050880626205  2.261083170254442 
 1.920909090909090  1.573554136363633  1.579541018636360  1.990137409090906 
 0.842776166950603  0.140475436899489  2.112254684838147  2.744851959114130 
 1.034609680073123  0.701283711151729  2.566957586837292  2.127661608775133 
 1.956934126984123  1.133564708994706  4.165406349206354  1.866817777777787 
 0.054782722680412  0.077685475637887  0.989749181701031  1.179429561855675 
 2.554938095238103  1.084514722222225  3.264716666666678  3.257874603174606 
 1.090071249999992  0.500179925892855  2.261348660714282  3.993350892857161 
 0.338160460184410  0.098094448065382  1.406450796311815  1.593856915339471 
 1.581346539509543  1.161418392370575  3.250728337874646  2.501489373297010 
 0.925585769673701 -0.006833754683302  2.774409596928981  2.010926295585418 
 2.267644140624993  0.433557360624999  3.189653906250012  2.149654687500006 
 1.618467282321903  0.209907702981530  2.384369129287596  1.340638424802109 
 1.271311726950354  0.362785834042553  3.796800000000011  2.571167730496448 
 1.894411117021279  1.151952202127662  4.504209042553188  3.250212234042552 
 2.296536000000001  1.541355447999997  3.869012000000006  4.403051999999986 
 2.539483615819208  1.857849152542372  2.842706214689263  2.132301468926550 
 0.918315356545961  0.383103345682451  2.856508913649019  3.057758217270208 
 1.964635021097044  0.446191867341773  1.350491548523207  1.737524050632913 
 1.873191111111110  0.296107103500000  2.070459444444445  3.310728611111115 
-0.224167574592834  0.069534943289902  0.813403153094468  0.604172345146583 
 0.759573344537817  0.158021697075630  1.117959277310924  1.181342521008404 
 1.222199666666668  0.685306729166667  1.628703895833331  2.396353541666661 
 1.036912973684212  0.191521455789473  0.856097546315789  2.114069210526313 
 1.948918156682029  2.105015207373271  2.796661751152072  3.693771889400914 
 1.125351000000000  0.210823816578947  1.293779815789474  3.058979473684217 
-0.447941866291533  0.069921355673264  0.489925103590568  0.517966936441588 
 1.542608675675677  0.075053871891892  2.863925945945947  2.744702972972970 
 1.104688091787441  0.650040386473430  1.870543478260871  1.512002753623186 
 1.295081687500000  1.892462053571429  2.535905357142857  2.495212053571429 
 1.792578310502284  0.599995063926940  2.396365296803652  2.299339726027398 
 0.519503815756036  0.105545547542567  1.932814104193140  1.359213545108005 
