 0.145002433333301  0.081390861057878  1.328756921296204  0.698612597222427 
 0.137737652496433  0.076087469429381  0.647724926961452  1.298415121255254 
 0.744575645613914  0.108888922280708  1.506293824561302  2.417009298245556 
 1.699013862433819  1.231230476190487  3.017555555555644  1.202861105819748 
 0.309410608521286  0.091504178809522  1.046306854636630  1.606336090225563 
 1.250355743478244  0.351035124434796  3.491332608695682  1.512989956521858 
 0.950280017006820  0.075897293027214  1.520652023809505  1.687164625850328 
 0.372426918491495  0.092129019350361  1.751248175182528  1.130265973236008 
 0.748597890804652  0.267950522126443  2.654469540229730  1.056258235632064 
 2.646212154696077  0.775911491712700  2.427182320442013  2.831868508287264 
 0.579890196824625  0.131023228276462  2.078945497630296  2.153668878357005 
 1.945204961240268  1.472182170542645  2.342894573643392  4.576876744185994 
 1.777602111801277  1.204444062111819  1.159518155279440  3.566950931677146 
 1.535532978723385  0.298210430851084  3.415352127659650  3.723959042553157 
 2.178694078947335  2.072705921052640  4.002040789473694  2.766638157894698 
 1.053915040828398  1.315441005917170  3.661085207100637  3.272932544378725 
 0.824938372093021  0.083561673385013  1.855509560723526  0.738872884237728 
 1.744191509433957  1.019192578616356  2.190620440251571  2.829816352201263 
 1.273242009237868 -0.086509617782908  2.041612471131618  2.136937413394969 
 2.195352348993288  1.223649731543621  1.324580262416104  2.168038926174491 
 0.893298867283964  0.029956386419754  2.050962962962937  3.011877469135785 
 1.143905704225346  0.644432136150224  2.772798122065725  1.919890140845068 
 1.944618152866237  1.164421082802543  4.222308280254781  1.822768789808928 
 0.136911069556649  0.076528598236453  1.300552492610843  1.238326226600985 
 2.403991525423737  0.894070235593224  3.653516949152558  2.930930508474581 
 1.189705240963846  0.443020044578310  2.279572891566261  4.154539759036166 
 0.390912167950171  0.117466590862968  1.592655832389576  1.723593997734982 
 1.606494600638985  1.156842907348245  3.265876038338641  2.502591693290741 
 0.895534845605697 -0.031047645106890  2.793706175771969  2.011244655581951 
 2.141233777777768  0.415488682755555  3.176522666666681  2.027048444444450 
 1.511770287539940  0.069758086038338  2.427284345047918  1.340475623003193 
 1.365772627118644  0.400177084322034  3.865188135593236  2.501477542372872 
 1.863924827586210  1.121034855172418  4.599844137931032  3.304371034482757 
 2.105919512195122  1.668978048780484  4.075865853658546  4.459741463414615 
 2.533268181818180  1.722578238636363  2.829710795454544  2.117114886363636 
 0.817262365942029  0.248134166304348  3.073286956521729  2.811995652173931 
 1.711681451612902  0.334429713548388  1.372687459677421  1.539889475806456 
 1.814748863636362  0.217027690378788  2.012078787878786  3.377790151515158 
-0.027593346834477  0.073116925464531  0.955976697177730  0.996703073989325 
 0.703205793918921  0.161095515101351  1.180789543918916  1.170973902027026 
 1.183174497041421  0.815020532544378  1.506320502958575  2.325911242603545 
 1.040461079999998  0.258864174000000  0.698274982399998  1.955677599999998 
 2.395310791366907  2.089790647482015  3.013015107913669  3.546172661870493 
 1.540832792207791  0.120583206623377  1.407853896103896  2.554385064935079 
-0.225599098853618  0.069206770679012  0.563686151675485  0.876452980599652 
 1.584831151832463  0.113697611518325  2.838281151832462  2.764235340314134 
 1.033785091743120  0.556564449541284  1.943036467889912  1.628577293577981 
 1.028705048672567  1.338823318584072  2.488528318584072  2.334540707964604 
 1.838363636363637  0.542204387499998  2.305992045454537  2.131873863636361 
 0.644096884057972  0.092331553289855  2.168741739130436  1.539566376811594 
-0.546588856885688  0.075858725559235  0.523369722142218  0.528170397839783 
 1.678915921787708  0.879921284916202  2.037239664804471  1.068846411731845 
 1.465838913043478  1.852283152173909  2.190689673913044  3.196067934782608 
 1.397018819875775  1.722067080745340  3.089731055900624  3.700977018633541 
-0.197856906688687  0.066468724805945  0.893973030553260  0.591303578034679 
-0.256650587757313  0.066907381180932  0.499858106175515  0.461384775947995 
 1.086226548672568  0.417296581415929  1.197466061946902  3.266050442477877 
 1.066014595141702  0.444704490890688  2.247683400809716  2.460544939271257 
 1.032578517241379  0.750152758620690  2.513791379310347  3.224983448275864 
 1.626943070866142  2.180116535433071  3.218259055118111  2.241627559055118 
 1.852940873015873  0.801827896825397  2.739722222222226  3.464288095238096 
 2.547112765957446  1.041893765957447  3.255214893617022  3.901719858156031 
 2.532432283464567  1.569781653543308  1.961033858267717  3.431407086614173 
 1.714458306451613  1.963262903225808  1.893403306451613  1.854734032258065 
 0.476721380733945  0.095058435481651  0.988785550458716  2.121612385321101 
