-0.162899636089335  0.071370158826196  0.901432727821314  0.635266109716460 
-0.129357392477876  0.069961204947637  0.570374358259571  0.950679631268390 
 0.879212404160375  0.185665983759293  1.075376659138100  2.262168053491775 
 1.686023874172158  1.226812682119214  2.776765231788132  1.291342112582556 
 0.345449484817799  0.091136680587043  0.949361548583026  1.755525202429153 
 1.047087282208582  0.329898594580784  3.126759304703497  1.457404255623779 
 1.022987616136929  0.229674400977997  1.673208679706586  1.612308630806835 
 0.149180839247319  0.079751215156680  1.350213287250408  0.831441804915514 
 0.629594556780616  0.129276164575526  2.261966482910635  1.503618732083745 
 2.097288503253778  0.903654600867676  2.270829067245131  2.790979175704980 
 0.568973377656235  0.107674990431067  1.757308731617624  2.080246966911750 
 2.267658490566017  1.758684000000005  2.358832452830180  3.881727924528276 
 1.792488675213697  1.244990256410270  1.242308602564061  3.412284188034276 
 1.757631229773449  0.443285094174769  3.250121035598750  3.675611650485416 
 1.969470608695630  2.182752173913050  3.720715652173918  2.605294347826061 
 1.245848160738253  1.484127281879201  3.279015100671165  3.533420134228206 
 0.629553116246500  0.126641774434174  1.920157002801127  0.844194336414566 
 1.320280255208329  1.593401093750004  2.296225520833332  2.875194531249997 
 1.410458269230761  0.022707147019232  1.937310096153833  2.294180929487210 
 1.857587960199006  1.677290049751241  1.619294697014922  1.936460696517410 
 0.836351885668282  0.206148304283414  2.001483252818024  2.839459420289851 
 1.148499135285912  0.725062440725238  2.241921617852158  2.124847977684794 
 1.945880243902437  1.025355012195119  4.065287398373987  1.832038613821146 
 0.068281943229814  0.077567737819876  0.972512565217393  1.188171956521743 
 2.621600000000005  0.988425186842108  3.262315037593995  3.135809398496242 
 1.271815152671752  0.679854129389311  2.277762900763354  4.156870610687034 
 0.323681082086479  0.089563695677419  1.534554701441316  1.425120247083040 
 1.429853611627911  1.156715000000003  3.202147674418594  2.436108372093027 
 0.871171060773478  0.056174297734806  2.621228176795575  2.188723756906077 
 1.900913333333334  0.316364712161616  2.880317171717175  2.144128282828289 
 1.515845394736844  0.286230793114034  2.242010307017542  1.175277005921051 
 1.285622606321839  0.331981347988506  3.734653735632190  2.584116091954020 
 1.880855198237888  1.211346273127755  4.460767400881053  3.252861233480175 
 2.249574375000000  1.667843624999997  3.640478125000003  4.389702499999991 
 2.475897797356828  1.806177092511014  2.777612334801761  2.215427136563873 
 1.150905177935940  0.322891301067616  2.808895373665479  2.984166548042709 
 1.815471388888889  0.564932035833334  1.334260408333334  1.878405388888891 
 1.816259779614324  0.257560685289256  2.115725068870524  3.367446005509645 
-0.432309315217391  0.069635234350808  0.517108078119094  0.514911447731570 
 0.798508128834356  0.142522442852761  1.121760168711656  1.222859754601230 
 1.211197189054727  0.397891589054726  1.274989955223880  3.030891791044775 
