 0.234642922069761  0.087313826113955  1.076377155348817  1.343484383720975 
-0.253482993932669  0.070483298940123  0.693249627284495  0.663116569959296 
 1.671812807323402  0.803709899442028  1.891513995640748  3.590022144725339 
 1.346184127748689  0.427382118256546  2.706065759162300  1.547351069476404 
 1.169737654252870  0.281424935222987  1.332421795264377  2.272363990804595 
 1.807552172318972  1.070186557011917  3.797966819431721  2.317486296975263 
 1.936154869565219  1.461441541501976  2.278823897233203  2.368293541501967 
 0.586146908296945  0.131182636696506  1.758613904657937  1.095631104876273 
 1.249400385068758  0.319125721807465  2.725970825147349  2.838516011787810 
 1.910746398054913  1.547607966819222  3.192169794050343  3.559876086956522 
 0.712239470101341  0.135071761975751  2.008156967064784  2.023284147665577 
 1.990933041958042  1.061056937062936  3.997922377622377  4.088295804195804 
