 0.026403543152419  0.078544980904401  1.194203914728580  0.629597447028652 
 0.169702367174280  0.077816393519451  0.672065492385748  1.388868358713930 
 0.770795098425062 -0.019945815137789  1.559040551180988  2.171056496062926 
 1.635194541284367  1.202295275229367  2.741315137614756  1.624839357797854 
 0.248101542788446  0.090814527283652  1.144002139423115  1.487032812500002 
 1.214294958333318  0.193359605833346  3.430773750000030  1.772343750000115 
 0.796960419287233  0.045844770943401  1.254235744234784  1.439544297693904 
 0.368432997690552  0.087209067815235  1.741286143187156  0.717121266050802 
 0.785390763888955  0.296046328819452  2.632635763888705  1.032423142360966 
 2.680205063291076  0.769291962025308  2.432925949367117  2.873965189873386 
 0.592000226394030  0.175744808473978  2.090210037174678  1.915293494423766 
 2.032452222222162  1.385256377777791  1.813676666666640  4.478775555555481 
 1.944933168316889  1.141576039603990  0.924255812871186  3.254001980198223 
 1.537128702290048  0.267091404580181  3.563322900763467  3.773112977099188 
 2.523008139534824  2.223236046511645  3.938001162790712  2.373109302325509 
 1.363090441988946  1.160269226519347  3.682317679558053  3.309344198895051 
 1.072238009049769  0.021212246153846  1.973880995475134  0.803106597285070 
 1.789323890784977  0.999105324232086  2.257984300341292  2.817967235494890 
 1.089906554054047  0.006646914189191  1.913614639639623  1.680131531531578 
 2.306242307692309  1.221385846153842  1.455808976923073  2.027471538461532 
 0.989687528957544 -0.014022263320462  1.962766409266378  3.070139382239354 
 0.820108555102027  0.618453551020390  2.797808571428569  1.787042857142854 
 1.816622518518512  1.154257037037031  4.245208888888893  1.823995259259273 
 0.222547014330873  0.080035270463646  1.484218651211811  1.152505437302422 
 2.469806250000012  0.967881530000005  3.724032500000018  2.925133125000007 
 1.211956014492742  0.283666836231880  2.336628260869560  4.153781884058000 
 0.371362072572179  0.103696219595801  1.578226640419941  1.717699081364818 
 1.602271063829794  1.130633829787236  3.287565957446788  2.482185106382988 
 0.800577994818650  0.056460582564766  2.665682383419683  2.386428497409327 
 2.158215813953482  0.430938262883720  3.153223720930248  2.095602790697680 
 1.590254477611944  0.119777422499999  2.517207462686556  1.425356791044773 
 1.487979378531072  0.421948244067796  4.002220903954823  2.507216384180782 
 1.918898958333339  1.100556500000006  4.749559374999994  3.286503124999999 
 2.226321951219513  1.649535609756094  4.242285365853666  4.200268292682908 
 2.426616455696203  1.679207405063291  2.747167721518989  2.417072151898734 
 0.883508276381911  0.443891127135679  3.326933668341696  2.806438693467365 
 1.688325892857142  0.320652888660715  1.335916071428572  1.529014375000005 
 1.853460169491523  0.234332979915255  1.999251694915256  3.366807627118648 
-0.012492851784160  0.074463985809399  1.049947127937341  1.073558616187992 
 0.543118913043483  0.119189789661836  1.038262874396129  0.885599444444445 
 1.381907673267327  1.109227079207920  1.464804059405934  2.464413366336622 
 0.987126274509801  0.207745506862745  0.604048890196076  1.880986274509801 
 2.311168707482993  2.053714965986397  3.046913605442177  3.603898639455771 
 1.569722868217053  0.084183455968992  1.360268682170541  2.512264728682188 
-0.092595363607598  0.070308030273206  0.627391790928270  0.971228523206758 
 1.421046246575344  0.529106402739728  2.713364931506854  2.289340273972605 
 1.139066294277929  0.667572997275205  2.152131062670304  1.848508991825608 
 1.009134484581500  1.262724405286344  2.516859471365640  2.581222466960352 
 1.947642194092828  0.439097339240504  2.120717299578050  2.143320253164553 
 0.482579822147653  0.083905530822148  2.045103523489936  1.314613372483223 
-0.557254918743229  0.089029856338029  0.526370437703148  0.471625099674973 
 1.722265714285713  0.845044223602486  2.054221739130438  1.001603650310561 
 1.493299333333332  1.921890666666662  2.240651333333336  3.134906666666668 
 1.275438597560976  1.221630426829267  2.871979268292686  3.885903048780485 
-0.268873645254075  0.072126657909876  0.848367497603066  0.721099683604984 
-0.208125751918159  0.060817697685422  0.675469283887469  0.414519151150895 
 1.167754085365855  0.373167756097561  1.139988902439022  3.352068292682929 
 1.090919662650604  0.462834002409638  1.955589638554215  2.529516385542173 
 1.058192848580441  0.447024920820190  2.583601261829654  3.163618927444797 
 1.544872719999999  2.107372800000001  3.192371200000001  2.252040000000000 
 1.876658367346939  0.682768065306123  2.781037142857147  3.414050612244900 
 2.537063194444443  1.044900770833334  3.130001388888889  3.882204861111113 
 2.507025000000000  1.611128416666667  1.973466666666667  3.407070833333332 
 1.748046315789474  2.056490350877195  1.945276403508770  1.804746666666668 
 0.405528195519348  0.094775855580448  0.986426048879837  2.003437881873731 
 1.618876970954357 -0.013610960165975  3.003707053941910  2.848972614107881 
 2.606003947368421  1.423973815789473  3.240575000000001  1.351976973684210 
 1.318584012345680  1.113684567901234  1.751537407407407  3.583125308641980 
 0.826903718266254 -0.089854604024768  2.594466873065020  1.703888544891639 
 1.423321068702290  0.799730068854962  3.365543511450381  1.048560687022901 
 0.770678988416988  0.220769265250965  1.156037722007723  2.645026640926641 
 1.366257567567568 -0.053860308708709  2.201883483483481  2.321749849849848 
-0.328641114118896  0.053944416163811  0.423918699893843  0.689239373673036 
 0.997506358695654  0.466360410326087  1.407730570652176  1.942316032608699 
 1.098411094047619  2.047514285714287  3.156945238095239  3.591039285714286 
 1.609272232142858  1.919115178571429  4.023217857142856  2.945514285714287 
 2.075946551724138  1.594277931034483  3.003437931034484  4.951872413793104 
 0.811030240963855  0.374713197653012  1.685985301204821  1.278962024096385 
 0.518007246218750  0.196293347500000  1.953580000000001  2.490503124999997 
