 0.065141494693871  0.077917883008675  1.022484023979574  1.009003936224536 
-0.324951571233219  0.069982494660941  0.604229414246637  0.610366331974128 
 1.203481876082568  0.340556462118591  1.562040556295763  2.890450966022626 
 1.185508605282462  0.380186633712401  2.753643873807783  1.378576546368252 
 0.502054530628798  0.113081429716024  1.108968420527398  1.757236454361052 
 1.778326097560976  0.922016326341466  3.760605691056920  2.217615802845545 
 1.568212421746295  0.497197578056015  1.617721631878086  1.712131532125195 
 0.513414599839619  0.104998952422613  1.745219474739379  1.116258190136319 
 1.221093792889391  0.299551654288940  2.712346952595929  2.449096557562060 
 2.042850012300109  1.330361825412054  2.051949999999997  3.658977613776134 
 0.720193925771167  0.128913495531853  1.971637929589251  2.021012028499579 
 1.992149399879512  1.571030873493978  3.733757349397592  3.518575542168673 
 1.863679876977153  1.518530281195082  2.479291616871696  2.324891159929705 
 1.451294015468606  0.493872267242949  2.836418107370338  3.508461692447676 
